1012675629_1
428.65 , 425.4
429.29 , 442.61
430.5 , 460.87
432.42 , 480.22
434.43 , 498.55
435.9 , 515.59
436.74 , 535.05
437.76 , 552.14
440.43 , 571.22
444.42 , 587.99
450.64 , 605.3
459.28 , 621.41
468.43 , 637.68
478.07 , 654.87
487.44 , 670.49
498.11 , 683.73
511.27 , 697.14
524.17 , 709.58
540.35 , 719.67
557.31 , 725.42
575.62 , 729.58
593.55 , 733.29
612.28 , 735.45
629.27 , 732.21
647.9 , 725.9
664.49 , 719.95
682.16 , 712.69
698.27 , 707.31
715.99 , 699.8
730.96 , 688.95
746.16 , 678.61
760.86 , 667.26
773.29 , 654.78
785.62 , 641.24
797.42 , 626.46
806.03 , 610.13
810.66 , 592.8
813.48 , 575.64
816.77 , 556.5
820.31 , 538.55
824.4 , 519.95
591.1 , 414.5
580.16 , 424.52
568.18 , 435.05
562.65 , 449.45
570.18 , 463.39
583.57 , 471.8
600.48 , 475.5
616.37 , 478.12
631.05 , 481.05
646.6 , 484.28
662.67 , 484.06
679.51 , 485.9
694.62 , 485.38
702.46 , 472.44
699.26 , 456.44
692.38 , 442.41
685.97 , 426.47
510.72 , 534.9
522.44 , 519.2
539.34 , 510.2
556.94 , 503.45
574.87 , 497.48
594.19 , 494.7
613.37 , 498.19
630.79 , 505.68
650.24 , 508.71
667.32 , 517.11
682.95 , 529.5
694.98 , 545.27
706.09 , 561.35
711 , 579.38
702.12 , 596.3
691.43 , 612.52
678.94 , 627.95
662.74 , 638.71
643.99 , 643.2
623.14 , 643.16
603.84 , 639.85
585.04 , 635.42
567.37 , 628.89
551.01 , 618.53
536.25 , 604.25
524.4 , 588.4
515.45 , 571.5
507.44 , 554.2
513.69 , 530.95
527.44 , 522.45
541.94 , 515.2
557.64 , 510.99
574.26 , 508.71
591.97 , 508.7
608.24 , 511.72
623.82 , 516.07
639.41 , 520.43
654.54 , 525.55
668.57 , 533.96
681.72 , 544.73
693.87 , 557.38
701.68 , 571.62
700.71 , 588.62
688.59 , 601.29
674.54 , 609.61
658.76 , 613.72
641.41 , 612.95
625.16 , 609.95
608.91 , 606.95
592.99 , 603.2
577.62 , 598.42
562.41 , 593.44
547.72 , 586.97
535.66 , 574.42
525.34 , 561.1
516.69 , 547.2
702.1 , 394.48
709.55 , 393.23
717.02 , 394.48
724.15 , 396.5
731.1 , 398.73
738.25 , 400.63
745.45 , 402.51
752.48 , 404.61
759.45 , 406.83
766.4 , 409.03
772.78 , 412.92
766.25 , 412.72
760.03 , 408.42
753.3 , 405.49
746.15 , 403.52
739 , 401.63
732 , 399.48
724.15 , 398.97
716.83 , 397.48
709.58 , 395.73
598.37 , 371.67
592.4 , 369.19
585.75 , 366.97
579.12 , 364.67
572.48 , 362.44
565.45 , 360.93
558.3 , 359.69
550.55 , 359.69
543.02 , 359.19
535.27 , 359.18
528.4 , 357.44
534.83 , 360.21
541.98 , 361.44
549.62 , 361.19
557.12 , 360.69
564.77 , 360.95
571.33 , 363.46
577.77 , 366.22
584.55 , 368.21
591.7 , 369.44
690.38 , 345.12
702.88 , 334.62
718.48 , 331.77
735.11 , 332.12
751.08 , 334.13
766.36 , 337.6
780.78 , 342.86
793.95 , 351.46
805.05 , 363.3
812.29 , 377.02
816.95 , 391.69
811.29 , 400
802.6 , 386.82
792.76 , 374.22
779.9 , 364.63
765.31 , 359.87
749.58 , 357.37
732.73 , 357.64
717.48 , 360.6
702.78 , 356.01
618.48 , 320.37
609.29 , 310.91
597.99 , 306.37
585.76 , 303.89
573.56 , 301.38
561.34 , 298.88
548.88 , 296.89
535.68 , 296.39
523.11 , 298.11
511.83 , 302.63
501.01 , 308.39
512.53 , 312.14
525.96 , 312.14
539.28 , 312.39
551.49 , 314.89
563.96 , 316.89
575.88 , 320.01
587.09 , 324.7
598.63 , 328.52
611.26 , 330.14
