118736691_1
497.65 , 643.64
502.38 , 677.21
507.03 , 713.94
519.65 , 750.29
527.99 , 785.86
539.92 , 820.65
552.39 , 855.16
568.91 , 888.3
589.1 , 920.6
611.47 , 951.16
634.07 , 979.9
658.23 , 1007
687.07 , 1034.39
716.14 , 1056.07
749.15 , 1072.71
784.65 , 1085.63
817.71 , 1095.31
856.94 , 1104.81
891.58 , 1115.6
925.49 , 1130.37
960.09 , 1142.94
995.39 , 1149.85
1035.07 , 1151.69
1070.84 , 1148.2
1106.37 , 1141.23
1139.53 , 1126.91
1172.67 , 1104.36
1191.86 , 1076.07
1192.91 , 1036.72
1200.03 , 1003.29
1221.56 , 973.39
1240.68 , 939.62
1254.42 , 906.58
1270.76 , 870.72
1283.47 , 837.42
1294.7 , 803.66
1305.7 , 766.34
1315.4 , 731.89
1324.5 , 693.59
1329.19 , 658.42
1330.04 , 618.85
1027.39 , 590.35
1011.62 , 617.13
993.62 , 646.34
987.17 , 679.38
998.23 , 709.72
1020.37 , 737.87
1047.02 , 757.76
1078.24 , 769.89
1109.52 , 777.03
1142.49 , 776.62
1177.79 , 767.79
1205.82 , 751.99
1223.43 , 725.47
1226.99 , 691.26
1217.19 , 658.25
1202.48 , 626.89
1188.79 , 596.05
897.85 , 855.11
920.48 , 839.73
944.95 , 829.33
971.18 , 822.87
998.35 , 818.36
1027.6 , 818.61
1056.33 , 819.86
1085.2 , 818.86
1113.58 , 816.86
1140.38 , 811.61
1167.05 , 806.1
1195.19 , 808.59
1207.63 , 832.31
1196.62 , 856.59
1186.61 , 881.16
1182.12 , 908.31
1174.05 , 933.68
1154.72 , 954.85
1130.22 , 965.1
1102.33 , 968.11
1073.83 , 966.36
1044.7 , 965.86
1017.18 , 962.1
992.15 , 953.37
968.23 , 941.26
946.88 , 922.13
928.51 , 900.51
911.07 , 878.59
916.6 , 858.36
934.48 , 847.99
955.62 , 845.11
977.65 , 846.11
999.2 , 844.11
1021.38 , 844.86
1043.3 , 843.61
1064.85 , 845.61
1087 , 846.36
1107.85 , 842.86
1127.95 , 837.88
1147.8 , 832.38
1167.9 , 827.32
1186.1 , 834.61
1175.86 , 852.59
1163.25 , 869.71
1148.43 , 886.04
1132.18 , 901.05
1113.18 , 908.37
1092.22 , 911.62
1071.15 , 914.61
1048.88 , 915.11
1028.05 , 911.57
1008.17 , 906.13
987.95 , 901.39
968.28 , 895.54
950 , 886.01
933.08 , 872.84
1147.29 , 486.74
1157.74 , 478.29
1168.59 , 470.92
1180.04 , 464.99
1191.46 , 459.09
1202.89 , 453.15
1214.49 , 447.73
1227.71 , 445.99
1241.54 , 446.49
1253.34 , 451.25
1264.07 , 459
1265.68 , 471.84
1254.16 , 477.46
1241.19 , 479.74
1227.46 , 480.49
1213.89 , 481.49
1199.94 , 481.74
1186.49 , 480.49
1172.54 , 480.74
1160.01 , 483.99
962.38 , 499.9
959.73 , 486.9
947.71 , 476.64
935.08 , 468
921.36 , 462.37
905.73 , 460.9
889.5 , 460.64
873.98 , 462.4
859.21 , 465.64
845.31 , 470.64
832.48 , 478.65
821.48 , 490.4
837 , 492.15
852.38 , 494.14
867.88 , 495.89
883.03 , 498.42
898.53 , 500.19
914.28 , 501.4
930.15 , 500.4
946.15 , 499.65
1145.3 , 392.34
1156.4 , 373.72
1173.77 , 358.87
1193.52 , 350.86
1214.72 , 345.91
1236.5 , 342.13
1259.22 , 340.34
1282.2 , 341.59
1302.95 , 347.31
1321.3 , 359.34
1328.3 , 379.34
1314.18 , 395.87
1293.95 , 389.09
1271.2 , 387.87
1249.9 , 392.62
1229.8 , 399.59
1209.9 , 407.24
1189.62 , 413.81
1168.67 , 419.33
1147.28 , 414.98
1053.27 , 386.53
1021.34 , 364.08
983.07 , 357.08
943.49 , 352.83
902.79 , 350.83
861.87 , 352.33
823.37 , 358.82
787.02 , 369.56
752.69 , 385.7
721.34 , 409.83
703.09 , 443.33
743.54 , 445.83
780.89 , 436.83
816.67 , 425.05
853.17 , 414.55
893.59 , 412.08
931.17 , 420.6
968.29 , 430.04
1007.72 , 434.58
1043.36 , 422.56
