2365877276_1
26.44 , 328.98
30.15 , 346.1
35.63 , 366.1
41.78 , 384.22
47.89 , 401.85
53.1 , 420.24
58.56 , 438.56
65.87 , 456.15
75.78 , 472.56
87.2 , 488.81
97.9 , 503.25
110.71 , 518.64
123.76 , 531.45
139.56 , 544.09
154.83 , 553.9
172.03 , 564.2
187.87 , 572.41
206.18 , 580.11
224.66 , 585.79
243.3 , 589.92
261.45 , 593.05
281.68 , 595.26
299.71 , 594.71
318.78 , 591.82
338.01 , 588.86
355.08 , 579.91
369.46 , 566.13
383.28 , 554.98
395.92 , 538.48
405.48 , 522.59
415.47 , 505.83
423.5 , 489.94
431.51 , 472.35
438.89 , 454.34
443.29 , 434.44
443.3 , 416.88
441.7 , 397.07
440.32 , 377.5
438.8 , 359.6
436.57 , 339.99
432.8 , 320.05
253.06 , 311.2
251.69 , 326.81
248.61 , 342.14
244.3 , 357.34
244 , 372.94
253.46 , 383.21
269.06 , 384.61
285.01 , 387.88
300.54 , 388.62
315.93 , 389.5
332.25 , 388.36
345.06 , 378.76
352.25 , 365.53
350.1 , 349.45
345.95 , 334.35
337 , 321.37
330.95 , 306.85
212.25 , 474.49
217.5 , 464.49
226.53 , 456.47
236.7 , 451.52
246.97 , 447.01
257.25 , 442.49
267.55 , 438.01
277.7 , 432.98
289.48 , 431.74
300.4 , 434.73
312.52 , 435.25
322.82 , 430.71
334.35 , 428.99
346 , 430.49
354.97 , 438.69
356.46 , 450.29
350.09 , 459.89
341.2 , 468.28
330.52 , 471.73
319.45 , 474.49
307.8 , 475.99
296.02 , 477.24
284.12 , 476.24
272.1 , 475.49
260.3 , 476.74
248.05 , 476.99
236.15 , 475.99
223.75 , 475.99
217.25 , 475.24
225.25 , 467.99
234.43 , 464.02
243.68 , 460.27
253 , 456.74
262.43 , 453.52
271.85 , 450.27
281.7 , 447.74
292.12 , 446.49
302.93 , 446.99
313.85 , 447.24
324.15 , 445.74
334.73 , 444.74
345.62 , 445
354.99 , 448.48
349.73 , 457.01
340.65 , 461.34
331.45 , 465.29
322.15 , 468.84
312.52 , 471.74
302.68 , 474.24
292.6 , 476.24
281.7 , 475.99
270.9 , 475.49
260.45 , 476.74
249.53 , 476.99
238.85 , 476.24
227.95 , 475.99
304.97 , 246.34
307.44 , 239.85
313.35 , 235.68
319.67 , 232.57
326.52 , 230.85
334 , 230.34
341.32 , 231.1
348.3 , 232.57
354.65 , 235.53
360.77 , 239.15
365.99 , 244.67
364.45 , 251.62
358.37 , 255.35
351.87 , 257.84
344.9 , 259.34
337.32 , 259.58
330.22 , 258.34
323.25 , 256.85
316.67 , 254.61
310.35 , 251.49
206.48 , 249.09
198.03 , 245.1
189.03 , 242.56
179.25 , 241.57
169.38 , 242.3
159.95 , 244.07
151.28 , 247.31
143.22 , 252.3
135.65 , 258.62
128.77 , 266
122.45 , 273.57
132.48 , 274.07
142.6 , 273.82
152.6 , 273.32
162.38 , 272.32
171.68 , 270.34
180.43 , 267.33
189.1 , 264.1
197.75 , 260.84
206.65 , 258.05
282.15 , 207.54
290.7 , 197.98
300.8 , 190.92
311.38 , 185.06
322.3 , 180.26
334.02 , 177.26
346.32 , 175.54
358.38 , 177.77
369.1 , 183.23
378.4 , 192.54
383.43 , 203.41
385.67 , 215.48
373.42 , 213.8
363.22 , 207.05
352.12 , 202.79
339.32 , 203.52
327.75 , 206.76
316.32 , 210.27
304.6 , 213.28
292.17 , 214.8
217.53 , 188.63
199.3 , 185.11
179.6 , 184.61
159.9 , 184.11
140.07 , 184.38
121.88 , 187.99
105.9 , 196.96
91.32 , 209.76
79.26 , 224.59
71.02 , 240.84
64.5 , 257.61
80.68 , 250.12
96.12 , 239.86
112.3 , 231.35
128.62 , 223.24
145.93 , 217.85
165 , 216.11
183.88 , 213.85
202.08 , 210.29
219.1 , 204.33
