236817064_1
282.55 , 409.19
285.77 , 425.37
289.51 , 443.18
294.1 , 460.88
299.43 , 476.69
304.9 , 494.42
310.77 , 511.72
317.31 , 527.29
324.76 , 544.15
333.93 , 558.99
343.76 , 573
352.87 , 588.05
363.72 , 602.29
377.99 , 613.53
391.73 , 626.3
402.3 , 638.93
415.47 , 651.51
429.76 , 662.36
445.73 , 668.82
464.21 , 669.45
481.16 , 665.51
497.74 , 659.25
513.6 , 651.32
528.93 , 642.76
542.85 , 631.77
554.75 , 618.54
566.04 , 604.07
577.1 , 590.25
588.44 , 575.96
599.02 , 561.84
607.49 , 546.8
615.1 , 530.9
621.76 , 514.41
628.07 , 497.86
632.47 , 481.04
635.56 , 462.49
638.32 , 444.94
640.65 , 428.48
642.61 , 410.22
643.95 , 392.02
645.1 , 373.8
429.15 , 416.9
423.19 , 428.3
416.66 , 439.17
412.22 , 451.35
414.27 , 463.14
423.81 , 472.11
436.18 , 472.88
449.45 , 470.88
461.55 , 471.55
475.1 , 469.92
487.33 , 469.68
499.71 , 471.91
507.23 , 462.67
508 , 448.59
502.15 , 438.13
495.25 , 427.05
491.05 , 414.19
393.81 , 543.96
402.26 , 538.78
410.99 , 534.27
419.88 , 530.18
429.56 , 527.96
439.24 , 525.69
449.88 , 525.46
460.63 , 525.46
470.69 , 523.93
481.06 , 523.21
491.34 , 524.21
501.86 , 524.71
512.13 , 525.71
522.14 , 527.28
521.81 , 536.96
514.06 , 544.21
505.86 , 550.2
497.11 , 554.66
487.96 , 557.98
478.29 , 560.23
468.59 , 562.45
458.91 , 564.71
448.41 , 565.24
438.61 , 563.23
429.24 , 560.39
420.06 , 557.21
411.09 , 553.48
402.26 , 549.17
404.31 , 544.96
411.63 , 542.68
419.54 , 541.46
427.66 , 540.71
436.13 , 540.71
444.63 , 540.71
453.01 , 540.96
461.38 , 541.21
469.86 , 541.21
478.11 , 540.71
486.19 , 539.84
494.26 , 538.95
502.38 , 538.18
510.76 , 537.96
516.51 , 539.25
509.19 , 541.59
501.86 , 543.92
493.86 , 544.94
485.94 , 546.09
478.01 , 547.25
470.09 , 548.46
461.59 , 548.46
453.21 , 548.71
444.84 , 548.96
436.71 , 548.21
428.59 , 547.46
420.34 , 546.96
412.21 , 546.21
508.19 , 345.81
512.52 , 339.48
518.41 , 333.83
524.57 , 328.94
531.29 , 325.47
538.49 , 323.29
546.24 , 322.31
554.37 , 322.56
562.01 , 323.81
569.14 , 326.03
575.81 , 329.63
574.91 , 337.33
568.97 , 342.8
562.39 , 346.59
554.99 , 348.31
547.12 , 349.06
538.87 , 349.06
531.24 , 347.8
523.72 , 346.31
516.09 , 345.06
401.45 , 349.12
395.54 , 343.22
388.62 , 339.79
381.55 , 336.81
374.17 , 334.54
366.17 , 333.54
357.92 , 334.05
350.14 , 335.53
343.02 , 338.38
336.42 , 342.73
331.37 , 349.04
338.02 , 353.2
344.97 , 356.63
351.92 , 360.06
359.57 , 361.79
367.94 , 362.04
376.07 , 361.29
383.94 , 360.03
391.47 , 358.01
399.04 , 356.1
495.13 , 315.39
499.88 , 303.89
511.63 , 299.39
525.33 , 298.89
538.3 , 296.88
550.71 , 293.61
562.55 , 289.38
575.06 , 286.37
588.53 , 287.39
601.5 , 289.38
613.78 , 292.8
609.78 , 303.99
597.11 , 306.64
583.28 , 306.39
569.95 , 307.61
557.08 , 309.88
544.61 , 312.91
532.2 , 316.11
519.81 , 319.38
506.48 , 320.67
419.22 , 318.08
408.16 , 309.34
395.12 , 305.8
381.66 , 303.07
367.74 , 301.32
353.81 , 299.57
339.74 , 298.07
325.34 , 297.32
311.41 , 299.07
299.01 , 304.17
289.89 , 315.07
301.51 , 322.19
315.74 , 323.32
329.44 , 321.07
343.62 , 319.82
357.79 , 321.07
371.59 , 323.08
384.94 , 326.09
398.54 , 328.47
413.04 , 329.07
