236942402_1
124.04 , 557.3
123.34 , 574.98
122.29 , 592.61
122.46 , 612.25
124.76 , 629.96
125.87 , 649.38
129.4 , 666.79
135.51 , 685.08
142.78 , 701.6
153.33 , 717.08
164.24 , 732.09
177.48 , 745.07
192.46 , 757.84
205.5 , 771.26
216.8 , 784.3
232.15 , 796.09
246.27 , 808.27
260.81 , 818.3
277.17 , 829.09
293.77 , 837.25
310.28 , 846.4
327.22 , 852.86
345.73 , 854.72
363.89 , 850.29
380.55 , 842.89
396.7 , 834.98
413.81 , 826.33
431.59 , 820.12
450.47 , 816.22
467 , 811.1
485.15 , 802.69
500 , 792.98
514.84 , 780.84
528.42 , 768.77
541.31 , 756.12
553.75 , 740.95
563.26 , 725.94
571.77 , 709.76
580.38 , 692.71
586.65 , 674.77
591 , 656.15
365.15 , 614.35
350.52 , 624.94
335.17 , 634.52
318.51 , 644.76
313.5 , 661.53
320.85 , 677.85
337.4 , 686
356.09 , 683.83
373.25 , 692.96
391.05 , 698.13
408.54 , 695.21
426.05 , 704.04
443.4 , 702.25
454.93 , 688.79
454.04 , 669.45
448.94 , 651.65
445.65 , 632.1
281.15 , 749.22
292.72 , 744.47
305.38 , 741.97
317.25 , 737.94
328.75 , 732.75
340.52 , 728.45
353.2 , 725.97
366.95 , 726.22
380 , 727.97
392.45 , 730.96
403.97 , 735.98
414.62 , 743.44
424.85 , 752.17
434.67 , 762
441.17 , 773
432.02 , 782.87
420.95 , 789.21
409.25 , 793.72
396.7 , 796.47
383.4 , 797.72
370.38 , 799.47
356.97 , 798.5
344.82 , 794.99
333.4 , 789.47
322.4 , 782.97
311.88 , 775.19
301.85 , 765.91
291.17 , 758.5
292.4 , 749.47
302.95 , 751.22
313.52 , 752.97
324.45 , 753.97
335.5 , 754.72
346.07 , 756.46
356.4 , 758.72
366.72 , 760.96
377.42 , 762.47
388.72 , 762.72
399.77 , 763.47
410.23 , 765.49
420.32 , 768.15
430.52 , 770.74
439.78 , 774.59
430.07 , 771.15
420.12 , 768.2
410 , 765.5
399.55 , 763.47
388.5 , 762.72
377.22 , 762.97
366.27 , 761.97
355.6 , 760.47
345.02 , 758.71
334.8 , 756.22
324.22 , 754.47
313.3 , 753.47
302.72 , 751.72
460.9 , 564.76
468.45 , 555.2
478.17 , 548
488.67 , 543.02
499.72 , 539.51
511.42 , 537.26
524.07 , 537.01
536 , 538.74
546.73 , 543.07
556.42 , 550.29
563.95 , 559.88
559.16 , 570.46
550.3 , 579.51
539.38 , 583.26
527.7 , 585.51
515.4 , 584.51
504.35 , 581.03
493.52 , 576.98
482.8 , 572.79
472.35 , 567.48
333.79 , 531.12
328.04 , 520.12
319.39 , 510.22
309.46 , 501.65
298.36 , 496.16
286.54 , 492.65
273.11 , 492.4
260.54 , 494.39
248.86 , 498.17
237.49 , 502.63
226.06 , 506.9
232.87 , 517.45
241.54 , 527.37
251.84 , 534.91
262.94 , 540.43
275.13 , 543.14
287.84 , 544.9
301.26 , 544.65
314.31 , 543.65
326.79 , 541.39
475.1 , 518.45
479.43 , 504.89
493.48 , 501.21
508.2 , 498.95
523.18 , 497.2
538.27 , 495.7
553.15 , 493.7
567.3 , 490.2
582.15 , 488.2
595.3 , 493.91
602.86 , 506.23
602.83 , 521.46
589.55 , 526.66
575.35 , 523.2
561.1 , 519.95
546.83 , 516.7
531.85 , 514.95
516.62 , 516.2
502.3 , 519.24
488.4 , 523.22
388.3 , 494.24
374.92 , 476.35
355.35 , 466.6
334.95 , 459.41
313.27 , 454.74
291.35 , 450.58
270.17 , 444.88
249.19 , 438.86
227.19 , 434.84
204 , 436.35
182.37 , 441.09
201.32 , 452.29
223.05 , 456.86
245.3 , 460.33
266.52 , 465.99
287.42 , 472.13
308.44 , 478.08
329 , 484.81
348.87 , 493.59
369 , 501.47
