2370995384_1
521.34 , 542.65
519.68 , 565.56
518 , 588.5
515.93 , 611.43
513.78 , 634.17
511.92 , 657.01
510.4 , 680.3
513.23 , 702.9
518.62 , 726.98
525.23 , 748.59
533.31 , 769.52
546.5 , 789.63
558.65 , 807.85
571.81 , 828.36
583.26 , 846.95
596.61 , 868.37
609.17 , 886.36
625.56 , 902.25
644.68 , 915.48
665.81 , 925.91
688.15 , 934.09
709.56 , 941.49
732.88 , 941.49
753.29 , 932.63
775.61 , 921.12
793 , 906.97
810.09 , 891.7
824.92 , 875.26
838.5 , 854.37
852.46 , 835.28
866.34 , 816.91
880.73 , 800.3
895.7 , 783.12
912.16 , 766.26
926.65 , 748.06
938.58 , 728.65
950.17 , 708.64
964.66 , 689.05
973.35 , 666.72
978.98 , 645.73
987.75 , 622.55
807.1 , 621.75
800.66 , 636.43
792.5 , 651.3
784.45 , 665.35
780.86 , 680.71
787.92 , 694.86
800.83 , 705.05
815.6 , 714.02
829.54 , 723.81
844.92 , 728
860.6 , 723
875.19 , 715.25
888.45 , 706.5
896.34 , 692.78
892.57 , 676.49
891.92 , 660.65
891.05 , 642.65
697.25 , 778.34
706.15 , 771.16
716.4 , 767.57
728.27 , 767.34
739.9 , 768.1
750.55 , 770.82
760.48 , 775.35
770.33 , 780.07
780.4 , 784.11
791.65 , 785.59
803.52 , 785.84
814.9 , 787.06
824.62 , 792.16
827.73 , 802.62
821.66 , 811.97
815 , 821.09
805.98 , 828.1
795.2 , 830.59
783.83 , 829.37
773.83 , 825.1
764.42 , 819.26
755.85 , 810.96
750.15 , 801.52
745.12 , 791.74
738.5 , 782.59
729.4 , 775.84
718.7 , 773.1
707.2 , 774.08
712.25 , 770.59
719.42 , 767.57
727.95 , 767.34
736 , 768.59
743.42 , 771.03
750.42 , 774.77
757.05 , 779.4
763.62 , 784.24
770.77 , 787.6
779.05 , 788.34
787.7 , 788.34
795.75 , 789.59
803.3 , 791.86
811 , 793.84
817.59 , 798.69
810.5 , 797.84
803.65 , 793.74
795.9 , 791.85
787.83 , 790.66
779.55 , 789.84
771.27 , 789.09
763.67 , 786.83
756.77 , 782.85
750.17 , 778.05
743.4 , 773.75
736.12 , 770.86
728.33 , 769.09
719.92 , 768.57
903.35 , 553.06
909.8 , 546.62
916.93 , 542.05
924.38 , 538.3
932.55 , 536.3
941.18 , 535.31
950.08 , 535.81
958.6 , 537.06
966.62 , 539.32
973.88 , 543.57
979.97 , 550.16
979.24 , 558.65
971.15 , 560.79
962.75 , 562.31
954 , 561.58
945.6 , 560.06
937.2 , 558.55
928.8 , 557.06
920.53 , 555.31
911.62 , 554.81
818.16 , 526.74
812.34 , 519.39
805.71 , 512.5
798.43 , 506.48
790.16 , 503.24
780.96 , 502.01
771.61 , 501
762.28 , 499.96
753.11 , 501.28
744.86 , 504.53
737.16 , 509.24
745.91 , 511.49
754.63 , 513.72
763.61 , 515.45
772.06 , 518.21
780.13 , 521.97
788.46 , 525.04
796.96 , 527.76
805.93 , 529.49
814.39 , 532.25
928.81 , 518.25
935.43 , 510.01
944.78 , 506.24
955.31 , 505
966.23 , 505.5
976.76 , 506.75
987.43 , 507.75
998.21 , 508.51
1007.73 , 511.74
1016.56 , 517
1022.98 , 525.4
1020.49 , 535.27
1009.93 , 534.03
1000.58 , 530.25
990.63 , 527.73
980.08 , 526.5
969.78 , 524.75
959.01 , 524
948.23 , 524.75
937.43 , 524.03
857.8 , 494.26
845.57 , 482.78
830.3 , 477.01
815.02 , 471.24
799.7 , 465.66
783.9 , 461.01
767.27 , 458.01
749.2 , 458.01
731.35 , 458.51
714.38 , 460.77
699.05 , 466.26
712.67 , 476.78
729.05 , 480.26
746.88 , 479.76
764.72 , 480.26
781.47 , 483
796.97 , 488.19
812.3 , 493.76
827.5 , 499.72
843.77 , 503.49
