2371615952_1
1643.36 , 2220.52
1649.12 , 2285.46
1656.67 , 2356.95
1671.71 , 2427.28
1691.57 , 2496.36
1712.83 , 2563.34
1736.89 , 2627.38
1770.37 , 2692.25
1806.2 , 2748.65
1851.01 , 2804.51
1889.81 , 2865.67
1940.69 , 2910.54
1994.43 , 2956.46
2044.76 , 3005.82
2093.84 , 3052.31
2151 , 3100.94
2208.95 , 3140.71
2271.44 , 3169.34
2332.86 , 3196.7
2404.45 , 3222.13
2469.59 , 3229.99
2541.27 , 3231.48
2615.6 , 3226.27
2683.59 , 3207.03
2744.39 , 3170.73
2793.74 , 3128.9
2844.1 , 3080.71
2896.71 , 3024.21
2940.97 , 2972.47
2983.24 , 2917.09
3028.38 , 2863.04
3076.8 , 2814.19
3123.69 , 2762.51
3165.97 , 2707.02
3204.17 , 2641.74
3228.93 , 2577.91
3246.91 , 2509.55
3260.46 , 2437.54
3269.28 , 2368.35
3282.49 , 2301.37
3296.7 , 2229.1
2362 , 2239.25
2330.22 , 2291.9
2278.59 , 2335.36
2262.97 , 2401.29
2300.65 , 2462.87
2366.24 , 2480.65
2428.73 , 2496.01
2497.04 , 2509.96
2566.86 , 2516.42
2631.16 , 2504.16
2704.62 , 2489.63
2768.49 , 2479.42
2821.41 , 2434.51
2819.11 , 2364.59
2778.11 , 2315.4
2713.08 , 2294.31
2692.6 , 2230.9
2166.79 , 2725.65
2217.69 , 2700.25
2270.82 , 2681.66
2326.69 , 2668.15
2382.14 , 2653.8
2438.26 , 2640.9
2496.49 , 2632.44
2556.49 , 2627.65
2617.44 , 2630.05
2676.07 , 2637.65
2733.82 , 2647.16
2791.79 , 2656.15
2849.51 , 2665.65
2904.09 , 2681.42
2899.29 , 2734.65
2850.01 , 2764.17
2800.16 , 2792.24
2750.66 , 2821.15
2700.36 , 2848.09
2648.01 , 2869.15
2591.79 , 2881.4
2531.61 , 2876.97
2478.32 , 2858.89
2426.57 , 2836.16
2375.26 , 2811.88
2323.19 , 2790.3
2270.29 , 2771.15
2217.84 , 2750.68
2223.29 , 2726.9
2269.29 , 2729.9
2316.54 , 2730.4
2363.29 , 2728.9
2410.04 , 2730.4
2456.91 , 2731.62
2503.44 , 2733.65
2549.69 , 2736.15
2595.97 , 2738.65
2640.66 , 2733.39
2684.36 , 2725.65
2728.69 , 2719.18
2773.34 , 2713.36
2818.57 , 2708.65
2839.49 , 2722.95
2799.22 , 2737.72
2758.01 , 2750.4
2715.61 , 2760.9
2671.76 , 2768.41
2626.59 , 2773.15
2579.97 , 2774.4
2533.34 , 2772.65
2487.91 , 2768.4
2442.99 , 2763.15
2398.29 , 2757.4
2352.99 , 2752.9
2307.34 , 2749.17
2264.57 , 2739.39
2767 , 1999.02
2776.13 , 1964.62
2800.05 , 1935.97
2828.18 , 1910.57
2858.4 , 1891.03
2890.5 , 1876.52
2925.2 , 1868.02
2963.72 , 1868.51
2997.57 , 1878.5
3029.53 , 1893.54
3059.05 , 1915.08
3082.46 , 1943.86
3051.4 , 1961.28
3018.88 , 1974.3
2983.38 , 1981.01
2944.97 , 1981.77
2907.65 , 1978.77
2870.35 , 1975.77
2832.68 , 1973.52
2796.8 , 1979.49
2294.02 , 1988.32
2288.65 , 1957.69
2261.35 , 1930.13
2231.5 , 1907.82
2200.47 , 1888.92
2167.7 , 1874.68
2131.47 , 1868.69
2093.5 , 1871.59
2057.72 , 1878.88
2024.43 , 1891.41
1993.65 , 1910.94
1968.4 , 1939.69
2001.93 , 1951.46
2034.8 , 1965.1
2069.48 , 1974.76
2106.32 , 1979.94
2144 , 1983.44
2182.53 , 1985.22
2220.3 , 1981.94
2258.83 , 1980.19
2648.15 , 1813.82
2684.72 , 1769.47
2740.25 , 1760.59
2797.03 , 1754.32
2852.78 , 1745.94
2907.43 , 1735.31
2961.85 , 1724.32
3018.28 , 1717.32
3075.9 , 1720.82
3127.83 , 1736.59
3176.85 , 1760.53
3159.7 , 1803.57
3102.43 , 1808.32
3043.57 , 1806.32
2984.03 , 1806.32
2925.82 , 1809.64
2869.23 , 1816.25
2813.43 , 1824.57
2757.98 , 1833.57
2699.98 , 1829.8
2392.11 , 1778.74
2337.99 , 1749.41
2277.64 , 1735.05
2214.96 , 1725.73
2149.34 , 1722.48
2084.43 , 1717.7
2022.59 , 1706.73
1956.36 , 1708.72
1900.58 , 1733.2
1856.56 , 1781.98
1821.06 , 1833.73
1883.23 , 1823.3
1939.96 , 1801.82
2000.01 , 1786.77
2065.61 , 1789.48
2127.91 , 1799.58
2190.64 , 1808.8
2252.31 , 1820.23
2314.89 , 1829.76
2380.76 , 1832.48
