118736733_1
299.8 , 282.55
302.62 , 300.21
305.62 , 318.06
308.71 , 334.8
314.48 , 353.5
320.76 , 369.95
326.48 , 386.05
331.25 , 404.87
334.45 , 421.91
341.51 , 439.73
349.45 , 455.85
359.49 , 471.7
370.18 , 485.66
383.22 , 498.87
397.2 , 510.15
411.32 , 522.12
425.24 , 533.05
440.07 , 543.32
455.61 , 552.09
473.35 , 555.79
491.48 , 556.09
509.92 , 557.24
527.99 , 554.52
545.49 , 549.27
560.04 , 539.1
573.68 , 526.7
587.04 , 515.51
600.53 , 501.25
611.43 , 487.64
620.96 , 472.03
628 , 455.26
635.15 , 437.92
639.5 , 421.51
646.41 , 403.73
652.99 , 388.28
661.25 , 370.52
668.19 , 354.56
673.84 , 336.2
679.26 , 319.29
683.09 , 302.04
685.75 , 282.95
454.6 , 237.7
449.07 , 248.22
444.39 , 259.48
441.62 , 271.43
447.56 , 282.67
455.62 , 291.42
467.07 , 295.6
480.45 , 295.18
493.07 , 294.28
505.27 , 296
516.81 , 294.86
529.22 , 290.05
536.82 , 280.95
542.88 , 269.63
544.07 , 257.79
540.35 , 246.18
532.8 , 234.95
433.93 , 382.08
436.2 , 364.2
439.42 , 346.81
445.43 , 331.08
461.41 , 324.83
480.25 , 324.58
498.38 , 322.83
516.38 , 320.81
533.73 , 324.13
546.92 , 336.85
552.94 , 352.93
554.45 , 371.18
552.7 , 389.31
550.4 , 407.18
547.86 , 424.9
545.41 , 442.7
541.17 , 459.65
534.92 , 475.6
523.98 , 489.76
509.08 , 498.93
491.51 , 501.35
475.18 , 495.83
462.68 , 482.08
455.5 , 466.4
450.68 , 449.81
446.68 , 432.75
442.78 , 415.68
437.15 , 399.48
449.68 , 387.33
451.68 , 373.83
454.86 , 360.9
457.68 , 347.83
462.71 , 336.07
476.06 , 333.83
490.03 , 332.83
504.11 , 333.58
517.81 , 335.2
528.86 , 342.53
535.93 , 353.88
539.45 , 366.65
542.16 , 379.78
543.56 , 393.45
541.45 , 406.88
537.15 , 419.2
533.2 , 431.65
528.94 , 444
522.78 , 455.73
512.25 , 465.08
498.75 , 467.09
485.41 , 468.81
473.9 , 462.55
466.91 , 451.15
462.41 , 438.9
458.19 , 426.56
454.18 , 414.08
451.18 , 401.08
534.33 , 174.04
540.78 , 170.11
547.06 , 165.56
553.88 , 162.52
561.38 , 161.05
569 , 159.79
576.88 , 159.04
585 , 158.79
593.11 , 159.04
600.61 , 160.55
607.18 , 164.3
605.85 , 171.27
598.63 , 173.29
590.76 , 174.04
582.76 , 174.54
574.66 , 174.79
566.56 , 175.04
558.68 , 174.29
550.46 , 174.29
542.33 , 174.54
444.74 , 170.51
437.48 , 168.62
430.1 , 166.85
422.6 , 165.35
414.4 , 165.35
406.43 , 164.85
398.2 , 164.85
390.12 , 165.1
382.15 , 165.61
374.73 , 167.23
368.35 , 171.35
375.73 , 173.09
383.33 , 174.35
391.18 , 175.1
398.9 , 176.1
407 , 176.35
414.98 , 175.85
423.08 , 175.6
431.15 , 175.35
439 , 174.6
521.06 , 145.02
526.86 , 133.18
538.66 , 127.18
550.71 , 122.12
563.28 , 118.26
576.78 , 116.28
591.01 , 115.77
605.26 , 116.27
618.98 , 117.77
631.13 , 122.83
641.79 , 132
633.83 , 138.53
621.46 , 134.27
608.28 , 131.52
594.06 , 132.02
580.56 , 134.02
567.61 , 137.22
555.48 , 142.08
543.86 , 148.48
531.86 , 153.3
445.05 , 139.19
433.98 , 132.71
421.45 , 129.69
409.38 , 125.91
397.18 , 122.42
384.3 , 120.2
371.18 , 121.94
358.65 , 124.93
346.78 , 129.19
337.61 , 139.26
332.95 , 150.94
346.4 , 150.71
357.4 , 143.98
368.88 , 138.51
382.3 , 137.44
395.42 , 139.19
407.57 , 142.81
419.23 , 147.7
431 , 152.2
444.35 , 151.44
