237609288_1
196.65 , 325.5
195.19 , 342.81
194.17 , 359.7
193.09 , 376.68
192.18 , 393.68
191.52 , 412.42
190.96 , 429.74
191.75 , 447.28
195.26 , 464.02
202.81 , 479.49
214.15 , 492.75
228.15 , 504.08
241.99 , 514.64
256.48 , 524.82
271.5 , 534.23
286.19 , 542.96
301.9 , 551.2
317.06 , 558.14
334.43 , 564.84
350.96 , 569.77
367.8 , 573.67
384.92 , 577.51
403.03 , 579.35
419.11 , 579.67
437.33 , 578.35
454.4 , 575.38
472.02 , 569.86
486.44 , 562.53
501.96 , 553.26
516.11 , 544.18
531.36 , 533.5
543.81 , 521.53
552.1 , 506.6
559.33 , 491.26
567.3 , 475.13
572.27 , 457.57
575 , 441.31
576.88 , 422.86
578.31 , 406.18
581.12 , 388.18
584.8 , 370.6
387.8 , 333.35
377.3 , 341.5
368.69 , 352.94
360.77 , 366.21
362.24 , 380.33
371.82 , 390.93
384.74 , 393.61
400.11 , 393.69
413.73 , 397.06
427.8 , 402.24
440.04 , 407.75
454.1 , 409.94
465.85 , 401.85
467.55 , 386.94
466.47 , 372.51
462.56 , 359.38
457.75 , 344.55
328.69 , 452.66
339.09 , 449.38
349.67 , 446.41
360.54 , 443.92
371.39 , 441.41
381.84 , 438.14
393.29 , 436.91
404.24 , 439.16
414.99 , 441.93
426.06 , 443.88
435.42 , 450.13
444.47 , 457.19
453.59 , 464.07
462.56 , 471.29
471.57 , 478.52
463.04 , 486.34
453.14 , 491.14
442.19 , 493.41
430.62 , 494.41
418.56 , 494.41
406.87 , 493.66
395.89 , 491.42
385.69 , 487.66
375.81 , 482.79
366.24 , 477.23
356.59 , 471.78
347.09 , 466.03
337.54 , 460.28
330.94 , 453.16
340.26 , 455.17
349.49 , 457.4
358.62 , 459.92
367.84 , 462.15
377.42 , 463.66
386.76 , 465.66
396.37 , 467.16
406.06 , 468.41
416.01 , 469.16
425.34 , 471.15
434.59 , 473.4
443.94 , 475.41
453.76 , 476.41
463.41 , 477.66
453.59 , 476.66
443.64 , 475.91
434.06 , 474.41
424.81 , 472.17
415.47 , 470.16
405.89 , 468.66
396.06 , 467.66
386.62 , 465.9
377.26 , 463.92
367.79 , 462.17
358.34 , 460.4
349.12 , 458.15
339.87 , 455.92
475.11 , 293
478.8 , 285.06
486.19 , 279.68
494.34 , 276.51
502.79 , 274.01
511.86 , 272.75
521.41 , 272.99
530.24 , 274.75
538.06 , 278.95
543.98 , 286.12
546.39 , 294.62
544.48 , 303.4
538.94 , 310.7
531.06 , 314.73
522.34 , 316.75
512.91 , 316.27
504.41 , 313.79
496.61 , 309.5
488.84 , 305.24
481.41 , 300.05
369.02 , 272.48
365.26 , 264.15
360.1 , 256.36
352.71 , 249.97
344.53 , 245.8
335.58 , 243.51
325.66 , 243.29
316.46 , 245.02
307.99 , 248.3
300.16 , 253.39
293.01 , 260.28
296.77 , 268.56
303.71 , 275.72
311.61 , 280.63
319.94 , 284.3
329.13 , 286.02
338.81 , 286.78
348.38 , 285.78
357.58 , 284.03
366.13 , 281.02
465.53 , 205.47
470.06 , 192.7
482.98 , 188.22
497.15 , 190.23
511.1 , 192.72
525.15 , 194.98
538.88 , 197.98
552.45 , 201.22
565.3 , 205.98
576.96 , 214.1
582.28 , 226.75
581.09 , 241.23
567.11 , 243.28
554.61 , 237.53
541.78 , 232.72
528.18 , 229.49
514.55 , 226.22
499.4 , 226.25
485.65 , 223.34
473.28 , 217.22
412.43 , 200.95
405.87 , 184.69
390.13 , 176.45
372.06 , 173.69
354.11 , 170.63
336.98 , 165.97
320.41 , 160.2
301.71 , 158.7
285.33 , 164.96
272.28 , 178.82
265.65 , 195.1
260.93 , 212.2
275.86 , 202.96
293.13 , 198.44
311.58 , 196.45
330.28 , 197.96
347.41 , 202.68
363.53 , 209.73
380.38 , 214.91
399.78 , 214.97
