2376488496_1
153.75 , 551.3
155.09 , 563.54
156.43 , 578.66
158.18 , 591.54
161.38 , 605.26
165.34 , 619.02
169.01 , 631.43
173.84 , 644.4
181.85 , 656.69
190.96 , 666.23
200.53 , 677.22
210.51 , 684.83
222.15 , 693.32
233.24 , 701.29
246.69 , 706.9
258.67 , 711.33
270.53 , 718.58
283.84 , 720.83
298.35 , 723.87
311.9 , 725.66
325.4 , 727.14
338.37 , 729.45
353.37 , 729.96
366.41 , 727.3
379.37 , 725.97
394.06 , 722.37
406.25 , 718.61
419.16 , 711.34
429.81 , 702.78
441.75 , 696.12
450.75 , 686.56
458.54 , 675.29
463 , 661.4
467.2 , 648.88
472.08 , 635.04
476.67 , 623.18
482.39 , 610.25
486.81 , 596.66
489.82 , 582.82
492.76 , 570.31
492.85 , 555.5
287.69 , 468.05
281.28 , 479.61
276.09 , 494.05
272.16 , 507.53
272.8 , 521.86
279.07 , 535.32
292.78 , 534.23
307.79 , 531.58
322.65 , 530.88
336.38 , 536.05
348.81 , 542.17
356.77 , 530.43
360.25 , 516.44
356.86 , 502.57
350.09 , 489.38
343.74 , 475.77
338.19 , 461.69
246.31 , 615.52
255.21 , 609.14
263.08 , 600.75
270.99 , 592.34
279.69 , 585.36
289.24 , 580.59
300.16 , 579.03
310.86 , 581.04
321.56 , 579.02
333.01 , 578.52
342.86 , 582.31
352.34 , 587.28
361.59 , 592.78
370.66 , 598.65
379.36 , 605.78
387.91 , 613.13
380.34 , 619.77
369.29 , 618.5
358.31 , 617.02
346.88 , 617.52
335.46 , 618.02
324.13 , 618.77
312.59 , 619.02
301.13 , 619.52
289.59 , 619.77
278.63 , 621.27
266.96 , 621.27
255.88 , 620.05
256.56 , 613.02
264.94 , 609.49
273.24 , 605.52
281.24 , 600.78
289.58 , 597.01
298.99 , 595.59
308.96 , 595.77
319.06 , 595.77
328.71 , 594.87
338.54 , 594.27
347.79 , 596.02
356.51 , 598.75
364.86 , 602.56
372.88 , 607.29
380.78 , 612.26
376.06 , 614.77
367.61 , 611.28
359.26 , 607.48
350.51 , 604.73
341.36 , 602.76
331.63 , 602.02
321.76 , 601.52
311.91 , 602.03
302.16 , 602.77
292.53 , 603.78
283.91 , 606.68
275.46 , 610.25
266.44 , 612.52
355.4 , 442.92
359.18 , 437.39
364.42 , 432.66
370.4 , 429.92
376.9 , 428.42
384 , 428.17
390.85 , 428.92
397.7 , 429.67
403.75 , 432.18
409.5 , 435.49
414.04 , 440.8
413.54 , 447.51
407.25 , 449.42
400.65 , 450.67
393.9 , 451.67
387.05 , 452.42
380.32 , 451.44
373.95 , 449.67
367.47 , 448.16
360.97 , 446.7
281.75 , 440.74
276.12 , 436.81
270.05 , 434.25
263.85 , 432
256.93 , 431.25
249.88 , 430.76
243.18 , 431.98
236.73 , 433.73
230.7 , 436.57
225.3 , 440.82
222.3 , 446.75
227.98 , 450.44
234.15 , 452.78
240.6 , 454.52
247.62 , 455
254.58 , 454.25
261.5 , 453.5
267.98 , 451.82
274.08 , 449.23
280.19 , 446.85
343.43 , 417.59
347.18 , 403.84
355.99 , 392.03
368.06 , 383.96
381.25 , 379.06
396.11 , 377.59
410.58 , 379.84
423.38 , 386.08
435.01 , 395.39
445.63 , 406.54
455.53 , 417.96
458.33 , 432.24
447 , 440.19
435.63 , 430.29
425.88 , 418.83
413.03 , 412.87
399.56 , 408.57
384.71 , 407.09
371.11 , 411.12
358.06 , 416.46
284.9 , 406.5
283 , 395.88
271.1 , 391.75
257.82 , 390.5
244.3 , 389.82
231.1 , 391.25
219.05 , 395.06
207.82 , 401.05
197.67 , 409.95
188.4 , 419.98
182.59 , 431.3
179.62 , 443.75
191.59 , 441.26
200.32 , 431.05
209.95 , 421.16
220.72 , 413.9
232.07 , 408.26
244.72 , 405.65
258.17 , 406.25
271.47 , 407.53
