118736733_2
303.65 , 547.4
305.05 , 562.98
307.53 , 580.09
310.24 , 597.19
313.1 , 614.3
316.64 , 631.22
320.89 , 647.94
326.38 , 664.3
333.68 , 679.9
343.01 , 694.25
354.39 , 707.01
367.45 , 718.24
381.62 , 728.2
396.85 , 736.43
411.98 , 744.22
426.97 , 751.95
442.3 , 759.03
458.15 , 765.18
474.63 , 769.31
491.63 , 771.23
508.88 , 770.94
526.09 , 768.73
542.95 , 764.67
559.44 , 759.57
575.47 , 753.42
591.34 , 747.25
606.29 , 739.86
620.67 , 729.1
632.32 , 717.3
642.41 , 703.6
651.49 , 689
659.19 , 673.6
665.77 , 657.6
671.14 , 641.1
675.41 , 624.4
678.4 , 607.4
680.81 , 590.3
683.41 , 573.2
686.45 , 556
689.66 , 538.9
691.89 , 521.79
475.75 , 522.8
473.81 , 535.48
469.42 , 549.61
462.66 , 562.4
460.15 , 575.26
466.85 , 588.35
479.89 , 593.69
492.57 , 596.81
507.25 , 597.86
521.53 , 595.8
534.32 , 590.78
546.37 , 583.37
552.75 , 571.22
550.94 , 556.84
544.65 , 545
536.98 , 532.7
529.73 , 520.12
421.91 , 656.15
432.56 , 645.51
444.61 , 638.69
457.56 , 634.38
471.31 , 631.66
485.54 , 629.9
500.61 , 629.9
515.34 , 629.15
528.86 , 625.89
542.26 , 622.37
556.24 , 620.15
570.24 , 622.41
582.66 , 628.15
586.49 , 641.05
579.5 , 653.02
571.8 , 664.75
562.26 , 675.83
550.74 , 684.14
538.29 , 689.87
525.19 , 693.91
511.79 , 697.4
498.16 , 700.4
483.94 , 702.15
469.09 , 701.67
455.76 , 697.99
443.56 , 691.54
432.69 , 681.43
425.16 , 669.65
436.41 , 658.65
444.99 , 652.85
453.66 , 647.4
463.59 , 644.88
474.09 , 643.65
484.46 , 642.13
495.34 , 641.65
506.19 , 641.15
516.76 , 640.05
527.26 , 638.8
537.86 , 637.69
548.09 , 635.91
558.59 , 634.64
569.08 , 635.37
569.06 , 644.24
559.99 , 648.84
550.99 , 653.59
542.06 , 658.49
532.94 , 662.89
523.44 , 666.16
513.19 , 667.9
502.59 , 668.97
492.41 , 670.9
482.69 , 673.64
472.63 , 675.9
461.99 , 676.47
452.21 , 673.71
444.54 , 665.78
543.85 , 460.34
549.88 , 455.81
556.18 , 451.79
562.4 , 447.8
569.25 , 445.43
576.52 , 443.82
583.93 , 442.56
591.45 , 441.56
599.35 , 441.34
606.7 , 442.68
613.18 , 446.15
611.2 , 452.09
603.43 , 452.59
595.65 , 452.09
587.75 , 452.34
579.88 , 452.09
572.2 , 452.85
564.83 , 454.11
557.9 , 456.34
550.73 , 458.07
446.92 , 458.19
438.95 , 454.46
430.55 , 451.96
421.85 , 449.96
412.55 , 449.21
402.98 , 449.44
393.72 , 450.2
384.65 , 451.46
376.2 , 453.96
368.72 , 458.94
361.7 , 465.21
370.65 , 463.71
379.57 , 462.18
388.5 , 460.67
397.52 , 459.39
407.1 , 459.21
416.52 , 459.71
425.95 , 460.21
435.25 , 460.96
444.17 , 462.46
534.84 , 437.98
539.12 , 427.18
548.72 , 419.35
558.62 , 412.46
569.39 , 407.94
580.97 , 405.25
593.14 , 403.71
606.04 , 403.73
618.49 , 404.63
630.87 , 405.73
641.99 , 409.26
640.54 , 418.23
628.37 , 419.73
616.41 , 421.66
604.87 , 424.46
593.32 , 427.25
581.84 , 430.23
570.27 , 432.98
558.79 , 436
547.22 , 438.73
457.94 , 430.92
447.47 , 423.2
435 , 420.4
421.92 , 418.91
408.5 , 419.66
394.95 , 419.16
381.75 , 417.91
368.1 , 418.23
355.85 , 421.48
344.67 , 427.41
334.67 , 436.41
347.52 , 438.41
360.95 , 439.16
374.5 , 438.66
387.7 , 437.41
401.37 , 437.16
414.32 , 438.9
426.85 , 441.59
439.87 , 443.16
453.06 , 441.9
