2382895882_1
966.5 , 1330.25
978.12 , 1384.12
992.52 , 1440.38
1009.23 , 1498.62
1023.34 , 1551.37
1044.02 , 1608.41
1067.05 , 1658.01
1098.83 , 1710.68
1128.02 , 1756.82
1158.13 , 1804.02
1190.6 , 1854.88
1215 , 1906.03
1254.22 , 1951
1287.68 , 1996.23
1313.55 , 2048.75
1347.97 , 2092.92
1396.18 , 2129.87
1449.14 , 2158.77
1499.83 , 2173.03
1560.91 , 2177.99
1615.88 , 2171.63
1672.52 , 2156.64
1725.91 , 2136.07
1777.55 , 2111.4
1828.32 , 2078.48
1873.32 , 2047.08
1925.64 , 2011.53
1973.51 , 1980.24
2018.78 , 1949.42
2064.29 , 1911.44
2099.29 , 1864.16
2127.3 , 1812.92
2154.34 , 1763.18
2182.11 , 1714.02
2207.23 , 1659.32
2226.52 , 1607.3
2250.05 , 1552.82
2271.81 , 1498.68
2290.89 , 1444.87
2304.8 , 1390.01
2313.6 , 1327.54
1308.25 , 1446.4
1287.85 , 1488.15
1261.57 , 1528.28
1243.86 , 1573.3
1266.21 , 1616.07
1290.93 , 1652.43
1327.13 , 1686.82
1372.36 , 1699.42
1419.28 , 1692.54
1460.15 , 1669.25
1503.95 , 1643.24
1548.57 , 1631.42
1599.28 , 1626.87
1614.33 , 1586.39
1600.93 , 1538.46
1564.89 , 1510.43
1533.5 , 1470.7
1263.97 , 1793.53
1299.89 , 1787.26
1336.8 , 1791.53
1372.64 , 1797.96
1408.17 , 1805.01
1445.57 , 1808.27
1484.32 , 1808.78
1522.32 , 1810.78
1560.45 , 1812.53
1599.05 , 1811.78
1637.42 , 1810.53
1676.27 , 1810.28
1714.89 , 1809.53
1706.35 , 1840.9
1679.45 , 1868.56
1651.05 , 1893.77
1622.02 , 1917.25
1591.62 , 1936.79
1559.67 , 1952.55
1525.1 , 1961.53
1486.72 , 1962.28
1449.7 , 1958.26
1414.57 , 1950.29
1382.8 , 1934.12
1353.59 , 1911.16
1328.04 , 1882.88
1305.72 , 1853.4
1284.87 , 1823.45
1297.47 , 1802.28
1320.8 , 1813.34
1345.5 , 1820.77
1370.19 , 1828.26
1395.82 , 1834.06
1421.52 , 1839.57
1448.02 , 1843.52
1475.32 , 1841.78
1502 , 1838.26
1528.8 , 1834.96
1555.77 , 1831.99
1582.6 , 1828.78
1609.3 , 1825.29
1636.5 , 1822.78
1653.65 , 1822.56
1627.55 , 1827.27
1601.82 , 1832.8
1576 , 1838.02
1550.24 , 1843.53
1524.42 , 1848.82
1498.2 , 1853.28
1470.99 , 1855.78
1442.97 , 1855.03
1416.74 , 1850.53
1391.62 , 1843.75
1367.24 , 1835.79
1343.17 , 1827.02
1319.7 , 1816.27
1595.68 , 1225.99
1599.68 , 1196.99
1616.33 , 1173.49
1642.28 , 1162.99
1672.26 , 1160.99
1702.13 , 1163.24
1731.01 , 1167.49
1758.83 , 1173.99
1786.16 , 1181.47
1811.76 , 1193.05
1836.2 , 1207.75
1838.2 , 1235.97
1813.91 , 1251
1787.58 , 1260.47
1759.51 , 1266.42
1729.81 , 1268.99
1699.45 , 1267.73
1671.2 , 1262.25
1645.51 , 1251.06
1621.18 , 1235.99
1289.48 , 1201.16
1269.28 , 1185.49
1247.98 , 1172.91
1225.88 , 1162.32
1202.85 , 1154.61
1178.65 , 1149.1
1153.95 , 1144.64
1127.33 , 1144.11
1102.98 , 1149.39
1078.2 , 1153.64
1084.2 , 1177.64
1092.88 , 1200.32
1108.55 , 1220.52
1129.12 , 1235.1
1153 , 1241.38
1179.03 , 1243.14
1204.2 , 1239.64
1228.2 , 1233.64
1251.6 , 1226.66
1275.3 , 1220.16
1504.9 , 1164.28
1514.36 , 1110.83
1557.95 , 1077.73
1606.38 , 1057.55
1655.68 , 1039.79
1704.88 , 1021.8
1754.08 , 1003.85
1807.23 , 993.79
1862.35 , 997.79
1914.65 , 1009.78
1963.12 , 1030.52
1976.53 , 1068.53
1920.68 , 1066.03
1866.78 , 1074.53
1814.98 , 1087.5
1764.33 , 1102.52
1712.28 , 1115.04
1659.7 , 1126.24
1608.48 , 1140.3
1557.5 , 1154.68
1310.58 , 1127.41
1280.08 , 1099.44
1246.73 , 1079.55
1211.58 , 1064.69
1175.03 , 1053.36
1139.65 , 1039.22
1105.98 , 1020.09
1071.65 , 1002.48
1034.15 , 992.71
993.93 , 996.21
963.88 , 1025.46
991.16 , 1056.24
1029.05 , 1065.14
1065.58 , 1076.48
1101.7 , 1088.53
1137.36 , 1101.94
1172.73 , 1116.05
1208.45 , 1129.19
1244.15 , 1142.47
1281.81 , 1151.89
