2385498145_1
473.55 , 637.7
475.34 , 658.01
477.12 , 678.47
481.21 , 697.5
486.79 , 717.94
494.45 , 736.94
502.67 , 754.86
511.33 , 774.89
519.37 , 793.15
528.62 , 811.75
540.62 , 829.27
553.13 , 845.7
567.35 , 859.57
581.95 , 874.07
598.54 , 885.4
614.87 , 898.55
631.27 , 909.56
653.22 , 913.46
672.87 , 914.01
693.79 , 912.19
712.71 , 906.96
732.79 , 899.02
752.53 , 891.75
771.85 , 884
790.13 , 875.63
808.14 , 866.25
826.35 , 855.85
843.52 , 845.86
860.25 , 832.33
872.32 , 817.55
884.77 , 799.01
895.06 , 781.26
902.41 , 761.98
906.83 , 743.72
910.86 , 723.49
912.91 , 701.46
912.28 , 681.3
910.84 , 661.41
907.67 , 639.86
904.76 , 620.41
902.44 , 598.82
589.85 , 622.75
587.75 , 638.89
578.89 , 654.48
574.79 , 671.94
582.01 , 688.47
600.83 , 691.22
616.36 , 699.78
632.44 , 706.83
648.74 , 700.18
660.3 , 685.69
676 , 679.56
693.77 , 674.51
707.92 , 664.32
713.83 , 646.11
709.26 , 629.12
694.31 , 618.85
678.5 , 609.69
585.82 , 771.46
596.27 , 762.02
607.85 , 755.69
619.82 , 750.46
633.87 , 749.71
647.7 , 748.47
660.37 , 744.94
672.6 , 740.47
684.45 , 734.84
696.85 , 730.7
710.27 , 728.71
724.07 , 727.46
737.75 , 725.96
751.8 , 725.22
753.32 , 735.46
742.6 , 744.18
732.35 , 754.19
722.02 , 764.01
710.92 , 771.7
699.1 , 777.45
687 , 782.24
674.6 , 786.2
661.87 , 789.72
648.42 , 791.71
634.52 , 790.73
622.32 , 786.21
610.5 , 780.4
598.64 , 774.71
587.82 , 769.96
598.7 , 765.18
610.02 , 761.5
621.77 , 758.5
633.5 , 755.53
646.15 , 754.46
658.17 , 752.11
669.67 , 748.74
681.12 , 745.23
692.42 , 741.43
703.87 , 737.94
715.6 , 734.95
727.8 , 732.96
740 , 730.95
749.42 , 732.46
738.97 , 738.55
728.47 , 744.55
717.7 , 749.96
706.82 , 754.96
695.92 , 759.86
684.85 , 764.22
673.55 , 767.96
661.8 , 770.97
649.85 , 773.45
637.77 , 775.71
624.6 , 775.71
612.39 , 773.74
600.64 , 770.71
685.5 , 544.51
689.62 , 535.88
694.53 , 527.49
701.43 , 519.84
709.35 , 513.66
718.27 , 510.26
728.48 , 509.51
738.55 , 510.51
748.25 , 512.26
757.15 , 515.67
765.6 , 520.37
772.35 , 527.96
764.08 , 533.25
755.12 , 536.5
745.17 , 537.76
735.35 , 539.26
725.15 , 540.01
714.6 , 540.01
704.05 , 540.01
694.58 , 542.26
575.6 , 561.84
568.08 , 558.08
560.25 , 555.33
552.58 , 552.05
544.83 , 549.06
536.36 , 547.55
527.4 , 548.07
519.38 , 550.47
511.76 , 553.84
505.36 , 560.25
503.03 , 568.32
506.53 , 575.97
513.48 , 581.06
521.83 , 582.84
530.2 , 581.14
537.88 , 577.81
545.55 , 574.56
553.38 , 571.85
561.63 , 569.84
569.98 , 568.09
634.68 , 504.28
648.75 , 492.68
664.5 , 485.47
680.13 , 478.04
695.85 , 470.85
712.53 , 466.01
730.68 , 464.28
748.75 , 465.76
766.03 , 469.38
782.78 , 474.06
798.45 , 481.54
798.23 , 496.53
779.45 , 497.03
760.68 , 496.53
741.78 , 496.28
723 , 496.8
705.3 , 499.56
687.75 , 502.5
670.05 , 505.29
652.13 , 507.54
571.37 , 526.4
561.05 , 518.47
548.87 , 515.31
536.35 , 512.89
523.6 , 510.9
510.02 , 510.66
497.2 , 512.42
485.85 , 517.52
475.42 , 525.21
467.22 , 535.42
463.72 , 547.4
465.47 , 560.27
477.4 , 557.74
487.07 , 548.03
497.62 , 540.75
509.85 , 537.66
523.05 , 536.65
536.27 , 535.65
549.75 , 536.15
563.2 , 535.65
