2385871165_1
131.72 , 311.71
130.39 , 324.95
128.22 , 336.99
127.62 , 350.27
128.78 , 363.5
130.56 , 376.84
132.19 , 391.17
134.12 , 404.2
136.97 , 417.06
140.75 , 429.76
146.06 , 441.79
153.49 , 452.56
162.31 , 462.22
172.36 , 472.47
182 , 481.7
191.86 , 490.9
201.44 , 498.6
212.94 , 505.88
224.82 , 511.63
236.52 , 517.54
249.58 , 523.81
262.3 , 526.5
275.03 , 526.74
289.3 , 524.94
302.45 , 522.49
314.39 , 519.74
327.69 , 516.24
340.39 , 511.56
351.65 , 504.59
361.75 , 496.06
371.22 , 487.31
381.64 , 477.44
390.1 , 467.37
397.89 , 456.77
404.72 , 445.55
411.42 , 433.98
417.66 , 422.36
423.36 , 410.35
428.06 , 397.94
431.25 , 385
431.25 , 370.61
265 , 337.25
259.35 , 345.44
251.94 , 354.51
244.96 , 363.13
242.91 , 373.47
250.8 , 381.06
261.55 , 382.16
272.14 , 386.94
282.71 , 389.44
292.23 , 393.46
303.48 , 393.06
315.15 , 393.65
325.41 , 390.56
331.17 , 381.74
329.85 , 371.01
326.42 , 360.03
322.9 , 349.05
214.86 , 417.74
222.69 , 414
232.01 , 413.49
241.09 , 412.49
250.66 , 412.49
258.54 , 416.18
266.31 , 420.23
275.04 , 422.01
284.01 , 423.23
292.61 , 425.24
300.76 , 428.14
308.84 , 431.23
316.86 , 434.49
324.86 , 437.74
326.61 , 445.74
318.91 , 449.94
310.49 , 452.24
301.29 , 452.99
291.71 , 452.99
282.51 , 453.74
273.06 , 453.5
264.36 , 451.74
256.06 , 449.19
248.04 , 445.92
240.14 , 442.26
232.36 , 438.24
225.27 , 432.39
219.77 , 425.17
223.61 , 420.24
231.59 , 419.99
239.06 , 421.24
246.34 , 422.99
253.21 , 425.52
259.84 , 428.72
266.69 , 431.3
273.66 , 433.53
281.31 , 434.49
289.29 , 434.74
296.91 , 435.76
304.29 , 437.17
311.79 , 438.42
319.21 , 439.84
326.24 , 442.02
319.11 , 440.49
311.69 , 439.06
304.24 , 437.77
296.76 , 436.51
289.13 , 435.49
281.29 , 435.01
273.66 , 434.01
266.49 , 432.12
259.56 , 429.69
252.84 , 426.72
245.96 , 424.24
238.59 , 422.74
231.11 , 421.49
344.69 , 307.8
349.14 , 303.61
354.14 , 300.84
359.31 , 298.55
364.94 , 297.3
370.81 , 296.55
376.92 , 296.8
382.51 , 298.03
387.69 , 300.3
392.63 , 303.24
396.12 , 307.98
395.08 , 313.55
389.84 , 315.57
384.09 , 316.54
377.99 , 316.3
371.76 , 316.3
366.04 , 315.3
360.76 , 313.28
355.51 , 311.28
349.79 , 310.3
265.62 , 292.73
261.34 , 287.71
256.47 , 282.96
251.31 , 278.94
245.79 , 275.94
239.67 , 274.45
233.31 , 273.46
226.69 , 272.96
220.27 , 273.78
214.54 , 276.25
209.34 , 279.96
213.47 , 285.09
218.31 , 289.93
223.89 , 292.75
229.59 , 295.21
235.74 , 296.61
242.54 , 296.71
249.17 , 296.21
255.89 , 296.46
262.37 , 297.22
335.69 , 276.37
339.85 , 268.2
347.81 , 263.5
357.34 , 262.37
366.37 , 264.55
375.34 , 266.77
384.64 , 268.37
394.69 , 268.37
403.89 , 270.13
412.39 , 273.36
419.99 , 279.15
419.02 , 287.69
409.87 , 285.8
400.74 , 283.87
390.91 , 283.37
381.39 , 282.33
372.89 , 279.08
364.29 , 276.13
354.49 , 275.63
345.26 , 277.37
287.67 , 262.2
278.12 , 253.9
267.4 , 248.93
255.82 , 245.85
244.38 , 242.65
233.62 , 237.65
222.12 , 234.53
209.6 , 233.54
197.85 , 236.19
187.73 , 242.81
180 , 252.53
192.3 , 251.03
204.85 , 250.03
216.57 , 252.78
227.47 , 257.26
238.65 , 260.94
250.43 , 263.55
262.12 , 266.3
273.27 , 270.05
284.84 , 273.12
