2386587221_1
184.25 , 357.15
188.6 , 369.75
190.53 , 382.84
195.33 , 395.54
200.77 , 407.77
204.93 , 421.45
206.5 , 434.83
211.75 , 448.52
217.08 , 460.87
218.78 , 474.79
221.8 , 487.41
228.88 , 500.03
235.1 , 512.34
238.94 , 524.39
244.43 , 537.08
254.6 , 546.9
267.01 , 553.75
280.3 , 556.63
293.46 , 556.9
307.85 , 556.21
321.17 , 553.07
334.28 , 548.24
346.94 , 542.88
359.24 , 536.83
371.34 , 530.82
382.89 , 524.21
394.73 , 515.55
404.23 , 506.36
412.3 , 495.97
420.06 , 483.67
425.69 , 472.21
432.44 , 458.9
439.6 , 448.14
447.51 , 436.24
455.41 , 424.5
463.58 , 413.88
471.95 , 403.5
480.71 , 393.14
489.45 , 382.76
498.07 , 370.85
505.35 , 358.69
220.34 , 344.8
213.74 , 356.81
206.56 , 368.17
199.36 , 381.5
197.5 , 394.19
204.7 , 405.9
216.9 , 415.44
228.9 , 421.05
243.43 , 421.78
257.5 , 419.09
271.13 , 415.27
283.99 , 409.99
294.55 , 400.99
300.4 , 387.76
297.15 , 375.25
291.36 , 362.08
287.35 , 347.6
209.65 , 442.03
219.35 , 440.78
228.58 , 443.03
237.7 , 445.55
246.93 , 447.78
256.62 , 449.03
266.82 , 449.28
276.77 , 448.53
286.48 , 447.28
296.08 , 445.78
306.02 , 445.03
316.08 , 444.53
326.02 , 443.78
335.62 , 445.28
332.12 , 453.54
324.05 , 458.62
315.08 , 461.35
305.95 , 463.78
296.77 , 466.16
287.75 , 468.78
278.5 , 471.03
268.68 , 472.03
258.85 , 471.03
249.5 , 469.05
240.83 , 465.71
232.55 , 461.15
224.53 , 455.9
217.08 , 448.95
224.15 , 449.78
230.55 , 453.69
237.68 , 455.78
245.1 , 457.28
252.4 , 459.03
260.18 , 459.78
268.18 , 459.53
276.08 , 459.03
283.85 , 458.28
291.15 , 456.53
298.33 , 454.51
305.85 , 453.28
313.52 , 452.28
320.93 , 450.78
327.62 , 447.55
321.02 , 449.53
313.73 , 451.29
306.33 , 452.79
298.9 , 454.28
291.5 , 455.79
284.1 , 457.28
276.55 , 458.53
268.43 , 458.53
260.4 , 458.78
252.5 , 458.28
244.85 , 457.29
237.83 , 455.05
231 , 452.31
300.6 , 283.48
303.85 , 277.48
308.78 , 272.03
314.9 , 268.95
321.65 , 267.48
329 , 267.23
336.38 , 267.48
343.85 , 267.48
350.62 , 268.98
356.9 , 271.5
362.52 , 275.89
362.45 , 282.88
355.88 , 284.72
349.12 , 286.22
342.23 , 287.49
335.23 , 288.48
327.85 , 288.73
320.5 , 288.48
313.38 , 287.73
306.62 , 286.24
230.24 , 285.16
227.67 , 280.06
223.1 , 276.09
217.97 , 273.6
212.85 , 271.12
207.32 , 269.59
201.57 , 268.59
195.57 , 268.09
189.45 , 268.34
184.07 , 270.06
178.95 , 272.34
181.51 , 277.39
185.37 , 282.01
190.17 , 285.32
195.45 , 287.34
201.22 , 288.34
207.22 , 288.84
213.1 , 288.09
219.35 , 288.09
225.48 , 288.35
252.62 , 266.24
265.82 , 255.03
281.85 , 250.98
297.97 , 247.21
314.27 , 243.84
331.1 , 241.51
348.42 , 240.24
366.22 , 239.99
383.42 , 241.53
398.62 , 247.24
411.32 , 259.44
399.72 , 270.74
382.12 , 269.99
365.52 , 267.21
349.27 , 263.76
332.3 , 261.74
314.92 , 262.95
298.92 , 266.97
283.05 , 271.24
266.82 , 274.7
230.4 , 262.55
222.7 , 256.31
214.18 , 252.29
205.33 , 249.32
196.73 , 245.56
188.28 , 241.3
179.83 , 237.04
170.98 , 234.03
161.38 , 232.55
151.4 , 231.8
152.41 , 241.68
156.4 , 250.2
164.1 , 256.28
173.08 , 259.07
182.7 , 260.55
191.98 , 262.8
200.83 , 265.81
210.2 , 267.8
219.2 , 270.57
228.82 , 272.07
