2389313905_1
382.05 , 361.19
382.26 , 377.56
382.86 , 395.64
385.27 , 413.55
387.62 , 431.3
392.73 , 449.28
400.57 , 465.42
410.38 , 480.49
421.12 , 495.37
432.17 , 510.09
443.69 , 522.61
456.68 , 535.14
469.15 , 547.81
483.79 , 558.23
497.7 , 568.75
509.89 , 582.21
525.18 , 593.82
541 , 601.51
558.51 , 605.19
576.75 , 607.06
593.54 , 608.17
611.26 , 605.78
630.01 , 603.51
646.25 , 595.64
657.16 , 582.59
665.72 , 566.78
675.01 , 550.91
683.63 , 534.22
692.05 , 519.92
703.8 , 504.38
711.94 , 489.44
716.91 , 472
723.58 , 455.69
728.33 , 437.23
733.44 , 420.99
736.63 , 403.2
739.97 , 385.61
743.76 , 368.32
747.01 , 350.73
749.46 , 332.75
750.95 , 313.54
586.35 , 323.9
579.34 , 337.15
570.32 , 350.7
560.78 , 363.52
558.48 , 377.59
563.51 , 393.14
578 , 399.97
593.89 , 402.02
608.44 , 403.83
625 , 403.65
640 , 402.44
655.6 , 400.26
669.39 , 391.94
672.45 , 376
667.29 , 362.55
659.27 , 349.06
650.5 , 334.1
514.63 , 462.43
525.48 , 458.44
537.96 , 457.68
549.86 , 455.68
561.11 , 452.43
572.86 , 450.18
584.73 , 448.19
596.28 , 450.92
608.15 , 452.93
619.68 , 450.19
631.68 , 448.43
643.43 , 450.68
654.15 , 455.2
664.82 , 459.93
661.04 , 470.81
653.21 , 480.36
644 , 489.06
634.45 , 496.92
623.48 , 500.67
611.61 , 502.68
599 , 503.17
587.45 , 500.45
576.36 , 496.94
565.45 , 492.96
554.83 , 488.2
544.36 , 482.9
534.13 , 476.93
523.93 , 470.99
525.38 , 464.93
535.65 , 464.93
545.55 , 464.18
555.11 , 462.68
564.65 , 461.18
574.71 , 460.68
584.86 , 460.43
594.78 , 461.18
604.46 , 462.43
614.25 , 463.43
624.4 , 463.18
633.96 , 461.68
643.88 , 460.93
653.56 , 462.18
662.51 , 464.43
653.2 , 466.42
643.78 , 468.18
634.23 , 469.68
624.68 , 471.18
614.5 , 471.43
604.36 , 471.68
594.2 , 471.43
584.4 , 470.43
574.48 , 469.68
564.58 , 468.93
554.65 , 468.18
544.63 , 467.68
534.58 , 467.18
647.74 , 265.22
654.26 , 258.94
661.19 , 253.77
668.19 , 248.79
675.54 , 244.71
683.12 , 241.22
691.29 , 239.22
699.72 , 237.72
708.62 , 238.23
716.17 , 241.72
721.74 , 248.47
723.65 , 256.59
716.41 , 260.98
708.37 , 263.21
699.22 , 263.22
690.32 , 262.72
681.51 , 261.97
672.87 , 260.97
663.84 , 260.73
655.94 , 263.22
555.5 , 262.46
553.34 , 254.81
547.35 , 247.03
540.35 , 239.79
532.42 , 234.2
523.2 , 231.98
513.25 , 231.23
503.38 , 232.16
494.23 , 234.55
485.62 , 238.17
477.43 , 242.89
469.55 , 248.48
478.48 , 251.25
487.3 , 254.23
496.52 , 256.48
506.23 , 257.73
516.08 , 258.73
526.25 , 258.98
536.45 , 259.23
546.05 , 260.73
650.74 , 227.53
653.83 , 217.16
661.14 , 208.35
671.34 , 204.93
682.41 , 203.26
693.82 , 202.28
704.91 , 200.6
716.09 , 199.18
727.37 , 200.16
737.37 , 204.28
745.94 , 212.23
748.39 , 220.47
738.87 , 215.4
727.62 , 216.8
716.47 , 218.28
705.16 , 219.53
694.62 , 222.31
684.47 , 225.79
673.76 , 228.28
661.99 , 228.53
573.84 , 207.99
561.61 , 197.26
547.43 , 192.08
532.76 , 187.96
517.01 , 185.96
501.26 , 183.96
485.16 , 182.71
469.54 , 184.95
455.21 , 189.8
442.08 , 197.93
432.31 , 210.46
446.33 , 204.97
460.66 , 200.18
476.41 , 198.21
492.53 , 199.46
507.56 , 202.96
521.63 , 208.49
535.43 , 214.83
550.21 , 218.86
566.01 , 220.71
