2396310433_1
76.1 , 262.1
76.11 , 276.36
78.29 , 290.7
84.74 , 303.68
91.21 , 315.61
95.4 , 330.25
97.3 , 343.54
101.61 , 358.43
106.83 , 371.56
111.72 , 384.94
117.01 , 399.06
121.82 , 411.9
127.24 , 424.72
135.37 , 436.65
147.32 , 444.77
161.68 , 450.36
175.62 , 454.74
188.78 , 455.21
203.92 , 454.37
217.95 , 450.04
230.33 , 444.42
245.32 , 440.12
258.91 , 435.06
271.55 , 429.78
285.88 , 425.37
299.29 , 419.66
311.14 , 412.01
321.95 , 402.72
333.54 , 393.22
342.94 , 383.4
352.76 , 371.89
361.06 , 360.78
369.96 , 349.22
377.27 , 335.8
380.58 , 322.85
383.81 , 308.8
386.85 , 293.95
388.43 , 279.47
388.8 , 265.16
386.06 , 251.64
379.68 , 237.4
103.5 , 253.25
102.26 , 263.59
99.92 , 274.44
97.35 , 286.37
100.93 , 296.58
110.98 , 300.92
121.66 , 303.4
133.61 , 304.37
144.22 , 301.75
154.62 , 297.55
165.65 , 293.6
175.92 , 289.04
182.95 , 280.77
182.77 , 270.03
175.65 , 261.75
166 , 255.4
157.96 , 246.8
126.91 , 345.11
125.39 , 334.61
123.15 , 324.46
133.28 , 322.21
143.43 , 324.46
154.18 , 325.46
164.68 , 323.96
174.45 , 320.94
185.08 , 319.71
195.95 , 320.46
206.8 , 321.21
217.8 , 321.71
228.55 , 322.71
239.07 , 324.21
238.91 , 334.86
233.42 , 343.69
225.15 , 350.71
216.5 , 356.64
207.7 , 362.19
198.7 , 367.2
189.43 , 371.45
179.9 , 374.96
170.13 , 377.96
159.63 , 379.46
149.3 , 377.61
140.15 , 372.96
133.89 , 364.38
129.4 , 355.16
128.15 , 348.96
131.11 , 341.01
136.35 , 333.95
145.15 , 335.21
154.45 , 335.46
163.25 , 334.2
171.95 , 332.71
180.5 , 330.95
189.07 , 329.21
197.88 , 327.96
206.8 , 326.96
215.38 , 325.2
224.05 , 323.72
233.35 , 323.46
238.75 , 329.89
231.73 , 335.61
224.35 , 340.25
217 , 344.87
209.28 , 348.71
201.55 , 352.49
193.6 , 355.48
185.43 , 357.94
176.97 , 359.94
168.53 , 361.96
159.6 , 362.96
150.3 , 362.73
141.95 , 360.5
134.75 , 355.3
172.43 , 200.43
175.4 , 194.96
179.48 , 189.87
184.71 , 186.17
190.56 , 184.15
196.88 , 183.18
203.46 , 182.68
210.28 , 182.68
216.75 , 183.43
222.73 , 185.19
228.15 , 188.37
229.02 , 194.63
223.43 , 197.43
217.78 , 199.9
211.81 , 201.67
205.36 , 202.43
198.66 , 202.68
191.96 , 202.43
185.23 , 202.18
178.91 , 201.18
116.62 , 202.35
115.46 , 197.38
111.65 , 193.29
107.18 , 190.59
102.35 , 188.85
97.18 , 187.85
91.75 , 187.35
86.35 , 187.86
81.28 , 189.1
76.64 , 191.41
73.95 , 195.85
74.19 , 201.4
76.44 , 206.07
80.88 , 208.78
86.25 , 209.35
91.67 , 208.85
96.75 , 207.62
101.55 , 205.88
106.35 , 204.08
111.9 , 204.34
140.86 , 156.45
151.66 , 149.91
162.99 , 144.58
175.19 , 141.46
187.61 , 138.7
200.74 , 137.42
213.86 , 138.7
226.21 , 141.55
238.44 , 144.69
249.94 , 149.52
261.04 , 155.39
257.51 , 163.95
244.14 , 163.22
230.79 , 162.45
217.41 , 161.7
203.91 , 161.2
190.41 , 161.7
177.29 , 162.93
164.41 , 164.7
150.99 , 165.09
95.82 , 168.88
94.46 , 164.36
90.81 , 160.74
86.75 , 158.2
82.36 , 156.69
77.58 , 155.96
72.91 , 154.97
67.88 , 154.71
63.08 , 155.45
59.22 , 158.52
57.78 , 162.96
58.02 , 168.01
60.95 , 171.53
65.08 , 169.18
69.73 , 168.21
74.66 , 167.71
79.43 , 168.43
83.98 , 169.72
88.66 , 170.71
92.9 , 172.76
