2397008230_1
119.2 , 50.7
120.04 , 64.62
121.66 , 80.05
123.45 , 94.25
126.18 , 108.97
127.86 , 124.06
128.35 , 139.26
129.74 , 154
131.12 , 169.17
132.66 , 184.1
136.02 , 198.03
140 , 211.84
147.4 , 225.7
155.63 , 238.48
162.54 , 250.72
170.6 , 263.01
179.31 , 275.37
188.89 , 287.03
199.59 , 297.32
211.57 , 306.15
225.59 , 313.68
239.12 , 318.78
254.57 , 320.82
268.71 , 320.87
282.73 , 317.87
296.11 , 311.25
309.22 , 301.73
319.64 , 292.3
330.59 , 282.46
342.81 , 272.21
354.65 , 263.15
365.87 , 254.98
378.46 , 245.46
389.08 , 236.05
398.77 , 224.22
406.94 , 211.27
413.96 , 197.62
418.94 , 184.57
423.56 , 169.85
428.48 , 155.45
434.15 , 141.34
281.2 , 130.65
274.89 , 140.45
265.86 , 149.59
259.13 , 160.47
258.5 , 172.34
269.04 , 180.35
279.69 , 186.59
288.92 , 194.94
298.3 , 203.4
310.83 , 205.78
322.5 , 203.72
333.74 , 196.84
343.84 , 188.97
347.8 , 177.66
345.06 , 165.76
342.65 , 152.59
343.93 , 139.81
227.8 , 220.61
236.78 , 220.61
244.68 , 222.88
252.93 , 224.35
261.18 , 225.89
269.23 , 227.79
276.7 , 231.01
284.18 , 234.23
292.62 , 235.35
301.25 , 234.61
309.98 , 234.11
318.48 , 235.13
326.73 , 236.58
331.55 , 241.61
324.5 , 245.93
317.6 , 250.81
311.05 , 256.61
303.93 , 260.74
295.83 , 262.61
287.2 , 263.36
278.4 , 262.96
270.4 , 260.96
262.68 , 258.35
255.7 , 253.76
249.35 , 247.41
243.18 , 240.99
237.74 , 234.31
233.05 , 227.36
234.8 , 223.11
241.65 , 223.37
247.62 , 225.39
253.75 , 227.12
260.23 , 228.11
266.6 , 229.36
272.5 , 231.56
278.25 , 234.31
284.18 , 236.48
290.7 , 237.35
297.33 , 236.61
304.18 , 236.36
310.8 , 237.11
317.3 , 238.11
321.85 , 240.32
315.45 , 241.46
309.03 , 242.61
302.4 , 243.36
295.43 , 243.36
288.58 , 243.11
281.73 , 242.88
275.48 , 241.35
269.83 , 238.38
264.7 , 233.99
259 , 231.07
252.85 , 229.36
246.25 , 228.62
240.48 , 226.05
360.25 , 81
364.53 , 75.23
370.23 , 70.53
376.43 , 67.32
382.98 , 64.99
390.12 , 64
397.68 , 64.26
404.5 , 66
410.77 , 69.01
416.44 , 73.7
420.2 , 79.7
418.5 , 86.5
413.02 , 91.74
406.73 , 94.75
399.43 , 95.5
392.15 , 94.77
385.48 , 92.76
379.12 , 89.87
372.93 , 86.65
366.77 , 83.27
275.34 , 63
270.92 , 56.5
266.09 , 50.17
260.49 , 44.16
253.97 , 39.8
246.77 , 37.41
238.99 , 36.17
230.72 , 35.93
223.04 , 37.41
216.16 , 40.83
209.84 , 45.67
214.31 , 52.14
219.15 , 58.47
225.22 , 64.04
231.99 , 67.66
239.42 , 69.74
247.37 , 70.67
255.77 , 70.67
263.81 , 69.92
271.84 , 69.17
370.03 , 53.57
375.41 , 45.18
384.15 , 40.54
393.85 , 38.32
404.03 , 37.07
414.2 , 35.82
424.13 , 34.08
433.93 , 32.08
444.6 , 32.32
453.7 , 35.82
461.17 , 43.45
458.27 , 52.69
449.33 , 56.33
439.88 , 53.55
429.7 , 52.32
418.93 , 52.32
408.63 , 53.32
398.93 , 55.56
389.23 , 57.81
378.68 , 58.34
303.29 , 39.81
295.16 , 27.22
283.38 , 16.87
270.13 , 10.36
256.06 , 6.11
241.13 , 3.6
225.84 , 1.86
210.16 , 0.86
194.13 , 1.11
178.49 , 2.11
163.56 , 4.61
178.04 , 8.11
193.08 , 10.36
208.16 , 12.6
222.86 , 15.63
237.01 , 19.59
250.54 , 25.1
263.76 , 31.6
276.96 , 38.27
290.61 , 43.41
