2397575379_1
794.55 , 1021.14
802.62 , 1055.7
810.81 , 1090.25
820 , 1121.33
827.78 , 1159.08
838.35 , 1192.76
852.2 , 1225.4
866.03 , 1255.99
884.22 , 1287.69
904.57 , 1315.35
929.11 , 1344.64
952.25 , 1370.79
977 , 1394.93
1003.03 , 1417.55
1032.42 , 1441.59
1058.6 , 1464.93
1086.93 , 1484.44
1117.92 , 1503.7
1146.66 , 1521.32
1180.86 , 1535.75
1215.85 , 1544.47
1251.02 , 1544.06
1286.27 , 1539.38
1319.36 , 1529.92
1351.5 , 1513.14
1376.97 , 1490.46
1398.79 , 1462.03
1419.06 , 1432.43
1439.36 , 1402.43
1458.56 , 1373.17
1478.18 , 1341.25
1496.44 , 1312.14
1512.42 , 1281.77
1526.25 , 1247.1
1536.16 , 1213.37
1546.2 , 1180.3
1555.52 , 1143.92
1561.54 , 1110.47
1566.43 , 1076.15
1571.53 , 1040.03
1577.54 , 1003.2
1179.2 , 1060.6
1168.83 , 1085.71
1154.15 , 1112.04
1142.13 , 1139.27
1144.67 , 1168.48
1167.01 , 1191.33
1195.14 , 1199.2
1223.55 , 1192.36
1251.82 , 1192
1282.66 , 1187.83
1312.84 , 1191.64
1341.8 , 1183.2
1361.09 , 1160.92
1365.8 , 1131.64
1350.29 , 1106.5
1330.74 , 1086.23
1314.08 , 1059.3
1133.8 , 1333.92
1141.23 , 1311.75
1154.38 , 1291.6
1171.02 , 1272.68
1190.97 , 1258.96
1212.17 , 1248.39
1236.47 , 1245.18
1260.2 , 1249.66
1283.78 , 1244.92
1308.1 , 1241.67
1332.05 , 1245.67
1353.9 , 1254.01
1373.73 , 1268.08
1386.83 , 1288.27
1383.78 , 1312.7
1373.15 , 1333.82
1360.31 , 1354.1
1349.71 , 1375.27
1336.19 , 1395.26
1316.65 , 1410.16
1294.07 , 1416.92
1269.53 , 1419.67
1244.7 , 1421.92
1220.05 , 1419.42
1198.88 , 1408.76
1180.05 , 1391.92
1163.2 , 1373.07
1146.9 , 1354.05
1140.8 , 1330.67
1154.62 , 1320.34
1169.38 , 1312.36
1184.52 , 1305.68
1200.95 , 1301.77
1217.7 , 1298.7
1234.95 , 1296.52
1253.05 , 1296.67
1270.72 , 1295.42
1287.42 , 1292.18
1304.47 , 1289.67
1322.4 , 1289.92
1339.47 , 1292.42
1355.53 , 1296.93
1364.27 , 1307.94
1348.92 , 1314.05
1333.97 , 1321.48
1319.1 , 1329.13
1304.3 , 1336.92
1289.6 , 1344.94
1273.8 , 1349.92
1256.03 , 1348.9
1239.9 , 1344.4
1223.22 , 1341.17
1205.88 , 1339.24
1189.17 , 1336.04
1172.67 , 1332.3
1157.17 , 1326.68
1330.52 , 932.52
1337.2 , 916.82
1348.37 , 902.68
1362.64 , 891.87
1377.85 , 883.51
1393.57 , 876.79
1410.12 , 872.02
1427.57 , 869.02
1446.35 , 869.27
1463.3 , 873.29
1478.24 , 882.21
1480.53 , 900
1470.32 , 914.49
1455.77 , 924.52
1439.49 , 929.77
1421.32 , 931.27
1402.8 , 932.02
1384.39 , 931.02
1366.35 , 929.27
1348.77 , 932.02
1110.88 , 935.16
1097.12 , 921.92
1082 , 912.6
1065.8 , 906.37
1048.15 , 903.14
1029.28 , 902.37
1011.15 , 904.65
994.08 , 909.15
978.1 , 916.14
962.8 , 924.96
948.1 , 935.39
961.53 , 949.06
976.92 , 957.7
993.98 , 962.26
1012.53 , 963.64
1031.03 , 962.14
1048.42 , 958.32
1064.78 , 952.46
1082.5 , 949.38
1101.5 , 948.89
1291.11 , 800.1
1314.56 , 779.38
1342.41 , 770.58
1370.83 , 762.87
1398.98 , 754.73
1427.66 , 747.33
1457.41 , 742.33
1486.23 , 749.38
1512.19 , 763.37
1533.89 , 786.38
1544.44 , 813.44
1521.61 , 793.1
1493.28 , 785.42
1464.34 , 792.12
1436.26 , 800.45
1409.03 , 810.67
1381.66 , 820.32
1354.46 , 830.6
1325.53 , 837.37
1297.33 , 829.25
1142.37 , 807.04
1111.97 , 797.36
1077.54 , 795.61
1043.49 , 798.11
1009.67 , 801.11
975.02 , 802.37
941.94 , 806.86
910.49 , 814.85
882.05 , 830.24
863.57 , 857.49
857.19 , 889.61
880.84 , 865.18
908.67 , 848.35
940.42 , 841.11
973.87 , 837.36
1009.02 , 837.11
1042.82 , 840.11
1077.02 , 842.36
1109.74 , 847.63
1141.42 , 840.13
