2397597303_1
960.55 , 1044.05
966.04 , 1083.63
972.34 , 1127.44
981.22 , 1170.95
991.7 , 1209.87
1006.49 , 1252.96
1021.49 , 1291.28
1039.87 , 1328.36
1062.61 , 1367.87
1086.83 , 1403.77
1108.92 , 1435.92
1135.78 , 1472.58
1162.42 , 1502.87
1193.72 , 1533.51
1228.76 , 1562.47
1261.73 , 1589.17
1296.03 , 1613.75
1333.22 , 1635.1
1372.31 , 1652.43
1412.52 , 1666.97
1454.13 , 1677.94
1495.41 , 1677.11
1540.29 , 1667.5
1580.08 , 1653
1617.81 , 1632.44
1650.25 , 1608.9
1684.59 , 1580.34
1715.96 , 1550.96
1746.59 , 1519.26
1775.73 , 1487.39
1802.77 , 1459.04
1831.43 , 1427.44
1861.02 , 1391.16
1886.12 , 1356.37
1908.16 , 1319.75
1927.25 , 1281.42
1944.22 , 1241.85
1954.23 , 1203.27
1964.77 , 1161.25
1974.65 , 1118.7
1976.85 , 1073.89
1418.2 , 1147.55
1399.85 , 1173.23
1381.85 , 1202.8
1381.04 , 1236.43
1397.23 , 1266.27
1428.82 , 1270.62
1461.69 , 1255.86
1492.62 , 1263.78
1523.83 , 1280.32
1555.03 , 1266.15
1584.37 , 1248.05
1616.29 , 1256.12
1649.93 , 1258.83
1663.54 , 1230.85
1666.6 , 1196
1648.45 , 1165.7
1628 , 1137.7
1335.13 , 1403.19
1358.71 , 1390.65
1381.86 , 1376.95
1407.76 , 1370.07
1434.71 , 1365.37
1461.48 , 1360.34
1489.66 , 1362.19
1516.76 , 1366.56
1543.43 , 1361.65
1571.58 , 1359.44
1599.26 , 1362.56
1625.46 , 1368.94
1650.43 , 1377.48
1677.1 , 1382.69
1662.73 , 1403.94
1641.39 , 1422.36
1622.98 , 1443.84
1602.31 , 1464
1578.48 , 1476.1
1554.68 , 1488.19
1528.33 , 1494.19
1499.98 , 1492.42
1473.66 , 1486.45
1448.41 , 1478.45
1424.06 , 1468.15
1401.33 , 1453.38
1379.61 , 1435.66
1357.56 , 1418.85
1377.13 , 1403.94
1397.81 , 1401.94
1417.28 , 1397.45
1436.78 , 1392.95
1456.86 , 1389.69
1478.16 , 1388.94
1498.58 , 1391.44
1519.76 , 1392.44
1539.36 , 1388.19
1558.51 , 1383.07
1578.78 , 1380.2
1600.08 , 1380.94
1619.91 , 1384.7
1639.31 , 1389.37
1658.4 , 1392.69
1637.86 , 1394.96
1617.96 , 1398.62
1598.81 , 1403.76
1579.53 , 1408.67
1559.56 , 1412.19
1539.48 , 1415.41
1519.53 , 1418.94
1497.88 , 1418.94
1478.76 , 1413.69
1459.38 , 1408.94
1439.68 , 1404.94
1418.63 , 1403.69
1397.96 , 1405.69
1651.6 , 982.73
1657.44 , 961.63
1667.78 , 942.31
1683.2 , 924.86
1701.92 , 912.97
1722.1 , 905.23
1744.22 , 901.48
1767.9 , 901.98
1789.55 , 906.73
1809.55 , 914.97
1828.38 , 926.51
1845.1 , 943.51
1826.35 , 955.23
1807.75 , 967.36
1788.52 , 977.99
1767.82 , 984.48
1744.62 , 985.98
1721.42 , 984.48
1698.7 , 981.98
1674.9 , 982.23
1373.75 , 957.29
1364.09 , 938.04
1348.84 , 920.95
1330.07 , 910.2
1307.82 , 907.44
1284.62 , 908.19
1262.14 , 910.44
1240.39 , 914.18
1219.5 , 919.67
1199.67 , 927.42
1180.22 , 936.19
1196.72 , 952.94
1215.35 , 964.07
1234.82 , 972.97
1255.45 , 978.92
1277.67 , 981.69
1300.87 , 982.44
1323.82 , 981.19
1346.2 , 978.69
1369.74 , 978.69
1681.65 , 889.66
1699.87 , 868.94
1724.7 , 861.67
1748.68 , 852.64
1773.73 , 845.84
1800.58 , 842.66
1827.73 , 840.16
1855.03 , 837.91
1881.35 , 841.66
1905.33 , 850.88
1927.72 , 864.46
1927.95 , 888.41
1900.43 , 890.16
1872.9 , 891.91
1845.12 , 893.16
1817.23 , 893.66
1790.2 , 890.91
1761.93 , 890.65
1734.78 , 893.16
1707.38 , 895.14
1361.06 , 892.3
1360.82 , 863.99
1332.94 , 850.29
1302.09 , 843.8
1269.77 , 840.3
1236.99 , 837.8
1205.17 , 833.3
1172.22 , 831.98
1141.84 , 839.59
1114.82 , 855.35
1089.22 , 875.04
1063.39 , 894.05
1096.91 , 893.05
1129.59 , 895.8
1163.34 , 896.3
1195.16 , 891.8
1228.07 , 889.58
1260.99 , 891.28
1293.89 , 893.55
1327.79 , 893.8
