2397601939_1
587.19 , 832.04
589.78 , 854.55
594.19 , 880.56
600.83 , 904.3
607.31 , 926.22
614.53 , 949.83
624.32 , 972.73
637.11 , 994.31
652.03 , 1014.52
668.09 , 1033.56
684.3 , 1052.47
699.3 , 1071.4
714.68 , 1090.19
730.96 , 1107.98
750.07 , 1126.09
769.51 , 1138.74
792.72 , 1147.44
817.32 , 1151.32
841.11 , 1153.09
866.79 , 1154.21
892.41 , 1151.84
915.51 , 1146.65
937.48 , 1137.42
959.26 , 1125.17
980.93 , 1111.35
1001.19 , 1097.35
1020.76 , 1083.45
1040.49 , 1068.19
1060.13 , 1051.26
1077 , 1035.39
1093.38 , 1017.57
1107.59 , 996.93
1120.84 , 974.91
1132.59 , 952.51
1142.23 , 930.42
1151.57 , 906.93
1158.72 , 884.58
1164.6 , 860.62
1169.22 , 836.96
1172.74 , 810.74
1174.95 , 786.05
746.6 , 837.39
741.43 , 853.22
735.77 , 870.9
732.09 , 887.43
740.71 , 904.35
755.05 , 912.55
772.64 , 916.07
791.1 , 917.36
808.37 , 917.39
827.04 , 917.91
843.95 , 919.35
863.33 , 918.84
875.96 , 907.99
879.89 , 890.98
874.4 , 873.65
867.14 , 857.89
860.13 , 839.59
714.1 , 994.82
728.52 , 986.67
743.02 , 978.63
758 , 971.8
775.12 , 969.82
790.33 , 975.8
807.33 , 978.07
824.45 , 976.07
840.62 , 980.08
855.58 , 987.06
870.95 , 992.54
887.25 , 996.22
903.85 , 999.32
911.95 , 1012.97
898.98 , 1025.19
885.9 , 1037.26
872.65 , 1048.75
858.62 , 1058.06
843.65 , 1064.83
827.48 , 1068.79
810.48 , 1071.06
793.25 , 1069.34
776.53 , 1066.5
761 , 1061.31
746.73 , 1052.69
734.11 , 1039.85
725.59 , 1025.52
718.86 , 1010.55
725.35 , 989.07
737.35 , 985.57
749.12 , 981.56
762.02 , 979.82
774.83 , 981.83
786.6 , 985.82
798.8 , 989.05
812.2 , 989.82
825.95 , 989.82
839.12 , 991.07
851.68 , 993.57
864.2 , 996.08
876.75 , 998.56
888.62 , 1002.34
892.75 , 1011.66
880.28 , 1014.39
868.25 , 1017.92
856 , 1021.07
843.67 , 1024.07
831.12 , 1026.56
817.98 , 1027.82
804.7 , 1026.81
791.53 , 1025.59
778.53 , 1024
766.17 , 1021.13
754.88 , 1015.6
744.48 , 1007.7
734.35 , 999.07
890.5 , 731.4
896.86 , 719.03
908.67 , 711.25
920.67 , 703.96
933.17 , 697.88
946.95 , 694.9
961.83 , 694.15
976.2 , 695.91
989.45 , 699.92
1002.02 , 705.66
1013.96 , 713.09
1009.37 , 726.04
997.92 , 734.9
985.48 , 741.16
972.65 , 746.14
958.4 , 748.15
943.55 , 747.4
929.88 , 744.17
916.98 , 739.41
903.73 , 735.41
752.45 , 718.64
746.69 , 707.39
736.6 , 698.51
725.92 , 691.34
714.65 , 685.68
702.7 , 681.95
689.62 , 680.44
676.17 , 681.19
663.23 , 682.93
651.5 , 687.19
640.5 , 693.44
645.76 , 704.82
654.3 , 715
665.2 , 721.62
676.45 , 727.39
689.1 , 729.68
702.55 , 730.44
716.38 , 730.44
729.2 , 728.44
742.9 , 728.21
868.12 , 672.55
881.72 , 654.92
900.04 , 643.4
919.54 , 635.03
939.77 , 628.64
960.95 , 624.06
983.27 , 621.8
1005.62 , 623.55
1026.87 , 628.05
1046.27 , 636.96
1063.69 , 651.12
1055.62 , 662.8
1035.47 , 656.03
1013.02 , 654.55
990.44 , 656.31
968.87 , 660.05
947.87 , 665.05
927.37 , 671.05
907.52 , 678.3
886.8 , 683.23
761.99 , 658.69
746.04 , 646.05
728.47 , 637.93
710.29 , 631.54
691.39 , 626.6
672.39 , 621.8
652.92 , 618.05
632.67 , 616.24
612.87 , 619.3
595.5 , 628.17
582.84 , 644.06
601.99 , 639.54
623.16 , 639.31
643.24 , 641.83
662.12 , 646.81
680.32 , 653.05
698.49 , 659.34
717.07 , 664.82
736.22 , 669.31
755.69 , 673.07
