2397869868_1
382.15 , 1498.54
376.87 , 1569.05
370.24 , 1647.38
371.67 , 1724.81
395.54 , 1789.08
447.09 , 1852.95
493.74 , 1910.18
531.06 , 1974.16
554.54 , 2042.61
599.17 , 2108.82
636.24 , 2169.9
666.01 , 2239.81
684.73 , 2316.62
692.98 , 2394.76
713.36 , 2462.01
755.14 , 2523.58
814.75 , 2571.3
887.99 , 2592.42
961.19 , 2605.28
1038.83 , 2601.88
1114.4 , 2582.67
1177.37 , 2547.54
1239.75 , 2509.39
1309.26 , 2467.13
1371.23 , 2426.61
1428.22 , 2382.9
1486.03 , 2333.18
1548.71 , 2283.07
1604.31 , 2230.59
1658.89 , 2177.9
1710.2 , 2123.92
1754.39 , 2063.58
1790.09 , 1998.29
1818.43 , 1930.48
1846.88 , 1856.58
1869.79 , 1788.26
1890.62 , 1711.17
1906.11 , 1635.91
1918.31 , 1560.42
1931.48 , 1489.19
1955.9 , 1413.85
628.05 , 1725.4
602.53 , 1772.5
586.27 , 1824.67
596.67 , 1878.69
624.14 , 1927.73
663.98 , 1966.28
706.05 , 1993.51
759.5 , 2015.82
789.89 , 1973.15
835.65 , 1946.81
891.63 , 1932.44
946.15 , 1923.17
997.92 , 1912.09
1024.39 , 1862.54
1023.11 , 1808.22
986.69 , 1768.83
952.2 , 1724.2
620.55 , 1945.57
661.67 , 1994.19
714.72 , 2023.26
769.4 , 2047.6
829 , 2060.83
894.47 , 2061.82
959.22 , 2059.32
1020.6 , 2049.83
1081.97 , 2040.3
1146.47 , 2037.32
1211.25 , 2039.82
1271.68 , 2051.19
1259.04 , 2110.19
1226.8 , 2161.97
1186.68 , 2210.94
1139.35 , 2255.76
1089.22 , 2292.83
1035 , 2318.86
975.73 , 2332.82
912.9 , 2339.32
848.6 , 2335.86
791.02 , 2318.81
739.27 , 2286.55
697.23 , 2238.24
674.55 , 2183.05
662.8 , 2122.8
652.79 , 2061.67
638.82 , 2002.42
646.3 , 2025.57
682.45 , 2062.71
722.1 , 2092.08
761.88 , 2120.91
805.47 , 2139.01
853.67 , 2147.33
902.83 , 2141.57
950.17 , 2131.58
998.35 , 2123.33
1046.55 , 2115.07
1092.53 , 2102.34
1136.57 , 2085.55
1181.45 , 2070.92
1228.04 , 2073.12
1198.85 , 2112.77
1162.03 , 2149.08
1121.07 , 2174.55
1077.88 , 2194.25
1031.65 , 2206.57
984.62 , 2217.33
937.7 , 2228.32
889.27 , 2235.57
839.75 , 2230.05
795.25 , 2214.56
755.05 , 2187.2
721.93 , 2148.92
694.05 , 2108.82
672.12 , 2066.42
1016.85 , 1456.31
1040.83 , 1426.84
1068.5 , 1398.67
1099.08 , 1377.82
1132.53 , 1365.07
1169.65 , 1359.79
1207.95 , 1362.56
1243.92 , 1370.13
1278.42 , 1380.54
1310.9 , 1396.6
1341.5 , 1417.43
1339.53 , 1455.07
1308.58 , 1474.83
1274.95 , 1487.21
1237.68 , 1492.06
1198.03 , 1492.06
1159.83 , 1489.04
1123.75 , 1481.71
1090.72 , 1467.58
1054.93 , 1459.56
695.62 , 1393.89
684.91 , 1365.45
667.78 , 1339.32
643.5 , 1316.81
618.06 , 1297.59
592.23 , 1279.48
564.21 , 1267.48
533.68 , 1260.97
500.53 , 1259.94
471.76 , 1269.72
454.43 , 1295.72
454.93 , 1329.14
462.21 , 1359.32
482.56 , 1384.36
510.23 , 1397.51
540.88 , 1403.68
573.53 , 1405.72
606.7 , 1404.72
639.51 , 1406.47
671.21 , 1410.47
865.55 , 1238.45
928.45 , 1213.21
1000.02 , 1205.97
1071.83 , 1199.2
1143.97 , 1193.2
1217.6 , 1190.21
1287.6 , 1200.19
1351.45 , 1223.23
1413.38 , 1252.01
1473.38 , 1285.95
1520.98 , 1339.6
1461.55 , 1329.45
1399.97 , 1299.39
1338.28 , 1269.7
1272.6 , 1251.2
1199.22 , 1254.72
1131.38 , 1269.72
1062.12 , 1281.72
989.83 , 1287.45
917.38 , 1292.02
645.21 , 1267.94
635.98 , 1236.95
605.93 , 1215.94
573.96 , 1199.96
541.78 , 1184.53
509.96 , 1168.2
478.68 , 1150.44
448.06 , 1131.19
417.93 , 1110.44
386.46 , 1093.21
355.01 , 1109.44
349.68 , 1145.94
385.18 , 1152.69
416.31 , 1170.68
446.2 , 1192.2
477.98 , 1208.73
510.63 , 1222.4
543.23 , 1236.2
575.28 , 1252.03
607.36 , 1267.68
