2397891757_1
727.5 , 568.25
723.06 , 596.55
720.19 , 627.97
716.96 , 659.2
713.59 , 687.07
710.06 , 717.76
707.13 , 748.49
704.91 , 779.49
703.22 , 810.42
704.73 , 842.62
709.95 , 870.71
721.35 , 898.27
740.54 , 925.32
761.77 , 946.94
785.58 , 964.54
814.19 , 977.59
842.1 , 984.66
873.03 , 990.11
903.59 , 995.32
933 , 1000.2
964.91 , 1003.15
994.08 , 1004.55
1026.46 , 1004.62
1056.3 , 1004.59
1086.36 , 1003.14
1115.65 , 998.04
1147.26 , 990
1174.92 , 980.79
1205.09 , 969.77
1232.78 , 955.28
1256.02 , 939.96
1279.63 , 919.25
1299.06 , 895.46
1317.92 , 871.8
1340.7 , 851.01
1357.13 , 825.59
1369.34 , 797.12
1384.34 , 768.15
1395.88 , 742.95
1407.61 , 711.63
1414.09 , 681.55
877.25 , 577.1
867.54 , 594.3
847.05 , 607.85
832.51 , 624.75
832.15 , 645.05
844.69 , 665.1
866.54 , 667.26
888.73 , 666.8
910.77 , 670.91
931.64 , 679.13
951.36 , 689.85
973.58 , 696.99
996.05 , 691.14
1003.93 , 671.26
1005.67 , 647.87
998.97 , 627.2
981.14 , 612.5
777.94 , 760.76
787.2 , 746.13
796.37 , 731.48
810.07 , 719.67
825.39 , 712.18
841.92 , 707.66
859.89 , 706.16
878.32 , 705.63
893.99 , 711.94
907.54 , 724.26
919.09 , 738.06
930.84 , 751.81
943.69 , 765.16
956.17 , 778.63
964.96 , 793.43
971.75 , 808.98
958.07 , 819.41
939.37 , 819.41
921.04 , 820.16
902.84 , 821.16
884.27 , 821.41
866.34 , 819.81
849.27 , 816.48
833.32 , 811.03
816.74 , 806.68
800.97 , 800.68
786.69 , 790.41
773.69 , 777.41
783.94 , 773.91
797.29 , 771.66
809.54 , 767.13
821.79 , 762.63
835.74 , 761.66
849.72 , 762.66
864.17 , 762.66
876.64 , 766.62
888.94 , 770.91
901.42 , 774.89
913.27 , 780.68
924.94 , 786.91
937.07 , 791.78
949.17 , 796.65
960.26 , 804.42
949.29 , 799.25
937.22 , 794.17
925.22 , 788.92
913.37 , 783.1
901.57 , 777.28
888.74 , 773.93
876.12 , 770.17
862.89 , 767.66
849.42 , 765.66
836.29 , 762.91
822.22 , 763.65
809.77 , 767.63
797.44 , 771.91
1064.39 , 524.37
1074.96 , 512.05
1087.72 , 502.58
1100.74 , 494.02
1114.74 , 488.03
1130.37 , 485.62
1146.29 , 487.36
1160.44 , 492.91
1173.29 , 502.05
1184.52 , 514
1192.52 , 527.25
1197.67 , 541.52
1185.74 , 550.9
1169.92 , 548.87
1153.74 , 547.61
1138.04 , 545.39
1122.59 , 542.63
1107.62 , 538.85
1092.89 , 534.62
1078.66 , 529.38
916.64 , 487.64
917.38 , 475.75
913.52 , 465.28
908.08 , 455.36
899.48 , 446.64
889.38 , 441.62
877.88 , 439.88
865.63 , 440.13
854.26 , 442.11
843.94 , 446.37
834.11 , 452.13
824.86 , 459.38
828.61 , 469.88
838.26 , 476.04
848.81 , 479.65
859.71 , 482.66
871.56 , 483.63
883.09 , 485.38
894.34 , 487.64
905.49 , 490.13
1048.18 , 409.87
1069.86 , 397.63
1095.43 , 394.37
1122.33 , 393.87
1147.56 , 397.86
1170.86 , 405.61
1193.28 , 415.96
1215.66 , 426.36
1236.61 , 440.77
1254.15 , 460.07
1266.74 , 481.69
1254.18 , 496.37
1233.58 , 481.05
1213.56 , 464.21
1192.31 , 450.74
1169.08 , 442.77
1144.06 , 438.38
1118.23 , 435.66
1092.56 , 432.6
1068.33 , 426.49
932.11 , 388.28
931.36 , 370.12
915.81 , 360.6
899.16 , 354.25
881.56 , 349.76
864.96 , 343.25
847.71 , 338.25
828.61 , 337.1
810.79 , 340.99
795.23 , 350.48
782.18 , 364.77
769.71 , 379.25
788.26 , 376.75
806.06 , 372.72
825.19 , 371.5
844.69 , 372
862.81 , 375.35
879.46 , 381.75
896.16 , 388.02
914.19 , 391.5
