2398411262_1
881.65 , 1231.05
888.51 , 1268.53
898.43 , 1309.77
908.51 , 1347.1
920.93 , 1384.21
937.4 , 1423.09
953.51 , 1458.44
971.77 , 1496.99
992.54 , 1528.67
1019 , 1561.11
1046.15 , 1592.59
1073.5 , 1623.27
1101.64 , 1651.8
1131.31 , 1676.58
1166.35 , 1700.8
1200.21 , 1720.95
1234.47 , 1738.34
1274.13 , 1755.76
1311.32 , 1771.38
1346.64 , 1785.16
1385.35 , 1797.93
1426.99 , 1804
1464.76 , 1801.51
1505.54 , 1791.06
1540.34 , 1773.55
1572.47 , 1749.19
1601.77 , 1718.99
1625.62 , 1684.09
1647.17 , 1649.57
1669.56 , 1617.7
1692.24 , 1585.71
1715.51 , 1549.49
1735.59 , 1515.65
1754.42 , 1481.03
1771.11 , 1444.73
1786.05 , 1403.99
1797.1 , 1367.13
1807.76 , 1329.16
1817.73 , 1287.25
1822.96 , 1248.94
1822.05 , 1206.34
1321.18 , 1213.6
1300.12 , 1245.36
1277.5 , 1279.9
1266.82 , 1317.86
1290.45 , 1346.02
1325.38 , 1365.59
1362.61 , 1380.21
1401.11 , 1388.65
1443.52 , 1397.94
1479.03 , 1387.55
1512.7 , 1367.36
1552.41 , 1349.42
1583.52 , 1329.5
1584.38 , 1290.7
1569.04 , 1253.65
1537.9 , 1226.63
1505.25 , 1200.42
1196.85 , 1462.38
1232.7 , 1450.61
1270.72 , 1442.85
1310.42 , 1438.63
1351.72 , 1439.63
1392.9 , 1440.88
1434.57 , 1441.13
1471.92 , 1431.89
1511.22 , 1426.76
1552.7 , 1426.13
1592.47 , 1422.01
1632.65 , 1418.61
1635.37 , 1457.86
1623.83 , 1493.91
1610.11 , 1529.06
1592.67 , 1563.08
1570.34 , 1595.18
1544.73 , 1625.87
1511.95 , 1646.37
1473.82 , 1653.88
1433 , 1651.85
1394.75 , 1644.6
1359.15 , 1632.14
1326.12 , 1612.41
1294.77 , 1587.8
1266.51 , 1557.81
1240.85 , 1526.88
1216.98 , 1495.28
1231.1 , 1477.13
1260.3 , 1470.37
1291.92 , 1468.63
1323.92 , 1469.63
1355.32 , 1471.88
1387.07 , 1473.38
1418.82 , 1471.88
1449.6 , 1468.38
1479.3 , 1462.67
1509.1 , 1457.13
1539.12 , 1452.11
1568.8 , 1446.37
1597.9 , 1439.34
1606.76 , 1463.73
1591.35 , 1489.38
1573.86 , 1514.31
1554.08 , 1538.41
1531.1 , 1560.88
1505.27 , 1575.9
1475.9 , 1582.38
1444.15 , 1583.88
1412.07 , 1583.11
1382.97 , 1576.01
1354.7 , 1567.47
1327.65 , 1555.92
1301.95 , 1540.63
1277.77 , 1521.05
1254.27 , 1499.55
1539.2 , 1073.77
1542.94 , 1056.8
1550.9 , 1041.57
1563.28 , 1027.93
1578.05 , 1018.76
1593.85 , 1012.52
1610.92 , 1009.02
1629.6 , 1008.77
1647.08 , 1011.53
1663.4 , 1016.49
1678.72 , 1024.28
1690.29 , 1037.77
1675.73 , 1047.5
1660.18 , 1054.54
1643.68 , 1059.27
1626.7 , 1063.02
1608.88 , 1065.02
1590.33 , 1064.52
1572.75 , 1067.02
1554.68 , 1068.52
1269.39 , 1076.26
1254.07 , 1063.71
1237.22 , 1055.28
1219.42 , 1049.54
1200.27 , 1046.5
1180.29 , 1045.32
1161.07 , 1048.27
1143.14 , 1053.74
1125.79 , 1060.51
1109.02 , 1069.13
1092.37 , 1078
1108.74 , 1087.62
1127.47 , 1091.53
1146.52 , 1094.77
1166.04 , 1097
1186.44 , 1096.5
1206.47 , 1095.25
1226.72 , 1094.5
1246.99 , 1095.25
1267.02 , 1094.01
1509.29 , 969.45
1516.98 , 938.01
1543.66 , 918.08
1574.16 , 908.72
1606.07 , 901.96
1637.84 , 894.96
1669.51 , 887.7
1702.14 , 882.43
1731.62 , 894.26
1759.29 , 911.2
1785.29 , 932.95
1789.89 , 965.35
1760.04 , 976.2
1728.14 , 969.44
1695.29 , 964.7
1661.09 , 966.71
1629.46 , 974.02
1599.39 , 984.17
1568.19 , 992.44
1533.91 , 994.09
1258.01 , 969.23
1232.05 , 954.24
1201.25 , 950.49
1169.1 , 949.49
1138.42 , 953.49
1108.2 , 958.46
1078.12 , 963.75
1048.85 , 970.73
1021.95 , 983.34
997.97 , 1003.84
974.57 , 1025.99
1001 , 1039.92
1033.1 , 1038.99
1060.89 , 1029.21
1088.87 , 1019.97
1117.8 , 1012.26
1148.2 , 1007.75
1180 , 1005.99
1211.05 , 1002.74
1238.97 , 993.33
