2398422506_3
376.7 , 501.19
381.67 , 515.78
386.56 , 530.47
391.37 , 546.98
397.31 , 561.2
405.78 , 574.59
414.8 , 589.56
423.96 , 602.39
432.25 , 616.51
438.64 , 630.62
445.63 , 644.39
454.34 , 658.22
467.95 , 668.44
481.41 , 677.59
495.17 , 685.55
508.72 , 693.27
522.97 , 700.91
538.67 , 704.34
555.73 , 705.95
571.63 , 704.06
585.97 , 700.21
602.07 , 695.02
616.8 , 689.29
631.36 , 683.16
647.28 , 677.39
662.35 , 671.4
676.22 , 664.58
690.06 , 655.4
701.61 , 643.68
709.81 , 630.29
717.09 , 615
722.27 , 601.21
728.18 , 584.75
734.16 , 569.71
739.41 , 554.49
744.11 , 539.92
749.5 , 523.94
752.22 , 508.28
754.33 , 492.53
755.75 , 476.86
756.25 , 459.5
475.1 , 475.15
470.09 , 486.87
462.63 , 498.83
459.9 , 512.69
463.15 , 524.79
477.14 , 525.46
489.5 , 531.11
500.66 , 538.09
514.88 , 538.9
528.49 , 535.5
541.26 , 531.39
555.04 , 529.63
566.11 , 522.23
570.63 , 509.53
565.69 , 496.76
554.5 , 488.69
548.65 , 476
464.87 , 586.18
470.03 , 576.73
479.87 , 572.68
489.89 , 569.18
500.47 , 566.69
511.87 , 565.93
522.89 , 564.43
533.82 , 562.68
545.22 , 561.93
556.62 , 562.68
567.17 , 565.18
577.47 , 568.21
587.32 , 572.17
596.63 , 577.71
599.07 , 588.25
590.5 , 595.83
581 , 600.93
571.37 , 605.68
561.6 , 609.92
551.82 , 614.16
541.87 , 617.93
531.3 , 620.43
520.02 , 619.45
509.75 , 616.46
499.72 , 612.96
490.1 , 608.16
481 , 602.06
472.27 , 594.83
472.62 , 579.68
481.62 , 579.18
490.14 , 577.68
498.67 , 576.19
507.69 , 576.68
516.82 , 576.43
525.6 , 575.43
534.35 , 574.43
543.04 , 573.25
552.25 , 573.18
561.14 , 573.93
569.8 , 575.15
578.1 , 577.18
586.25 , 579.43
590.77 , 585.03
582.82 , 587.67
574.3 , 589.21
565.64 , 590.42
556.89 , 591.42
548.1 , 592.43
538.85 , 592.43
530.07 , 593.43
521.19 , 594.18
512.42 , 593.2
504.22 , 591.03
496.02 , 588.83
487.94 , 586.46
480.14 , 583.45
563.6 , 436.09
566.9 , 429.51
572.1 , 423.59
578.52 , 419.9
585.65 , 417.82
593.38 , 417.09
601.1 , 417.84
608.83 , 418.59
616.5 , 419.49
623.83 , 421.08
630.7 , 423.62
630.93 , 429.58
623.58 , 431.09
616.3 , 432.83
609.2 , 434.81
602.1 , 436.84
594.48 , 437.84
586.5 , 438.09
578.55 , 438.34
570.5 , 438.24
469.99 , 431.15
464.24 , 426.15
457.79 , 422.95
450.79 , 421.14
443.39 , 420.15
435.64 , 420.4
428.01 , 420.9
420.87 , 422.37
414.37 , 425.4
408.29 , 429.59
403.49 , 435.4
411.26 , 435.65
418.89 , 436.16
425.54 , 438.65
432.59 , 440.39
440.47 , 440.4
447.97 , 439.65
455.49 , 440.4
462.62 , 438.91
470.38 , 438.67
518.57 , 410.77
528.12 , 399.26
541.2 , 393.99
555.57 , 391.52
570.3 , 389.77
585.15 , 388.28
600 , 386.75
615.1 , 385.77
630.7 , 385.77
644.72 , 389.04
657.45 , 395.39
645.92 , 398.87
630.85 , 398.25
615.89 , 399.5
601.95 , 402.89
588.62 , 407.53
574.27 , 410.04
559.95 , 412.65
546 , 416.02
531.2 , 417.39
467.19 , 396.81
457.84 , 390.42
447.54 , 386.64
436.51 , 384.41
424.51 , 384.16
412.74 , 384.91
401.36 , 386.42
390.33 , 388.65
380.33 , 393.38
371.97 , 402.01
365.06 , 411.16
374.44 , 417.46
384.34 , 412.39
395.13 , 409.63
406.51 , 408.16
418.03 , 406.91
429.66 , 405.91
441.66 , 406.16
453.19 , 407.41
465.06 , 406.91
