2398691129_1
513.75 , 961.05
513.83 , 1014.56
509.32 , 1072.4
511.32 , 1123.64
513.91 , 1181.3
518.28 , 1238.96
522.61 , 1292.26
532.01 , 1348.42
546.18 , 1402.04
564.83 , 1457.4
587.37 , 1508.13
614.99 , 1556.64
645.95 , 1600.87
688.63 , 1642.41
730.94 , 1672.62
775.22 , 1704.42
825.2 , 1739.87
873.7 , 1762.87
922.6 , 1788.28
975.08 , 1807.04
1030.61 , 1819.73
1083.65 , 1834.96
1139.33 , 1850.17
1196.38 , 1862.13
1249.37 , 1868.85
1305.08 , 1877.3
1360.33 , 1870.27
1402.21 , 1833.68
1435.41 , 1786.91
1462.41 , 1742.6
1484.09 , 1687.81
1507.18 , 1638.57
1530.02 , 1589.48
1555.57 , 1534.47
1579.71 , 1487.35
1600.64 , 1436.72
1619.66 , 1382.42
1633.16 , 1325.3
1643.26 , 1270.55
1644.69 , 1213.69
1638.8 , 1157.7
1374.4 , 1123.45
1350.86 , 1161.9
1326.72 , 1197.11
1321.25 , 1242.85
1338.45 , 1283.33
1380.71 , 1298.43
1425.64 , 1309.29
1468.62 , 1322.05
1513.39 , 1335.52
1556.11 , 1338.89
1599.84 , 1320.65
1629.5 , 1287.82
1644.95 , 1247.82
1639.03 , 1200.52
1619.1 , 1161.3
1598.37 , 1122.07
1585.22 , 1075.05
1178.54 , 1417.96
1206.79 , 1419.71
1234.94 , 1417.71
1264.04 , 1417.71
1292.79 , 1418.46
1321.76 , 1418.71
1350.16 , 1420.21
1378.29 , 1422.21
1403.74 , 1429.67
1426.04 , 1445.46
1449.26 , 1458.7
1473.32 , 1469.73
1487.85 , 1492.29
1485.3 , 1519.99
1468.88 , 1542.09
1458.54 , 1566.34
1443.09 , 1588.46
1414.12 , 1588.24
1387.39 , 1583.31
1361.84 , 1575.96
1339.12 , 1561.51
1316.57 , 1546.47
1293.69 , 1532.33
1270.82 , 1518.22
1248.57 , 1502.23
1227.26 , 1483.68
1206.42 , 1463.84
1187.05 , 1442.81
1199.79 , 1439.46
1219.84 , 1443.21
1241.62 , 1443.46
1262.07 , 1446.46
1281.82 , 1450.96
1301.89 , 1454.71
1321.12 , 1460.24
1339.87 , 1466.49
1358.16 , 1474.08
1376.66 , 1481.08
1395.37 , 1487.53
1413.71 , 1494.9
1431.37 , 1504.47
1447.84 , 1517.24
1461.98 , 1532.45
1444.32 , 1522.98
1426.16 , 1514.83
1407.46 , 1508.39
1388.24 , 1502.92
1369.69 , 1496.11
1350.94 , 1489.86
1332.57 , 1482.48
1314.69 , 1473.45
1295.46 , 1467.98
1275.96 , 1462.98
1257.04 , 1456.96
1238.14 , 1450.96
1217.94 , 1447.48
1542.29 , 976.05
1554.39 , 968.29
1567.32 , 962.79
1581.39 , 959.81
1596.54 , 959.05
1611.12 , 961.06
1623.89 , 967.14
1633.26 , 978.52
1638.54 , 991.55
1639.54 , 1006.6
1637.31 , 1021.02
1635.52 , 1035.7
1626.42 , 1046.91
1613.57 , 1041.07
1601.16 , 1034.06
1588.51 , 1027.55
1575.87 , 1021.13
1564.16 , 1012.18
1552.7 , 1002.47
1544.52 , 990.5
1295.89 , 899.19
1291.04 , 880.63
1282.71 , 860.31
1276.62 , 838.99
1265.58 , 819.92
1246.66 , 807.76
1223.56 , 805.41
1199.96 , 806.76
1177.11 , 809.64
1154.81 , 813.66
1133.09 , 818.9
1111.81 , 824.91
1130.41 , 838.01
1150.28 , 847.64
1170.06 , 857.66
1189.46 , 868.57
1209.66 , 877.25
1230.26 , 884.62
1252.06 , 889.66
1274.86 , 892.66
1571.15 , 878.76
1578.78 , 857.36
1597.38 , 841.77
1619.05 , 834.74
1643.03 , 832.26
1667.35 , 830.51
1692.28 , 830.01
1715.23 , 834.58
1733.55 , 850.91
1741.41 , 872.24
1742.15 , 897.03
1737.66 , 920.03
1729.97 , 941.44
1719.87 , 922.99
1704.13 , 904.74
1683.28 , 895.25
1659.45 , 892.52
1635.62 , 895.28
1612.38 , 899.26
1589.62 , 894.23
1507.56 , 789.28
1462.95 , 751.96
1419 , 712.77
1373.6 , 677.66
1323.92 , 654.17
1270.58 , 639.67
1212.4 , 635.16
1154.72 , 640.67
1099.6 , 651.41
1045.25 , 663.91
994.9 , 684.91
1048.2 , 699.4
1104.07 , 708.66
1160.92 , 715.91
1216.55 , 725.66
1269.43 , 740.92
1319.85 , 761.9
1369.03 , 787
1415.93 , 817.68
1468.7 , 833.19
