2398716782_1
653.88 , 848.94
653.23 , 869.41
655.92 , 891.82
661.73 , 911.51
667.34 , 933.22
674.14 , 953.39
682.17 , 975.38
687.99 , 994.5
695.3 , 1015.77
703.58 , 1036.78
711.77 , 1057.34
721.56 , 1076.54
732.79 , 1094.38
744.84 , 1113.68
758.5 , 1129.07
773.43 , 1144.13
793.86 , 1151.89
815.91 , 1152.97
838.23 , 1150.53
858 , 1143.66
879.58 , 1135.2
899.15 , 1128.72
919.12 , 1122.21
941.1 , 1117.39
961.8 , 1109.88
983.73 , 1105.28
1003.2 , 1096.43
1023.79 , 1087.58
1042.37 , 1079.42
1062.77 , 1071.71
1081.94 , 1061.3
1102.59 , 1052.19
1119.44 , 1040.15
1133.55 , 1021.54
1145.85 , 1004.23
1154.31 , 983.54
1167.37 , 967.56
1175.85 , 947.87
1183.05 , 926.37
1191.09 , 905.09
1196.65 , 884
754.05 , 831.2
747.02 , 845.17
742.16 , 860.61
739.94 , 875.96
746.83 , 889.29
762.85 , 893.3
777.99 , 891.15
793.1 , 888.01
809.25 , 885.6
825.23 , 884.64
840.76 , 884.14
857.74 , 883.75
872 , 877.21
879.25 , 862.85
877.25 , 847.72
868.18 , 833.79
858.75 , 820.65
738.6 , 984.6
740.09 , 968.8
744.04 , 954.15
753.8 , 941.9
766.55 , 933.14
780.12 , 926.61
794.55 , 922.35
810.25 , 921.12
825.1 , 924.6
838.78 , 930.84
852.45 , 936.95
866.58 , 941.84
880.45 , 947.36
893.88 , 954.38
905.85 , 964.07
904.1 , 979.35
891.62 , 988.83
878.55 , 996.67
865.88 , 1005.59
852.88 , 1013.58
838.8 , 1018.58
824.45 , 1023
809.42 , 1026.11
794.1 , 1028.6
778.08 , 1028.58
764.23 , 1022.98
752.84 , 1011.33
743.88 , 998.65
748.6 , 993.35
757.42 , 985.52
765.08 , 976.63
774.25 , 969.72
784 , 964.44
794.25 , 960.63
805.18 , 958.11
816.4 , 956.31
828.08 , 955.35
839.75 , 956.25
850.83 , 958.36
861.78 , 960.78
872.78 , 963.03
884.03 , 964.85
895.3 , 966.61
894.3 , 974.62
883.38 , 977.1
871.75 , 978.1
859.88 , 978.6
848.12 , 979.35
836.38 , 980.1
824.62 , 980.85
813.1 , 982.1
802.1 , 984.35
791.3 , 987.12
780.55 , 989.89
769.95 , 993
759.38 , 996.1
889.15 , 735.57
894.45 , 727.25
902.07 , 719.89
910.5 , 714.81
919.85 , 712.09
929.75 , 710.47
939.98 , 711.07
950.15 , 712.07
959.88 , 714.07
969.08 , 717
977.98 , 720.83
980.38 , 728.57
970.92 , 731.07
961.32 , 733.3
951.25 , 734.57
940.95 , 735.33
930.88 , 736.57
920.45 , 737.07
910.27 , 736.07
899.6 , 736.07
766.93 , 756.1
763.54 , 748.3
756.81 , 741.98
749.46 , 737.13
741.37 , 734.43
732.29 , 733.7
723.09 , 734.2
714.49 , 735.95
706.74 , 739.71
699.47 , 744.75
694.27 , 751.98
691.29 , 759.95
698.31 , 765.21
706.54 , 767.7
715.84 , 767.95
724.91 , 767.2
733.39 , 765.21
741.89 , 763.21
750.46 , 761.43
759.31 , 760.2
843.4 , 667.87
855.06 , 650.49
873.77 , 642.99
893.48 , 637.3
913.98 , 633.14
935.75 , 631.62
957.15 , 633.37
977.83 , 637.13
997.27 , 643.24
1015.75 , 652.13
1033.53 , 662.78
1028.6 , 673.62
1008.77 , 668.09
989.12 , 662.35
968.77 , 657.87
947.12 , 656.62
925.7 , 658.85
904.83 , 662.19
884.55 , 666.9
864.22 , 671.4
769 , 667.03
759.58 , 657.13
746.4 , 655.06
732.45 , 655.56
719 , 657.06
705.55 , 658.54
693.23 , 662.33
682.47 , 670.34
676.09 , 681.71
672.29 , 694.01
669.49 , 706.83
666.5 , 719.56
675.97 , 710.33
684.53 , 699.78
695.12 , 691.32
707.45 , 687.55
720.65 , 685.56
733.88 , 683.56
746.83 , 681.06
758.92 , 676.87
