2398725148_1
373.85 , 1339.75
385.41 , 1394.21
401.05 , 1454.07
417.59 , 1513.88
434.42 , 1573.17
450.95 , 1633.34
465.56 , 1688.45
486.85 , 1745.9
516.18 , 1797.04
552.03 , 1851.55
585.51 , 1902.66
621.67 , 1945.34
667.23 , 1988.46
718.16 , 2024.84
769.85 , 2051.94
825.75 , 2075.96
885.92 , 2096.49
942.1 , 2107.73
1004.43 , 2113.56
1061.6 , 2113.64
1124.77 , 2110.39
1187.81 , 2103.47
1241.51 , 2091.19
1299.58 , 2073.91
1355.52 , 2051.6
1414.93 , 2022.57
1465.2 , 1991.06
1516.02 , 1956.17
1562.6 , 1918.36
1605.23 , 1873.13
1643.75 , 1828.17
1675.16 , 1779.04
1702.72 , 1724.32
1725.38 , 1668.04
1741.19 , 1608.57
1752.12 , 1547.7
1766.14 , 1491.71
1781.87 , 1430.05
1793.59 , 1368.64
1801.82 , 1312.73
1803.45 , 1247.54
941.64 , 1189.2
920.46 , 1235.68
895.6 , 1285.83
878.87 , 1335.81
879.56 , 1385.83
916.11 , 1423.29
971.64 , 1422.03
1022.36 , 1406.59
1074.63 , 1399.34
1127.35 , 1387.25
1179.23 , 1401.94
1230.58 , 1400.39
1271.75 , 1364.54
1278.95 , 1313
1249.47 , 1268.14
1211.57 , 1231.74
1175.79 , 1190.25
854.85 , 1696.58
876.51 , 1659.15
903.6 , 1623.58
931.02 , 1588.15
957.35 , 1552.33
989 , 1518.44
1026.97 , 1497.96
1072.58 , 1494.83
1116.4 , 1488.08
1160.1 , 1495.08
1198.88 , 1513.34
1235.33 , 1537.8
1271.08 , 1564.3
1306.43 , 1591.91
1337.91 , 1625.88
1357.15 , 1664.38
1334.77 , 1701.42
1298.12 , 1725.3
1259.85 , 1745.08
1221.12 , 1763.59
1180.5 , 1776.6
1137.55 , 1785.08
1093.25 , 1790.83
1047 , 1792.58
1002.33 , 1787.58
960.12 , 1777.33
920.15 , 1762.84
888.5 , 1728.98
906.1 , 1694.58
929.85 , 1677.58
955.55 , 1665.84
980.88 , 1652.82
1005.62 , 1638.56
1030.62 , 1624.81
1056.75 , 1614.42
1084.58 , 1607.6
1113.72 , 1603.59
1143.03 , 1606.33
1171.65 , 1611.37
1198.38 , 1620.34
1225.25 , 1628.8
1252.97 , 1635.81
1280.33 , 1643.56
1284.22 , 1660.83
1253.85 , 1659.33
1224.9 , 1654.87
1195.4 , 1651.58
1164.65 , 1650.83
1133.55 , 1650.83
1102.68 , 1651.3
1074.12 , 1656.56
1046.78 , 1664.15
1017.55 , 1668.07
989.7 , 1674.8
963.1 , 1683.83
936.73 , 1693.58
1239.86 , 974.87
1250.65 , 948.32
1265.19 , 923.04
1284.52 , 899.47
1307.86 , 879.62
1333.68 , 866.31
1362.21 , 859.59
1393.93 , 859.62
1421.96 , 867.22
1447.84 , 880.36
1470.88 , 901.15
1490.37 , 924.64
1481.14 , 951.12
1452.96 , 958.52
1423.84 , 963.87
1393.43 , 966.62
1362.28 , 967.87
1330.93 , 967.12
1299.91 , 968.62
1270.23 , 972.87
867.13 , 1005.11
855.13 , 979.14
837.57 , 955.44
813.32 , 938.72
786.89 , 928.2
758.74 , 921.19
727.99 , 922.69
700.27 , 930.43
674.49 , 943.18
650.52 , 960.62
627.57 , 981.06
605.69 , 1003.44
631.32 , 1016.56
659.42 , 1023.67
689.79 , 1025.94
720.79 , 1024.94
750.82 , 1021.91
780.62 , 1018.47
808.87 , 1011.68
839.87 , 1010.69
1145.29 , 780.28
1158.19 , 723.38
1207.51 , 692.81
1260.29 , 671.03
1315.04 , 654.03
1374.01 , 645.53
1435.44 , 647.53
1489.84 , 665.26
1539.94 , 694.53
1587.24 , 731.72
1631.64 , 775.65
1646.34 , 811.84
1597.99 , 777.53
1547.09 , 750.3
1492.46 , 733.28
1433.34 , 725.03
1370.69 , 726.06
1312.04 , 735.28
1255.71 , 749.56
1201.89 , 768.3
895.75 , 731.34
845.16 , 707.6
791.21 , 692.34
733.06 , 685.58
673.24 , 688.8
619.11 , 703.83
568.76 , 728.42
521.23 , 760.21
480.55 , 804.63
451.33 , 853.11
424.61 , 902.58
468.63 , 860.8
513.59 , 821.61
561.21 , 790.07
611.88 , 766.58
669.28 , 758.33
730.71 , 758.33
786.53 , 769.83
841.24 , 783.86
899.25 , 790.85
