2400986257_1
236.95 , 531
239.04 , 545.59
243.16 , 560.95
246.48 , 575.37
248.8 , 590.46
253.11 , 605.76
258.66 , 619.72
264.46 , 634.24
271.87 , 646.79
281.59 , 659.89
290.64 , 672.43
301.49 , 683.39
311.65 , 695.25
320.73 , 706.25
332.73 , 716.12
343.41 , 728.27
356.64 , 735.36
370.97 , 741.29
385.43 , 747.54
400.67 , 749.76
415.1 , 747.15
430.34 , 743.15
445.74 , 739.39
459.39 , 734.79
472.75 , 727.33
484.65 , 716.56
496.67 , 707.43
507.65 , 696.84
517.32 , 684.5
525.72 , 671.48
533.36 , 657.53
541.79 , 645.76
548.45 , 632
553.55 , 617.1
559.55 , 602.4
563.03 , 587.6
565.49 , 573.16
568.02 , 556.82
570.56 , 541.75
574.04 , 526.54
574.75 , 511.05
355.69 , 479.35
350.75 , 490.96
348.03 , 503.99
347.18 , 518.06
351.96 , 530.22
363.25 , 537.25
377.31 , 536.94
390.85 , 533.87
404.43 , 534.11
417.93 , 534.48
430.51 , 534.65
444.75 , 532.85
453.68 , 524.07
454.62 , 509.67
452.05 , 496.6
447.05 , 483.9
439.5 , 472.05
331.61 , 620.38
337.61 , 611.13
345.86 , 602.63
353.56 , 593.94
362.71 , 587.53
372.76 , 583.61
384.09 , 582.38
395.29 , 583.88
406.96 , 583.38
417.59 , 580.65
428.88 , 581.87
438.69 , 586.67
447.71 , 593.39
456.79 , 600.04
465.61 , 607.38
468.21 , 617.54
458.21 , 621.53
448.13 , 625.36
438.51 , 630.47
428.61 , 634.88
417.99 , 637.63
406.56 , 638.64
395.61 , 636.63
385.31 , 633.34
374.84 , 630.38
363.63 , 628.88
351.94 , 628.38
340.71 , 626.97
334.61 , 615.63
342.54 , 611.45
350.94 , 608.56
359.01 , 604.63
367.19 , 601.12
376.19 , 599.4
385.88 , 599.13
395.26 , 600.03
404.71 , 600.86
414.06 , 601.84
423.63 , 602.38
432.76 , 603.85
441.38 , 606.39
450.36 , 608.13
459.43 , 609.7
455.41 , 611.13
446.16 , 609.92
436.96 , 608.64
427.49 , 608.37
418.06 , 609.17
409.04 , 610.86
399.94 , 612.35
390.49 , 613.1
381.04 , 613.95
371.66 , 614.86
362.44 , 616.1
353.31 , 617.63
343.74 , 617.13
443.05 , 413.98
447.3 , 407.73
453.07 , 402.2
459.3 , 397.73
465.9 , 394.39
473 , 392.22
480.38 , 390.74
488.5 , 390.73
495.78 , 392.48
502.6 , 395.24
508.86 , 399.51
509.19 , 407.38
502.93 , 411.72
496.5 , 415.46
489.2 , 417.24
481.58 , 418.23
473.83 , 417.48
466.08 , 416.73
458.45 , 415.73
450.93 , 414.48
340.87 , 412.6
339.45 , 406.5
334.17 , 401.23
328.1 , 398.14
321.75 , 395.88
314.9 , 394.63
307.55 , 394.88
300.93 , 396.66
294.57 , 398.87
288.55 , 402.13
283.18 , 407.23
281.05 , 413.63
286.53 , 417.86
292.8 , 420.38
300 , 420.88
307.23 , 420.38
314.45 , 419.88
321.43 , 418.89
327.95 , 416.98
334.1 , 414.09
419.65 , 374.68
424.08 , 360.75
432.31 , 348.25
444.27 , 338.52
457.45 , 331.9
471.32 , 327.5
486.55 , 325.68
502.42 , 325.18
516.3 , 329.59
528.62 , 338.42
539.35 , 349.88
548.15 , 362.18
536.35 , 370.39
521.97 , 366.74
508.32 , 361.68
492.95 , 360.18
476.97 , 360.43
461.1 , 360.92
447.1 , 365.16
433.92 , 371.68
369.33 , 365.4
364.34 , 351.46
351.35 , 343.68
337.05 , 339.37
322.83 , 334.97
307.95 , 331.72
291.65 , 331.47
277.05 , 335.31
263.9 , 342.72
252.23 , 354.15
244.31 , 367.07
240.15 , 381.47
253.4 , 375.22
265.88 , 365.99
280.5 , 362.23
296.3 , 363.47
311.65 , 365.72
326.4 , 369.22
341.25 , 372.46
356.95 , 373.98
