2402052185_1
342.65 , 485.85
345.46 , 498.8
349.52 , 512.81
354.08 , 525.31
358.9 , 539
364.8 , 552.19
370.84 , 564.23
379.4 , 576.43
387.07 , 587.26
394.83 , 598.62
405.04 , 608.94
416.45 , 616.92
428.87 , 623.04
442.15 , 628.75
455.27 , 634.09
468.59 , 639.61
482.06 , 644.54
494.6 , 647.35
509.9 , 647.59
522.64 , 646.75
537.9 , 645.1
551.73 , 643.42
565.66 , 641.14
579.46 , 638.32
591.74 , 634.4
605.46 , 627.95
617.69 , 622.33
629.38 , 614.96
640.56 , 605.05
649.3 , 594.35
656.03 , 582.67
662.18 , 569.37
667.48 , 556.02
673.31 , 543.15
677.77 , 529.75
679.99 , 516.6
682.69 , 502.3
684.56 , 489.22
685.46 , 474.74
685.08 , 460.24
683.6 , 445.81
487.1 , 445.55
480 , 454.94
471.69 , 465.19
467.81 , 476.36
469.55 , 489.9
477.46 , 499.2
489.81 , 501.07
501.35 , 495.3
512.74 , 492.81
525.95 , 495.3
537.86 , 498.12
550.39 , 496.59
561 , 490.4
561.11 , 478.16
555 , 466.6
547.55 , 455.76
539.19 , 445.8
467.19 , 559.88
471.18 , 551.15
473.91 , 541.93
477.5 , 533.05
482.07 , 524.51
489.69 , 517.38
498.51 , 513.65
507.59 , 510.63
517.34 , 508.88
527.44 , 507.88
537.79 , 508.36
546.82 , 511.47
554.76 , 517.7
562.31 , 524.98
568.34 , 533
572.96 , 541.56
572.61 , 551.98
565.49 , 559.6
557.12 , 564.64
548.44 , 568.88
539.69 , 572.88
530.44 , 575.63
520.82 , 577.63
510.97 , 579.13
500.62 , 579.63
491.14 , 577.33
482.59 , 572.75
474.32 , 567.5
476.69 , 561.63
481.59 , 556.48
486.94 , 552.13
491.66 , 546.9
495.63 , 541.43
500.92 , 536.89
506.87 , 534.11
513.57 , 533.13
520.64 , 532.88
527.37 , 531.88
534.32 , 531.39
540.51 , 533.39
546.39 , 536.31
552.01 , 539.92
557.69 , 543.38
563.13 , 547.53
557.59 , 550.91
550.74 , 551.63
543.57 , 551.63
536.84 , 552.64
530.37 , 554.14
523.79 , 555.38
516.72 , 555.63
509.51 , 555.64
503.04 , 557.1
496.69 , 558.88
490.49 , 560.89
483.76 , 561.88
551.4 , 395.87
553.49 , 389.75
557.82 , 384.42
563.42 , 380.84
569.27 , 377.87
575.27 , 375.37
581.82 , 374.12
588.88 , 373.87
595.17 , 375.64
600.98 , 378.7
605.66 , 383.89
605.85 , 390.67
600.65 , 395.37
594.92 , 398.6
588.9 , 401.12
582.45 , 402.62
575.65 , 403.37
568.6 , 403.62
561.67 , 403.12
555.37 , 401.34
456.89 , 414.57
455.93 , 407.67
452.4 , 401.79
446.7 , 397.83
440.42 , 395.54
433.4 , 394.79
426.35 , 395.53
419.92 , 397.55
413.8 , 400.38
408.12 , 404.32
402.88 , 409.56
398.4 , 415.04
404.25 , 418.55
410.45 , 421.02
417.02 , 422.78
424.05 , 423.54
431.47 , 423.54
438.15 , 422.04
444.7 , 420.31
450.92 , 417.77
533.67 , 366.28
532.62 , 353.53
540.9 , 343.77
552.32 , 340.02
564.37 , 337.53
576.35 , 334.77
588.29 , 332.01
601.35 , 331.53
613.39 , 334.04
624.89 , 337.55
635.64 , 343.29
638.29 , 355.03
626.77 , 358.44
615.44 , 354.53
603.25 , 352.28
590.1 , 352.53
578.07 , 355.08
567.35 , 360.81
556.5 , 366.28
545.07 , 370.03
476.69 , 366.39
465.73 , 356.99
452.38 , 353.77
437.6 , 353.52
423.3 , 354.77
408.65 , 355.27
394.83 , 357.52
382.05 , 361.77
370.1 , 368.46
358.98 , 377.34
350.3 , 388.52
364.25 , 390.51
376.85 , 385.79
389.75 , 381.76
403.7 , 379.77
418.48 , 379.52
433.12 , 380.02
447.43 , 381.27
461.35 , 383.27
474.8 , 380.27
