2402745714_1
313.5 , 492.12
309.51 , 510.82
307.61 , 528.75
309.94 , 548.08
311.55 , 568.22
313.81 , 587.22
317.16 , 604.62
322.03 , 624.67
326.28 , 642.95
329.51 , 661.13
332.63 , 680.24
337.36 , 699.91
341.72 , 719.32
349.7 , 735.86
366.5 , 742.29
386.44 , 741.24
405.21 , 739.58
424.47 , 740.95
444.16 , 744.42
463.02 , 744.55
482.18 , 741.95
500.55 , 740.02
519.76 , 739.14
540.16 , 735.38
557.09 , 729.52
572.59 , 717.83
590.22 , 708.94
606.88 , 700.16
624.77 , 690.18
639.78 , 680.97
655.84 , 669.46
670.8 , 658.27
684.68 , 644.14
699.56 , 633.08
710.79 , 615.68
714.93 , 598.35
718.41 , 578.7
719.3 , 560.13
719.93 , 540.42
719.21 , 520.72
717.45 , 500.75
365.19 , 453.8
359.71 , 468.14
348.4 , 481.21
340.19 , 495.08
341.65 , 512.72
349.11 , 526.33
362.67 , 536.36
379.25 , 538.01
396.79 , 538.28
413.54 , 538.97
429.19 , 539.25
445.75 , 533.38
453.58 , 520.19
449.87 , 502.96
440.39 , 490.05
428.99 , 477.72
426.85 , 460.55
354.67 , 586.31
360.32 , 578.38
371.17 , 579.41
381.2 , 582.15
390.85 , 585.64
400.97 , 588.16
412.07 , 588.63
422.8 , 589.93
433.3 , 591.68
443.45 , 594.17
452.89 , 598.14
461.74 , 603.46
466.17 , 612.41
461.1 , 621.17
451.82 , 625.75
442.47 , 630.12
433 , 634.09
423.5 , 637.93
413.82 , 641.26
403.25 , 642.91
392.25 , 643.23
381.89 , 641.16
372.05 , 638.13
362.42 , 634.66
354.14 , 628.01
351.17 , 618.16
352.74 , 607.58
354.92 , 597.28
354.42 , 587.66
362.8 , 588.29
370.82 , 589.63
378.82 , 591.06
386.72 , 592.7
394.62 , 594.39
402.47 , 596.16
410.8 , 596.91
419.25 , 597.41
427.35 , 598.67
435.3 , 600.14
442.65 , 602.92
449.72 , 606.48
455.94 , 611.14
451.12 , 617.41
443.4 , 619.41
435.2 , 620.41
426.87 , 621.16
418.42 , 621.66
410.32 , 622.91
402 , 623.66
393.42 , 623.41
385.95 , 620.93
378.92 , 617.16
372.27 , 612.48
365.37 , 608.35
358.95 , 602.96
355.65 , 595.76
471.65 , 421.74
477.5 , 417.13
483.27 , 412.36
489.32 , 408.31
496.27 , 406.46
503.2 , 408.28
509.67 , 411.26
515.67 , 415.5
521.65 , 419.74
527.62 , 423.98
533.53 , 428.49
534.9 , 434.49
527.33 , 434.99
519.75 , 435.49
512.05 , 435.74
504.35 , 435.99
496.9 , 435.24
490.57 , 431.89
484.4 , 428.24
478 , 425
387.97 , 408.45
384.47 , 403.74
379.54 , 400.76
374.44 , 398.22
369.04 , 396.5
363.29 , 395.49
357.54 , 394.5
351.29 , 394.51
345.67 , 395.73
340.47 , 398.02
335.49 , 400.75
339.92 , 405.18
344.47 , 409.22
349.39 , 412.16
354.64 , 414.27
360.74 , 414.5
366.99 , 414.5
373.22 , 414.5
379.22 , 414
384.97 , 412.99
438.93 , 347.74
454.48 , 339.97
473.31 , 339.49
490.11 , 344.18
505.71 , 352
520.75 , 361.06
535.88 , 369.97
551.31 , 378.24
566.31 , 387.4
580.55 , 398.86
588.99 , 414.07
574.4 , 418.47
559.48 , 409.03
543.88 , 401.25
527.11 , 396.51
510.96 , 390.5
495.28 , 383
479.23 , 376.78
462.98 , 371.02
447.46 , 363.04
369.89 , 352.18
367.9 , 344.75
363.6 , 338.26
356.72 , 334.92
349.38 , 332.84
341.62 , 331.6
333.62 , 332.35
326.7 , 335.56
320.32 , 340.18
314.4 , 346.1
310.9 , 352.85
312.15 , 360.62
315.36 , 367.55
323.3 , 368.09
330.2 , 364.82
337.6 , 362.84
345.35 , 361.6
353.12 , 362.85
361.22 , 363.37
367.93 , 359.59
