240281904_1
612.69 , 813.64
618.68 , 837.24
625.55 , 860.68
632.83 , 883.96
639.53 , 905.17
647.65 , 928.86
656.42 , 951.88
663.23 , 976.15
669.9 , 998.05
678.47 , 1021.59
688.8 , 1043.54
701.8 , 1063.84
720.98 , 1080.11
743.18 , 1091.75
764.24 , 1101.54
787.7 , 1111.06
810.96 , 1115.78
835.09 , 1116.8
859.01 , 1114.55
884.72 , 1110.32
908.44 , 1104.9
930.93 , 1096.46
952.08 , 1086.62
974.43 , 1077.26
995.98 , 1066.15
1016.19 , 1052.81
1036.79 , 1038.37
1057.3 , 1023.68
1075.81 , 1008.57
1092.73 , 991.73
1107.74 , 973.6
1121.04 , 951.35
1129.9 , 928.5
1135.68 , 905.28
1139.78 , 881.95
1142.15 , 858.19
1144.05 , 832.23
1145.73 , 807.7
1146.52 , 784.7
1146.43 , 760.87
1144.15 , 734.1
721.44 , 758.4
712.33 , 771.78
701.13 , 786.86
699.1 , 803.61
715.13 , 809.23
731.48 , 814.2
749.15 , 820.04
765.44 , 823.14
783 , 819.12
797.95 , 809.36
815.71 , 806.74
831.64 , 801.44
848.81 , 805.33
863.4 , 797.43
865.62 , 779.7
857.61 , 763.75
843.35 , 753.15
718.96 , 902.55
732.88 , 895.65
746.34 , 887.42
760.49 , 881.05
777.06 , 882.05
794.04 , 881.8
809.44 , 878.3
826.51 , 878.3
841.24 , 883.06
856.24 , 887.31
872.34 , 889.3
888.34 , 891.55
904.19 , 894.05
919.24 , 897.28
905.99 , 906.04
893.06 , 915.73
879.91 , 924.84
865.94 , 931.82
851.69 , 937.82
837.36 , 943.52
822.76 , 948.55
807.13 , 951.55
790.79 , 953.05
774.19 , 952.05
758.69 , 948.8
744.59 , 942.2
732.4 , 930.5
724 , 917.1
721.46 , 902.8
732.84 , 900.06
744.11 , 903.07
756.61 , 902.55
769.09 , 902.05
781.81 , 902.05
793.91 , 900.8
806.04 , 899.55
818.29 , 898.55
830.76 , 898.05
842.88 , 896.8
854.76 , 895.06
866.76 , 893.56
879.11 , 892.8
891.46 , 892.05
880.81 , 894.31
868.94 , 896.05
856.96 , 897.55
844.59 , 898.3
832.11 , 898.8
819.86 , 899.8
807.76 , 901.05
795.51 , 902.05
782.79 , 902.05
770.91 , 903.8
758.69 , 902.8
746.31 , 903.55
733.71 , 903.8
857.64 , 655.34
863.66 , 650.31
870.34 , 646.88
877.06 , 643.57
884.01 , 641.07
891.47 , 639.6
899.54 , 639.34
907.37 , 640.09
914.94 , 641.34
921.91 , 643.85
928.64 , 647.09
927.7 , 654.33
920.49 , 656.35
912.79 , 657.34
904.72 , 657.59
896.66 , 657.84
888.72 , 657.34
880.89 , 656.59
873.19 , 655.59
865.37 , 656.34
721.13 , 663.17
713.83 , 660.11
706.33 , 657.61
698.58 , 655.6
690.21 , 654.85
681.58 , 654.59
673.56 , 656.1
666.26 , 659.11
659.56 , 663.85
653.25 , 669.65
649.31 , 676.6
656.58 , 679.61
665.31 , 679.6
673.68 , 678.85
682.06 , 678.1
690.06 , 676.6
697.56 , 674.1
705.18 , 671.83
713.31 , 670.6
721.56 , 669.6
802.85 , 632.04
813.26 , 611.84
833.73 , 602.01
856 , 596.55
879.05 , 592.79
901.43 , 587.55
923.68 , 582.01
947.1 , 579.04
971.28 , 580.54
993.62 , 585.8
1014.12 , 595.56
1006.66 , 616.24
988.4 , 632.05
964.6 , 634.29
941.8 , 630.05
918.85 , 626.04
894.08 , 625.79
871.73 , 631.04
848.42 , 634.29
825.1 , 637.54
731.78 , 629.5
718.51 , 619.25
703.38 , 614.34
687.46 , 610.87
671.31 , 607.84
654.44 , 606.34
637.06 , 606.84
620.44 , 608.85
604.51 , 612.32
588.86 , 616.34
592.11 , 632.37
596.89 , 647.6
611.63 , 653.59
628.29 , 651.58
643.38 , 646.59
659.41 , 643.35
676.76 , 643.84
693.79 , 645.09
710.16 , 647.59
725.98 , 643.81
