240281904_2
474.2 , 589.94
470.11 , 608.5
468.47 , 627.61
468.99 , 649
471.05 , 668.54
472.31 , 688.08
473.76 , 707.08
476.56 , 727.76
482.5 , 746.35
490.41 , 765.6
498.29 , 783.65
507 , 800.69
519.42 , 817.32
533.69 , 830.28
548.88 , 842.75
565.83 , 852.6
584.93 , 862.97
602.88 , 872.25
620.4 , 878.05
639.49 , 884.18
657.6 , 892.21
676.82 , 900.64
695.31 , 906.14
715.26 , 907
734.28 , 898.73
751.27 , 890.13
768.88 , 878.94
784.42 , 867.49
798.58 , 853.89
812.01 , 840.27
826.59 , 824
836.95 , 808.07
843.12 , 788.23
853.32 , 771.29
863.93 , 755.1
872.74 , 736.25
879.37 , 719.37
885.12 , 699.56
888.73 , 679.4
890.43 , 659.12
890.66 , 638.93
677.65 , 581.25
667.32 , 592.31
658.47 , 604.85
651.55 , 620.44
654.43 , 635.44
665.59 , 646.16
680.71 , 652.35
695.26 , 660.21
710.58 , 662.59
727.11 , 665.38
742.81 , 664.8
757.31 , 659.35
770.17 , 648.99
773.83 , 634.75
766.6 , 621.16
761.05 , 606.31
761.39 , 588.75
584.19 , 692.56
600.74 , 688.07
618.19 , 685.31
635.39 , 682.06
654.17 , 682.06
672.09 , 683.81
689.79 , 686.06
707.72 , 687.81
725.54 , 689.81
743.09 , 692.32
759.72 , 696.82
774.92 , 704.78
789.2 , 715.34
790.81 , 733.18
780.28 , 747.46
767.56 , 760.96
753.29 , 771.49
737.99 , 779.26
721.14 , 783.31
703.44 , 785.56
685.77 , 783.3
669.72 , 777.83
654.42 , 770.03
639.49 , 761.37
625.54 , 749.91
613.37 , 736.23
602.66 , 722.03
592.69 , 707.56
588.44 , 691.31
604.19 , 690.31
620.07 , 691.06
635.22 , 693.31
650.24 , 695.81
664.54 , 699.84
679.34 , 702.8
694.12 , 705.83
709.62 , 707.31
724.77 , 709.55
740.17 , 711.31
756.04 , 712.06
771.22 , 714.31
780.84 , 725.88
771.21 , 738.03
759.19 , 748.06
745.89 , 754.6
730.97 , 757.31
714.94 , 757.81
699.44 , 756.31
684.42 , 753.81
669.87 , 750.24
655.69 , 746.06
641.42 , 742.04
628.07 , 735.69
615.27 , 727.88
603.51 , 717.16
595.16 , 704.53
789.47 , 533.03
791.72 , 528.03
796.85 , 525.41
802.45 , 524.03
808.35 , 523.28
814.55 , 523.35
819.82 , 525.38
824.95 , 528
829.62 , 531.68
833.86 , 536.18
837.49 , 540.9
838.31 , 546.55
832.55 , 547.56
827.25 , 545.55
821.97 , 543.53
816.75 , 541.29
811.22 , 539.78
805.55 , 538.52
799.89 , 537.27
794.32 , 535.87
646.07 , 515.9
643.42 , 509.29
637.5 , 504.62
631.15 , 501.15
624.1 , 499.43
616.22 , 499.43
608.7 , 500.19
601.65 , 501.93
594.75 , 503.91
588.22 , 506.98
582.55 , 512.03
579.3 , 518.43
585.85 , 521.17
593.5 , 520.68
601.02 , 519.93
608.77 , 519.68
616.55 , 519.43
624.45 , 519.43
632.07 , 519.93
639.85 , 519.69
757.29 , 492.7
768.54 , 486.95
780.81 , 483.69
794.16 , 482.7
807.04 , 484.7
819.54 , 487.45
831.89 , 490.54
843.87 , 494.27
855.84 , 498
866.74 , 504.66
873.48 , 515.37
863.19 , 521.36
850.69 , 518.6
837.94 , 516.35
826.21 , 511.96
813.46 , 509.7
799.74 , 509.95
786.14 , 509.45
773.04 , 507.95
760.8 , 504.82
661.36 , 474.21
649.03 , 466.66
635.96 , 461.05
621.63 , 458.3
606.58 , 459.52
592.49 , 462.76
578.63 , 466.55
565.76 , 472.66
553.96 , 481.73
542.56 , 491.87
530.91 , 501.28
545.23 , 504.02
559.21 , 500.51
572.11 , 494.32
584.84 , 487.79
598.16 , 483.03
613.06 , 481.51
627.98 , 483.01
642.68 , 485.03
658.08 , 485.03
