2404966827_1
942.75 , 1149.05
951.4 , 1190.32
960.91 , 1231.07
970.53 , 1272.27
980.03 , 1312.47
991.83 , 1355.96
1001.52 , 1395.81
1015.58 , 1434.45
1041.84 , 1467.5
1069.7 , 1502.81
1100.01 , 1531.66
1132.28 , 1559.67
1163.52 , 1589.45
1195.86 , 1618.17
1227.95 , 1641.34
1267.25 , 1665.04
1301.89 , 1683.83
1337.81 , 1708.75
1373.06 , 1734.72
1409.88 , 1755.49
1450.99 , 1770.2
1492.87 , 1776.18
1534.45 , 1773.73
1575.85 , 1770.78
1618.71 , 1759.23
1654.12 , 1737.94
1685.48 , 1708.99
1709.6 , 1674.8
1728.94 , 1638.45
1747.94 , 1596.55
1762.27 , 1559.31
1775.07 , 1517.19
1787.49 , 1477.2
1802.12 , 1436.33
1814.54 , 1398.23
1826.37 , 1353.39
1835.28 , 1312.67
1838.74 , 1271.76
1844.62 , 1230.56
1854.02 , 1189.63
1864.98 , 1144.13
1505.04 , 1143.14
1496.79 , 1176.37
1467.06 , 1195.49
1438.25 , 1214.58
1442.57 , 1249.95
1454.64 , 1280.76
1488.48 , 1278.01
1525.78 , 1279.08
1554.97 , 1298.85
1585.44 , 1311.12
1618 , 1296.27
1653.99 , 1290.9
1678.97 , 1266.21
1687.53 , 1232.41
1678.27 , 1196.13
1663.07 , 1165.69
1643.5 , 1133.6
1355.4 , 1448.72
1379.73 , 1438.72
1406.55 , 1433.97
1432.45 , 1427.22
1459.15 , 1422.22
1488.18 , 1421.97
1516.83 , 1422.97
1545.12 , 1424.72
1573.9 , 1423.97
1602.43 , 1422.72
1630.83 , 1424.22
1659.48 , 1425.22
1686.58 , 1429.47
1699.71 , 1452.39
1689.89 , 1476.82
1676.58 , 1500.04
1655.05 , 1518.07
1630.75 , 1528.44
1604.05 , 1533.47
1575.75 , 1535.22
1547.48 , 1533.46
1521 , 1527.99
1495.88 , 1519.95
1471.05 , 1511.25
1446.25 , 1502.5
1421.45 , 1493.75
1397.1 , 1483.68
1373.98 , 1470.06
1383.4 , 1444.97
1404.73 , 1442.72
1426.53 , 1443.97
1448.7 , 1443.47
1470.65 , 1444.47
1492.83 , 1444.97
1514.88 , 1445.72
1536.45 , 1447.47
1557.9 , 1449.47
1579.95 , 1450.21
1601.53 , 1448.94
1622.78 , 1446.6
1643.83 , 1443.72
1664.9 , 1440.97
1666.88 , 1451.73
1648.23 , 1459.66
1629.23 , 1466.69
1609.8 , 1472.75
1589.3 , 1476.72
1568.1 , 1479.24
1546.05 , 1479.47
1524.45 , 1477.76
1503.38 , 1474.98
1483.03 , 1470.74
1462.3 , 1467.22
1441.1 , 1464.68
1421.18 , 1459.46
1402.05 , 1452.87
1613.65 , 1008.03
1620.15 , 995.28
1631.83 , 985.82
1645.7 , 982.01
1660.55 , 980.28
1676 , 979.78
1691.55 , 980.03
1706.65 , 981.28
1721.12 , 983.76
1735.45 , 986.57
1748.83 , 991.25
1744.32 , 1004.04
1732.08 , 1011.84
1718.15 , 1015.53
1703.18 , 1017.03
1687.62 , 1017.28
1672.78 , 1015.53
1657.8 , 1014.03
1642.6 , 1013.03
1627.65 , 1011.53
1407.87 , 1004.4
1401.55 , 996.66
1384.82 , 996.16
1368.32 , 997.65
1352.57 , 1000.65
1336.8 , 1003.64
1321.05 , 1006.66
1305.14 , 1009.41
1289.39 , 1012.4
1274.67 , 1017.41
1260.17 , 1022.91
1273.1 , 1033.06
1287.14 , 1040.14
1304.1 , 1040.66
1321.22 , 1040.91
1337.22 , 1038.39
1351.8 , 1032.79
1365.07 , 1023.66
1378.52 , 1015.07
1392.85 , 1008.89
1618.61 , 897.44
1628.64 , 877.13
1648.33 , 865.46
1670.13 , 859.18
1694.61 , 858.44
1719.36 , 858.19
1741.91 , 853.45
1764.13 , 847.94
1788.51 , 848.44
1809.68 , 855.92
1828.81 , 869.18
1819.28 , 887.44
1795.76 , 890.22
1773.43 , 895.45
1751.81 , 901.94
1729.16 , 906.44
1706.23 , 910.44
1684.16 , 916.19
1659.91 , 914.98
1638.86 , 907.19
1444.2 , 915.44
1422.42 , 895.9
1397.38 , 885.34
1370.52 , 878.84
1341.88 , 876.09
1312.9 , 878.1
1285.1 , 882.59
1258.02 , 888.59
1231.4 , 895.56
1206.35 , 905.84
1182.1 , 918.59
1202.03 , 939.84
1231.5 , 940.37
1257.45 , 932.24
1284.35 , 925.84
1312.47 , 922.09
1341.47 , 924.09
1370 , 927.08
1397.27 , 932.56
1426.17 , 934.84
