2406130609_1
355.25 , 826.14
358.96 , 860.94
364.41 , 896.68
370.38 , 931.58
376.98 , 966.84
383.72 , 999.2
391.14 , 1034.68
398.72 , 1069.98
410.87 , 1104.08
428 , 1135.52
444.38 , 1167.35
459.24 , 1199.26
477.37 , 1227.62
499.08 , 1259.34
519.9 , 1285.48
546.35 , 1309.77
572.25 , 1334.08
602.89 , 1351.51
638.39 , 1364.01
672.35 , 1371.46
709.06 , 1374.58
744.34 , 1375.2
779.27 , 1367.8
812.41 , 1358.27
846.81 , 1347.09
878.29 , 1331.77
904.44 , 1306.08
930.85 , 1281.9
953.93 , 1257.12
975.75 , 1225.81
995.01 , 1196.22
1010.17 , 1164.95
1025.8 , 1133.15
1037.83 , 1099.35
1046.64 , 1066.3
1052.33 , 1030.25
1060.32 , 995.75
1067.25 , 961.61
1070.57 , 925.55
1071.02 , 889.81
1068.84 , 851.85
522.6 , 910.48
512.26 , 935.98
501.12 , 961.32
491 , 985.95
486.44 , 1013.39
501.32 , 1036.1
527.98 , 1042.91
555.67 , 1045.32
581.29 , 1043.03
609.14 , 1038.31
637.17 , 1035.86
664.92 , 1033.36
682.25 , 1013.47
668.82 , 991.71
656.7 , 965.36
645.42 , 941.85
637.38 , 913.2
510.21 , 1202.88
507.96 , 1171.7
504.46 , 1141.1
521.98 , 1116.58
548.88 , 1105.1
580.91 , 1105.61
610.51 , 1111.1
640.74 , 1106.85
669.99 , 1100.6
700.81 , 1103.6
730.91 , 1108.08
757.49 , 1120.61
780.14 , 1143.5
796.72 , 1168.55
792.95 , 1199
785.42 , 1227.65
772.08 , 1253.97
752.39 , 1277.93
729.36 , 1300.2
705.61 , 1320.47
680.91 , 1338.12
649.98 , 1340.86
622.61 , 1330.88
595.73 , 1319.36
569.46 , 1305.85
546.52 , 1283.4
530.47 , 1258.17
517.18 , 1231.8
524.46 , 1172
522.21 , 1144.85
542.68 , 1126.36
570.53 , 1127.1
596.81 , 1131.1
624.81 , 1131.6
652.06 , 1129.6
680.16 , 1129.35
706.56 , 1133.11
731.24 , 1140.36
755.59 , 1148.1
778.11 , 1160.95
789.22 , 1184.17
780.46 , 1208.1
768.74 , 1231.07
754.13 , 1252.92
733.78 , 1271.78
713.21 , 1290.1
691.78 , 1306
669.26 , 1318.8
644.04 , 1325.12
620.46 , 1315.35
596.93 , 1305.33
575.29 , 1290.17
557.9 , 1269.3
544.21 , 1247.1
536.99 , 1222.45
530.46 , 1197.35
673.37 , 829.71
678.43 , 814.88
687.23 , 801.36
699.75 , 789.81
713.87 , 782.46
729.45 , 778.71
746.57 , 778.21
762.62 , 780.96
777.62 , 785.71
791.8 , 792.86
805.01 , 802.59
812.48 , 816.21
799.05 , 825.27
784.6 , 831.48
769.27 , 835.69
753.57 , 839.21
737.17 , 841.21
719.92 , 841.46
703.02 , 840.45
687.22 , 837.3
527.35 , 833.94
524.7 , 821.52
516.43 , 810.87
505.93 , 802.12
494.81 , 795.24
482.96 , 790.39
469.66 , 788.62
455.73 , 789.12
441.93 , 789.87
430.28 , 795.5
420.81 , 805.72
415.43 , 817.37
422.28 , 828.49
433.61 , 834.86
446.23 , 838.14
459.9 , 839.12
473.58 , 840.12
487.63 , 839.87
501.81 , 839.87
515.48 , 838.87
649.23 , 702.61
668.73 , 697.36
688.53 , 692.57
707.5 , 686.37
727.53 , 682.12
749.25 , 681.36
770.13 , 683.86
790.18 , 688.07
808.98 , 694.86
826.11 , 706.21
842.71 , 719.08
831.73 , 733.36
810.36 , 734.36
789.65 , 731.54
769.56 , 727.36
748.08 , 726.11
726.36 , 726.86
704.5 , 727.36
683.75 , 724.63
664.98 , 717.86
510.68 , 750.97
506.9 , 735.22
493.05 , 724.48
477.65 , 717.99
460.3 , 715.72
442.12 , 715.22
424.3 , 713.97
406.4 , 715.07
390.2 , 719.73
375.38 , 727.85
362.53 , 740.92
355 , 755.97
373.32 , 756.22
389.57 , 751.69
405.65 , 746.95
422.88 , 744.48
441.07 , 744.97
458.3 , 747.46
475.62 , 749.75
492.85 , 752.25
