2406435030_1
232.5 , 462.55
234.8 , 478.81
236.65 , 496.92
238.47 , 514.64
242.71 , 532.98
248.38 , 549.26
253.28 , 567.16
259.25 , 583.77
267.44 , 599
276.07 , 615.63
284.84 , 630.51
294.96 , 645.41
305.47 , 659.72
317.08 , 672.49
330.91 , 686.07
344.86 , 695.89
358.69 , 707.04
375.75 , 713.99
393.35 , 717.89
410.32 , 719.8
428.9 , 721.62
445.69 , 724.32
464.63 , 724.3
480.63 , 717.54
492.69 , 704.09
502.74 , 690.35
514.05 , 676.75
523.68 , 661.44
531.96 , 644.52
541.04 , 630.09
550.49 , 615.61
559.33 , 599.01
565.97 , 583.4
573.42 , 566.28
582.77 , 550.2
588.33 , 534.55
594.18 , 516.58
597.84 , 499.33
597.21 , 481.24
596.35 , 463.17
597.55 , 445.25
405.6 , 480.55
397.28 , 493.36
390.21 , 506.36
386.65 , 520.72
390.92 , 536.33
404.35 , 541.58
419.25 , 539.41
433.3 , 547.55
446.5 , 555.6
461.65 , 556.94
474.33 , 548.72
488.69 , 543.65
501.12 , 533.89
508.45 , 520.62
503.12 , 506.11
493.64 , 494.75
488.4 , 479.3
357.69 , 603.96
368.94 , 600.71
380.42 , 597.71
392.59 , 596.21
404.89 , 594.96
417.29 , 593.96
429.12 , 596.22
440.09 , 600.12
452.97 , 600.21
464.31 , 597.09
476.44 , 595.46
488.87 , 596.46
500.44 , 599.21
508.69 , 607.96
501.21 , 617.68
491.89 , 626.24
482.12 , 633.53
471.79 , 639.37
461.09 , 644.06
449.56 , 646.97
437.62 , 648.96
424.72 , 648.97
413.09 , 646.37
401.87 , 642.98
391.17 , 638.19
380.84 , 632.35
371.51 , 623.81
364.24 , 614.01
366.44 , 605.21
376.26 , 606.21
385.54 , 608.45
394.79 , 610.7
404.26 , 612.45
413.54 , 614.74
423.01 , 616.49
433.22 , 616.71
443.19 , 615.96
453.29 , 615.46
463.26 , 614.71
472.99 , 613.44
482.54 , 611.86
491.34 , 608.74
499.79 , 607.86
490.44 , 609.96
481.37 , 612.53
471.99 , 614.44
462.24 , 615.72
452.51 , 616.96
442.54 , 617.71
432.47 , 618.21
422.37 , 617.73
412.89 , 615.97
403.39 , 614.22
394.14 , 611.97
385.31 , 608.99
376.19 , 606.46
492.5 , 411.43
495.91 , 405
501.88 , 400.31
508.18 , 396.49
514.67 , 393.25
521.42 , 390.66
528.9 , 389.68
536.52 , 390.43
543.77 , 391.93
550.45 , 394.67
556.59 , 398.98
557.06 , 406.41
550.52 , 409.67
543.52 , 411.68
536.27 , 413.18
528.55 , 413.68
520.58 , 413.71
513.73 , 411.44
506.73 , 409.43
499.12 , 408.65
384.65 , 403.43
378.55 , 398.56
371.88 , 395.13
364.98 , 392.58
357.8 , 390.56
350.1 , 389.56
342.05 , 389.31
334.25 , 390.1
327.03 , 392.07
320.53 , 395.84
314.55 , 401.06
320.8 , 405.56
327.5 , 408.8
334.43 , 411.44
341.93 , 412.84
349.98 , 413.06
357.65 , 412.03
365.1 , 410.52
372.45 , 408.84
380.15 , 407.78
470.05 , 394.78
482.18 , 383.88
496.23 , 378.26
510.38 , 373.05
524.73 , 368.26
538.67 , 362.4
552.33 , 355.52
566.23 , 349.51
580.73 , 345.01
597.3 , 345.28
610.31 , 353.46
608.54 , 369.31
595.1 , 376.74
579.5 , 379.03
563.38 , 380.28
547.62 , 382.28
532.12 , 384.78
516.98 , 388.04
501.82 , 391.28
486.78 , 394.78
402.63 , 382.1
388.36 , 375.54
373.71 , 370.13
359.13 , 364.63
344.43 , 359.36
329.73 , 354.15
314.56 , 349.84
298.38 , 347.61
281.58 , 348.61
267.51 , 355.79
257.68 , 368.86
271.48 , 376.65
287.45 , 379.38
304.25 , 380.36
321.53 , 380.36
338.31 , 381.35
354.38 , 383.87
369.98 , 387.35
385.56 , 390.85
401.51 , 393.61
