2407195618_1
714.73 , 1645.4
721.98 , 1707.07
729.31 , 1768.08
742.61 , 1834.17
759.35 , 1894.05
779.72 , 1957.07
800.9 , 2016.45
824.96 , 2073.43
854.28 , 2128.19
888.65 , 2183.86
927.02 , 2238.82
962.73 , 2289.49
1001.76 , 2343.16
1045.39 , 2388.9
1096.5 , 2424.67
1159.75 , 2447.36
1221.39 , 2454.41
1283.26 , 2455.2
1350.57 , 2454.54
1412.15 , 2456.41
1473.93 , 2452.55
1541.75 , 2439.82
1601.07 , 2421.15
1657.02 , 2397.31
1715.72 , 2362.36
1761.21 , 2325.12
1810.95 , 2279.23
1859.69 , 2234.9
1902.87 , 2194.9
1946.41 , 2148.49
1988.97 , 2094.2
2025.52 , 2040.86
2061.54 , 1987.17
2088.93 , 1932.34
2103.91 , 1867.61
2114.66 , 1806.75
2125.84 , 1745.97
2134.38 , 1677.85
2140.46 , 1616.1
2146.35 , 1553.95
2153.15 , 1486.65
1180.54 , 1601.15
1161.46 , 1643.08
1139.36 , 1689.37
1122.58 , 1733.93
1137 , 1779.04
1174.04 , 1814.16
1214.65 , 1837.79
1265.03 , 1845.79
1310.28 , 1834.62
1362.05 , 1827.41
1411.6 , 1820.7
1457.94 , 1806.99
1483.76 , 1768.77
1479.08 , 1719.14
1457.9 , 1676.85
1426.61 , 1633.01
1401.1 , 1590.75
1070.5 , 2062.6
1101.72 , 2038.63
1134.88 , 2019.85
1169.28 , 2004.59
1207.08 , 1997.03
1245.55 , 2002.87
1281.83 , 2013.34
1322.33 , 2015.35
1359.95 , 2007.34
1398 , 2000.35
1439.22 , 1999.85
1479.12 , 2003.11
1517.2 , 2010.08
1553.83 , 2020.12
1580.03 , 2045.84
1546.12 , 2062.73
1513.35 , 2082.34
1479.85 , 2100.25
1444.47 , 2112.6
1405.08 , 2116.85
1364.8 , 2114.81
1325.03 , 2118.35
1287.65 , 2126.86
1247.75 , 2130.1
1207.33 , 2127.92
1169.03 , 2121.36
1135 , 2104.85
1102.2 , 2085.28
1080 , 2055.35
1109.65 , 2048.83
1139 , 2041.6
1167.05 , 2032.06
1196.8 , 2025.81
1228.62 , 2023.72
1260.15 , 2026.1
1291.28 , 2029.61
1322.88 , 2032.1
1355.3 , 2031.85
1386.42 , 2028.33
1417.17 , 2024.09
1449.12 , 2022.35
1480.6 , 2024.59
1509.97 , 2031.59
1495.28 , 2045.59
1463.8 , 2048.33
1432.08 , 2050.6
1400.35 , 2052.85
1368.4 , 2054.6
1335.95 , 2053.85
1303.38 , 2053.85
1271.3 , 2055.35
1238.97 , 2054.35
1207.5 , 2051.6
1175.65 , 2049.61
1143.83 , 2051.6
1111.85 , 2053.35
1510.12 , 1331.17
1530.34 , 1312.95
1549.3 , 1293
1569.74 , 1275.3
1591.72 , 1262.08
1615.49 , 1253.79
1641.72 , 1250.42
1669.22 , 1251.17
1693.72 , 1258.02
1716.49 , 1269.43
1736.94 , 1287
1740.72 , 1312.33
1718.47 , 1324.92
1695.12 , 1334.42
1669.54 , 1339.17
1643.02 , 1341.92
1615.77 , 1343.17
1588.99 , 1340.92
1561.99 , 1339.17
1535.22 , 1336.91
1096.4 , 1353.55
1091.3 , 1331.14
1071.1 , 1313.94
1051.3 , 1295.64
1029.97 , 1281.57
1005.95 , 1274.64
979.22 , 1273.14
953.1 , 1275.91
929.52 , 1283.65
907.88 , 1296.82
891.39 , 1317.27
882.55 , 1340.39
898.65 , 1361.02
920.67 , 1373.26
945.17 , 1379.37
972.15 , 1380.39
998.35 , 1377.85
1023.07 , 1372.13
1047.7 , 1366.24
1072.55 , 1360.89
1401.68 , 1184.42
1452.01 , 1149.6
1505.63 , 1123.22
1561.96 , 1104.91
1620.31 , 1090.05
1680.23 , 1078.65
1743.41 , 1073.92
1806.08 , 1079.66
1863.13 , 1096.69
1916.2 , 1124.44
1965.23 , 1163.18
1914.08 , 1192.17
1850.53 , 1196.17
1786.76 , 1192.67
1723.96 , 1187.17
1660.68 , 1182.67
1601.78 , 1196.33
1546.58 , 1217.52
1490.48 , 1236.17
1426.45 , 1238.48
1161.65 , 1239.78
1122.67 , 1209.34
1079.8 , 1189.42
1033.37 , 1177.85
986.72 , 1166.85
941.6 , 1153.07
896.07 , 1140.09
848.64 , 1130.85
797.05 , 1131.54
753.29 , 1148.51
720.47 , 1186.6
761.45 , 1211.34
806 , 1226.09
855.02 , 1232.12
904.67 , 1236.81
952.82 , 1244.6
1000.87 , 1252.62
1048.07 , 1262.33
1094.22 , 1274.35
1143.87 , 1279.1
