2407746151_1
639.69 , 713.64
638.18 , 746.4
636.91 , 779.07
633.58 , 812.47
634.93 , 846.15
635.05 , 879.9
635.22 , 913.66
639.15 , 946.75
653.25 , 978.42
669.35 , 1007.6
689.49 , 1035.26
709.75 , 1060.46
735.64 , 1085.15
762.29 , 1104.24
788.83 , 1126.66
814.7 , 1148.16
840.4 , 1165.39
869.36 , 1183.48
899.49 , 1199.2
930.34 , 1211.84
964.8 , 1222.15
995.74 , 1228.03
1028.79 , 1231.69
1062.34 , 1233.12
1097.48 , 1230.96
1130.24 , 1223.5
1161.77 , 1212.31
1191.22 , 1195.8
1217.77 , 1173.72
1238.43 , 1149.75
1257.52 , 1121.6
1276.3 , 1092.86
1294.14 , 1064.75
1309.46 , 1035.27
1325.62 , 1003.11
1339.51 , 973.31
1351.13 , 943.22
1361.2 , 909.39
1372.25 , 876.75
1384.87 , 846.96
1398.38 , 814.16
1009.39 , 754.45
992.3 , 775.49
975.95 , 800.75
962.06 , 825.5
965.05 , 855.89
984.88 , 875.1
1009.37 , 890.78
1038.21 , 905.73
1063.2 , 916.74
1094.41 , 916.72
1121.46 , 909.36
1146.73 , 894.91
1161.53 , 867.97
1159.19 , 839.86
1145.12 , 813.51
1128.55 , 789.95
1119.2 , 760.35
880.13 , 975.64
900.86 , 962.91
924.11 , 956.39
947.98 , 951.15
973.4 , 949.14
997.86 , 945.14
1020.06 , 953.88
1041.43 , 965.18
1066.4 , 962.64
1092.56 , 963.11
1113.78 , 974.76
1134.26 , 988.27
1155.98 , 998.68
1177.79 , 1008.64
1170 , 1031.04
1153.18 , 1050.36
1133.08 , 1065.18
1110.43 , 1072.64
1085.23 , 1075.14
1059.81 , 1073.16
1035.83 , 1068.14
1011 , 1064.89
985.58 , 1062.89
961.23 , 1058.66
938.75 , 1050.76
917.98 , 1037.98
899.23 , 1019.51
887.9 , 998.16
896.38 , 972.14
914.08 , 978.15
933.23 , 981.4
951.93 , 985.64
970.83 , 989.39
989.53 , 993.63
1008.21 , 997.9
1027.13 , 1001.64
1046.03 , 1005.38
1066.03 , 1006.89
1086.53 , 1006.39
1106.43 , 1008.14
1125.95 , 1010.64
1146.31 , 1011.39
1166.32 , 1012.89
1145.93 , 1013.39
1125.33 , 1013.14
1105.31 , 1011.64
1085.31 , 1010.14
1065.4 , 1008.39
1045.78 , 1006.13
1026.86 , 1002.39
1008.18 , 998.14
989.25 , 994.4
970.36 , 990.64
951.88 , 985.89
933.08 , 981.89
913.8 , 978.91
1165.85 , 661.03
1176.07 , 646.31
1190.75 , 635.91
1206.38 , 628.01
1222.92 , 622.71
1241.15 , 620.78
1259.47 , 622.52
1276.75 , 626.43
1292.82 , 633.02
1308 , 642.02
1322.5 , 652.96
1323.55 , 670.08
1307.3 , 676.05
1289.72 , 679.28
1271.27 , 680.78
1252.6 , 679.78
1234.95 , 676.63
1217.9 , 672.27
1200.17 , 669.27
1182.82 , 665.51
988.5 , 625.72
974.62 , 612.72
959.83 , 602.26
944.62 , 592.84
928.77 , 585.22
911.77 , 580.48
893.8 , 577.72
874.48 , 577.72
856.58 , 580.65
840.23 , 586.74
824.5 , 594.72
839.02 , 606
853.08 , 618.56
869.12 , 625.59
885.62 , 631.19
902.62 , 635.95
921.1 , 637.72
939.48 , 635.74
957.88 , 637.6
976.9 , 638.22
1159.3 , 592.88
1163.65 , 565.64
1188.22 , 555.45
1213.1 , 546.1
1238.8 , 538.63
1265.45 , 532.91
1292.83 , 528.63
1321.75 , 528.63
1347.58 , 535.89
1371.2 , 548.79
1391.12 , 568.95
1390.17 , 586.25
1367.72 , 570.07
1342.62 , 560.88
1314.67 , 558.38
1286.32 , 560.61
1259.57 , 566.12
1234.97 , 576.19
1210.42 , 586.51
1186.12 , 597.45
1008.26 , 533.51
990.23 , 512.26
967.28 , 497.3
942.96 , 485.81
917.46 , 477.71
892.16 , 469.28
866.31 , 461.81
838.43 , 458.69
810.56 , 462.06
784.66 , 469.46
759.56 , 478.31
784.68 , 487.19
812.91 , 489.8
840.61 , 493.55
867.71 , 498.55
893.98 , 505.31
918.88 , 514.88
943.13 , 526.62
966.88 , 539.58
991.26 , 550.77
