2407762189_1
145 , 415.5
148.25 , 427.25
150.84 , 439.72
154.49 , 452.66
158.21 , 464.99
160.92 , 477.12
164.83 , 489.53
169.34 , 502.18
175.83 , 512.68
182.11 , 524.22
189.75 , 533.84
198.59 , 544.43
207.46 , 552.48
218.05 , 560.75
228.68 , 566.74
241.21 , 571.82
252.96 , 577.71
264.51 , 581.68
277.35 , 583.32
290.04 , 584.92
303.03 , 583.22
315.95 , 582.73
329.34 , 581.61
341.08 , 579.02
353.21 , 574.19
364.29 , 567.29
374.86 , 559.52
383.29 , 549.67
390.87 , 540.24
398.46 , 529.79
403.19 , 516.89
407.19 , 505.31
412.45 , 493.97
417.27 , 481.55
420.96 , 469.75
424.11 , 456.56
426.54 , 443.37
428.33 , 431.12
429.94 , 418.95
430.99 , 405.51
431.79 , 392
259.94 , 379.59
255.25 , 390.72
253.13 , 404.93
246.63 , 416.27
242.75 , 429.43
253.02 , 436.56
266.39 , 440.53
278.36 , 445.35
291 , 449.11
303.87 , 447.36
315.38 , 439.12
326.02 , 431.29
337.99 , 425.12
341.1 , 413.04
334.05 , 400.42
325.87 , 389.53
323.05 , 376.4
230.4 , 478.12
239.78 , 473.84
249.58 , 470.6
259.18 , 466.85
268.75 , 463.03
278.57 , 459.9
289.75 , 459.37
300.68 , 460.37
311.98 , 460.62
322.9 , 459.62
334.33 , 459.62
345.6 , 459.37
357.02 , 459.37
363.99 , 466.5
357.96 , 475.32
351 , 483.77
342.85 , 491.67
334.2 , 498.11
324.98 , 503.06
315.55 , 507.4
305.73 , 510.55
295.2 , 512.37
283.9 , 512.62
273.45 , 510.65
264.05 , 506.24
255.43 , 499.65
246.9 , 492.87
238.3 , 486.27
234.9 , 478.12
243.6 , 479.87
253.05 , 480.12
262.48 , 480.37
271.93 , 480.12
281.38 , 480.37
290.82 , 480.62
299.93 , 479.61
308.88 , 478.38
317.6 , 476.61
326.2 , 474.62
334.7 , 472.35
342.9 , 469.62
350.9 , 466.37
356.15 , 468.12
348.6 , 472.67
340.55 , 475.88
332.45 , 478.84
324.25 , 481.6
315.9 , 484.12
306.93 , 485.37
297.6 , 485.87
288.15 , 486.12
278.7 , 486.37
269.15 , 486.37
259.95 , 485.64
251.22 , 483.89
242.88 , 481.38
334.94 , 347.86
338.69 , 343.86
342.89 , 340.66
347.29 , 338.02
351.81 , 335.74
356.49 , 333.84
361.46 , 332.6
366.79 , 332.11
371.87 , 333.12
376.69 , 334.61
381.25 , 336.89
381.56 , 342.1
376.91 , 344.13
372.12 , 345.68
367.26 , 347.11
361.94 , 347.61
356.62 , 348.11
351.04 , 348.11
345.72 , 347.61
340.26 , 347.36
246.38 , 358.19
241.06 , 356.12
235.81 , 353.87
230.48 , 351.78
224.66 , 350.74
218.71 , 349.99
212.5 , 350.25
206.66 , 351.26
201.11 , 352.81
195.88 , 355.28
190.93 , 358.24
196.08 , 360.9
201.23 , 363.51
207.18 , 364.24
213.25 , 363.74
219.33 , 363.24
225.28 , 362.46
231 , 361.25
236.73 , 360
242.81 , 359.49
308.28 , 319.56
316.68 , 312.88
325.9 , 308.28
335.4 , 304.69
345.05 , 301.54
354.83 , 298.52
365.18 , 296.66
375.7 , 295.13
386.7 , 295.56
396.38 , 298.84
405.03 , 304.81
402.83 , 313.56
391.95 , 312.81
380.8 , 313.06
369.53 , 313.06
358.88 , 314.33
348.9 , 316.94
339.45 , 320.8
329.18 , 322.81
318.03 , 322.56
259.89 , 326.12
249.94 , 320.35
238.84 , 317.38
227.36 , 315.27
215.41 , 314.11
203.56 , 315.52
192.41 , 318.39
181.76 , 322.11
171.69 , 327.65
162.24 , 334.84
153.21 , 343.12
163.96 , 339.62
174.53 , 335.59
185.01 , 331.33
196.46 , 329.12
208.84 , 329.37
220.74 , 330.62
232.59 , 331.99
244.44 , 333.35
256.21 , 334.87
