2408549321_1
713.19 , 988.39
720.73 , 1013.44
722.91 , 1040.49
725.61 , 1068.59
731.18 , 1097.77
740.28 , 1124.86
751 , 1150.62
761.17 , 1175.61
772.17 , 1200.81
790.19 , 1223.67
811.94 , 1239.05
835.3 , 1257.33
858.03 , 1272.9
883.61 , 1286.86
907.17 , 1299.2
931.53 , 1311.32
959.94 , 1322.34
985.71 , 1329.88
1013.14 , 1337.99
1039.67 , 1343.4
1067.07 , 1344.57
1097.18 , 1346.64
1124.34 , 1345
1151.26 , 1343.05
1179.67 , 1336.74
1199.59 , 1315.98
1214.26 , 1294.05
1224.93 , 1266.95
1237.25 , 1241.09
1252.2 , 1217.63
1258.49 , 1192.05
1263.43 , 1164.25
1267.65 , 1135.71
1271.66 , 1107.05
1275.86 , 1079.37
1280.85 , 1051.66
1283.06 , 1024.69
1286.94 , 996.13
1291.58 , 969.17
1290.21 , 941.34
1285.25 , 911.55
1061.89 , 921.8
1056.39 , 941.39
1039.5 , 957.89
1030.51 , 980.14
1031.41 , 1003.87
1042.38 , 1022.87
1064.63 , 1029.22
1088.55 , 1026.99
1111.12 , 1023.74
1134.55 , 1025.45
1156.63 , 1021.3
1178.2 , 1012.05
1193.06 , 994.46
1204.14 , 972.86
1197.41 , 950.54
1185.32 , 931.99
1175.45 , 908.85
1001.68 , 1138.21
1010.61 , 1124.51
1020.51 , 1111.12
1034.78 , 1103.62
1050.13 , 1098.95
1066.3 , 1095.96
1081.9 , 1091.73
1097.15 , 1086.96
1114.78 , 1086.96
1131.68 , 1088.46
1147.95 , 1085.71
1164.75 , 1087.44
1179.48 , 1093.5
1193.33 , 1102.09
1204.45 , 1115.06
1202.6 , 1131.81
1190.51 , 1144.41
1176.55 , 1152.68
1160.83 , 1156.7
1144.43 , 1159.21
1127.63 , 1160.96
1110.73 , 1162.46
1093.95 , 1164.21
1077.18 , 1165.96
1061 , 1162.98
1045.3 , 1158.99
1029.88 , 1154.48
1014.33 , 1150.14
1010.18 , 1139.71
1022.13 , 1134.94
1034.4 , 1130.95
1046.7 , 1126.95
1059.45 , 1123.7
1073 , 1122.21
1087.05 , 1121.71
1101.13 , 1121.21
1115.18 , 1120.71
1128.98 , 1119.71
1142.78 , 1118.71
1156.73 , 1117.96
1170.78 , 1118.46
1183.98 , 1120.73
1196.93 , 1123.46
1184.36 , 1121.96
1170.55 , 1120.99
1157.36 , 1118.71
1143.3 , 1119.21
1129.48 , 1120.21
1115.8 , 1121.46
1101.86 , 1122.21
1087.8 , 1122.71
1073.88 , 1123.46
1060.2 , 1124.71
1047.13 , 1127.2
1034.83 , 1131.18
1023.03 , 1136.71
1127.85 , 823.85
1135.08 , 814.87
1143.72 , 806.73
1152.85 , 799.85
1162.15 , 793.53
1171.9 , 788.34
1182.35 , 785.1
1193.42 , 783.1
1204.7 , 784.7
1213.94 , 791.21
1220.83 , 800.3
1225.39 , 810.27
1219.27 , 819.6
1209.42 , 824.53
1197.4 , 824.6
1185.6 , 824.1
1174.15 , 822.85
1162.45 , 822.1
1150.65 , 821.6
1139.8 , 824.1
990.33 , 828.93
983.73 , 816.93
972.31 , 806.28
960.11 , 797.93
946.75 , 792.68
931.75 , 790.93
916.9 , 793
903.15 , 797.25
890.13 , 803.52
877.56 , 810.89
865.23 , 818.93
853.23 , 827.93
867.75 , 830.68
882.75 , 832.43
898.23 , 833.18
913.98 , 832.93
929.46 , 832.18
944.71 , 830.93
959.71 , 829.18
974.96 , 827.93
1151.25 , 721.83
1157.22 , 710.36
1164.28 , 699.28
1174.9 , 690.9
1186.72 , 685.85
1199.8 , 683.56
1213.25 , 682.08
1226.58 , 683.82
1239.1 , 687.18
1250.38 , 693.71
1258.76 , 704.18
1260.87 , 716.93
1249.6 , 710.33
1237.62 , 705.84
1224.05 , 707.08
1210.6 , 708.59
1197.97 , 711.85
1186.78 , 718.55
1175.9 , 726.17
1162.62 , 728.11
1013.85 , 715.4
1001.9 , 703.66
987.62 , 697.9
971.48 , 696.15
954.83 , 695.4
938.08 , 694.9
921.7 , 696.15
905.68 , 698.12
890.6 , 702.15
877.05 , 709.96
864.85 , 721.4
880.78 , 719.15
897.03 , 717.65
913.78 , 718.15
930.05 , 719.65
945.83 , 722.15
960.88 , 726.17
976.25 , 729.55
992.7 , 730.65
1009.07 , 729.4
