2409386512_1
506.55 , 694.18
505.43 , 713.94
505.31 , 735.68
507.1 , 757.16
511.56 , 778.21
518.38 , 798.66
526.01 , 816.64
535.07 , 836.34
544.72 , 855.53
556.07 , 873.15
566.28 , 891.6
582.57 , 906.66
599.44 , 918.77
616.86 , 930.39
635.45 , 941.37
654.14 , 948.68
675.36 , 956.02
695.4 , 963.92
716.24 , 968.57
737.62 , 970.8
757.15 , 970.98
778.36 , 969.28
799.98 , 966.23
820.52 , 961.22
839.71 , 951.12
855.79 , 939.27
871.56 , 924.26
886.31 , 908.89
899.77 , 891.97
914.22 , 877.23
928.23 , 861.85
937.76 , 842.94
944.4 , 822.66
949.55 , 800.93
951.9 , 779.78
953.75 , 758.28
955.53 , 738.02
955.58 , 717.62
954.4 , 694.97
953.31 , 674.53
951.87 , 651.87
698.75 , 658.3
693.44 , 674.19
687.15 , 689.1
685.15 , 706.65
688.44 , 723.55
703.44 , 729
720.25 , 734.15
737.26 , 736.29
754.27 , 736.53
771.93 , 736.58
788.57 , 731.98
803.1 , 723.04
814.96 , 709.68
814.16 , 693.29
805.6 , 678.21
798.69 , 662.52
791.45 , 646.4
643.25 , 811.23
654.73 , 797.26
669.45 , 787.8
684.7 , 779.77
700.25 , 772.48
717.3 , 768.73
735.77 , 767.98
754.15 , 768.98
772.27 , 767.48
790.17 , 765.48
809.02 , 765.48
827.38 , 766.48
844.42 , 770.2
858.91 , 780.36
853.18 , 796.31
844.43 , 811.28
833.87 , 825.63
819.38 , 835.73
803.7 , 842.46
786.88 , 846.73
769.92 , 850.74
753.1 , 855
734.5 , 855.48
716.98 , 852.73
700.02 , 848.73
684.02 , 842.97
668.55 , 835.49
654.02 , 825.51
648 , 809.73
660.55 , 802.72
673.65 , 797.21
687.67 , 793.71
702.9 , 792.73
718.6 , 792.73
733.58 , 794.23
748.9 , 794.98
763.5 , 792.73
777.4 , 788.98
791.27 , 785.23
805.33 , 781.73
819.67 , 778.97
835.02 , 778.23
844.4 , 788.58
833.05 , 798.97
820.2 , 805.27
806.55 , 809.49
792.42 , 812.73
778.38 , 816.25
764.25 , 819.48
749.62 , 821.73
734.65 , 823.23
719.33 , 823.98
703.88 , 824.48
688.17 , 824.5
673.95 , 821.44
660.58 , 816.74
790.85 , 587.74
794.85 , 580.99
801.1 , 575.49
807.95 , 571.65
814.95 , 568.15
822.12 , 565.22
829.75 , 563.34
838.05 , 563.74
846 , 565
853.25 , 567.65
860.1 , 571.49
861.77 , 578.81
854.78 , 582.3
847.15 , 584.24
839.2 , 585.5
831.23 , 586.74
823.15 , 587.74
814.73 , 587.99
806.53 , 587.24
798.58 , 585.99
663.87 , 594.67
656.48 , 591.37
649.05 , 588.19
641.5 , 585.39
633.3 , 583.89
624.42 , 583.96
616.08 , 585.15
608.25 , 587.39
601 , 591.14
594.63 , 597.27
589.25 , 603.89
597.45 , 605.4
605.75 , 606.64
614.3 , 607.39
622.98 , 606.89
631.55 , 606.12
639.73 , 604.64
647.7 , 602.68
655.85 , 601.04
664.18 , 599.89
781.36 , 507.9
793.84 , 495.91
808.81 , 490.94
824.59 , 487.4
841.19 , 485.65
858.31 , 484.9
874.24 , 488.03
888.71 , 494.66
902.14 , 503.93
914.2 , 516.25
920.36 , 529.15
906.74 , 520.4
893.61 , 510.15
878.71 , 504.9
861.86 , 503.65
845.36 , 505.65
830.51 , 511
815.61 , 516.15
800.74 , 521.39
784.58 , 523.79
675.7 , 525.96
663.41 , 518.61
649.83 , 514.61
635.38 , 512.36
620.18 , 511.61
604.76 , 511.86
589.83 , 513.1
577.03 , 519.12
566.59 , 530.34
559.43 , 542.71
551.81 , 554.86
563.33 , 545.34
574.78 , 535.62
587.73 , 530.09
602.68 , 528.86
617.86 , 529.61
633.16 , 529.11
648.23 , 530.12
661.11 , 535.89
674.34 , 540.63
