2410522334_1
1103.95 , 767.8
1102.61 , 806.58
1099.97 , 850.12
1099.17 , 888.68
1099.77 , 932.09
1101.76 , 973.37
1104.27 , 1013.1
1109.74 , 1056.11
1117.89 , 1094.75
1133.33 , 1132.76
1151.3 , 1169
1170.94 , 1204.97
1193.81 , 1238.49
1222.25 , 1270.1
1250.72 , 1301.35
1276.67 , 1332.91
1305.75 , 1364.66
1337.44 , 1385.51
1375.01 , 1403.76
1414.4 , 1415.93
1455.77 , 1421.64
1498.72 , 1420.32
1536.67 , 1413.45
1578.04 , 1399.62
1618.04 , 1396
1655.93 , 1382.46
1695.12 , 1369.85
1731.85 , 1353.39
1767.24 , 1332.21
1802.3 , 1309.29
1833.21 , 1281.44
1861.34 , 1250.23
1886.95 , 1217.51
1910.12 , 1182.5
1931.1 , 1146.4
1947.89 , 1112.4
1967.35 , 1072.75
1983.58 , 1036.53
2000.07 , 996.31
2013.1 , 956.61
2027.08 , 917.71
1401.3 , 716.6
1382.54 , 750.03
1366.25 , 789.59
1354.03 , 828.7
1346.69 , 867.37
1377.01 , 890.77
1411.63 , 910.07
1450.39 , 928.67
1489.75 , 940.41
1529.04 , 931.38
1567.03 , 929.95
1609.28 , 922.68
1630.45 , 889.05
1629.16 , 848.96
1620.16 , 808.91
1607.62 , 769.77
1600.59 , 728.5
1294.52 , 1049.4
1318.35 , 1029.65
1346.22 , 1020.89
1375.74 , 1015.4
1406.6 , 1012.65
1435.47 , 1019.65
1463.74 , 1027.65
1495.72 , 1028.15
1524.77 , 1034.65
1551.52 , 1046.4
1577.8 , 1059.68
1602.82 , 1075.97
1628.39 , 1091.01
1645.44 , 1115.83
1633.28 , 1142.35
1609.35 , 1161.82
1583.6 , 1176.34
1556.64 , 1187.43
1527.12 , 1192.89
1495.42 , 1193.9
1464.07 , 1192.15
1434.27 , 1187.15
1405.85 , 1179.38
1378.97 , 1168.11
1354.05 , 1151.43
1330.82 , 1129.95
1311.34 , 1106
1299.01 , 1079.42
1316.52 , 1054.15
1340.12 , 1049.91
1365.44 , 1050.65
1389.8 , 1053.4
1413.05 , 1058.41
1435.8 , 1064.42
1458.17 , 1071.12
1482.52 , 1073.9
1507.47 , 1075.4
1531.47 , 1078.88
1554.85 , 1083.66
1578.22 , 1088.41
1601.14 , 1094.17
1622.94 , 1102.17
1631 , 1121.67
1609.35 , 1130.15
1585.24 , 1133.4
1559.92 , 1134.15
1534.85 , 1132.93
1510.27 , 1130.65
1486.02 , 1127.65
1462.19 , 1123.83
1439.32 , 1117.94
1416.92 , 1111.3
1394.69 , 1104.33
1373.07 , 1095.94
1352.17 , 1085.27
1331.75 , 1073.37
1653.05 , 658.74
1668.95 , 650.08
1685.25 , 642.22
1702.08 , 636.23
1719.85 , 631.95
1738.6 , 629.74
1758.05 , 630.49
1775.62 , 635.06
1791.8 , 643.24
1806.85 , 654.3
1820.57 , 668.26
1817.25 , 685.48
1798.3 , 687.24
1779.1 , 685.99
1760 , 684.49
1740.97 , 682.92
1722.82 , 679.5
1704.57 , 676.25
1686.8 , 671.99
1668.25 , 669.45
1396.27 , 616.75
1382.91 , 604.37
1368.54 , 594.76
1353.39 , 587.18
1337.59 , 581.57
1320.44 , 578.72
1302.39 , 577.72
1284.71 , 579.49
1268.37 , 584.1
1253.32 , 591.89
1239.49 , 602.97
1254.64 , 610.5
1270.47 , 615.95
1287.07 , 620
1304.39 , 622.49
1321.97 , 624.47
1340.02 , 625.47
1357.72 , 627.22
1374.46 , 630.96
1392.42 , 632.22
1616.02 , 418.21
1649.24 , 391.72
1690.32 , 397.75
1726.47 , 416.45
1762.27 , 435.96
1797.69 , 456.39
1832.19 , 479.16
1865.99 , 504.18
1899.42 , 530.2
1931.54 , 559.74
1955.87 , 593.58
1925.89 , 603.46
1889.47 , 585.42
1852.77 , 568.46
1816.12 , 551.3
1780.12 , 532.21
1745.6 , 509.48
1710.89 , 487.12
1675.42 , 466.86
1637.9 , 453.06
1427.12 , 429.92
1425.58 , 397.65
1397.27 , 383.92
1363.45 , 385.19
1332.67 , 392.85
1301.62 , 399.9
1271.05 , 407.94
1241.02 , 416.93
1213.65 , 432.87
1188.95 , 456.3
1169.75 , 482.5
1154.6 , 510.17
1181.77 , 493.73
1210.5 , 481.65
1242.3 , 476.21
1274.9 , 472.43
1306.72 , 467.05
1338.6 , 461.67
1369.88 , 455.17
1399.88 , 446.16
