2411620252_1
555.35 , 637.05
561.12 , 656.34
567.16 , 677.25
573.94 , 698.98
582.67 , 719.09
593.02 , 737.51
605.17 , 755.78
619.01 , 774.39
632.65 , 790.46
648.3 , 807.42
662.78 , 822.55
677.21 , 837.89
694.02 , 853.7
711.13 , 866.17
730.78 , 878.48
749.21 , 889.62
768.71 , 898.63
789.59 , 903.93
812.13 , 905.97
834.31 , 907.03
856.09 , 906.27
876.55 , 901
895.45 , 889.87
913.15 , 875.61
928.86 , 861.88
944.86 , 847.37
961.19 , 830.98
974.26 , 814.72
987.22 , 795.65
998.57 , 778.64
1009.96 , 758.99
1018.8 , 739.63
1025.82 , 717.99
1030.53 , 697.67
1034.71 , 675.4
1036.86 , 654.88
1036.92 , 631.5
1036.84 , 610.28
1036.7 , 589.05
1034.55 , 566.25
1032.2 , 543.35
727.05 , 634.8
720.3 , 647.55
716.57 , 662.4
722.53 , 676.98
736.29 , 684
751.72 , 686.13
766.66 , 691.01
782.23 , 695.81
798.35 , 694.9
811.5 , 687.86
826.11 , 681.76
838.88 , 671.56
849.77 , 661.33
856.43 , 647.59
853.87 , 632.34
847.37 , 617.61
833.5 , 610.05
711.73 , 747.6
726.61 , 741.32
741.86 , 736.08
758.15 , 732.85
775.33 , 731.35
793.08 , 731.6
810.61 , 730.84
825.81 , 725.32
840.9 , 719.58
857.56 , 717.1
874.73 , 715.6
892.25 , 714.85
908.37 , 717.71
901.6 , 732.48
894.82 , 747.25
886.23 , 761.35
876.53 , 775.05
865.18 , 788.16
851.73 , 798.6
836.83 , 805.07
820.86 , 809.11
804.56 , 812.35
787.03 , 811.62
771.38 , 807.01
757.15 , 798.77
743.98 , 787.6
733.17 , 774.3
723.48 , 760.6
714.98 , 748.6
728.36 , 745.35
741.56 , 741.78
755.13 , 738.95
769.78 , 739.35
783.83 , 741.2
798.46 , 741.85
812.31 , 739.62
825.08 , 735.25
837.86 , 730.88
851.15 , 727.42
864.86 , 724.86
878.81 , 722.85
892.55 , 720.32
893.41 , 731.93
882.46 , 741.38
870.86 , 749.01
859.03 , 756.06
846.86 , 762.23
834.06 , 766.58
820.93 , 770.34
807.21 , 772.85
792.63 , 773.59
778.4 , 772.1
765.28 , 768.39
752.56 , 763.92
739.75 , 759.61
727.15 , 754.78
820.25 , 501.22
825.88 , 492.32
833.23 , 484
841.3 , 475.92
849.98 , 469.49
859.42 , 465.2
869.35 , 462.2
879.58 , 459.69
890.12 , 457.94
901.42 , 458.22
910.87 , 462.59
909.89 , 472.97
901.17 , 479.22
892 , 484.22
882.05 , 487.22
871.73 , 489.49
861.62 , 492.22
851.4 , 494.73
840.98 , 496.72
831.42 , 500.71
690.75 , 520.13
680.9 , 515.47
670.12 , 512.97
658.43 , 512.44
647.18 , 513.98
636.7 , 517
626.58 , 520.73
616.43 , 524.41
606.38 , 528.45
597.01 , 534.33
589.85 , 543.22
600.73 , 540.98
612.08 , 539.72
624.03 , 539.72
635.75 , 539.22
647.35 , 538.47
658.83 , 537.47
669.6 , 534.97
680.35 , 532.47
691.13 , 529.97
791.25 , 468.83
795.23 , 449.88
808.13 , 434.45
824.23 , 423.34
840.92 , 413.89
858.12 , 405.71
875.62 , 398.61
893.8 , 393.04
913.02 , 389.57
933.45 , 389.58
952.12 , 394.11
948.72 , 404.58
928.65 , 403.83
909.33 , 407.02
891.77 , 414.08
875.2 , 423.86
859.15 , 434.96
842.9 , 445.58
826.73 , 456.36
810.3 , 466.58
682.3 , 486.08
668.89 , 476.6
652.97 , 473.33
636.07 , 474.58
618.92 , 473.83
601.54 , 473.58
584.27 , 473.08
567.49 , 474.56
552.79 , 480.46
540.35 , 492.65
532.94 , 506.83
547.07 , 499.23
560.29 , 489.21
576.27 , 486.09
592.69 , 488.33
609.37 , 490.08
625.29 , 493.36
641.22 , 496.58
657.42 , 499.31
674.77 , 499.58
