2415425614_1
251.34 , 497.8
260.29 , 511.76
270.23 , 526.43
283.13 , 539.5
294.45 , 551.96
305.17 , 564.71
319.68 , 577.36
334.2 , 587.27
347.4 , 597.42
360.93 , 608.87
375.52 , 619.45
388.84 , 630.92
400.81 , 643.1
414.27 , 654.18
431.18 , 660.93
449.22 , 661.15
465.2 , 658.3
482.62 , 654.97
497.55 , 645.12
511.92 , 635.43
523.96 , 621.14
533.58 , 608.34
545.34 , 593.23
556.17 , 580.43
567.15 , 566.46
573.89 , 550.73
580.44 , 533.53
588.38 , 517.55
594.38 , 501.92
600 , 484.41
603.61 , 467.16
606.66 , 450.42
609.26 , 432.4
610.02 , 414.68
609.34 , 397.15
607.72 , 380.37
604.62 , 362.6
602.82 , 344.94
602.2 , 327.9
601.67 , 310.86
599.85 , 292
331.5 , 497.6
331.73 , 511.26
331.37 , 525.92
333.05 , 539.91
341.65 , 550.97
354.94 , 556.58
369.07 , 558.87
382.54 , 559.02
395.98 , 552.69
406.58 , 544.79
420.13 , 537.55
429.26 , 527.9
433.79 , 514.96
432.15 , 500.04
425.81 , 488.09
413.17 , 481.53
404 , 470
357.2 , 579.44
367.45 , 581.69
378.07 , 583.19
388.7 , 584.69
399.7 , 585.44
410.57 , 584.44
420.95 , 582.44
430.88 , 579.51
440.7 , 576.44
450.25 , 572.66
459.85 , 569.04
469.15 , 564.48
478.48 , 559.93
489.35 , 558.94
482.3 , 566.37
473.8 , 573.09
465.5 , 580.39
457.65 , 588.5
449.23 , 595.43
440.48 , 601.43
431.25 , 606.18
421.38 , 609.2
410.73 , 610.69
399.62 , 610.19
389.4 , 607.89
380.3 , 602.78
372.45 , 594.69
365.7 , 586.19
364.2 , 583.44
372.9 , 585.71
381.47 , 588.19
390.57 , 589.69
400.05 , 590.44
409 , 588.7
418.23 , 587.44
426.98 , 585.18
435.43 , 582.46
444.18 , 580.21
452.27 , 576.38
460.3 , 572.35
468.32 , 568.32
476.57 , 565.06
483.64 , 560.71
476 , 565.68
467.98 , 569.68
459.95 , 573.69
451.93 , 577.71
443.88 , 581.75
435.43 , 584.46
426.98 , 587.18
418.35 , 589.69
409.38 , 591.44
399.57 , 591.44
390.23 , 590.44
381 , 589.18
372.42 , 586.7
390.23 , 383.57
394.99 , 375.5
399.14 , 367.14
406.43 , 360.13
414.61 , 355.57
423.08 , 351.82
432.23 , 349.57
441.93 , 348.57
451.91 , 349.07
461.38 , 350.57
470.62 , 352.55
465.63 , 360.39
460.1 , 368.22
453.96 , 375.85
446.13 , 381.33
437.78 , 385.53
428.33 , 387.07
418.61 , 388.07
408.66 , 387.57
399.06 , 386.31
299.14 , 407.68
293.12 , 401.55
286.19 , 397.55
279.05 , 394.03
270.82 , 393.05
262.22 , 393.3
254.25 , 394.79
246.94 , 397.81
240 , 401.78
233.63 , 407.37
228.97 , 414.05
235.15 , 420.22
241.79 , 425.06
249.17 , 427.81
257.5 , 428.55
265.85 , 427.79
273.47 , 425.55
280.6 , 421.96
287.55 , 417.99
294.64 , 414.39
337.44 , 361.95
345.19 , 345.45
358.11 , 330.78
372.69 , 317.7
387.17 , 304.22
401.81 , 291.3
417.47 , 281.19
434.24 , 274.17
452.74 , 270.96
472.34 , 271.45
490.19 , 275.95
481.69 , 287.95
462.44 , 289.7
444.01 , 293.14
427.54 , 301.1
412.24 , 312.17
397.71 , 325.42
383.51 , 339.62
369.86 , 354.02
355.09 , 366.72
273.35 , 379.46
264.98 , 373.45
255.12 , 371.2
244.85 , 369.81
234.82 , 367.99
224.9 , 365.87
215.4 , 362.96
205.55 , 360.71
195.1 , 359.72
185.5 , 362.46
179.25 , 370.71
184.57 , 379.33
195.2 , 379.96
205.53 , 378.71
216.47 , 378.71
226.93 , 379.71
236.9 , 381.68
246.75 , 383.96
256.73 , 385.96
267.42 , 386.46
