241618266_1
309.84 , 481.05
312.63 , 495.97
315.17 , 511.05
318.15 , 526.85
322.14 , 540.8
327.72 , 556.39
333.33 , 571.08
340.73 , 583.29
350.6 , 595.45
361.71 , 606.19
375.31 , 615.92
387.33 , 624.99
399.87 , 634.94
412.12 , 642.71
426.18 , 650
440.87 , 655.86
455.44 , 662.23
468.47 , 669.98
481.76 , 677.4
495.48 , 684.49
510.87 , 690.95
524.82 , 693.19
541.81 , 693.19
556.61 , 690.4
570.12 , 684.2
583.68 , 674.76
595.39 , 664.22
605.1 , 652.15
614 , 640.09
623.48 , 628.81
635.23 , 617.41
646.36 , 606.71
656.26 , 594.85
663.32 , 581.28
668.83 , 565.61
672.68 , 550.68
675.02 , 535.34
676.59 , 520.08
677.3 , 504.87
677.51 , 489.57
677.22 , 472.88
528.3 , 475.6
526.95 , 488.76
519.22 , 499.91
511.4 , 510.16
511.37 , 523.51
518.46 , 534.13
530.99 , 538.49
544.14 , 535.71
558.62 , 535.49
571.49 , 536.19
585.07 , 536.64
596.27 , 529.6
605.78 , 520.62
608.52 , 507.12
603.52 , 494.18
597.32 , 482.44
590.44 , 470.4
485.8 , 587.82
496.15 , 587.07
506.75 , 586.82
516.62 , 585.07
525.85 , 582.05
534.92 , 578.7
544.35 , 576.03
554.85 , 575.57
563.83 , 579.33
572.85 , 576.28
582.75 , 574.56
592.67 , 576.19
602.62 , 577.85
612.67 , 579.2
606.71 , 585.94
601.31 , 594.3
595.7 , 602.39
587.53 , 608.33
578.65 , 612.47
568.95 , 614.58
558.83 , 615.82
548.25 , 615.53
538.5 , 613.53
529 , 611.03
519.85 , 607.85
511.08 , 603.59
502.43 , 598.91
494 , 593.75
499.05 , 592.32
506.82 , 592.32
513.77 , 594.07
520.95 , 595.31
528.6 , 595.57
536.25 , 595.32
543.8 , 594.82
551.33 , 594.32
559 , 594.07
566.42 , 593.32
573.7 , 592.32
580.77 , 590.82
587.42 , 588.6
594 , 586.06
600.93 , 584.79
594.12 , 586.84
587.58 , 589.33
580.77 , 591.32
573.83 , 593.07
566.4 , 593.82
558.75 , 594.07
551.23 , 594.57
543.67 , 595.07
536.25 , 595.82
528.48 , 595.82
520.7 , 595.82
513.4 , 594.82
506.1 , 593.82
583.14 , 411.59
585.14 , 404.84
590.21 , 399.25
596.06 , 394.9
602.51 , 392.21
608.94 , 389.55
615.87 , 387.84
623.41 , 387.61
630.24 , 389.44
636.51 , 392.72
642.13 , 397.46
644.7 , 403.79
639.16 , 409.08
632.66 , 411.58
625.94 , 413.59
618.84 , 414.84
611.49 , 415.59
603.89 , 415.84
596.19 , 415.84
588.72 , 415.9
488.49 , 419.31
481.96 , 415.18
475.29 , 411.46
468.06 , 409.19
460.19 , 408.19
452.09 , 408.69
444.51 , 410.26
437.44 , 412.85
430.79 , 416.74
424.49 , 421.54
419.34 , 427.69
426.41 , 430.21
433.94 , 431.93
441.79 , 432.94
449.89 , 433.44
457.76 , 432.42
465.51 , 431.17
473.12 , 429.67
480.37 , 427.45
488.11 , 426.17
573.41 , 367.32
577.42 , 357.79
585.74 , 350.32
595.16 , 345.82
605.28 , 343.05
615.53 , 340.57
625.31 , 337.16
635.74 , 335.04
646.96 , 335.57
656.61 , 339.31
663.34 , 347.72
665.06 , 357.07
655.41 , 353.32
645.13 , 350.82
634.41 , 352.32
624.23 , 355
614.43 , 358.3
604.81 , 362.04
594.84 , 365.07
584.46 , 367.32
510.2 , 368.35
495.55 , 360.66
478.9 , 357.66
461.03 , 358.16
443.98 , 360.44
427.2 , 363.16
411.43 , 367.91
396.23 , 373.97
381.53 , 381.67
367.35 , 390.64
353.05 , 399.16
370.2 , 401.16
387.98 , 400.41
403.73 , 395.69
418.73 , 388.92
434.2 , 383.63
450.98 , 380.94
468.98 , 380.66
486.6 , 381.66
504.48 , 381.16
