2417379685_1
111.01 , 603.61
110.75 , 622.46
111.07 , 641.11
113.75 , 659.41
119.35 , 677.18
126.55 , 694.4
134.83 , 713.43
143.4 , 730.04
153.56 , 745.72
164.64 , 760.62
177.2 , 774.99
191.11 , 787.6
207.11 , 797.75
224.07 , 806.93
241.23 , 815.85
258.83 , 823.34
276.6 , 828.81
295.6 , 834.27
314.32 , 838.99
332.85 , 843.36
351.7 , 845.72
370.02 , 844.91
388.24 , 841.47
406.21 , 834.96
422.49 , 824.34
434.91 , 810.64
446.12 , 795.42
457.69 , 779.83
468.99 , 765.11
481.47 , 749.57
493.67 , 734.25
504.53 , 720.34
514.91 , 704
522.94 , 686.63
529.57 , 667.82
532.75 , 649.72
532.94 , 630.32
532.1 , 610.89
530.87 , 592.96
528.81 , 573.51
526.39 , 553.9
309.9 , 568.05
302.6 , 582.69
293.24 , 594.98
289.19 , 612
298.46 , 625.79
314.64 , 628.05
330.38 , 627.72
344.35 , 638.05
357.4 , 647.6
373 , 644.75
386.35 , 633.6
396.62 , 620.26
412.58 , 615.76
417.75 , 601.84
409.13 , 587.8
395.09 , 578.25
385.4 , 563.9
242.25 , 681.93
257.18 , 674.66
274.23 , 672.18
292 , 671.18
310.25 , 671.18
328.52 , 671.18
345.57 , 673.67
363.6 , 674.18
379.93 , 670.2
395.48 , 664.67
411.68 , 660.43
428.85 , 658.15
446 , 655.93
447.01 , 672.36
440.01 , 687.4
431.87 , 702.08
420.4 , 715.43
406.88 , 726.69
392.43 , 735.24
377.02 , 741.16
360.23 , 744.18
342.48 , 743.16
325.52 , 740.45
309.68 , 735.61
294.8 , 727.98
281.02 , 717.46
267.4 , 706.59
253.9 , 695.33
257.5 , 680.18
271.93 , 682.43
286.4 , 684.68
301.45 , 683.68
316.75 , 683.18
332.18 , 682.93
347.35 , 682.18
362.27 , 680.93
376.73 , 678.68
390.8 , 675.64
404.7 , 672.18
418.55 , 668.69
432 , 664.43
446.07 , 661.44
440.35 , 672.56
428.7 , 681.75
416.68 , 689.78
404.5 , 697.43
391.98 , 704.2
378.77 , 708.91
364.93 , 712.43
350 , 713.68
334.82 , 712.92
320.25 , 710.93
305.8 , 708.7
291.95 , 705.13
279.23 , 698.91
266.86 , 691.77
391.1 , 498.14
395.57 , 491.92
401.48 , 486.52
407.73 , 482.05
414.03 , 477.7
420.73 , 474.36
427.8 , 472.18
435.45 , 471.15
443.28 , 471.89
450.7 , 473.42
457.32 , 476.88
457.97 , 484.11
450.55 , 485.68
443.1 , 487.14
435.62 , 488.64
428.2 , 490.14
420.62 , 491.39
412.8 , 492.14
404.75 , 492.37
397.75 , 494.73
282.78 , 509.81
281.83 , 503.94
275.11 , 499.43
267.93 , 496.01
260.5 , 493.31
252.63 , 491.56
244.16 , 491.06
235.85 , 491.94
227.88 , 493.4
220.38 , 495.9
213.71 , 500.59
207.73 , 506.81
215.98 , 507.81
223.95 , 509.31
232.08 , 510.59
240.43 , 511.31
249.13 , 511.31
257.86 , 511.31
266.23 , 510.56
274.43 , 509.55
374.79 , 455.06
378.64 , 444.81
389.02 , 441.08
399.34 , 437.28
409.39 , 432.55
419.47 , 427.88
430.04 , 424.56
442.12 , 424.31
453.82 , 425.33
464.54 , 428.31
474.06 , 434.34
473.84 , 443.55
462.62 , 441.56
450.89 , 440.56
438.94 , 440.55
427.67 , 442.43
417.32 , 446.29
407.07 , 450.3
396.79 , 454.31
385.87 , 457.05
284.56 , 457.46
273.88 , 449.22
261.99 , 444.44
249.24 , 441.46
235.41 , 440.68
222.13 , 442.64
209.76 , 446.26
197.99 , 451.47
186.44 , 457.37
175.06 , 463.71
164.06 , 470.96
176.91 , 473.7
189.28 , 469.98
201.76 , 466.5
214.76 , 464
228.44 , 462.96
242.51 , 463.21
255.76 , 465.17
268.59 , 467.98
282.18 , 469.21
