2418314368_1
670.65 , 868.95
677.04 , 894.43
684.41 , 922.66
692.06 , 947.71
702.6 , 974.84
714.14 , 1001.72
725.79 , 1025.27
740.34 , 1050.57
756.4 , 1074.74
772.26 , 1095.45
791.27 , 1117.52
809.44 , 1139.65
827.2 , 1160.74
846.56 , 1180.21
868.34 , 1198.39
892.29 , 1214.13
917.84 , 1227.05
941.64 , 1237.8
969.49 , 1248.87
994.11 , 1257.89
1023.08 , 1266.67
1048.72 , 1269.11
1078.51 , 1263.82
1103.92 , 1256.39
1129.59 , 1243.58
1152.01 , 1226.85
1171.51 , 1205.92
1187.25 , 1184.24
1202.16 , 1159.26
1216.55 , 1135.34
1232.23 , 1111
1246.3 , 1086.27
1257.76 , 1060.89
1266.86 , 1036
1275.1 , 1007.46
1280.49 , 981.11
1285.12 , 951.85
1288.02 , 925.38
1291.96 , 896.27
1296.62 , 869.78
1301.5 , 840.44
960.2 , 849.45
954.83 , 872.98
952.55 , 896.45
945.14 , 920.5
943.56 , 942.85
956.52 , 964.83
977.67 , 977.9
1000.65 , 985.28
1025.46 , 985.72
1047.55 , 981.51
1071.47 , 971.76
1086.38 , 954.18
1103.96 , 936.27
1105.3 , 912.63
1096.18 , 890.6
1092.63 , 865.91
1084.89 , 841.39
919.5 , 1071.04
934.25 , 1058.54
950.9 , 1051.26
968.17 , 1045.77
985.25 , 1039.79
1002.23 , 1033.54
1021.9 , 1032.79
1040.95 , 1034.81
1057.12 , 1026.17
1074.83 , 1021.26
1093.78 , 1019.04
1112.95 , 1020.79
1130.15 , 1026.45
1145.39 , 1037.67
1142.4 , 1056.16
1128.41 , 1070.39
1116.83 , 1085.46
1105.2 , 1100.55
1088.78 , 1108.53
1071.7 , 1114.53
1053.8 , 1119.04
1034.97 , 1121.54
1015.2 , 1122.04
996.62 , 1119.07
979.55 , 1113.07
962.88 , 1105.91
946.62 , 1097.41
931.48 , 1086.02
935.5 , 1069.54
948.77 , 1066.54
962.45 , 1064.29
976.6 , 1063.04
990.38 , 1061.04
1004.52 , 1059.79
1019.17 , 1059.54
1033.8 , 1059.79
1047.7 , 1058.04
1060.33 , 1053.72
1072.55 , 1048.26
1085.62 , 1044.81
1099.42 , 1042.77
1114.17 , 1042.79
1125.78 , 1046.28
1113.65 , 1052.05
1101.15 , 1056.64
1087.62 , 1059.17
1074.4 , 1062.38
1061.88 , 1066.91
1049.03 , 1070.79
1035.38 , 1073.04
1020.98 , 1073.79
1006.23 , 1073.79
991.7 , 1074.29
977.2 , 1074.79
962.8 , 1074.04
948.52 , 1073.04
1076.3 , 741.78
1083.27 , 728.8
1092.24 , 716.58
1103.72 , 705.36
1116.55 , 698.03
1130.22 , 693.02
1144.75 , 689.78
1160.5 , 689.03
1175.12 , 692.01
1188.7 , 697.27
1201.42 , 704.88
1209.3 , 717.53
1197.85 , 728.72
1185 , 736.04
1170.97 , 740.27
1155.85 , 742.28
1139.88 , 742.53
1124.02 , 742.03
1108.27 , 741.28
1092.17 , 741.28
922.25 , 762.46
918.19 , 747.48
904.72 , 737.44
890.42 , 729.72
875.64 , 723.44
860.67 , 717.67
844.02 , 715.43
827 , 716.91
811.79 , 722
797.64 , 730.15
786.94 , 743.33
781.62 , 758.43
794.05 , 770.88
809.07 , 776.39
825.47 , 779.21
842.47 , 780.68
859.37 , 778.93
875.25 , 775.06
890.55 , 770.21
907.1 , 767.67
1024.7 , 672.86
1041.76 , 652.31
1064.08 , 639.98
1088.05 , 632.27
1112.15 , 624.84
1136.35 , 617.58
1160.6 , 610.45
1185.33 , 604.13
1212.03 , 603.86
1236.08 , 611.49
1257.55 , 625.98
1245.38 , 636.08
1220.68 , 629.86
1193.88 , 630.36
1169.3 , 637.01
1145.62 , 645.34
1121.6 , 652.83
1097.53 , 660.38
1073.93 , 668.87
1050.43 , 677.1
930.23 , 668.5
909.15 , 657.24
886.38 , 650.52
862.07 , 646.77
836.47 , 645.7
811.05 , 644.27
785.65 , 642.74
760.67 , 645.14
738.67 , 653.65
719.82 , 670.69
710.05 , 692.27
730.9 , 681.43
752.47 , 671.53
776.17 , 666.51
801.67 , 667.27
826.72 , 669.53
851.15 , 673.01
875.2 , 677.28
899.02 , 682
923.55 , 685.27
