2421887901_1
505.64 , 660.94
506.63 , 680.14
509.5 , 701.91
513.25 , 721.55
518.03 , 741.75
522.8 , 761.1
526.8 , 783.12
534.53 , 800.27
542.7 , 819.86
553.91 , 836.86
563.21 , 855.26
574.97 , 873.42
587.14 , 891.27
602.28 , 904.4
619.57 , 913.85
638.43 , 924.02
658.12 , 930.76
677.69 , 931.85
698.42 , 933.07
719.64 , 936.21
740.35 , 934.29
761.01 , 933.09
782.69 , 931.11
800.89 , 923.2
819.3 , 915.22
837.25 , 905.21
853.82 , 892.18
869.96 , 878.24
885.66 , 863.8
898.97 , 848.51
909.37 , 831.17
917.64 , 812.54
922.25 , 792.58
927.08 , 772.19
931.54 , 751.11
932.83 , 730.74
934.75 , 710.31
935.3 , 688.7
933.76 , 669.65
932.73 , 648.49
930.75 , 626.6
671.31 , 630.78
659.18 , 647.05
647.67 , 663.21
634.53 , 680.64
624.62 , 696.64
632.02 , 715.71
650.97 , 723.84
671.3 , 724.05
691.81 , 724.33
713.54 , 722.89
733.17 , 721.43
753.16 , 718.28
772.46 , 709.79
778.78 , 691.53
770.99 , 671.31
762.38 , 653.3
753.44 , 633.05
650.18 , 793.86
658.15 , 785.87
669.05 , 785.11
680.23 , 784.86
690.8 , 783.36
700.9 , 780.86
711.83 , 780.11
723 , 780.36
733.68 , 779.11
744.13 , 777.35
755.3 , 777.11
765.98 , 778.36
776.55 , 779.89
786.08 , 783.6
788.2 , 793.1
779.36 , 798.68
770.25 , 803.59
761.2 , 808.59
751.61 , 812.1
741.28 , 814.11
730.36 , 814.86
719.18 , 815.11
708 , 815.36
697.11 , 814.54
687.15 , 811.84
677.65 , 808.12
668.36 , 803.8
659.15 , 799.08
664.43 , 789.61
672.35 , 788.36
680.43 , 789.36
688.48 , 790.36
696.55 , 791.36
705.1 , 791.36
713.65 , 791.36
722.2 , 791.36
730.28 , 790.35
738.1 , 788.86
745.53 , 786.61
753.25 , 784.86
761.55 , 785.36
770.11 , 785.36
778.66 , 785.36
770.53 , 786.11
762.08 , 785.86
753.9 , 786.61
745.83 , 787.62
738 , 789.1
730.3 , 790.85
722.13 , 791.61
713.58 , 791.61
705.13 , 791.86
696.83 , 791.36
688.65 , 792.11
680.45 , 791.36
672.88 , 789.37
765.35 , 580.41
770.95 , 573.81
777.58 , 568.19
784.52 , 563.51
791.68 , 559.4
799.3 , 556.65
807.8 , 555.66
816.52 , 556.16
824.68 , 557.89
832.12 , 561.17
838.82 , 566.61
837.07 , 574.71
830.58 , 580.67
823.18 , 584.18
815.45 , 586.68
806.83 , 587.41
798.23 , 586.66
789.6 , 585.91
781.23 , 584.65
773.2 , 582.66
652.55 , 581.17
646.16 , 575.53
639.12 , 571.62
631.69 , 568.83
624.01 , 566.62
615.72 , 565.62
607.57 , 566.84
600.16 , 569.69
593.16 , 573.7
586.62 , 578.97
581.74 , 585.62
588.74 , 589.62
595.82 , 593.38
603.34 , 595.9
611.76 , 596.62
620.51 , 596.62
628.94 , 595.87
636.87 , 594.13
644.79 , 592.37
652.16 , 589.44
754.87 , 529.14
761.9 , 515.87
772.75 , 503.99
786.22 , 497.3
800.89 , 493.64
816 , 490.89
830.64 , 487.13
846.95 , 487.37
860.3 , 494.3
872.1 , 505.36
882.07 , 517.59
890.73 , 530.26
876.12 , 533.39
862.47 , 527.42
848.42 , 522.64
832.94 , 520.64
817.12 , 521.89
801.55 , 523.64
786.07 , 525.64
771.32 , 529.14
641.7 , 543.61
640.27 , 531.59
630.05 , 523.58
618.17 , 520.1
604.65 , 519.84
592.12 , 517.59
579.7 , 515.1
566.42 , 514.35
554.02 , 516.83
543.07 , 522.85
535.26 , 533.15
532.82 , 545.6
543.52 , 551.55
554.8 , 546.62
566.64 , 543.03
578.67 , 539.76
591.39 , 537.82
604.3 , 539.35
616.67 , 541.94
628.92 , 544.83
