2422195369_1
707.25 , 1216.29
710.29 , 1251.21
714.58 , 1289.71
718.5 , 1323.83
729.58 , 1361
735.68 , 1395.47
742.53 , 1433.72
750.7 , 1470.16
759.37 , 1504.16
771.13 , 1539.07
786.01 , 1574.92
803.24 , 1604.06
829.43 , 1633.36
856.61 , 1658.92
887.85 , 1677
925.23 , 1681.27
962.02 , 1675.78
995.21 , 1664.56
1028.47 , 1652.52
1068.19 , 1649.03
1102.69 , 1647.78
1140.46 , 1655.5
1173.19 , 1668.35
1211.29 , 1672
1248.78 , 1673.51
1283.32 , 1671.04
1321.41 , 1662.29
1353.54 , 1649.69
1386.66 , 1631.09
1417.46 , 1608.32
1440.59 , 1582.69
1460.92 , 1549.91
1475.92 , 1514.82
1489.32 , 1480.24
1500.99 , 1444.93
1513.24 , 1411.7
1526.3 , 1378.8
1538.06 , 1343.66
1545.57 , 1307.17
1554.13 , 1270.85
1559 , 1231.85
1036.8 , 1142.64
1022.5 , 1163.36
1010.87 , 1190.1
1009.2 , 1216.3
1017.95 , 1242.2
1042.61 , 1252.5
1069.5 , 1251.05
1094.36 , 1244.74
1121.23 , 1244
1150 , 1247.85
1175.45 , 1252.99
1201.81 , 1259.67
1223.6 , 1242.2
1233.64 , 1219.25
1228.78 , 1193.27
1214.36 , 1167.53
1199.5 , 1144.35
951.75 , 1397.97
968.42 , 1378.3
988.8 , 1363.44
1009.8 , 1350.43
1031.65 , 1339.57
1054.4 , 1331.56
1079.75 , 1328.72
1104.78 , 1332.22
1130.9 , 1333.47
1155.08 , 1328.15
1178.15 , 1335.12
1200.45 , 1344.46
1222.17 , 1355.65
1242.4 , 1370.97
1260.57 , 1390.05
1259.2 , 1415.5
1236.8 , 1424.42
1214.22 , 1432.99
1191.35 , 1440.74
1167.15 , 1445.98
1141.65 , 1448.47
1115.15 , 1447.97
1089.28 , 1446.23
1065.22 , 1440.7
1040.92 , 1435.65
1018.17 , 1427.65
995.48 , 1419.48
973.4 , 1409.38
969.75 , 1400.72
988.7 , 1394.7
1008.27 , 1389.71
1028.17 , 1385.45
1049.9 , 1384.97
1071.6 , 1385.47
1093.2 , 1386.22
1115.17 , 1386.22
1136.15 , 1384.23
1157.62 , 1385.22
1178.62 , 1387.25
1199.75 , 1388.97
1219.75 , 1392.97
1239.2 , 1398.18
1256.15 , 1401.94
1237.4 , 1395.49
1218.08 , 1390.04
1197.25 , 1387.72
1176.03 , 1386.23
1155.15 , 1383.97
1133.92 , 1382.47
1112.58 , 1383.72
1091.1 , 1384.72
1069.97 , 1382.97
1048.62 , 1381.72
1026.9 , 1382.23
1006.27 , 1384.96
987.45 , 1391.26
1229.1 , 1050.4
1241.67 , 1042.11
1254.88 , 1035.38
1269.02 , 1031.17
1283.97 , 1028.53
1299.9 , 1027.9
1315.4 , 1029.42
1330.05 , 1032.66
1343.82 , 1037.63
1357.05 , 1044.36
1369.7 , 1052.47
1366.4 , 1064.4
1350.55 , 1065.15
1334.82 , 1066.15
1318.85 , 1066.15
1303.47 , 1064.38
1288.52 , 1061.83
1273.35 , 1059.65
1257.88 , 1058.15
1242.5 , 1056.42
1013.83 , 1050.85
1013.91 , 1036.94
998.66 , 1030.6
982.38 , 1026.6
965.38 , 1024.1
947.53 , 1023.85
930.31 , 1025.85
913.81 , 1029.35
898.41 , 1035.09
883.56 , 1042.6
869.38 , 1051.78
856.06 , 1063.35
873.66 , 1062.1
890.53 , 1059.35
908.13 , 1058.1
925.86 , 1057.1
943.23 , 1055.42
960.56 , 1053.6
977.91 , 1051.84
995.88 , 1051.35
1168.18 , 939.18
1186.11 , 912.73
1214.53 , 900.59
1245.23 , 893.14
1277.26 , 888.43
1310.58 , 886.43
1343.91 , 887.93
1374.96 , 894.7
1403.68 , 906.93
1430.31 , 924.59
1453.94 , 947.75
1441.26 , 959.72
1413.88 , 944.15
1384.81 , 933.15
1353.18 , 927.68
1319.51 , 927.9
1288.11 , 933.95
1257.83 , 942.18
1227.56 , 950.43
1195.68 , 954.43
1040.54 , 943.37
1030.76 , 911.52
1001.04 , 892.47
967.77 , 882.72
930.39 , 881.74
895.47 , 888.2
861.47 , 896.71
831.02 , 913.93
802.02 , 935.15
776.74 , 962.64
761.32 , 993.85
753.69 , 1028.22
780.46 , 1002.69
802.25 , 973.92
830.64 , 951.04
862.47 , 937.96
897.92 , 932.49
935.62 , 933.22
970.92 , 938.97
1004.82 , 947.74
