2423457666_1
385 , 899.25
396.56 , 923.42
408.43 , 947.47
422.34 , 973.27
436.59 , 995.91
452.2 , 1018.31
469.29 , 1039.17
489.98 , 1060.28
509.8 , 1077.51
532.67 , 1095.07
556.02 , 1109.78
580.41 , 1120.37
604.57 , 1134.61
627.55 , 1149.84
649.86 , 1163.4
673.6 , 1178.03
698.39 , 1192.19
724.26 , 1199.55
752.72 , 1201.22
781.22 , 1198.71
804.86 , 1189.11
827.79 , 1174.44
851.08 , 1156
868.07 , 1134.78
881.48 , 1111.36
895.1 , 1088.14
908.6 , 1061.17
920.04 , 1036.14
930.5 , 1012.15
941.02 , 986.32
951.66 , 960.94
961.87 , 934.91
968.39 , 907.1
973.59 , 880.94
975.21 , 852.38
973.28 , 824.91
970.92 , 799.02
967.82 , 770.61
963.6 , 742.32
959.73 , 716.84
953.39 , 687.65
560.2 , 841.5
564.55 , 862.8
558.34 , 886.2
557.6 , 909.35
572.6 , 925.27
595.36 , 927.62
619.62 , 931.73
642.47 , 935.48
664.51 , 926.49
674.68 , 906.01
686.35 , 885.85
705.6 , 870.46
721.55 , 852.8
720.04 , 830.66
700.8 , 819.38
678.05 , 811.5
663.25 , 792.8
559.05 , 994.19
582.22 , 985.17
606.1 , 977.67
630.12 , 970.41
654.47 , 963.76
679.15 , 957.6
702.25 , 948.2
724.75 , 936.73
747.3 , 925.44
770.17 , 915.19
793.42 , 906.19
817.75 , 899.44
837.58 , 914.62
830.8 , 938.94
823.8 , 963.12
816.56 , 987.14
807.58 , 1010.41
793.42 , 1031.82
773.7 , 1050.76
752.22 , 1064.76
729.67 , 1076.06
706.27 , 1084.69
680.38 , 1088.22
655.32 , 1082.95
633.42 , 1070.06
612.85 , 1053.49
592.92 , 1035.07
573.96 , 1015.37
585.8 , 993.94
606.02 , 991.69
625.77 , 988.44
645.4 , 984.91
664.57 , 980.43
682.88 , 974.37
700.45 , 966.2
717.17 , 955.78
733.9 , 945.31
750.55 , 934.69
767.27 , 924.2
784.27 , 914.46
802.77 , 908.7
816.78 , 921.46
807.92 , 938.82
799.04 , 956.22
788.75 , 972.99
776.8 , 989.19
763.2 , 1004.79
747.92 , 1019.32
730.85 , 1028.89
712.55 , 1034.94
693.02 , 1038.69
672.07 , 1039.44
652.22 , 1036.37
634.07 , 1029.96
616.88 , 1020.73
600.52 , 1009.16
657.1 , 695.71
663.26 , 685.04
671.88 , 675.19
678.22 , 664.56
685.15 , 654.13
694.5 , 644.57
705.05 , 637.98
716.27 , 633.28
728.73 , 631.22
741.95 , 631.71
753.72 , 635.09
756.2 , 646.86
746.5 , 655.83
736.3 , 663.47
725.48 , 669.33
714.3 , 674.25
702.67 , 677.93
690.8 , 681.19
678.98 , 684.59
668.12 , 690.44
512.38 , 736.18
502.15 , 732.93
491.73 , 730.03
480.83 , 728.18
469.03 , 728.28
458.2 , 730.36
448.06 , 733.69
438.58 , 738.99
429.88 , 746.43
423.72 , 755.58
418.88 , 765.18
429.33 , 767.69
441.15 , 767.68
452.38 , 766.43
463.2 , 764.36
473.58 , 761.43
483.43 , 757.14
493.18 , 752.64
503.4 , 749.41
513.3 , 745.41
592.9 , 654.46
596.45 , 629.62
616.7 , 614.95
636.77 , 599.81
657.67 , 586.93
679.12 , 575.47
700.8 , 564.55
723.3 , 556.18
748.27 , 552.99
773.25 , 555.21
796.72 , 561.49
788.32 , 575.99
762.85 , 578.21
738.77 , 583.34
716.72 , 592.94
695.8 , 605.59
675.25 , 619.46
655.2 , 634.67
634.47 , 647.91
614.7 , 663.47
513.79 , 706.42
505.87 , 688.92
486.67 , 683.45
464.87 , 683.7
444.04 , 685.92
424.06 , 689.92
404.09 , 693.93
384.34 , 698.43
365.56 , 704.82
348.57 , 716.06
338.44 , 733.45
339.42 , 754.89
358.29 , 748.86
375.99 , 739.44
393.92 , 730.47
412.44 , 723.45
431.67 , 717.95
451.76 , 714.21
472.84 , 712.45
494.04 , 710.95
