2425803315_1
412.25 , 574.8
414.15 , 591.35
417.29 , 608.76
422.17 , 626.65
427.56 , 643.41
432.47 , 659.91
438.7 , 677.32
446.08 , 693.66
453.19 , 709.63
460.72 , 725.39
470.49 , 741.09
482.5 , 754.38
495.24 , 766.24
510.7 , 775.62
527 , 784.58
539.63 , 795.42
554.71 , 806.4
570.87 , 814.85
587.37 , 820.71
604.46 , 823.35
623.32 , 822.98
639.94 , 820.53
657.88 , 815.14
673.31 , 807.99
689.61 , 798.67
703.68 , 789.03
717.79 , 778.1
731.74 , 766.06
743.6 , 754.35
756.99 , 741.75
769.77 , 729.58
781.45 , 716.28
791.32 , 700.62
798.4 , 684.16
803.28 , 667.14
807.72 , 650.94
812.64 , 632.36
817.54 , 615.94
822.33 , 599.41
823.62 , 581.5
826.95 , 562.4
609.65 , 562.6
600.69 , 574.93
589.25 , 584.82
579.19 , 598.35
577.25 , 613.6
583.74 , 626.53
599.9 , 628.8
614.85 , 629.5
631.8 , 630.85
647.69 , 632.39
661.38 , 637.04
677.6 , 639.15
689.69 , 629.4
691.19 , 614.3
685.21 , 599.21
676.69 , 585.94
670.19 , 570.9
552.25 , 705.62
562.08 , 697.8
571.98 , 690.15
582.17 , 683.43
593.1 , 678.59
604.67 , 675.35
617.83 , 675.37
629.25 , 678.87
641.7 , 680.37
654 , 678.62
665.1 , 682.88
674.7 , 691.32
684 , 700.62
691.49 , 710.6
694.92 , 721.95
687.64 , 731.99
677.67 , 739.46
667.42 , 746.13
656.3 , 750.37
644 , 752.12
631.2 , 752.87
618.42 , 752.12
606.1 , 750.4
594.52 , 747.11
583.67 , 742.06
573.2 , 736.06
563.88 , 726.77
557.87 , 716.27
568.75 , 708.12
575.25 , 703.37
582.25 , 699.87
589.42 , 696.94
597.02 , 694.86
604.98 , 693.62
613.08 , 694.61
620.92 , 696.05
628.5 , 698.12
636.48 , 699.35
644.8 , 698.87
653.02 , 699.62
660.4 , 702.03
667.48 , 705.36
674.15 , 709.74
674.55 , 715.91
666.35 , 715.12
658.02 , 714.62
649.58 , 714.37
641.12 , 714.62
632.62 , 714.49
624.62 , 713.24
616.95 , 711.35
609.23 , 709.6
601.48 , 707.87
593.27 , 707.12
585.3 , 708.37
576.98 , 708.87
691.65 , 523.12
694.87 , 513.65
702.95 , 506.56
711.92 , 501.86
721.2 , 498.12
731.17 , 495.87
741.88 , 496.62
751.98 , 498.61
761.55 , 501.65
770.6 , 506.06
778.57 , 513.52
780.68 , 523.36
771.85 , 528.41
762.55 , 532.1
752.35 , 533.87
741.52 , 534.37
730.83 , 533.64
720.6 , 531.88
710.52 , 529.86
700.35 , 528.07
573.42 , 507.93
567.99 , 499.3
560.09 , 491.88
551.54 , 486.26
542.39 , 482.25
532.47 , 480
521.82 , 479.25
511.17 , 480
501.14 , 481.99
491.92 , 485.77
483.44 , 491.5
489.19 , 500
497.12 , 507.42
505.89 , 512.46
515.16 , 515.98
525.32 , 517.74
535.97 , 518.5
546.49 , 517.5
557.14 , 516.75
567.77 , 516
676.72 , 467.74
681.91 , 456.02
692.97 , 448.99
706.52 , 447.74
720.32 , 448.49
734.25 , 447.99
747.32 , 445.71
759.6 , 442.02
772.52 , 439.45
785.14 , 442.21
796.15 , 449.45
792.27 , 460.49
779.45 , 463.24
766.62 , 465.97
754.14 , 469.52
741.12 , 471.84
727.89 , 473.74
714.45 , 475.24
701.02 , 476.74
687.14 , 476.19
598.96 , 451.82
590 , 441.36
577.9 , 436.49
565.45 , 432.55
553.25 , 428.1
541.03 , 423.62
528.63 , 419.63
515.05 , 417.87
501.38 , 419.34
488.8 , 423.12
478.03 , 431.62
491.48 , 433.62
504.45 , 436.62
516.7 , 441.05
528.68 , 446.27
540.65 , 451.49
552.68 , 456.52
565.11 , 460.44
578.36 , 462.9
592.75 , 462.87
