2426066819_1
401.8 , 461.1
402.11 , 477.15
402.75 , 493.13
405.41 , 508.81
410.8 , 524.38
417.87 , 540.12
424.66 , 554.04
435.55 , 567.32
445.6 , 579.42
456.01 , 591.35
468.71 , 601.84
480.94 , 614.15
493.3 , 624.06
506.59 , 632.84
520.5 , 642.75
535.34 , 649.91
549.31 , 656.37
565.3 , 661.25
582.54 , 662.81
598.43 , 662.35
613.5 , 659.1
628.19 , 649.53
640.76 , 638.82
652.04 , 628.89
664.96 , 618.22
676.9 , 607.76
688.85 , 595.52
699.66 , 582.81
710.53 , 571.48
722.36 , 559.36
731.72 , 546.12
737.51 , 530.79
742.68 , 514.91
745.46 , 498.69
745.46 , 482.89
746.12 , 466.2
746.36 , 450.08
747.38 , 434.34
748.3 , 418.05
749.15 , 400.92
750.64 , 384
516.85 , 398.75
514.13 , 411.13
508.04 , 423.9
506.14 , 437.28
507.94 , 449.69
519.9 , 456.94
532.98 , 456.88
546.81 , 457.23
561.08 , 457.06
573.78 , 454.5
587.36 , 450.17
599.37 , 444.87
609.02 , 434.98
609.74 , 422.19
600.88 , 411.3
589.38 , 404.26
581.35 , 393.04
475.68 , 511.19
488.36 , 504.29
500.95 , 497.18
514.48 , 492.67
528.9 , 489.93
543.48 , 487.42
558.25 , 485.44
572.71 , 482.68
587.13 , 479.98
601.46 , 476.93
616.25 , 474.91
631.75 , 475.44
645.88 , 478.9
656.68 , 489.19
650.44 , 502.14
642.63 , 514.49
632.41 , 525.95
620.65 , 535.46
607.78 , 541.97
594.15 , 546.21
580.06 , 549.66
565.48 , 552.19
550.2 , 553.19
535.33 , 551.35
521.73 , 546.98
509.06 , 540.03
496.56 , 532.56
484.81 , 523.07
493.43 , 515.44
501.58 , 506.2
512.78 , 502.95
524.98 , 501.69
537.15 , 500.44
549.48 , 499.44
562.25 , 499.44
574.46 , 498.19
586.25 , 496.2
598.33 , 494.69
610.03 , 492.41
621.73 , 490.17
633.43 , 487.94
645.73 , 488.94
646.3 , 500.84
638.9 , 510.46
629.56 , 518.68
619.21 , 524.17
608.08 , 527.53
596.46 , 529.94
584.4 , 531.44
572.08 , 532.44
559.78 , 533.44
547.73 , 534.94
535.53 , 536.19
523.31 , 535.06
513 , 529.48
502.83 , 523.58
593.55 , 342.36
598.95 , 337.95
604.17 , 332.99
609.52 , 328.37
615.55 , 325.61
621.75 , 323.35
628.3 , 321.86
635.25 , 321.11
642.52 , 321.11
648.62 , 323.65
654.07 , 327.93
654.31 , 335.08
648.47 , 338.39
641.92 , 339.86
635.12 , 340.86
627.95 , 341.11
620.65 , 341.11
613.6 , 341.61
606.8 , 342.61
600.12 , 343.86
500.07 , 352.95
494.85 , 349.92
489.07 , 348.43
483.02 , 347.44
476.98 , 346.44
470.7 , 345.93
464.77 , 347.18
459.05 , 348.9
453.82 , 351.9
448.8 , 355.38
444.75 , 360.19
449.62 , 364.09
455.88 , 364.69
462.15 , 365.19
468.32 , 364.44
474.5 , 363.69
480.43 , 362.43
486.05 , 360.65
491.6 , 358.59
497.55 , 357.42
579.4 , 318.76
586.41 , 306.66
596.35 , 295.56
607.85 , 286.81
620.88 , 282.25
635.62 , 281.26
650.52 , 282.02
664.55 , 284.5
677.83 , 288.53
690.23 , 294.8
701.77 , 303.38
697.17 , 308.52
685.12 , 301.25
672.58 , 295.24
658.65 , 292.51
643.75 , 292.25
629.12 , 293.53
615.65 , 297.26
603.12 , 303.28
592.02 , 313.14
517.21 , 311.15
504.72 , 306.39
490.55 , 305.13
476.14 , 304.38
461.47 , 304.13
447.92 , 306.63
435.42 , 311.35
423.44 , 317.63
412.04 , 325.43
403.43 , 336.58
399.87 , 349.63
410.69 , 342.05
421.72 , 333.26
433.17 , 325.62
445.57 , 320.62
459.37 , 318.63
473.89 , 319.13
487.35 , 321.88
500.22 , 325.73
513.97 , 323.88
