2426631349_1
114.7 , 405.65
119.18 , 415.97
124.52 , 426.66
130.27 , 437.81
136.11 , 447.84
143.44 , 457
151.87 , 465.84
160.67 , 474.11
169.18 , 482.95
178.56 , 490.98
187.23 , 497.58
196.3 , 505.86
206.32 , 513.66
216.59 , 519.91
227.24 , 525.61
237.5 , 530.2
248.59 , 534.71
259.79 , 538.33
272.49 , 540.6
283.54 , 540.97
295.75 , 539.72
307.53 , 537.4
319.38 , 532.96
329.2 , 526.68
337.9 , 518.62
345.09 , 509.18
351.28 , 499.02
356.71 , 488.42
361.88 , 476.75
364.99 , 466.14
366.81 , 453.82
368.6 , 441.75
371.1 , 430.18
373.87 , 418.23
376.17 , 406.2
377.38 , 394.31
377.81 , 382.28
376.69 , 370.64
374.12 , 359.32
371.14 , 347.73
367.66 , 335.37
210.4 , 395.3
209.82 , 403.49
209.45 , 412.31
211.03 , 420.67
218.45 , 423.12
227.24 , 423.73
235.8 , 424.49
244.22 , 425.48
252.82 , 424.84
260.72 , 421.12
267.5 , 415.3
272.42 , 409.05
277.48 , 401.6
283.1 , 394.88
284.82 , 386.94
280.28 , 379.68
275.5 , 372.15
205.5 , 456.09
214.7 , 449.63
225.12 , 446.31
235.55 , 443.07
245.75 , 439.34
255.8 , 435.06
265.75 , 430.59
275.73 , 426.11
286 , 422.59
295.98 , 418.11
305.68 , 412.85
315.65 , 408.45
324.75 , 414.29
325.25 , 426.09
324.53 , 437.76
322.18 , 448.66
318.1 , 458.74
311.8 , 468.04
304.58 , 477.01
295.52 , 484.08
285.55 , 488.59
274.6 , 490.84
262.7 , 490.6
251.97 , 487.85
242 , 483.34
232.65 , 477.23
223.93 , 469.26
215.27 , 461.12
210.75 , 454.84
219.75 , 452.59
229.62 , 453.09
239 , 454.59
248.85 , 455.09
258.12 , 453.34
267 , 450.84
275.3 , 446.83
283.35 , 442.27
290.95 , 436.39
298.3 , 429.79
305.45 , 422.64
312.93 , 416.42
320.77 , 412.06
318.02 , 420.81
314 , 429.09
309.42 , 437.16
303.58 , 444.76
297.33 , 452.26
291.1 , 459.73
283.6 , 465.83
274.85 , 468.58
264.85 , 468.33
255.6 , 466.59
246.1 , 465.33
236.85 , 463.62
227.97 , 461.1
219.6 , 457.31
248.15 , 320.1
250.9 , 315.1
254.75 , 310.5
259.18 , 306.08
263.73 , 302.01
268.52 , 298.69
273.62 , 296.11
278.9 , 294.1
284.43 , 292.6
290.43 , 292.09
295.67 , 294.15
294.62 , 299.9
289.93 , 303.57
285.1 , 306.86
279.98 , 309.37
274.7 , 311.37
269.18 , 312.86
263.82 , 314.58
258.62 , 316.84
253.25 , 318.63
188.37 , 341.86
183.18 , 339.89
177.65 , 338.63
171.65 , 338.38
165.75 , 338.89
160.23 , 340.1
155.2 , 342.62
150.25 , 345.26
145.85 , 349.43
142.63 , 354.15
140.15 , 359.13
145.15 , 361.13
151.25 , 361.13
157.15 , 360.63
162.68 , 359.37
167.88 , 357.39
172.83 , 354.7
177.7 , 351.87
182.73 , 349.37
187.8 , 347.14
235.34 , 298.43
239 , 290.5
245.84 , 283.68
253.04 , 277.98
260.74 , 273.56
268.44 , 269.11
275.74 , 263.69
283.62 , 259.67
292.19 , 257.45
301.49 , 256.68
309.54 , 260.14
303.29 , 264.22
295.34 , 267.93
287.26 , 271.19
279.26 , 274.74
271.67 , 279.38
264.37 , 284.9
257.41 , 291.36
250.52 , 298.02
242.91 , 302.64
182.25 , 320.42
174.4 , 317.67
165.45 , 317.17
156.68 , 317.99
148.45 , 319.96
139.95 , 321.41
131.62 , 323.15
123.6 , 325.57
116.63 , 330.77
111.81 , 337.85
109.5 , 345.92
117.55 , 344.37
124.15 , 338.24
131.55 , 334.16
139.47 , 331.66
148.05 , 330.42
156.88 , 329.67
165.7 , 328.92
174.75 , 328.67
183.57 , 327.92
