1208068331_1
552.68 , 1077.3
572.96 , 1129.4
598.35 , 1179
626.15 , 1227.8
658.15 , 1274
699.35 , 1318.93
742.45 , 1356.46
785.05 , 1387.22
834.48 , 1417.22
881.73 , 1447.82
924.14 , 1485.52
965.81 , 1526.53
1011.94 , 1561.34
1062.36 , 1587.25
1114.88 , 1606.75
1168.78 , 1622.25
1224.21 , 1635.25
1281.02 , 1647.06
1338.95 , 1655.56
1396.75 , 1656.77
1451.68 , 1645.48
1502.5 , 1622.19
1550.42 , 1593.39
1592.82 , 1555.59
1626.95 , 1508.9
1651.84 , 1453.98
1669.52 , 1403.28
1686.03 , 1346.71
1699 , 1289.47
1708.01 , 1237.74
1718.76 , 1181.77
1732.57 , 1121.25
1744.45 , 1065.8
1751.97 , 1009.47
1755.78 , 952.54
1754.18 , 895.75
1747.09 , 839.68
1736.65 , 784.3
1723.97 , 729.4
1710.72 , 675.44
1697.3 , 615.62
1029.54 , 769.1
1019.73 , 812.11
1018.21 , 856.08
1027.79 , 902.89
1057.4 , 933.45
1100.3 , 947.01
1148.86 , 937.68
1189.8 , 925.01
1232.47 , 911.41
1281.06 , 899.52
1319.72 , 883
1354.76 , 851.09
1368.26 , 806.92
1353.43 , 765.58
1319.21 , 735.05
1280.29 , 714.6
1236.1 , 692.75
1052.65 , 1285.45
1062.41 , 1233.15
1086.4 , 1186.83
1116.3 , 1142.83
1150.2 , 1100.15
1192.05 , 1064.05
1240.45 , 1046.41
1292.38 , 1035.96
1337.65 , 1009.45
1390.2 , 1000.2
1445.65 , 1003.45
1497.35 , 1014.42
1542.8 , 1040.57
1575.14 , 1083.83
1581.4 , 1137.83
1574.9 , 1191.7
1559.67 , 1241.18
1540.94 , 1289.15
1513.7 , 1334.15
1471.93 , 1370.44
1426.85 , 1397.48
1377.23 , 1412.46
1323.58 , 1419.45
1267.4 , 1417.7
1215.28 , 1407.58
1166.8 , 1390.19
1120.6 , 1365.89
1078.41 , 1331.05
1094.65 , 1262.45
1100.68 , 1220.15
1125.68 , 1185.69
1159.35 , 1158.48
1193.4 , 1132.2
1229.78 , 1112.33
1269.68 , 1101.43
1309.3 , 1090.04
1347.12 , 1074.47
1385.12 , 1059.45
1427.33 , 1053.2
1469.28 , 1046.45
1513.33 , 1048.86
1546.4 , 1076
1544.69 , 1120.4
1535.08 , 1161.03
1517.64 , 1198.25
1490.73 , 1231.94
1457 , 1259.07
1421.65 , 1281.45
1385.65 , 1302.2
1348.33 , 1319.48
1309.8 , 1332.98
1270.4 , 1344.7
1227.23 , 1348.52
1185.68 , 1340.96
1147.93 , 1325.21
1114.02 , 1299.08
1225.79 , 515.66
1229.61 , 488.81
1245.04 , 466.79
1260.24 , 444.71
1280.62 , 424.57
1303.57 , 411.65
1327.96 , 402.89
1355.21 , 399.91
1383.41 , 400.91
1409.82 , 405.67
1433.81 , 415.67
1447.08 , 437.65
1425.07 , 453.15
1402.26 , 466.43
1378.59 , 477.39
1353.87 , 485.41
1327.74 , 490.65
1300.49 , 493.66
1275.41 , 501.03
1251.91 , 512.66
903.02 , 626.22
878.85 , 617.24
853.2 , 611.24
825.2 , 610.84
799.2 , 616.09
775.22 , 625.49
752.88 , 639.48
731.62 , 656.67
711.3 , 676.14
695.29 , 697.82
685.8 , 721.74
713.45 , 723.24
739.17 , 717.37
763.9 , 709.71
787.62 , 699.48
811.35 , 689.2
834.95 , 678.58
858.62 , 668.17
882.67 , 658.87
906.5 , 649.02
1135.25 , 262.12
1153.75 , 234.87
1172.43 , 207.67
1197.5 , 183.37
1225.5 , 166.87
1255.35 , 155.65
1288.25 , 150.62
1319.97 , 157.62
1348.35 , 173.21
1374.05 , 196.17
1394.67 , 222.55
1386.5 , 248.87
1357.15 , 236.11
1329.15 , 219.64
1298.42 , 210.87
1265.4 , 215.62
1238.43 , 234.47
1216.75 , 260.62
1195.48 , 286.62
1160.42 , 286.54
897.68 , 453.33
879.18 , 419.58
842.45 , 408.08
801.2 , 405.58
761.3 , 410.96
724.15 , 421.84
689.75 , 440.01
659.4 , 469.1
637.92 , 502.18
621.92 , 537.3
608.66 , 573.28
593.43 , 608.58
632.35 , 602.1
659.11 , 570.9
683.46 , 538.81
710.38 , 507.63
742.73 , 484.07
780.23 , 473.79
820.55 , 469.34
860.48 , 464.06
