2431003802_1
999.3 , 1132.85
1008.99 , 1169.96
1012.46 , 1210.55
1010.76 , 1249.49
1009.95 , 1286.03
1017.01 , 1328.04
1032.93 , 1364.02
1043.44 , 1400.26
1056.23 , 1439.6
1069.11 , 1476.59
1085.05 , 1510.64
1108.13 , 1545.69
1133.43 , 1578.1
1163.32 , 1599.54
1198.66 , 1618.75
1228.82 , 1645.37
1263.45 , 1667.01
1297.67 , 1682.35
1333.37 , 1698.22
1371.1 , 1709.79
1409.53 , 1724.16
1449.7 , 1727.57
1489.85 , 1732.74
1526.69 , 1721.24
1564.83 , 1708.24
1600.71 , 1696.55
1636.96 , 1675.49
1670.37 , 1654.56
1701.08 , 1630.89
1728.87 , 1605.84
1757.4 , 1574.47
1779.75 , 1541.21
1799.68 , 1507.91
1819.46 , 1473.48
1839.21 , 1438.44
1861.45 , 1409.94
1885.92 , 1375.27
1911.05 , 1345
1926.75 , 1308.67
1949.2 , 1276.46
1971.7 , 1241.8
1349.47 , 1142.43
1323.29 , 1163.34
1307.16 , 1189.26
1313.79 , 1223.46
1337.34 , 1243.36
1371.48 , 1244.17
1394.7 , 1266.55
1418.31 , 1291.12
1448.88 , 1300.76
1484.05 , 1303
1509.95 , 1282.89
1536.87 , 1264.12
1565.31 , 1275.24
1599.25 , 1269.55
1615.36 , 1243.64
1619.26 , 1208.56
1595.04 , 1186.14
1203.74 , 1373.81
1234.62 , 1356.44
1269.24 , 1364.06
1302.07 , 1375.88
1336.99 , 1383.56
1373.09 , 1388.82
1408.07 , 1396.38
1443.59 , 1402.8
1481.14 , 1405.06
1518.91 , 1406.81
1556.59 , 1408.81
1593.77 , 1411.81
1630.22 , 1416.31
1667.84 , 1418.41
1682.87 , 1431.43
1651.09 , 1446.46
1617.24 , 1456.06
1580.89 , 1460.81
1544.09 , 1464.56
1506.91 , 1467.56
1468.77 , 1467.56
1432.07 , 1463.59
1397.19 , 1455.81
1363.47 , 1445.8
1331.07 , 1432.87
1298.97 , 1418.82
1266.41 , 1406.25
1234.57 , 1391.37
1245.74 , 1366.81
1273.71 , 1375.54
1302.84 , 1382.34
1331.27 , 1390.33
1358.74 , 1400.31
1386.62 , 1409.34
1416.32 , 1414.79
1445.44 , 1421.57
1475.87 , 1425.57
1507.64 , 1424.81
1539.77 , 1425.31
1571.79 , 1424.56
1604.04 , 1424.81
1635.91 , 1423.81
1662.79 , 1425.04
1633.54 , 1431.56
1601.89 , 1430.05
1571.47 , 1426.06
1539.22 , 1425.81
1507.44 , 1427.06
1475.22 , 1426.79
1444.14 , 1424.07
1414.57 , 1418.31
1386.12 , 1410.29
1356.97 , 1403.55
1329.51 , 1393.58
1301.59 , 1384.65
1273.34 , 1376.34
1650.75 , 993.32
1665.75 , 977.82
1682.15 , 965.17
1698.95 , 953.86
1716.85 , 945.29
1735.67 , 939.39
1755.7 , 935.81
1776.47 , 937.82
1795.4 , 943.56
1813.17 , 952.48
1828.22 , 968.02
1828.55 , 989.06
1811.65 , 1000.16
1793.15 , 1006.8
1773.08 , 1010.32
1751.33 , 1010.32
1730.9 , 1007.59
1712.53 , 1000.57
1692.33 , 997.32
1670.83 , 996.81
1378.7 , 959.18
1376.88 , 940.48
1368.59 , 923.63
1357.33 , 907.9
1342.35 , 894.68
1325.9 , 885.44
1308.05 , 879.93
1287.6 , 879.68
1268.62 , 882.93
1250.22 , 887.4
1233.27 , 895.47
1217.85 , 907.43
1232.65 , 921.24
1248.47 , 932.27
1265 , 941.34
1282.35 , 947.93
1301.32 , 951.18
1321.4 , 950.18
1341.47 , 951.18
1358.95 , 957.53
1601.08 , 905.67
1632.13 , 896.13
1664.05 , 887.92
1699.03 , 886.17
1733.65 , 883.67
1767.68 , 879.92
1802.68 , 881.15
1834.15 , 889.99
1862.33 , 907.42
1888.13 , 931.47
1912.83 , 957.05
1890.88 , 972.21
1857.61 , 966.93
1825.5 , 959.1
1794.05 , 950.17
1761.25 , 943.93
1729.55 , 935.4
1697.38 , 927.67
1662.03 , 928.67
1626.98 , 929.56
1439.84 , 877.73
1413.31 , 847.83
1378.44 , 833.7
1342.57 , 822.1
1304.16 , 815.35
1262.49 , 815.33
1222.87 , 819.58
1185.16 , 827.79
1149.96 , 841.1
1116.94 , 860.53
1085.34 , 884.1
1124.36 , 889.6
1162.04 , 881.34
1199.54 , 872.64
1238.14 , 866.31
1277.16 , 871.34
1316.29 , 876.56
1352.49 , 887.63
1388.21 , 899.47
1424.44 , 910.44
