243214217_1
719.03 , 865.29
703.78 , 891.14
689.83 , 919.11
683.66 , 952.11
688.25 , 982.15
698.94 , 1012.5
705.71 , 1044.26
709.05 , 1074.55
716.49 , 1107.42
726.04 , 1137.88
733.37 , 1167.37
732.27 , 1198.37
737.17 , 1231.95
750.63 , 1261.04
771.55 , 1283.28
797.69 , 1303.33
826.5 , 1312.37
858.71 , 1316.83
888.52 , 1309.86
919.51 , 1300.54
951.54 , 1296.62
981.83 , 1298.74
1014.03 , 1296.18
1045.19 , 1289.57
1075.56 , 1278.22
1105.13 , 1265.21
1134.7 , 1251.99
1160.77 , 1237.94
1191.7 , 1223.64
1218.62 , 1208.97
1246.25 , 1190.64
1269.35 , 1168.22
1290.77 , 1145.45
1299.01 , 1115.91
1309.94 , 1085.08
1319.9 , 1055.42
1320.12 , 1024.72
1318.3 , 993.67
1317.5 , 959.05
1317.07 , 927.03
1315.8 , 894.89
760.05 , 875.25
745.12 , 894.09
732.34 , 912.94
732.72 , 936.88
743.52 , 960.97
758.24 , 980.32
779.63 , 989.04
804.82 , 988.96
830.07 , 985
852.12 , 981.01
876.17 , 975.62
898.98 , 963.92
899.38 , 941.99
885.81 , 920.85
863.5 , 910.43
856.92 , 888.88
851.35 , 862.55
745.2 , 1057.15
757.72 , 1046.42
774.6 , 1050.65
793 , 1051.61
811.48 , 1051.17
829.33 , 1053.41
847.3 , 1055.41
865.65 , 1056.61
883 , 1059.9
899.88 , 1064.16
917.6 , 1066.62
935.68 , 1068.38
949.27 , 1074.33
937.22 , 1087.38
921.33 , 1093.92
904.3 , 1097.8
887.5 , 1102.35
871.68 , 1108.91
855.93 , 1115.67
839.73 , 1121.16
823.43 , 1126.42
806.5 , 1130.65
788.05 , 1131.65
769.73 , 1130.4
753.26 , 1125.44
746.7 , 1109.75
749.2 , 1092.05
750.18 , 1073.62
755.7 , 1077.15
767.6 , 1080.17
780.23 , 1081.65
793.1 , 1082.65
805.25 , 1085.17
818.5 , 1084.9
831.6 , 1085.4
844.85 , 1085.65
858.1 , 1085.4
870.85 , 1084.16
884.2 , 1084.15
897.08 , 1083.16
909.83 , 1081.87
922.35 , 1080.18
932.35 , 1080.99
920.6 , 1084.25
907.9 , 1085.65
894.68 , 1085.4
881.8 , 1084.37
869.15 , 1085.9
856.28 , 1086.91
843.65 , 1088.41
831.03 , 1086.9
817.78 , 1087.15
805.03 , 1085.9
792.15 , 1084.91
779.88 , 1082.65
766.65 , 1082.41
903.3 , 798.89
908.01 , 785.44
915.71 , 772.99
927.1 , 762.38
940.1 , 756.15
955.57 , 755.39
970.9 , 756.4
985.15 , 759.64
998.72 , 764.16
1011.72 , 770.38
1024.24 , 777.83
1032.1 , 790.19
1020.85 , 800.1
1006.77 , 803.66
992.27 , 806.39
977.17 , 807.89
961.85 , 808.89
946.15 , 808.64
930.92 , 807.39
915.92 , 805.76
808.89 , 791.88
803.68 , 784.21
796.3 , 778.23
788.38 , 773.57
779.9 , 770.56
770.88 , 768.54
761.13 , 768.58
752.4 , 771.07
744.76 , 776.53
740.02 , 784.23
738.18 , 793.33
740.66 , 802.06
746.27 , 809.66
754.2 , 813.84
763.45 , 815.34
772.95 , 814.33
781.4 , 811.09
789.53 , 806.99
798.1 , 804.06
806.35 , 800.39
858.62 , 684.26
871.63 , 660.73
896.92 , 652.53
925.57 , 651.01
954.45 , 652.01
983.57 , 652.51
1011.97 , 654.51
1037.74 , 661.79
1062.14 , 672.53
1085.42 , 686.3
1107.04 , 704.67
1096.17 , 723.05
1070.42 , 715.56
1045.85 , 705.52
1021.45 , 694.83
996.14 , 686.76
968.35 , 684.01
940.75 , 687.63
912.77 , 690.51
884.22 , 691.86
797.02 , 708.49
793.9 , 699.92
788.23 , 692.05
780.88 , 684.94
772.93 , 679.49
764.24 , 676.2
754.18 , 675.72
745.21 , 678.43
736.91 , 682.97
731.66 , 690.97
727.68 , 699.45
725.29 , 708.6
723.41 , 717.97
731.28 , 714.25
740.51 , 711.97
750.28 , 710.84
758.93 , 707.45
767.91 , 704.72
778.09 , 704.98
787.31 , 707.22
