243232372_1
335.15 , 426.6
341.85 , 440.4
349.85 , 455.55
356.58 , 469.21
363.81 , 484.04
371.39 , 498.02
380.74 , 512.23
390.53 , 524.61
401.49 , 536.89
413.27 , 548.33
425.37 , 559.95
436.83 , 571.18
449.53 , 580.79
463.34 , 588.4
479.11 , 595.5
493.22 , 602.12
508.4 , 609.34
523.97 , 615.05
538.91 , 620.11
554.86 , 624.1
570.37 , 623.81
587.55 , 622.7
602.55 , 617.05
615.99 , 608.68
629.54 , 598.44
639.92 , 585.69
648.3 , 572.69
656.89 , 558.02
666.37 , 545.55
676.45 , 532.78
685.85 , 518.97
692.41 , 504.91
697.22 , 489.15
707.26 , 475.27
712.29 , 461.22
715.74 , 444.04
717.32 , 427.99
716.1 , 411.66
715.43 , 396.48
714.99 , 378.83
712.35 , 362.75
500.69 , 387.15
496.13 , 398.55
486.15 , 408.8
485.38 , 422.56
494.25 , 433.38
507.71 , 434.36
521.53 , 434.83
536.13 , 439.58
549.47 , 440.8
563.2 , 439.41
574.11 , 430.7
583.45 , 419.85
597.3 , 415.26
606.1 , 405.13
602.84 , 392.02
592.65 , 381.4
579.44 , 376.05
453.6 , 496.19
467.53 , 485.52
482.03 , 476.51
497.75 , 470.91
513.88 , 466.2
530.15 , 461.67
547.65 , 459.69
564.93 , 457.18
581.05 , 452.42
597.5 , 448.17
615.12 , 446.44
632.98 , 445.19
650.6 , 446.94
657.08 , 462.22
651.38 , 477.87
644.41 , 493.12
635.4 , 507.64
622.53 , 520.78
608.35 , 530.69
593.33 , 538.45
577.58 , 543.94
560.8 , 547.44
542.33 , 547.44
525.55 , 543.94
508.98 , 539.97
493.85 , 532.44
480.28 , 520.86
466.88 , 508.72
456.1 , 494.19
469.73 , 488.41
485.28 , 486.69
500.98 , 485.19
516.3 , 482.94
531.73 , 480.95
546.93 , 478.45
561.68 , 474.92
575.93 , 470.62
590.43 , 466.7
605.03 , 462.96
619.88 , 459.67
634.6 , 456.19
648.92 , 451.94
644.11 , 464.39
634.22 , 476.59
625 , 489.06
612.75 , 498.95
599.35 , 505.69
585.5 , 510.97
571.65 , 516.15
557.08 , 519.94
541.5 , 521.69
525.7 , 520.47
510.88 , 517.2
497.03 , 511.96
483.25 , 506.47
469.45 , 501.03
581.55 , 322.57
585.92 , 316.42
589.96 , 310.14
594.58 , 304.05
600.4 , 298.73
606.72 , 294.83
613.47 , 292.14
620.72 , 290.39
628.62 , 290.57
636.3 , 291.32
643.35 , 293.36
643.68 , 300.32
637.07 , 303.55
630.12 , 305.75
623.17 , 307.95
616.47 , 310.89
609.35 , 312.82
601.77 , 313.82
594.22 , 314.87
588.17 , 319.56
478.12 , 341.98
475.03 , 336.72
468.53 , 333.21
461.9 , 329.95
454.88 , 327.8
447.45 , 326.48
439.5 , 326.27
432.25 , 328.02
425.3 , 330.23
418.7 , 333.57
412.4 , 337.64
406.55 , 342.98
414.65 , 342.98
422.5 , 342.48
430.33 , 342.98
438.3 , 343.23
446.15 , 342.73
454.23 , 342.73
461.95 , 341.99
470.02 , 341.98
561.6 , 282.74
567.13 , 271.69
577.58 , 264.5
588.83 , 259.51
600.3 , 255.27
612 , 251.52
624.25 , 248.84
637.55 , 248.24
649.7 , 251.08
660.93 , 256.3
671.38 , 263.5
669 , 271.5
656.53 , 269.25
644.08 , 266.99
631.38 , 265.73
619.1 , 268.49
607.8 , 273.28
596.62 , 278.47
585.38 , 283.47
573.38 , 286.26
479.44 , 285.37
467.95 , 279.97
454.78 , 278.47
441.1 , 278.97
428.15 , 280.94
416.08 , 284.73
404.5 , 289.7
393.07 , 295.21
382.22 , 302.27
373.87 , 312.62
369.05 , 324.22
380.52 , 319.98
391.7 , 313.81
403.1 , 308.19
415.02 , 304.24
428.08 , 302.47
441.88 , 302.72
455.65 , 302.97
469.33 , 302.47
481.03 , 297.73
