121204156_1
63.55 , 389.4
66.77 , 406.31
70.44 , 424.77
76.69 , 441.83
82.69 , 458.23
89 , 475.52
95.21 , 492.27
102.89 , 509.39
112.03 , 526.65
120.63 , 541.35
131.54 , 556.96
141.75 , 572.1
150.32 , 587.59
158.07 , 604.79
168.29 , 619.65
182.27 , 632.45
196.84 , 642.13
214.25 , 647.3
231.47 , 650.67
250.6 , 648.69
268.82 , 645.55
286.43 , 639.86
302.25 , 632.37
316.89 , 621.4
332.57 , 610.63
347.38 , 600.28
360.02 , 586.7
369.07 , 571.31
377.61 , 554.83
381.94 , 537.19
384.54 , 519.09
390.39 , 501.88
396.64 , 484.58
401.3 , 467.82
406.15 , 450.28
409.4 , 431.32
413.55 , 414.28
414.97 , 394.99
416.58 , 376.78
416.95 , 359.42
416.85 , 340.15
166.89 , 392
161.25 , 404.55
154.5 , 415.84
152.06 , 430.43
158.12 , 442.91
172.02 , 446.35
185.18 , 450
199.22 , 453.65
212.95 , 451.34
226.2 , 445.46
238.46 , 439.98
251.75 , 437
263.64 , 428.03
265.36 , 413.94
260.55 , 401.29
251.83 , 390.6
241.27 , 379.62
164.09 , 516.92
173.59 , 510.42
185.31 , 509.17
197.06 , 510.42
208.44 , 512.41
220.67 , 512.67
231.59 , 509.67
242.62 , 506.91
253.52 , 503.99
264.56 , 501.19
275.39 , 498.13
286.91 , 496.43
291.58 , 506.2
287.07 , 516.47
283.33 , 526.97
279.34 , 537.37
272.79 , 546.7
263.34 , 553.42
253.41 , 558.85
242.89 , 562.65
231.74 , 565.17
220.02 , 566.42
208.39 , 564.94
197.72 , 561.54
187.84 , 555.92
179.64 , 547
174.08 , 537.1
169.1 , 527
173.34 , 516.17
181.64 , 514.68
189.81 , 516.42
198.26 , 517.69
206.69 , 518.95
215.24 , 519.94
223.81 , 518.94
231.62 , 516.41
239.31 , 513.69
247.14 , 511.15
255.06 , 508.93
262.74 , 506.14
270.42 , 503.39
278.12 , 500.65
281.82 , 504.94
275.09 , 510.42
268.09 , 515.17
260.64 , 518.68
252.84 , 521.17
244.99 , 523.52
237.27 , 526.24
229.44 , 528.69
220.99 , 529.92
212.09 , 530.17
203.77 , 528.65
195.74 , 526.57
187.84 , 524.17
180.54 , 520.35
246.95 , 316.06
253.22 , 311.28
259.85 , 307.43
266.05 , 302.46
272.55 , 298.21
279.5 , 295.29
287.1 , 293.82
295.3 , 293.56
303.15 , 294.56
310.5 , 296.58
317.45 , 299.56
314.79 , 306.26
308.15 , 310.1
301.27 , 313.3
293.55 , 314.56
285.57 , 315.31
277.38 , 315.06
269.65 , 313.81
261.92 , 312.56
254.55 , 314.58
154.11 , 327
148.01 , 324.16
141.91 , 321.31
135.71 , 318.67
129.03 , 317.16
121.66 , 317.26
115.11 , 319.07
109.16 , 322.29
103.31 , 325.85
97.73 , 330.18
92.51 , 335.41
98.41 , 338.82
104.96 , 340.62
112.09 , 341.16
119.39 , 340.91
126.21 , 339.7
132.91 , 338.26
139.29 , 336.14
145.86 , 334.43
152.54 , 332.89
218.09 , 279.43
222.44 , 264.69
236.37 , 257.94
250.94 , 253.16
266.22 , 249.65
281.94 , 247.15
297.81 , 244.95
314.14 , 246.18
328.49 , 251.59
341.42 , 261.02
352.09 , 273.31
356.49 , 285.34
342.62 , 278.42
328.22 , 273.16
312.37 , 270.93
295.89 , 271.94
280.29 , 274.7
265.22 , 278.55
249.64 , 281.43
233.32 , 282.68
150.26 , 291.35
142.17 , 282.86
131.05 , 280.33
118.95 , 279.83
106.84 , 280.33
94.62 , 280.58
82.52 , 281.08
72.09 , 285.01
63.22 , 293.38
58.93 , 303.68
57.02 , 315.08
59.5 , 326.23
69.17 , 322.73
75.45 , 313.13
84.87 , 306.3
96.37 , 304.58
108.47 , 304.08
120.32 , 303.08
132.42 , 302.58
143.8 , 300.57
