243232376_1
132.25 , 428.69
137.58 , 443.6
143.63 , 460.14
150.9 , 476.73
158 , 491.26
167.12 , 506.04
177.1 , 519.89
186.49 , 535.04
197.41 , 548.49
208.42 , 561.53
222.11 , 571.05
237.79 , 579.67
254.37 , 586.14
269.62 , 592.14
285.11 , 599.83
300.72 , 606.98
316.7 , 613.79
332.96 , 619.81
349.71 , 623.97
366.18 , 626
383.8 , 626.63
400.65 , 625.19
415.84 , 617.9
432.16 , 608.75
447.16 , 600.57
458.67 , 589.71
471.36 , 576.7
482.69 , 562.89
491.72 , 548.39
499.95 , 533.99
507.66 , 517.69
516.01 , 502.54
523.69 , 488.31
529.75 , 472.03
534.49 , 455.81
538.74 , 438.53
540.7 , 421.45
540.34 , 404.62
539.22 , 387.71
538.36 , 370.64
536 , 351.85
308.4 , 396.1
304.56 , 409.24
298.89 , 423.55
300.06 , 437.03
308.72 , 448.71
323.38 , 451.92
338.65 , 450.72
352.96 , 448.49
367.69 , 443.92
381.44 , 438.75
394.53 , 434.26
408.52 , 427.75
421.69 , 422.15
427.19 , 409.3
426.54 , 393.4
418 , 382.25
403.1 , 378.85
301.44 , 516.75
311.71 , 508.22
322.46 , 500.97
332.94 , 493
343.44 , 485
353.84 , 476.83
366.49 , 474.26
379.92 , 473.25
390.84 , 466.51
402.39 , 461.54
416.26 , 461.5
428.94 , 464
441.39 , 467
454.19 , 469.25
456.68 , 481.57
449.94 , 492.5
442.14 , 503.05
433.44 , 513.25
423.12 , 521.75
411.92 , 527.76
399.99 , 531.75
387.44 , 534.5
374.74 , 537
361.21 , 537.75
348.17 , 536
335.71 , 533.01
324.04 , 528.34
312.74 , 522.57
306.69 , 515.75
317.54 , 513.25
328.31 , 510.47
338.79 , 507.22
349.26 , 503.98
360.06 , 501.38
371.39 , 499.75
382.49 , 497.73
393.31 , 495.13
403.44 , 491
413.59 , 487.01
423.84 , 483.28
434.17 , 479.74
444.41 , 475.99
455.17 , 473.26
444.89 , 476.73
434.42 , 479.99
424.17 , 483.76
414.01 , 487.69
403.94 , 492
393.76 , 495.93
383.04 , 498.76
371.81 , 500.47
360.94 , 503
350.16 , 505.75
339.04 , 507.73
328.81 , 511.47
318.19 , 514.5
392.15 , 305.28
395.83 , 298.08
400.12 , 291.05
404.93 , 284.25
411.47 , 278.69
418.45 , 274.27
425.77 , 270.75
433.7 , 268.76
442.35 , 268.28
450.65 , 269.53
457.96 , 273.05
460.84 , 280.35
454.9 , 286.78
448.15 , 291.78
441.12 , 296.04
433.72 , 299.3
425.55 , 300.78
416.9 , 301.28
408.38 , 302.03
400.32 , 303.79
277.53 , 328.62
270.75 , 324.61
263.6 , 321.61
255.78 , 320.11
247.6 , 319.36
239.28 , 319.86
231.57 , 321.59
224.32 , 324.29
217.63 , 328.49
211.75 , 334.61
207.75 , 341.36
214.78 , 344.61
222.5 , 346.36
230.45 , 347.61
238.88 , 347.86
247.07 , 347.11
254.8 , 345.36
262.02 , 342.59
269.2 , 339.66
276.25 , 336.36
362.38 , 249.9
374.5 , 242.55
386.11 , 233.68
398.78 , 227.75
412.23 , 223.81
425.78 , 220
440.06 , 217.63
454.36 , 219.88
467.5 , 224.53
479.51 , 232.24
489.91 , 243.18
476.75 , 242.9
462.9 , 239.65
447.88 , 238.9
433.43 , 240.91
419.86 , 244.66
407.06 , 250.22
394.31 , 255.97
381.45 , 261.4
367.14 , 262.93
265.39 , 270.85
252.94 , 267.78
239.59 , 269.06
227.24 , 272.41
215.47 , 276.93
203.74 , 281.63
193.22 , 289.68
183.14 , 298.99
174.92 , 309.46
167.99 , 320.38
161.84 , 331.56
172.12 , 322.79
182.69 , 314.81
192.94 , 305.96
203.56 , 298.32
215.06 , 292.83
227.29 , 289.31
240.29 , 287.33
253.27 , 285.3
265.79 , 282.3
