2432515626_1
305.52 , 363.26
308.6 , 375.33
311.58 , 387.14
314.27 , 400.54
317.09 , 412.79
320.83 , 425.16
325.51 , 438.3
331.12 , 449.55
334.76 , 462.16
338.87 , 473.75
344.69 , 485.45
349.93 , 497.13
357.03 , 507.8
365.42 , 518.45
374.89 , 527.24
385.23 , 535.04
397.21 , 540.16
408.79 , 544.51
421.1 , 548.21
434.26 , 549.38
447.12 , 546.38
458.3 , 541.2
470.23 , 533.75
480.86 , 527.5
490.71 , 519.59
499.88 , 509.93
508.44 , 499.5
516.4 , 489.19
524.76 , 479.11
532.53 , 469.59
538.76 , 457.45
543.46 , 446.61
549.31 , 434.79
555.19 , 423.26
559.57 , 410.23
561.03 , 398.5
562.58 , 384.57
562.32 , 372.56
565.86 , 359.17
569.61 , 347.34
573.75 , 334.15
403.5 , 356.5
398.07 , 364.36
392.23 , 373.25
390.27 , 383.91
392.05 , 393.8
399.75 , 399.94
410.17 , 401.85
419.5 , 405.25
428.94 , 410.66
439.4 , 410.42
448.75 , 407.45
458.44 , 403.63
467.85 , 397.77
472.5 , 389.46
471.98 , 379.35
467.35 , 369.6
461.69 , 360.25
375.59 , 453.92
382.94 , 450.45
390.46 , 447.39
397.94 , 444.14
405.81 , 441.92
414.69 , 441.67
423.06 , 442.92
431.69 , 443.67
440.06 , 442.42
448.46 , 441.17
456.84 , 442.42
464.76 , 444.6
472.62 , 446.93
480.15 , 449.93
481.62 , 457.89
476.01 , 464.49
469.46 , 470.32
462.39 , 474.66
454.49 , 476.91
445.74 , 477.42
436.87 , 477.67
427.89 , 477.67
419.01 , 477.92
410.51 , 476.94
402.94 , 474.02
396.06 , 469.14
389.44 , 463.52
382.89 , 457.73
399.34 , 453.92
405.09 , 454.42
410.86 , 454.92
416.51 , 455.67
422.41 , 455.92
428.29 , 455.67
434.19 , 455.42
440.09 , 455.17
445.84 , 454.67
451.74 , 454.42
457.64 , 454.17
463.64 , 454.17
469.66 , 454.17
475.66 , 454.17
480.73 , 453.67
474.96 , 454.17
469.06 , 454.42
463.31 , 454.92
457.54 , 455.42
451.64 , 455.67
445.76 , 455.42
439.74 , 455.43
434.09 , 456.17
428.19 , 456.42
422.31 , 456.17
416.41 , 455.92
410.76 , 455.17
405.12 , 454.42
459.44 , 310.63
464.69 , 306.38
470.29 , 303
475.92 , 299.66
481.64 , 296.67
487.64 , 294.37
494.12 , 293.13
501.06 , 293.38
507.79 , 294.14
514.04 , 295.88
519.47 , 299.69
517.37 , 305.75
511.76 , 309.12
505.79 , 311.35
499.54 , 313.12
492.47 , 313.13
485.87 , 312.13
479.49 , 310.63
473.01 , 309.38
466.04 , 309.63
386.78 , 304.8
383.19 , 300.44
378.69 , 297.37
373.69 , 295.65
368.56 , 294.12
363.09 , 293.37
357.49 , 293.85
352.36 , 295.38
347.49 , 297.46
343.03 , 300.68
339.84 , 305.12
343.61 , 309.39
347.99 , 312.8
352.96 , 314.64
358.34 , 315.62
364.06 , 315.37
369.54 , 314.62
375.01 , 313.9
379.64 , 311.08
384.79 , 309.62
445 , 291.04
453.62 , 281.79
464.88 , 278.26
476.07 , 274.81
487.05 , 270.77
498.27 , 267.3
509.5 , 263.79
521.35 , 261.55
533.83 , 260.54
545.2 , 263.75
554.64 , 272.17
553.84 , 284.56
542.2 , 287.29
529.98 , 285.79
517.5 , 284.79
504.9 , 284.04
492.2 , 284.54
479.95 , 286.04
468.32 , 288.77
457.25 , 292.54
397.87 , 287.69
389.77 , 280.58
380.48 , 277.02
370.9 , 273.98
361.62 , 270.25
352.25 , 266.75
341.93 , 265.26
331.05 , 265.66
321.57 , 268.88
313.11 , 274.84
307.7 , 283.51
313.67 , 292
324.48 , 292.51
334.7 , 290.76
344.6 , 288.36
354.9 , 286.75
365.73 , 287.26
375.77 , 289.33
385.25 , 292.49
394.7 , 295.76
