2433671054_1
1038.39 , 833.05
1032.81 , 878.76
1029.95 , 924.4
1026.6 , 974.85
1019.94 , 1020.65
1021.21 , 1066.4
1029.43 , 1113.66
1040.05 , 1160.96
1056.5 , 1206.27
1078.71 , 1249.73
1098.13 , 1293.49
1122.57 , 1333.91
1154.84 , 1368.21
1194.19 , 1397.07
1239.88 , 1417.21
1283 , 1430.63
1332.35 , 1440.91
1377.72 , 1443.99
1425.8 , 1438.71
1470.64 , 1429.8
1518.19 , 1419.38
1564.45 , 1410.79
1610.74 , 1403.51
1661.51 , 1394.66
1706.42 , 1385.29
1754.71 , 1371.29
1795.41 , 1353.67
1838.59 , 1331.19
1879.81 , 1308.74
1922.07 , 1282.75
1957.49 , 1253.68
1992.01 , 1215.9
2011.75 , 1176.01
2022.28 , 1129.75
2029.8 , 1083.15
2040.05 , 1034.82
2046.94 , 986.28
2053.24 , 940.24
2057.39 , 890.35
2058.53 , 844.62
2053.35 , 794.3
1215.95 , 728.35
1196.58 , 761.79
1162.43 , 786.58
1134.11 , 820.6
1127.5 , 861.26
1141.23 , 899.69
1173.39 , 928.89
1210.9 , 947.95
1250.2 , 959.8
1292.64 , 959.91
1334.23 , 957.79
1372.49 , 945.19
1413.21 , 925.67
1419.82 , 884.61
1406.6 , 845.35
1400.55 , 803.55
1398.25 , 760.25
1154.5 , 1111.17
1159 , 1085.17
1176.87 , 1064.52
1198.05 , 1048.21
1223.35 , 1054.17
1251.38 , 1053.92
1278.55 , 1055.91
1303.83 , 1061.93
1329 , 1068.17
1354.03 , 1074.66
1378.33 , 1082.45
1401.78 , 1092.41
1425.38 , 1101.95
1448.83 , 1111.93
1471.09 , 1125.22
1464.85 , 1149.83
1441.53 , 1160.4
1416.72 , 1167.19
1392.08 , 1174.35
1367.4 , 1181.42
1341.3 , 1185.67
1313.75 , 1186.92
1286.55 , 1184.96
1260.22 , 1181.17
1235.2 , 1174.69
1210.83 , 1167.01
1189.47 , 1151.15
1169.1 , 1133
1156.75 , 1108.92
1180.35 , 1108.67
1202.5 , 1105.42
1224.28 , 1101.41
1247.75 , 1100.92
1271 , 1101.92
1294.47 , 1101.42
1316.9 , 1104.07
1338.53 , 1108.41
1360.2 , 1112.67
1382.22 , 1116.17
1404.25 , 1119.67
1425.7 , 1124.38
1447.35 , 1128.7
1469.25 , 1132.42
1447.62 , 1130.19
1425.85 , 1126.2
1404.17 , 1121.92
1382.15 , 1118.43
1359.9 , 1115.41
1336.9 , 1113.92
1313.53 , 1113.18
1291.12 , 1110.4
1269.22 , 1106.67
1246.72 , 1104.17
1223.12 , 1103.92
1200.6 , 1106.43
1179.28 , 1111.42
1474.35 , 647.34
1488.98 , 629.46
1506.57 , 613.87
1524.88 , 600.31
1544.4 , 590.05
1565.07 , 583.11
1587.82 , 580.34
1610 , 584.36
1630.62 , 591.35
1650.22 , 601.44
1668.25 , 615.72
1681.74 , 633.58
1658.85 , 636.09
1636.82 , 640.34
1614.52 , 644.09
1591.75 , 646.84
1568.85 , 649.34
1545.22 , 650.34
1521.6 , 649.34
1498.35 , 647.59
1253.73 , 652.03
1240.27 , 641.85
1226.33 , 633.13
1211.75 , 625.85
1197.17 , 618.61
1182.22 , 612.62
1166.22 , 608.86
1148.65 , 609.37
1133.33 , 614.34
1119.99 , 624.92
1114.58 , 640.01
1112.05 , 656.61
1125 , 667.05
1141.15 , 670.46
1158.38 , 669.61
1174.97 , 667.14
1190.88 , 663.11
1207.47 , 660.6
1224.55 , 661.61
1242.22 , 661.86
1378.2 , 488.13
1413.23 , 466.36
1452.15 , 454.65
1491.65 , 443.92
1532.8 , 436.64
1576.03 , 433.63
1620.23 , 434.13
1662.88 , 438.31
1702.05 , 449.38
1736.58 , 472.88
1737.12 , 505.81
1699.5 , 491.17
1660.05 , 480.63
1616.2 , 480.88
1575.93 , 489.87
1537.55 , 502.54
1500.08 , 517.51
1462.78 , 533.1
1425.43 , 547.36
1390.22 , 526.83
1258.99 , 542.92
1247.29 , 515.01
1223.64 , 492.12
1196.6 , 477.75
1165.77 , 473.24
1134.49 , 477.74
1105.1 , 486.17
1077.35 , 498.45
1051.22 , 515.29
1026.96 , 537.29
1007.52 , 562.49
1012.75 , 593.47
1044.93 , 593.07
1066.21 , 568.54
1085.39 , 543.49
1112.52 , 529.24
1145.52 , 530.24
1175.55 , 537.5
1205.12 , 545.49
1234.64 , 553.62
