2434739044_1
34.4 , 399.05
38.64 , 409.78
43.71 , 420.2
49.32 , 430.48
55.09 , 440.79
61.72 , 451.78
68.33 , 461.31
75.99 , 470.06
84.5 , 478.15
94.63 , 485.91
104.25 , 492.99
113.17 , 499.81
123.1 , 507.53
132.5 , 514.3
142.21 , 520.54
153.35 , 526.95
164.06 , 531.46
175.23 , 534.68
186.71 , 536.57
199.51 , 536.52
210.82 , 533.62
220.64 , 528.46
230.95 , 520.68
239.55 , 513.18
249.06 , 505.22
257.27 , 497.7
265.89 , 489.01
273.39 , 479.35
278.97 , 469.72
285.03 , 458.56
289.99 , 447.29
293.93 , 436.88
297.49 , 425.14
300.41 , 413.49
301.43 , 401.48
299.84 , 389.44
298.84 , 378.35
297.3 , 365.7
295.36 , 354.15
293.21 , 342.15
291.05 , 330.4
124.04 , 378.25
120.94 , 387.34
119.11 , 396.8
119.03 , 407.08
125.59 , 414.31
135.59 , 415.05
146.13 , 415.97
153.97 , 422.44
163.02 , 421.53
170.95 , 414.69
174.73 , 405.67
183.85 , 400.74
193.5 , 397.67
199.1 , 389.5
199.6 , 379.88
192.69 , 372.67
183.05 , 368.84
107.35 , 448.53
116.2 , 441.03
126.2 , 436.81
136.3 , 432.76
146.85 , 429.78
157.9 , 427.78
169.07 , 426.03
179.15 , 422
189.68 , 419.05
200.4 , 416.28
211.45 , 414.28
222.85 , 413.03
234.63 , 413.53
241.81 , 422.33
237.91 , 432.45
232.19 , 441.9
225.54 , 451.08
217.78 , 459.85
209.03 , 467.62
199.4 , 473.02
189.3 , 477.02
178.12 , 478.78
166.25 , 479.03
154.6 , 478.28
143.88 , 475.54
134.17 , 470.37
125.15 , 463.33
116.33 , 455.76
108.35 , 447.78
116.65 , 442.76
126.97 , 442.28
136.68 , 440.5
147.25 , 440.53
157.45 , 439.78
167.4 , 438.54
176.38 , 435.27
185.25 , 431.79
194.75 , 429.56
204.1 , 427.03
213.3 , 424.28
222.28 , 421.1
231.95 , 419.27
231.71 , 427.68
224.78 , 435.35
217.6 , 442.78
209.55 , 448.6
201.22 , 453.65
192.4 , 457.27
183.47 , 460.65
173.92 , 462.78
163.85 , 463.78
153.53 , 464.28
143.5 , 463.18
134.1 , 460.78
125.07 , 457.76
116.28 , 453.99
183 , 325.42
185.44 , 320.47
189.58 , 316.1
194.12 , 312.52
198.97 , 309.69
203.95 , 307.21
209.18 , 305.41
214.65 , 304.18
220.62 , 303.92
226.22 , 304.93
231.85 , 305.95
230.57 , 310.66
225.9 , 314.01
220.88 , 316.3
215.7 , 318.21
210.32 , 319.67
204.82 , 320.92
198.97 , 321.42
193.38 , 322.42
188.22 , 324.42
109.25 , 340.77
104.38 , 338.74
99.38 , 337.14
94.08 , 336.05
88.62 , 335.27
83.1 , 335.92
77.97 , 337.29
73.12 , 339.4
68.48 , 342.05
64.22 , 345.79
61.25 , 350.27
66.47 , 351.52
71.8 , 352.51
77.5 , 352.77
82.97 , 352.02
88.12 , 350.65
93.1 , 348.92
98.25 , 347.52
103.47 , 346.29
108.7 , 345.06
170.82 , 289.07
176.75 , 284.12
183.79 , 282.09
190.97 , 280.34
198.02 , 278.34
204.82 , 275.82
211.89 , 273.82
219.32 , 272.57
227.12 , 272.57
234.42 , 274.1
235.17 , 278.84
227.52 , 279.57
220.17 , 280.97
213.29 , 283.34
206.5 , 285.88
199.77 , 288.61
193.17 , 291.73
186.69 , 295.19
179.89 , 297.81
172.83 , 296.1
108.94 , 311.09
100.63 , 309.1
91.61 , 308.6
82.56 , 309.1
73.64 , 309.85
64.49 , 309.6
55.59 , 310.33
47.73 , 313.34
40.57 , 318.23
35.28 , 325.25
31.71 , 332.85
39.26 , 330.06
46.61 , 325.69
54.18 , 321.87
62.49 , 319.85
71.53 , 320.35
80.56 , 320.85
89.61 , 320.35
98.76 , 320.1
107.36 , 318.7
