243761838_1
312.3 , 343.4
310.64 , 358.84
310.4 , 375.75
309.54 , 391.54
308.65 , 407.72
308.41 , 425.67
309.85 , 441.05
313.27 , 456.91
316.55 , 472.71
323.61 , 488.22
332.36 , 502.54
340.75 , 517.39
350.57 , 530.72
361.93 , 540.97
375.49 , 550.39
390.15 , 557.03
406.22 , 561.69
422.34 , 564.96
439.17 , 567.99
455.3 , 572.25
470.82 , 576.19
487.84 , 579.86
503.43 , 580.72
520.57 , 578.06
536.51 , 576.76
553.34 , 575.74
569.54 , 571.95
584.38 , 569.9
599.3 , 561.4
611.09 , 551.12
623.9 , 540.04
632.88 , 525.22
640.81 , 511.9
647.71 , 495.87
652.4 , 480.52
657.14 , 464.07
662 , 448.48
666.91 , 433.99
673.15 , 417.89
679.1 , 402.62
682.9 , 385.84
491.75 , 304.35
485.62 , 316.84
474.14 , 325.82
464.55 , 336.47
460.35 , 350.66
467.27 , 362.99
481.31 , 365.72
495.29 , 365.1
510.01 , 365.94
523.04 , 372.92
532.81 , 384.1
546.18 , 387.13
554.43 , 376.46
557.13 , 361.29
555.02 , 346.36
551.81 , 332.35
548.55 , 317.69
420.5 , 429.52
430.23 , 424.76
440.15 , 420.49
450.15 , 416.49
459.95 , 411.82
470.02 , 408.01
481.35 , 406.77
491.7 , 409.98
501.55 , 414.55
511.73 , 418
521.15 , 423.68
529.1 , 432.12
535.7 , 441.19
541.93 , 450.42
548.34 , 459.6
554.19 , 468.95
544.4 , 471.26
534.38 , 467.27
524.27 , 463.53
513.05 , 462.02
501.38 , 461.55
490.2 , 459.98
479.68 , 457.01
469.98 , 452.01
460.57 , 446.28
450.65 , 442.05
440.18 , 439.02
429.48 , 436.51
420.75 , 429.77
430.18 , 427.53
439.75 , 425.52
449.3 , 423.5
459.6 , 423.02
469.4 , 424.54
478.85 , 426.75
487.9 , 429.8
497.35 , 432
506.8 , 434.26
515.75 , 437.52
524.1 , 442.4
532.23 , 448.01
540.15 , 454.17
547.8 , 461.07
541.15 , 460.19
533.15 , 454.4
525.02 , 448.79
516.38 , 444.64
507.35 , 441.53
497.77 , 439.52
488.6 , 436.8
479.57 , 433.75
470.43 , 430.95
460.85 , 429.02
450.55 , 428.52
440.62 , 429.77
430.7 , 431.02
581.65 , 306.5
589.8 , 302.48
599.05 , 301
608.57 , 300
618.32 , 299.5
627.6 , 301.01
636.02 , 304.25
644.23 , 308.29
651.87 , 313.74
657.85 , 321.2
662.54 , 329.12
657.67 , 336.75
647.8 , 337.02
638.65 , 335.25
629.62 , 333.23
621.12 , 330.23
612.92 , 326.24
604.8 , 322.12
596.7 , 317.79
588.55 , 313.64
475.33 , 273.15
470.09 , 266.69
463.24 , 262.54
456.11 , 258.99
448.84 , 256.05
441.26 , 253.78
433.41 , 252.03
424.74 , 252.03
416.54 , 253
408.81 , 255
401.41 , 257.53
406.46 , 264.09
413.26 , 268.38
420.41 , 271.78
427.74 , 274.56
435.49 , 276.56
443.56 , 277.78
452.01 , 278.28
460.56 , 278.53
468.76 , 277.55
586.89 , 259.2
594.31 , 251
603.79 , 247.05
614.09 , 244.99
625.14 , 244.45
635.99 , 245.44
646.09 , 247.95
655.44 , 252.24
664.74 , 256.71
673.64 , 262.2
681.76 , 269.82
678.47 , 277.43
668.97 , 273.71
659.59 , 269.44
650.19 , 265.24
639.62 , 263.7
628.54 , 263.22
618.09 , 261.46
607.62 , 259.7
597.37 , 257.45
490.74 , 225.67
493.75 , 213.44
485.22 , 202.92
473.97 , 196.42
461.67 , 192.68
448.62 , 190.42
434.72 , 189.92
421.2 , 191.17
408.5 , 194.16
396.82 , 199.57
385.97 , 207.17
376.72 , 217.42
389.77 , 215.18
401.92 , 211.16
414.62 , 208.18
428.52 , 207.67
441.32 , 210.42
453.15 , 215.35
464.75 , 220.93
477.45 , 223.92
