2439679146_1
723.62 , 953.97
721.54 , 982.99
723.61 , 1012.12
727.15 , 1040.42
732.98 , 1070.71
736.95 , 1098.96
739.73 , 1129.14
743.1 , 1159.16
748.28 , 1186.53
756.86 , 1216.51
768.93 , 1240.83
786.97 , 1265.72
805.3 , 1286.76
825.75 , 1309.95
845.54 , 1332.42
864.71 , 1354.25
886.17 , 1376.66
906.64 , 1394.52
932.47 , 1410.54
961.08 , 1421.96
990.25 , 1427.87
1017.1 , 1428.89
1046.58 , 1426.11
1075.32 , 1419.98
1105.08 , 1411.66
1132.04 , 1401.88
1160.61 , 1388.37
1184.38 , 1375.08
1210.01 , 1359.62
1236.64 , 1342.89
1259.71 , 1326.06
1281.54 , 1304.77
1299.71 , 1283.89
1317.72 , 1259.24
1332.92 , 1235.32
1349.21 , 1208.92
1364.34 , 1184.62
1378.29 , 1159.89
1392.46 , 1131.82
1405.15 , 1106.06
1418.7 , 1077.7
1025.45 , 986.39
1011.81 , 1007.11
991.6 , 1023.16
973.71 , 1043.28
975.99 , 1069.23
1000.84 , 1077.92
1023.3 , 1091.06
1043.09 , 1108.26
1060.5 , 1129.45
1083.97 , 1124.82
1111.35 , 1117.64
1135.95 , 1113.77
1163.91 , 1108.58
1171.91 , 1084.36
1157.75 , 1064.1
1145.09 , 1038.96
1139.75 , 1012.6
908.76 , 1165.1
929.49 , 1162.35
950.93 , 1163.6
972.01 , 1165.6
992.51 , 1168.85
1012.16 , 1173.83
1030.71 , 1181.09
1049.46 , 1187.87
1069.34 , 1192.34
1088.56 , 1198.1
1107.13 , 1205.32
1125.68 , 1212.62
1144.51 , 1219.1
1155.21 , 1234.86
1138.24 , 1246.61
1120.61 , 1256.51
1102.56 , 1265.55
1083.91 , 1272.58
1064.36 , 1277.75
1043.86 , 1280.7
1023.06 , 1278.12
1004.24 , 1271.58
986.28 , 1262.36
969.81 , 1249.17
956.25 , 1232.82
943.76 , 1216.1
931.09 , 1199.45
919.35 , 1182.47
913.51 , 1164.6
929.26 , 1170.85
945.24 , 1176.58
961.61 , 1181.45
978.01 , 1186.35
994.21 , 1191.62
1010.09 , 1197.67
1025.76 , 1204.35
1041.88 , 1209.72
1058.96 , 1213.35
1077.16 , 1214.6
1095.01 , 1216.6
1112.61 , 1219.1
1130.79 , 1220.37
1148.39 , 1222.95
1130.38 , 1224.1
1111.81 , 1223.59
1093.61 , 1222.34
1075.28 , 1221.35
1056.74 , 1220.83
1038.76 , 1219.1
1022.34 , 1214.16
1006.84 , 1206.91
991.71 , 1198.59
976.06 , 1191.89
959.84 , 1186.67
943.63 , 1181.47
928.18 , 1174.04
1191.05 , 910.83
1203.7 , 902.67
1217.4 , 897.3
1231.72 , 893.31
1246.77 , 890.83
1263.05 , 890.83
1277.97 , 893.59
1291.8 , 898.58
1304.65 , 906.34
1316.72 , 916.24
1328.43 , 927.2
1321.2 , 939.43
1306.2 , 942.08
1290.05 , 941.83
1274.88 , 939.61
1260.38 , 935.9
1246.1 , 931.86
1232.55 , 926.08
1219.08 , 920.09
1204.72 , 916.1
1019.34 , 863.27
1009.69 , 852.12
998.69 , 842.15
987.49 , 832.7
975.44 , 825.75
962.56 , 820.99
948.49 , 818.72
933.31 , 818.71
919.34 , 821.2
906.39 , 825.69
894.04 , 831.97
905.31 , 841.25
917.12 , 849.01
929.29 , 855.72
941.91 , 861.22
955.12 , 865.22
969.21 , 867.44
983.79 , 868.72
998.12 , 870.47
1012.09 , 872.96
1186.72 , 850.11
1202.13 , 829.69
1224.77 , 820.6
1251.52 , 820.61
1276.35 , 825.14
1301.75 , 828.36
1328.52 , 828.86
1353.52 , 832.9
1376.1 , 842.61
1396.95 , 856.85
1414.34 , 875.71
1410.85 , 891.01
1390.05 , 876.62
1367.32 , 867.35
1342.39 , 863.11
1316.24 , 861.36
1289.82 , 860.21
1263.39 , 859.04
1237.2 , 857.34
1211.35 , 854.99
1062.37 , 795.36
1048.33 , 775.85
1028.76 , 761.54
1008.18 , 749.95
986.88 , 740.41
965.5 , 731.14
943.03 , 724.68
919 , 721.16
893.9 , 722.4
871.53 , 729.25
850.63 , 739.91
874.28 , 744.15
898.65 , 746.91
922.56 , 750.68
944.56 , 758.13
964.7 , 770.76
984.65 , 783.94
1005.38 , 795.16
1026.26 , 806.03
1048.61 , 812.9
