2439889861_1
303.09 , 392.2
302.74 , 405.56
302.06 , 418
304.32 , 432.27
306.48 , 444.91
311.66 , 457.91
318.19 , 468.81
325.66 , 480.87
333.36 , 491.88
338.96 , 503.85
344.08 , 516.37
351.2 , 527.05
355.53 , 540.31
359.51 , 553.19
365.03 , 564.72
374.06 , 574.39
384.95 , 582.16
398.09 , 587.98
410.35 , 589.87
423.86 , 591.17
438.11 , 591.27
450.54 , 587.25
462.62 , 581.64
475.25 , 576.07
486.73 , 570.57
499.5 , 563.98
510.29 , 557.79
521.67 , 550.32
533.56 , 542.39
544.39 , 535.79
556.99 , 528.91
567.41 , 522.08
578.08 , 513.43
586.6 , 503.77
589.34 , 489.86
590.8 , 476.57
594.27 , 464.06
597.09 , 450.18
599.27 , 437.04
601.56 , 423.57
601.5 , 410.05
360.95 , 427.5
357.45 , 434.45
354.52 , 441.73
354.37 , 450.63
359.82 , 456.11
366.59 , 461.45
372.72 , 465.97
381.6 , 465.72
389.57 , 466.32
397.34 , 467.04
405.72 , 466.42
413.97 , 463.49
421.16 , 460.57
425.91 , 454.16
426.29 , 445.43
421.86 , 438.63
417.6 , 431.4
344.42 , 482.73
353.35 , 484.73
361.72 , 488
370.6 , 490.16
379.3 , 492.6
388.45 , 494.24
398.12 , 494.73
407.8 , 495.23
417.37 , 495.98
427.17 , 496.23
436.85 , 495.73
446.77 , 495.73
456.44 , 496.23
460.49 , 501.92
452.3 , 505.7
444.02 , 509.13
435.5 , 511.96
426.8 , 514.46
418.12 , 517.02
409.9 , 520.72
401.35 , 523.46
391.92 , 524.48
382.7 , 522.99
374.42 , 519.48
367.33 , 512.65
361.61 , 505.18
355.7 , 497.75
349.95 , 490.28
352.67 , 487.73
358.6 , 492.15
364.7 , 496.01
370.92 , 499.48
377.75 , 501.47
385.07 , 502.48
392.37 , 503.48
399.92 , 503.98
407.72 , 503.98
415.39 , 503.73
422.95 , 503.23
430.15 , 501.98
437.47 , 500.98
445.02 , 500.47
452.08 , 498.99
444.82 , 499.73
437.27 , 500.23
429.82 , 500.98
422.52 , 501.98
415.32 , 503.23
407.77 , 503.73
400.1 , 503.48
392.55 , 502.98
385.22 , 501.98
377.8 , 501.26
371.3 , 498.51
364.94 , 495.26
358.62 , 491.91
437.05 , 372.76
441.7 , 368.86
446.32 , 364.73
451.45 , 362.1
457.05 , 360.51
463 , 359.76
468.85 , 360.76
474.23 , 362.7
479.3 , 365.51
484.45 , 368.17
489.5 , 371
487.92 , 376.13
482.43 , 377.74
476.7 , 378.99
470.85 , 380.01
464.88 , 380.76
458.93 , 380
453.2 , 378.78
447.6 , 377.28
442.2 , 375.42
373.44 , 364.16
370.84 , 358.73
366.11 , 354.28
360.84 , 351.27
355.31 , 349.08
349.87 , 346.57
343.99 , 345.07
337.41 , 345.06
331.41 , 346.31
325.96 , 348.8
320.64 , 351.56
323.99 , 356.68
328.49 , 361.43
333.54 , 364.97
338.94 , 367.59
344.66 , 369.32
350.66 , 370.56
357.01 , 370.06
363.37 , 369.56
369.71 , 369.07
423.05 , 348.53
429.96 , 339.85
440.28 , 337.05
450.98 , 335.1
461.73 , 333.31
472.62 , 331.75
484.28 , 331.78
495.68 , 332.28
506.7 , 333.54
517.6 , 335.03
527.32 , 339.3
521.38 , 345.35
510.25 , 344.29
499.73 , 341.96
488.65 , 340.75
477.6 , 341.99
466.73 , 343.53
455.65 , 344.68
444.9 , 346.5
434.45 , 349.03
366.44 , 348.96
365.98 , 342.41
361.52 , 335.96
355.47 , 330.41
348.72 , 326.67
341.87 , 323.31
334.82 , 320.51
327.77 , 317.71
320.52 , 315.46
312.89 , 313.84
305.45 , 315.53
303.27 , 322.71
309.94 , 325.64
317.82 , 326.71
324.75 , 329.95
332.14 , 332.08
339.32 , 334.51
346.04 , 338.22
352.57 , 342.53
359.07 , 346.78
