2442107375_1
181.95 , 539.15
179.8 , 557.3
176.72 , 577.31
174.94 , 597.32
175.18 , 617.36
176.63 , 637.38
177.12 , 657.32
177.2 , 676.97
179 , 697.47
184.62 , 715.89
193.75 , 734.51
204.13 , 749.29
218.33 , 765.08
232.83 , 778.8
247.67 , 790.45
264.52 , 801.81
282.07 , 813.06
297.36 , 823.09
314.73 , 834.1
332.6 , 845.08
350.31 , 854.25
368.17 , 860.33
387.58 , 864.36
407.41 , 867.6
427.02 , 868.42
447.38 , 863.59
462.98 , 853.72
478.7 , 840.63
492.75 , 826.71
504.4 , 810.43
514.45 , 793
523.74 , 775.93
532.98 , 757.21
540.12 , 739.96
546.99 , 720.84
553.76 , 701.96
559.25 , 682.59
564.73 , 663.29
569.87 , 643.86
574.35 , 624.23
577.95 , 604.51
405.65 , 553.75
400.02 , 570.68
385.96 , 583.52
373.06 , 595.74
378.15 , 613.87
386.52 , 631.1
402.41 , 638.1
420.69 , 642.95
435.37 , 653.98
449.88 , 666.89
467.25 , 663.15
480.62 , 649.23
497.35 , 638.69
503.51 , 622.4
496.16 , 605.63
487.92 , 589.1
482.94 , 569.15
333.75 , 680.34
347.5 , 677.09
361.75 , 674.84
376.98 , 675.09
391.45 , 676.85
405 , 680.59
418.07 , 685.12
430.85 , 690.62
446.05 , 690.84
460.9 , 691.84
474.45 , 695.55
487.57 , 699.91
493.75 , 712.34
488.25 , 725.09
483.5 , 738.09
478.24 , 750.94
468.18 , 761.82
454.4 , 765.09
439.18 , 765.34
424.8 , 763.36
411.02 , 760.1
397.52 , 756.36
385 , 750.09
374.01 , 739.61
365.37 , 727.99
356.9 , 716.27
348.47 , 704.57
340.18 , 692.79
341.5 , 691.34
352.6 , 692.09
363.23 , 693.84
373.8 , 695.63
384.12 , 698.07
394.5 , 700.34
404.5 , 703.34
414.57 , 706.16
424.93 , 708.52
435.52 , 710.34
446.25 , 711.84
457.5 , 712.34
468.6 , 711.59
479.57 , 710.59
479.98 , 716.61
470.23 , 720.08
460.25 , 723.09
450.07 , 725.77
439.35 , 727.34
428.12 , 727.36
417.73 , 725.08
407.6 , 722.31
397.85 , 718.81
388.27 , 714.86
378.93 , 710.08
369.55 , 705.38
360.15 , 700.75
350.6 , 696.68
487.8 , 503.37
493.8 , 498.62
500.35 , 495.3
506.93 , 492
513.58 , 488.88
520.3 , 486.12
527.62 , 484.63
535.55 , 484.87
542.62 , 486.88
549.17 , 490.22
553.76 , 496.32
551.5 , 503.2
545.6 , 508.36
538.85 , 511.12
531.52 , 512.62
523.5 , 512.62
515.8 , 511.87
508.6 , 510.12
501.68 , 507.9
494.6 , 505.85
385.55 , 495.27
379.27 , 489.76
372.9 , 484.48
366.2 , 480.23
358.8 , 477.78
350.62 , 476.99
342.35 , 476.64
334.43 , 478.01
326.9 , 480.09
319.88 , 483.61
313.25 , 487.99
320.1 , 491.83
327.12 , 495.36
334.4 , 497.96
342.25 , 499.49
350.35 , 500.48
358.8 , 500.24
367.15 , 499.74
375.6 , 499.49
383.7 , 500.49
485.15 , 485.52
494.1 , 475.83
504.8 , 469.61
515.92 , 464.51
527.95 , 461.5
540.8 , 460.27
553.77 , 459.27
566.27 , 457.24
579.25 , 456.27
590.75 , 460.3
599.32 , 469.69
598.4 , 482.27
585.33 , 482.95
572.92 , 480.77
559.58 , 481.02
546.47 , 481.77
533.75 , 483.24
521.4 , 485.52
509.35 , 488.52
496.5 , 489.8
420.85 , 482.47
415.44 , 466.21
400.12 , 456.28
383.83 , 448.98
367.2 , 442.75
349.83 , 437.97
332.18 , 433.72
313.12 , 432.47
295.15 , 435.94
279.43 , 444.82
266.43 , 459.07
262.8 , 476.97
279.43 , 472.34
295.65 , 464.74
313.4 , 460.72
332.1 , 462.71
350.05 , 466.22
367.8 , 470.22
385.03 , 475.23
401.55 , 481.72
