2447989452_1
305.3 , 417.5
304.93 , 430.98
305.02 , 444.41
306.87 , 457.56
310.9 , 470.28
316.61 , 482.41
323.18 , 495.37
329.95 , 506.63
337.64 , 517.48
346.01 , 527.69
355.87 , 538.42
364.71 , 547.8
374.84 , 558.21
383.96 , 568.01
392.55 , 577.49
403.48 , 587.18
414.48 , 593.78
427.75 , 598.36
441.66 , 600.83
454.37 , 601.92
468.32 , 601.1
482 , 597.52
493.79 , 592.46
506.5 , 586.47
517.74 , 579.11
528.84 , 571.79
540.8 , 565.81
552.09 , 556.88
560.56 , 547.13
569.63 , 536.4
577.86 , 526.48
587.66 , 516.01
595.79 , 505.11
601.68 , 492.38
605.99 , 480.47
609.59 , 466.72
611.51 , 453.91
614.15 , 440.32
615.17 , 426.64
613.81 , 412.8
611.25 , 398.95
405.05 , 397.84
398.75 , 406.05
394.09 , 415.69
393.25 , 426
398.75 , 435.05
406.66 , 442.36
415.32 , 448.11
424.4 , 452.79
434.52 , 456.04
443.58 , 451.85
453.33 , 446.46
462.45 , 441.88
470.48 , 435.07
475.88 , 425.3
475.2 , 414.98
468.73 , 406.65
463.1 , 397.4
360.15 , 470.82
371.95 , 464.3
386.45 , 464.82
400.45 , 466.32
414.1 , 468.57
427.5 , 471.31
441.75 , 472.32
455.62 , 470.57
468.52 , 466.8
481.82 , 463.8
496.42 , 463.57
510.42 , 465.07
524.57 , 466.33
524.91 , 480.47
517.7 , 492.02
508.58 , 502.9
498.02 , 512.97
486.67 , 520.81
474.55 , 526.57
461.02 , 529.07
446.4 , 529.32
432.15 , 528.32
418.62 , 525.82
406.32 , 520.76
394.57 , 513.99
383.7 , 504.87
374.56 , 494
366.52 , 482.72
375.65 , 472.32
387.32 , 471.57
398.9 , 472.57
410.35 , 473.82
421.1 , 476.53
431.82 , 479.25
443.62 , 479.82
454.45 , 477.28
465.1 , 474.36
475.32 , 470.64
486.4 , 468.57
498.3 , 468.32
509.75 , 469.56
518.36 , 474.87
510.58 , 483.65
501.92 , 491.81
492.75 , 498.56
482.92 , 503.55
473 , 508.22
462.7 , 511.82
451.27 , 513.07
439.45 , 513.57
427.77 , 512.85
416.7 , 510.84
406.75 , 506.2
397.73 , 499.15
389.55 , 490.47
381.96 , 481.62
470.55 , 353.61
474.23 , 348.69
478.27 , 343.89
482.95 , 339.47
488.18 , 336.49
493.57 , 334.1
499.43 , 332.74
505.78 , 332.86
511.65 , 334.2
517.12 , 336.43
522.35 , 339.37
524.62 , 344.1
518.48 , 344.86
512.08 , 345.1
506.2 , 346.45
500.5 , 348.11
494.45 , 349.11
488.18 , 349.61
481.77 , 349.85
476.33 , 352.12
400.58 , 348.3
396.15 , 345.03
391.4 , 342.65
386.43 , 341.04
381.1 , 340.02
375.43 , 339.78
369.98 , 340.52
364.8 , 341.75
360.03 , 344.02
355.45 , 346.87
350.78 , 349.27
355.8 , 350.77
361.03 , 352.02
366.7 , 352.27
372.5 , 352.27
378.18 , 352.52
383.98 , 352.52
389.65 , 352.27
395.23 , 352.77
400.78 , 353.27
450.63 , 323.47
456.23 , 312.57
467.25 , 307.1
478.75 , 303.25
490.75 , 300.24
503.36 , 298.48
516.21 , 297.19
528.78 , 298.98
539.78 , 304.46
549.58 , 313.17
557.41 , 323.27
555.7 , 332.03
544.98 , 325.85
534.18 , 319.98
522.58 , 316.22
509.38 , 316.22
497.36 , 319.22
485.65 , 322.72
473.65 , 325.71
461.65 , 328.73
413.41 , 328.1
411.02 , 316.33
400.9 , 310.01
389.72 , 306.5
377.9 , 304.26
365.47 , 303.26
352.95 , 304.01
341.35 , 306.78
330.55 , 311.35
321.92 , 320.49
315.16 , 330.44
312.9 , 342.26
322.5 , 336.42
331.97 , 328.25
342.65 , 323.26
354.7 , 321.51
367.12 , 322.5
378.77 , 325.14
390.3 , 327.98
401.88 , 330.76
