2448291599_1
777.6 , 887.7
777.47 , 917.09
778.61 , 949.96
780.12 , 982.58
781.93 , 1012.24
785.97 , 1044.29
792.61 , 1075.79
801.29 , 1106.84
813.08 , 1138.13
826.75 , 1166.3
843.25 , 1193.58
861.9 , 1217.81
889.17 , 1237.89
915.5 , 1251.9
946.53 , 1265.73
977.31 , 1275.17
1008.73 , 1280.73
1040.19 , 1280.52
1070.11 , 1278.38
1104.03 , 1273.71
1134.07 , 1272.74
1165.37 , 1279.5
1196.69 , 1278.7
1229.88 , 1275.68
1259.55 , 1268.68
1292.12 , 1259.25
1321.39 , 1251.87
1352.22 , 1239.69
1378.9 , 1224.22
1406.8 , 1208.92
1433.45 , 1190.04
1452.05 , 1165.47
1461.36 , 1133.32
1462.74 , 1103.66
1466.59 , 1070.06
1471.63 , 1040.2
1475.3 , 1006.19
1476.14 , 975.63
1474.26 , 943.01
1472.8 , 912.71
1471.4 , 878.6
1044.95 , 760.7
1043.36 , 790.01
1035.2 , 817.89
1020.37 , 846.86
1011.82 , 873.59
1020.36 , 901.37
1047.21 , 914.72
1070.67 , 893.46
1096.6 , 885.29
1127.63 , 885.36
1155.57 , 899.59
1184.2 , 907.64
1205.1 , 886.26
1207.3 , 858.1
1196.55 , 829.05
1185.3 , 801.64
1176.55 , 770.45
982.19 , 1073.66
991.76 , 1054.86
1003.45 , 1036.88
1018.69 , 1020.16
1035.57 , 1005.31
1053.24 , 992.63
1072.09 , 983.17
1094.62 , 981.91
1117.14 , 983.12
1138.99 , 980.67
1160.89 , 978.16
1183.14 , 979.41
1203.27 , 985.39
1221.16 , 997.38
1237.51 , 1013.23
1252.56 , 1030.01
1239.77 , 1039.48
1218.14 , 1036.41
1195.54 , 1037.38
1174.24 , 1041.17
1152.34 , 1043.66
1129.49 , 1044.16
1106.87 , 1045.19
1084.39 , 1046.45
1062.12 , 1048.15
1040.47 , 1051.15
1020.44 , 1057.41
1001.49 , 1066.64
993.19 , 1067.41
1009.22 , 1054.88
1025.09 , 1041.91
1040.99 , 1029.1
1058.19 , 1019.66
1076.24 , 1012.88
1096.14 , 1009.91
1117.27 , 1009.91
1137.91 , 1008.41
1157.94 , 1005.66
1178.69 , 1004.41
1198.47 , 1007.15
1216.97 , 1012.93
1233.89 , 1022.84
1250.04 , 1035.03
1234.79 , 1027.04
1217.91 , 1016.9
1199.89 , 1009.64
1179.87 , 1006.91
1158.74 , 1007.42
1138.34 , 1009.41
1117.79 , 1011.06
1096.97 , 1012.16
1077.07 , 1015.13
1058.99 , 1021.87
1041.79 , 1031.29
1025.79 , 1043.84
1009.74 , 1056.38
1200.65 , 753.29
1208.4 , 742.79
1218.98 , 734.97
1230.3 , 729.26
1242.33 , 725.61
1255.33 , 723.79
1269.2 , 723.79
1282.1 , 725.8
1294.03 , 729.67
1305.3 , 735.54
1315.67 , 743.8
1317.42 , 756.27
1305.45 , 760.05
1292.55 , 762.04
1279.18 , 763.04
1265.9 , 761.79
1252.75 , 760.29
1239.38 , 759.29
1226.35 , 757.54
1213.2 , 756.04
986.85 , 745.28
975.95 , 739.28
963.35 , 737.27
949.9 , 737.02
936.83 , 737.99
925.23 , 742.03
914.17 , 747.62
903.45 , 754.09
892.75 , 760.52
882.41 , 768.1
875.25 , 778.52
888.7 , 778.27
901.8 , 777.27
915.35 , 777.27
928.33 , 776.02
940.45 , 773.01
952.48 , 769.79
964.58 , 766.74
976.62 , 763.64
987.7 , 758.03
1138.68 , 650.65
1158.86 , 629.98
1183.18 , 620.15
1209.33 , 614.18
1238.03 , 613.4
1264.53 , 618.64
1290.15 , 625.64
1315.03 , 634
1339.31 , 644.02
1363.31 , 655.03
1385.16 , 671.88
1379.71 , 693.39
1354.98 , 684.69
1329.68 , 677.15
1302.45 , 673.41
1274.48 , 671.19
1247.01 , 667.97
1219.68 , 664.4
1190.76 , 664.15
1161.83 , 663.9
1040.43 , 666.65
1027.42 , 641.3
1001.85 , 627.52
971.47 , 625.31
941.35 , 628.53
911.02 , 631.45
881.6 , 636.12
855.67 , 649.05
834.55 , 671.92
821.44 , 697.77
815.43 , 726.57
812.92 , 757.05
827.43 , 734.77
844.8 , 710.7
868.27 , 691.3
896.35 , 683.8
926.72 , 681.05
957.57 , 679.3
988.42 , 681.05
1018.42 , 684.55
