2449151024_1
917.99 , 1212.71
923.76 , 1246.9
932.53 , 1281.26
941.44 , 1315.1
950.74 , 1352.06
958.97 , 1385.6
967.78 , 1418.78
980.8 , 1455.17
997.65 , 1487.01
1015.2 , 1518.68
1031.16 , 1548.25
1049.44 , 1580.2
1072.55 , 1610.34
1094.83 , 1635.04
1122.08 , 1662.79
1149.29 , 1686.09
1179.71 , 1704.97
1209.92 , 1717.1
1248.8 , 1724.4
1282.95 , 1726.81
1317.23 , 1725.77
1354.98 , 1719.62
1388.14 , 1710.5
1422.15 , 1698.84
1455.77 , 1687.45
1490.6 , 1677.03
1525.94 , 1663.18
1554.48 , 1645.3
1582.45 , 1619.61
1606.02 , 1592.49
1625.88 , 1562.92
1642.3 , 1531.18
1655.3 , 1497.5
1664.61 , 1462.56
1674.1 , 1428.6
1681.2 , 1393.64
1689.35 , 1358.74
1697.89 , 1324.45
1707.86 , 1288.79
1711.77 , 1252.83
1709.4 , 1215.25
1200.2 , 1156.85
1183 , 1185.05
1162.06 , 1208.61
1145.22 , 1238.53
1156.14 , 1271.75
1178.29 , 1295.75
1211.86 , 1302.54
1243.11 , 1316.31
1273.25 , 1329.44
1305.06 , 1318.24
1338.3 , 1311.02
1370.71 , 1302.29
1398.05 , 1283.3
1398.81 , 1250.26
1380.08 , 1222.93
1353.86 , 1201.95
1340.55 , 1170.6
1127.64 , 1400.81
1151.17 , 1392.3
1177.57 , 1389.56
1204.59 , 1391.06
1231.37 , 1393.06
1258.04 , 1395.33
1285.04 , 1396.81
1312.07 , 1398.31
1339.72 , 1398.06
1366.97 , 1397.06
1393.99 , 1395.57
1420.54 , 1393.06
1448.17 , 1392.81
1464.54 , 1409.91
1444.39 , 1428.06
1423.52 , 1444.19
1401.47 , 1457.05
1378.22 , 1466.58
1353.82 , 1473.38
1328.79 , 1479.06
1302.87 , 1482.81
1275.97 , 1484.56
1248.59 , 1483.77
1222.24 , 1480.91
1197.19 , 1475.32
1174.66 , 1463.58
1154.9 , 1444.33
1140.26 , 1422.96
1138.39 , 1397.06
1160.09 , 1392.05
1183.27 , 1394.06
1205.09 , 1398.79
1226.82 , 1403.82
1249.27 , 1407.31
1272.92 , 1408.31
1296.79 , 1408.81
1320.22 , 1407.31
1343.24 , 1405.06
1366.64 , 1403.56
1390.07 , 1402.06
1413.22 , 1400.07
1436.74 , 1398.81
1432.24 , 1412.72
1412.07 , 1421.12
1391.94 , 1429.53
1371.64 , 1437.56
1350.77 , 1444.04
1328.57 , 1448.06
1305.29 , 1449.79
1281.64 , 1450.81
1257.79 , 1450.21
1234.47 , 1448.56
1211.91 , 1445.31
1190.09 , 1440.53
1169.94 , 1432.13
1155.09 , 1414.26
1385.05 , 1043.95
1395.74 , 1029.25
1410.25 , 1018
1425.15 , 1007.85
1441.17 , 1000.67
1458.45 , 996.46
1477.4 , 995.7
1496 , 997.2
1513.27 , 1001.43
1529.22 , 1008.89
1544.25 , 1018.67
1545.62 , 1036.64
1529.7 , 1044.18
1512.3 , 1048.2
1494.8 , 1051.95
1476.58 , 1054.2
1457.5 , 1053.7
1438.92 , 1052.2
1420.7 , 1049.97
1404.12 , 1044.45
1175.8 , 1034.33
1161.33 , 1023.11
1146.03 , 1014.1
1130 , 1007.01
1112.78 , 1002.79
1094.3 , 1001.11
1075.38 , 1001.84
1057.9 , 1005.57
1041.88 , 1012.58
1027.41 , 1023.81
1016.35 , 1038.36
1031.7 , 1047.2
1047.95 , 1053.45
1064.8 , 1058.34
1083.1 , 1060.36
1102.28 , 1060.11
1120.5 , 1057.96
1138.03 , 1054.36
1155.85 , 1051.36
1174.52 , 1050.11
1338.64 , 925.61
1357.89 , 904.86
1379.24 , 887.29
1402.79 , 875.61
1429.04 , 870.35
1456.84 , 868.36
1485.04 , 867.11
1513.22 , 868.36
1538.72 , 875.14
1562.42 , 886.38
1583.44 , 904.92
1564.54 , 916.89
1540.22 , 907.68
1515.47 , 899.61
1488.62 , 895.61
1460.66 , 897.36
1435.04 , 903.95
1411.47 , 915.55
1387.52 , 925.99
1362.99 , 934.63
1196.28 , 925.99
1173.73 , 912.43
1149.5 , 903.48
1123.4 , 898.45
1096.08 , 896.44
1068.62 , 898.69
1041.42 , 901.45
1015.58 , 907.06
991.98 , 917.68
971.21 , 935.86
955.7 , 957.69
979.73 , 948.43
1003.83 , 939.32
1028.12 , 930.76
1054.43 , 926.19
1082.35 , 926.44
1109.93 , 928.44
1137.12 , 931.19
1163.4 , 935.9
1189.15 , 941.7
