121720434_1
346.19 , 314.08
350.1 , 326.52
354.35 , 338.82
359.51 , 350.83
364.74 , 362.78
369.72 , 374.81
374.66 , 386.87
380.08 , 398.79
386.46 , 410.17
392.63 , 420.4
399.64 , 431.83
407.56 , 442.73
416.88 , 452.19
426.98 , 460.42
437.55 , 468.02
447.18 , 475.16
458.36 , 482.39
470.37 , 487.01
484.28 , 487.5
497.06 , 485.31
509.77 , 481.6
522.55 , 478.46
534.85 , 474.3
546.31 , 468.33
556.68 , 460.81
566.04 , 452.32
574.5 , 442.81
582.08 , 430.94
588.28 , 419.56
593.89 , 407.65
598.97 , 395.53
603.53 , 384.59
607.93 , 372.2
610.94 , 359.51
612.83 , 346.58
614.02 , 333.55
614.9 , 320.5
615.32 , 307.44
615.62 , 294.39
614.92 , 281.44
613.05 , 267.4
423.05 , 281
419.69 , 292.65
414.73 , 304.23
412.84 , 315.34
416.76 , 327.86
425.96 , 336.36
437.23 , 340.82
449.78 , 341.47
461.8 , 340.19
474.09 , 337.77
485.42 , 332.54
495.42 , 326
503.73 , 316.76
503.4 , 303.99
496 , 294.75
489.12 , 284.19
483.5 , 272.64
422.39 , 393.15
431.31 , 393.4
439.79 , 392.15
447.99 , 390.41
457.06 , 390.4
465.76 , 391.14
473.79 , 388.99
480.99 , 384.81
488.66 , 381.89
496.76 , 379.87
504.99 , 378.12
513.32 , 376.63
521.79 , 375.38
524.87 , 382.42
520.86 , 389.7
516.09 , 396.7
510.06 , 403.24
503.19 , 408.39
496.19 , 413.14
489.12 , 417.67
481.54 , 420.88
473.19 , 422.4
464.14 , 422.4
456.01 , 420.43
448.51 , 417.03
441.59 , 412.09
435.16 , 405.67
428.64 , 399.65
427.39 , 395.65
434.49 , 395.15
441.26 , 393.91
448.39 , 393.4
455.26 , 394.4
462.39 , 394.9
469.51 , 394.39
475.62 , 391.67
481.81 , 389.22
488.06 , 386.97
494.31 , 384.72
500.56 , 382.47
507.19 , 380.88
513.76 , 379.28
519.75 , 378.28
513.69 , 381.11
507.44 , 383.36
501.04 , 385.25
494.96 , 388.09
488.76 , 390.53
482.56 , 392.97
476.16 , 394.89
469.89 , 397.15
463.01 , 398.15
456.01 , 397.4
449.01 , 396.65
441.89 , 396.15
434.64 , 395.9
499.75 , 219.19
501.66 , 214.27
505.62 , 210.04
510.45 , 207.7
515.45 , 205.93
520.95 , 205.19
526.7 , 205.45
531.83 , 206.92
536.75 , 208.94
541.27 , 211.85
541.03 , 217.59
539.48 , 222.71
536.42 , 227.19
531.55 , 229.42
526.42 , 230.94
521.02 , 231.94
515.27 , 231.69
509.9 , 230.71
504.98 , 228.68
500.99 , 224.47
413.52 , 238.24
408.59 , 235.58
403.58 , 233.09
398.33 , 231.46
392.71 , 230.46
386.86 , 230.94
381.73 , 232.97
376.69 , 235.23
372.04 , 238.64
367.95 , 243.01
365.46 , 247.96
370.36 , 250.62
375.46 , 252.71
381.31 , 253.21
387.41 , 253.21
393.13 , 252.46
398.63 , 251.2
404.01 , 249.7
408.86 , 246.84
413.66 , 243.97
473.87 , 206.7
477.97 , 196.07
487.02 , 187.52
497.47 , 182.73
508.5 , 179.45
519.82 , 176.7
531.7 , 175.2
543.47 , 176.93
553.92 , 181.74
563.56 , 188.64
570.63 , 198.25
574.33 , 208.96
562.82 , 206.65
552.85 , 200.67
542.57 , 195.43
530.55 , 194.2
518.52 , 195.45
507.1 , 197.95
495.92 , 200.97
485.25 , 204.97
408.55 , 210.02
402.17 , 203.17
393.57 , 200.9
384.47 , 202.18
375.5 , 203.68
366.4 , 204.92
357.05 , 205.64
349.07 , 209.49
342.95 , 216.62
338.99 , 224.59
336.67 , 233.17
338.17 , 242.17
346.14 , 239.45
351.74 , 232.1
359.05 , 226.51
367.35 , 223.66
376.2 , 221.92
385.17 , 220.42
394.17 , 218.92
402.92 , 216.92
