2449151024_2
1060 , 1118.1
1073.49 , 1157.14
1085.17 , 1195.38
1095.18 , 1237.87
1104.06 , 1277.72
1116.83 , 1317.94
1133.28 , 1358.33
1149.84 , 1394.99
1167.31 , 1435.53
1184.96 , 1472.34
1208.3 , 1507.17
1232.43 , 1540.88
1256.83 , 1577.19
1279.4 , 1610.9
1304.04 , 1644.26
1334.17 , 1671.99
1371.05 , 1689.64
1413.43 , 1698.6
1456.37 , 1702.46
1495.93 , 1703.64
1537.83 , 1699.79
1579.31 , 1690.69
1619.64 , 1677.16
1656.03 , 1659.41
1692.2 , 1633.72
1723.56 , 1604.28
1751.7 , 1573.94
1778.92 , 1543.72
1807.98 , 1512.46
1837.61 , 1484.14
1865.82 , 1451.94
1887.29 , 1413.93
1906.2 , 1377.54
1919.12 , 1338.86
1931.69 , 1300.16
1946.38 , 1256.83
1955.76 , 1216.19
1966.85 , 1177.1
1980.34 , 1136.05
1987.79 , 1095.32
1996.75 , 1053.1
1323.5 , 1007.05
1304.65 , 1037.77
1276.25 , 1064.03
1267.35 , 1097.89
1286.87 , 1130.2
1320.84 , 1151.77
1344.65 , 1178.07
1381.51 , 1185.98
1419.9 , 1178.13
1449 , 1155.69
1486.24 , 1164.17
1523.7 , 1162.6
1555.25 , 1145.7
1567.54 , 1111
1552.95 , 1072.5
1524.56 , 1047.94
1499.8 , 1018.6
1248.45 , 1317.12
1272.67 , 1309.39
1298.88 , 1305.37
1325.58 , 1302.38
1351.03 , 1296.8
1378.7 , 1295.87
1403.98 , 1301.87
1430.93 , 1304.37
1458.2 , 1302.62
1485.23 , 1304.89
1510.65 , 1310.58
1537.08 , 1314.12
1564.23 , 1316.12
1590.45 , 1320.12
1587.65 , 1343.69
1565.1 , 1356.22
1541.15 , 1364.67
1517.45 , 1373.87
1493.05 , 1381.38
1467.55 , 1386.77
1440.65 , 1389.37
1412.75 , 1389.86
1385.7 , 1387.62
1360.45 , 1381.62
1336.68 , 1372.6
1313.9 , 1360.59
1292.08 , 1346.12
1270.6 , 1330.74
1276.95 , 1320.62
1296.05 , 1315.84
1316.45 , 1313.87
1337.35 , 1314.87
1358.03 , 1316.35
1378.2 , 1318.87
1398.08 , 1321.99
1418.17 , 1324.62
1438.73 , 1326.37
1459.38 , 1327.87
1480.18 , 1329.12
1501.2 , 1329.87
1522.45 , 1330.12
1543.6 , 1329.62
1548.05 , 1339.09
1529.35 , 1344.6
1510.4 , 1349.61
1491.03 , 1353.8
1470.88 , 1356.37
1450.3 , 1358.02
1429.2 , 1358.62
1408.18 , 1357.87
1387.75 , 1355.87
1368.6 , 1351.27
1350.15 , 1345.39
1331.83 , 1339.24
1313.53 , 1333.1
1295.38 , 1326.55
1524.6 , 882.01
1542.77 , 872.36
1560.15 , 860.69
1577.57 , 849.04
1595.92 , 839.7
1615.22 , 833.23
1636.4 , 830.51
1658.4 , 829.51
1679.1 , 833.26
1698 , 840.76
1714.32 , 855.49
1710.16 , 875.73
1692.02 , 885.57
1672.92 , 892.51
1652.1 , 896.01
1629.97 , 896.76
1608.42 , 894.76
1587.5 , 891.5
1566.95 , 887.51
1546.15 , 884.01
1280.32 , 895.07
1266.84 , 886.56
1252.57 , 880.08
1236.69 , 877.32
1219.72 , 876.82
1203.22 , 878.3
1187.59 , 881.6
1172.74 , 886.31
1158.79 , 893.73
1146.41 , 905.34
1138.69 , 919.07
1151.47 , 929.6
1166.66 , 933.8
1183.39 , 934.82
1199.39 , 932.31
1214.82 , 928.59
1230.12 , 924.57
1244.84 , 919.54
1259.27 , 913.75
1273.66 , 907.84
1493.75 , 762.25
1511.5 , 731.36
1547.28 , 725.23
1584.58 , 722.18
1621.38 , 718
1660.05 , 717.75
1695.05 , 725.75
1726.7 , 741.73
1758.1 , 758.34
1788.88 , 776.41
1817.27 , 801.28
1806.53 , 826.24
1773.62 , 814.28
1740.8 , 801.98
1707.38 , 791.23
1672.17 , 783.75
1635.2 , 780.49
1597.5 , 782.75
1560.75 , 787
1522.88 , 785.09
1298.78 , 823.11
1297.37 , 795.4
1275.98 , 778.78
1251.11 , 771.59
1223.16 , 770.59
1195.09 , 771.34
1167.26 , 772.58
1141.28 , 777.59
1117.98 , 789.14
1097.78 , 808.87
1083.74 , 831.14
1071.56 , 854.09
1096.38 , 861.35
1119.88 , 850.53
1142.26 , 836.85
1165.88 , 826.61
1190.91 , 819.6
1218.61 , 818.09
1245.81 , 820.59
1271.68 , 825.83
