2449179046_1
658.25 , 1155.64
650.8 , 1189.26
645.22 , 1222.45
643.19 , 1258.2
644.4 , 1290.24
647.83 , 1324.28
653.42 , 1359.07
662.94 , 1393.29
677.69 , 1426.06
695.3 , 1454.05
715.65 , 1480.03
741.45 , 1506.34
768.11 , 1526.54
799.65 , 1545.42
829.82 , 1560.31
860.33 , 1575.5
889.68 , 1591.84
920.27 , 1612.42
948.22 , 1630.24
980.5 , 1646.93
1012.72 , 1653.04
1047.79 , 1648.93
1082.07 , 1642.57
1117.28 , 1635.52
1150.3 , 1628.17
1182.97 , 1618.59
1214.95 , 1610.84
1250.32 , 1602.7
1284.42 , 1594.53
1318.48 , 1584.29
1348.5 , 1571.21
1377.5 , 1551.65
1402.57 , 1528.34
1427.14 , 1500.73
1443.19 , 1472.86
1456.28 , 1441.09
1466.96 , 1408.91
1479.39 , 1373.15
1495.46 , 1342.89
1506.18 , 1310.89
1515.75 , 1275.85
993.1 , 1223.75
970.39 , 1233.6
951.3 , 1253.13
940.15 , 1278.42
942.95 , 1304.04
967.82 , 1314.91
993.02 , 1318.64
1020.75 , 1324.97
1045.5 , 1331.95
1071.21 , 1338.2
1098.95 , 1342.03
1124.58 , 1345.28
1149.03 , 1333.21
1161.27 , 1310.74
1157.1 , 1283.84
1140.03 , 1261.45
1124 , 1239.45
913.64 , 1437.6
927.79 , 1424.21
943.01 , 1413.85
959.79 , 1407.85
977.81 , 1404.35
996.72 , 1402.6
1015.34 , 1404.85
1033.49 , 1408.11
1051.19 , 1412.34
1067.51 , 1419.72
1082.59 , 1430.54
1097.49 , 1441.95
1111.71 , 1455.18
1123.45 , 1469.9
1133.14 , 1485.38
1117.26 , 1493.97
1100.41 , 1499.86
1083.57 , 1505.63
1065.99 , 1510.12
1047.37 , 1512.35
1027.74 , 1512.6
1009.21 , 1510.1
991.51 , 1505.85
974.39 , 1500.6
957.96 , 1493.61
942.62 , 1483.57
928.39 , 1470.35
918.38 , 1455
941.64 , 1440.6
951.62 , 1435.63
961.51 , 1430.22
971.62 , 1425.37
981.99 , 1421.51
993.14 , 1419.1
1004.69 , 1420.59
1015.74 , 1423.2
1027.34 , 1424.61
1039.49 , 1424.85
1050.32 , 1427.87
1060.44 , 1432.64
1069.91 , 1439.13
1078.87 , 1447.08
1087.74 , 1455.21
1089.59 , 1464.31
1077.89 , 1463.1
1066.46 , 1461.35
1054.54 , 1460.6
1042.39 , 1460.85
1030.76 , 1459.47
1019.24 , 1457.82
1008.82 , 1454.07
998.26 , 1450.63
986.84 , 1448.81
975.84 , 1446.11
964.64 , 1443.85
953.34 , 1441.85
1201.35 , 1142.29
1211.42 , 1125.69
1227.05 , 1112.81
1244.77 , 1105.86
1263.88 , 1101.79
1284.12 , 1100.04
1304.22 , 1102.04
1323.15 , 1106.56
1340.65 , 1114.33
1356.2 , 1127.4
1367.09 , 1143.74
1358.7 , 1160.69
1340.88 , 1167.27
1323.6 , 1175.79
1305.8 , 1182.53
1285.32 , 1183.79
1266.32 , 1179.52
1248.1 , 1173.79
1230.47 , 1166.57
1213.13 , 1158.3
977.28 , 1095
968.5 , 1078.22
954.4 , 1063.37
938.95 , 1050.92
921.8 , 1043.2
903.38 , 1038.43
884.1 , 1035.42
863.75 , 1036.15
845.3 , 1040.89
828.18 , 1048.69
811.7 , 1058.17
826.18 , 1072.89
840.45 , 1087.67
856.18 , 1099.39
872.68 , 1108.9
890.3 , 1115.2
910.03 , 1117.17
930.4 , 1117.92
950.62 , 1116.92
968.77 , 1111.66
1257.15 , 1034.4
1285.85 , 1034.15
1313.25 , 1031.15
1341.73 , 1031.9
1368.12 , 1036.9
1392.55 , 1045.93
1416.65 , 1055.9
1441.18 , 1064.66
1465.05 , 1075.31
1487.27 , 1090.72
1494.52 , 1116.02
1469.85 , 1123.6
1446.53 , 1111.24
1423.4 , 1098.4
1400.2 , 1085.69
1375.7 , 1076.89
1349.53 , 1071.41
1322.85 , 1066.9
1296.8 , 1061.16
1269.65 , 1057.65
973.3 , 963.7
948.7 , 951.61
923.3 , 941.95
897.23 , 933.9
871.02 , 926.17
844.35 , 919.16
816 , 915.66
786.77 , 915.4
761.52 , 925.38
740.45 , 946.71
719.75 , 968.16
748.62 , 965.67
774.35 , 956.94
802.4 , 952.76
831.45 , 954.16
859.67 , 957.91
887.45 , 962.67
915.08 , 967.66
942.35 , 973.44
969.75 , 978.91
