245801293_1
-5.95 , 1034.54
-5.62 , 1075.76
-0.52 , 1119.3
8.28 , 1166.99
21.94 , 1210.81
37.85 , 1248.02
58.3 , 1291.92
83.57 , 1326.47
110.79 , 1362.72
135.38 , 1400.44
163.66 , 1433.39
193.21 , 1467.52
224.49 , 1501.09
257.45 , 1533.79
287.97 , 1564.77
324.8 , 1591.09
364.25 , 1611.59
405.28 , 1630.65
446.01 , 1647.41
490.95 , 1660.52
535.72 , 1664.01
579.77 , 1656.87
622.49 , 1653.43
665.85 , 1648.67
711.46 , 1638.62
757.21 , 1632.6
788.98 , 1604.5
810.1 , 1566.64
823.49 , 1523.31
838.56 , 1479.92
854.84 , 1439.67
876.62 , 1397.04
894.66 , 1355.96
909 , 1312.42
921.62 , 1271.89
932.53 , 1229.36
942.69 , 1185.06
956.66 , 1142.39
973.22 , 1099.04
981.51 , 1055.66
987.6 , 1009.14
664.05 , 978.85
644.87 , 1004.21
617.4 , 1029.74
604.17 , 1063.6
606.38 , 1098.57
635.08 , 1115.4
669.53 , 1129.39
705.87 , 1140.18
739.2 , 1145.01
776.98 , 1150.28
811.01 , 1155.64
847.72 , 1148.54
881.53 , 1135.03
911.09 , 1117.26
926.8 , 1084.59
922.98 , 1051.96
903.64 , 1017.7
507.35 , 1365.67
531.65 , 1350.16
557.08 , 1337.44
582.83 , 1325.66
609.25 , 1316.14
636.6 , 1308.42
665.18 , 1303.17
694.35 , 1299.17
724.15 , 1296.42
755.18 , 1296.17
785.8 , 1295.16
812.58 , 1286.42
841.72 , 1290.5
857.61 , 1314.7
854.09 , 1344.12
842.6 , 1369.92
824.08 , 1393.2
801.8 , 1414.48
776.55 , 1427.68
749.2 , 1435.44
720.15 , 1439.67
690.48 , 1442.67
659.83 , 1441.67
633.5 , 1431.83
608.58 , 1417.89
583.18 , 1405.02
559.15 , 1388.71
531.68 , 1381.18
507.6 , 1365.42
531.98 , 1350.58
557.15 , 1337.63
582.73 , 1325.89
609.5 , 1317.52
636.12 , 1308.9
664.48 , 1303.54
693.45 , 1299.39
723.93 , 1298.42
751.78 , 1304.9
781.15 , 1302.18
806.25 , 1289.01
836.55 , 1289.65
855.6 , 1312.57
853.84 , 1342.7
843.1 , 1368.52
824.98 , 1391.8
802.98 , 1413.32
778.08 , 1426.93
750.93 , 1434.67
721 , 1436.57
693.23 , 1429.89
666.35 , 1421.67
639.73 , 1413.04
613 , 1404.57
586.23 , 1396.2
558.93 , 1388.7
531.77 , 1380.86
832.89 , 747.15
844.2 , 732.85
854.77 , 718.27
868.87 , 706.43
884.19 , 697.89
899.91 , 690.4
917.34 , 686.9
935.72 , 688.38
952.66 , 692.92
967.56 , 702.53
969.14 , 720.9
966.89 , 738.92
962.59 , 755.97
950.32 , 769.9
933.96 , 775.42
915.21 , 774.65
897.69 , 771.4
880.89 , 766.65
864.79 , 760.43
848.71 , 754.13
553.54 , 722.67
534.3 , 700.92
514.57 , 679.7
491.44 , 664.37
463.69 , 660.62
435.72 , 664.37
408.22 , 669.14
382.64 , 677.63
358.92 , 691.38
336.54 , 708.81
314.49 , 727.12
337.87 , 741.71
362.17 , 754.06
387.06 , 764.38
413.87 , 770.62
442.69 , 772.62
471.04 , 769.63
497.29 , 762.39
523.07 , 754.3
550.09 , 748.64
864.7 , 664.08
873.51 , 645.5
885.08 , 627.95
901.68 , 613.59
920.18 , 604.35
939.8 , 598.36
958.65 , 590.31
977.45 , 582.08
999.1 , 580.08
1019.43 , 584.84
1036.76 , 597.11
1044.6 , 615.55
1024.38 , 620.56
1003.85 , 624.92
984.65 , 631.88
965.93 , 640.32
946.83 , 647.58
926.03 , 651.32
905.58 , 655.82
885.23 , 660.58
679.35 , 594.46
636.2 , 558.55
588.12 , 536
537.83 , 520.01
484.12 , 510.49
428.83 , 504.24
372.95 , 509.28
323.2 , 526.48
274.98 , 548.45
227.33 , 572.36
180.9 , 599.01
236.92 , 594.26
288.52 , 580.39
342.9 , 572.26
400.12 , 570.01
457.1 , 572.76
510.3 , 583.27
559.05 , 603.42
607.85 , 623.46
658.05 , 639.66
