2465033947_1
601.2 , 512.22
600.85 , 538.63
605.16 , 568.07
610.57 , 596.26
615.26 , 624.66
619.98 , 652.84
626.75 , 681.6
633.8 , 710.81
639.33 , 738.6
646.24 , 765.29
654.11 , 793.38
663.48 , 820.48
675.01 , 848.13
688.72 , 872.88
704.32 , 898.05
718.5 , 923.39
739.9 , 942.3
766.07 , 954.38
791.94 , 962.98
822.67 , 965.61
849.27 , 961.53
878.38 , 952.98
904.31 , 945.63
934.17 , 937.14
961.68 , 928.02
986.24 , 917.42
1012.84 , 901.84
1035.53 , 885.42
1057.31 , 867.46
1079.39 , 848.56
1101.94 , 830.25
1123.68 , 811.12
1143.22 , 788.16
1158.2 , 763.7
1165.31 , 737.95
1174.68 , 708.26
1183.84 , 681.09
1192.08 , 655.41
1199.79 , 626.67
1205.69 , 597.14
1209.45 , 568.3
705.9 , 572.35
695.77 , 585.36
689.84 , 601.31
695.26 , 617.81
706.86 , 630.49
721.61 , 640.03
738.38 , 645.84
756.84 , 648.55
773.6 , 646.9
789.65 , 651.29
807.37 , 658.11
824.38 , 657.38
839.45 , 649.63
848.74 , 635.42
846.3 , 617.63
840.76 , 601.22
832.55 , 584.55
689.8 , 724.51
705.72 , 718.24
723.62 , 716.01
742.02 , 717.26
759.7 , 720.01
777.72 , 722.01
795.88 , 723.76
813.67 , 726.27
830.5 , 730.78
846.47 , 737.03
863.3 , 741.51
880.27 , 745.75
894.61 , 755.18
886.98 , 770.56
872.5 , 781.05
857.55 , 790.26
842.22 , 798.52
827.47 , 808.26
812.27 , 816.78
795.3 , 821.01
776.3 , 821.01
757.8 , 820.01
741.15 , 815.13
727.37 , 802.61
719.56 , 787.11
711.64 , 771.63
702.45 , 756.68
694.34 , 741.31
712.05 , 733.51
723.62 , 736.25
735.7 , 738
747.9 , 739.5
759.9 , 741.36
771.95 , 743.16
784.25 , 744.47
796.62 , 745.58
808.75 , 747.26
821.12 , 748.33
833.62 , 749.29
846.05 , 750.26
858.25 , 751.76
870.45 , 753.26
867.22 , 760.58
855.82 , 763.76
844.17 , 766.38
832.45 , 768.86
820.8 , 771.51
808.72 , 773.26
796.05 , 773.76
783.67 , 772.63
771.42 , 771.26
759.82 , 768.52
748.97 , 764.2
738.78 , 757.98
729.81 , 748.78
722.53 , 738.98
859.6 , 463.44
866.03 , 453.24
871.82 , 442.72
881.73 , 435.29
893.43 , 432.41
906.27 , 432.94
918.5 , 434.68
930.03 , 437.87
941.03 , 442.18
951.8 , 447.18
962.32 , 452.92
967.7 , 462.72
956.53 , 466.51
944.78 , 469.26
932.88 , 471.69
920.4 , 472.94
907.92 , 471.69
895.83 , 469.69
883.7 , 467.69
871.35 , 466.19
740.73 , 444.8
732.98 , 437.8
724.57 , 432.66
715.88 , 428.22
707.02 , 424.2
697.85 , 421.24
687.9 , 419.73
677.7 , 418.73
667.62 , 420
658.75 , 423.86
650.9 , 430.48
658.72 , 437.3
666.8 , 443.41
675.55 , 447.73
685.38 , 449.48
695.45 , 450.73
705.88 , 451.23
716.57 , 451.23
727.12 , 451.48
737.2 , 452.75
859.86 , 407.82
874.09 , 395.85
891.34 , 391.57
909.66 , 393.09
927.03 , 397.05
944.16 , 401.59
961.38 , 405.84
977.54 , 412.56
992.91 , 421.36
1007.79 , 431.49
1022.09 , 443.29
1014.04 , 448.81
998.54 , 440.31
982.76 , 432.6
966.21 , 427.1
949.38 , 422.08
932.38 , 417.34
914.71 , 414.08
896.63 , 411.58
878.43 , 409.32
733.99 , 387.67
722.03 , 382.18
709.55 , 378.16
696.28 , 375.65
683.23 , 372.65
670.1 , 369.91
656.23 , 368.66
641.73 , 368.66
627.98 , 370.14
615.71 , 374.66
608.6 , 385.91
620.45 , 391.65
634.7 , 392.16
649.05 , 391.91
662.92 , 393.16
676.83 , 394.41
690.92 , 395.16
703.98 , 398.14
716.25 , 402.68
729.28 , 399.69
