2466353526_1
834.65 , 1159.3
841.62 , 1195.97
848.82 , 1235.22
857.68 , 1275.46
871.59 , 1315.45
887.25 , 1349.35
907.35 , 1387.59
928.2 , 1423.11
946.91 , 1455.37
967.42 , 1490.83
992.37 , 1522.9
1018.38 , 1554.11
1049.54 , 1582.04
1083.13 , 1605.33
1113.79 , 1628.09
1151.4 , 1646.73
1185.78 , 1662.95
1225.31 , 1678.02
1263.18 , 1693.16
1300.11 , 1707.95
1337.95 , 1718.2
1380.5 , 1712.65
1418.57 , 1706.54
1459.7 , 1703.25
1493.59 , 1685.69
1526.75 , 1660.9
1548.53 , 1625.15
1562.25 , 1590.46
1574.95 , 1549.75
1595.89 , 1515.51
1619.25 , 1483.2
1639.29 , 1448.63
1656.27 , 1411.13
1670.31 , 1374.54
1681.6 , 1333.92
1691.85 , 1295.08
1703.06 , 1257.75
1716.43 , 1220.36
1722.45 , 1179.18
1725.97 , 1138
1724.75 , 1096.35
1358.12 , 1203.92
1342.29 , 1226.12
1325.75 , 1251.01
1310.41 , 1279.08
1307.96 , 1308.17
1326.37 , 1327.73
1356.09 , 1326.61
1384.6 , 1316.7
1410.35 , 1330.4
1436.62 , 1341.27
1466.73 , 1340.66
1489.45 , 1320.05
1515.58 , 1308.48
1517.25 , 1280.35
1504 , 1253.23
1491.72 , 1224.3
1480.33 , 1196.76
1239.76 , 1466.02
1259.93 , 1450.56
1281.93 , 1440
1305.26 , 1433.02
1328.29 , 1425.53
1351.61 , 1418.49
1375.63 , 1412.77
1401.21 , 1410.27
1426.88 , 1408.02
1450.81 , 1402
1474.59 , 1395.78
1501.11 , 1395.28
1523.82 , 1403.55
1535.28 , 1425.24
1528.54 , 1448.72
1519.22 , 1471.1
1503.21 , 1491.07
1483.56 , 1507.96
1462.53 , 1521
1439.81 , 1529.29
1415.88 , 1535.26
1390.93 , 1539.02
1364.16 , 1539.01
1339.81 , 1534.02
1317.06 , 1525.78
1295.28 , 1514.55
1274.59 , 1500.62
1253.89 , 1486.66
1287.51 , 1458.77
1301.71 , 1451.78
1316.84 , 1447.2
1332.36 , 1443.29
1347.26 , 1438.27
1362.04 , 1433.01
1377.66 , 1429.36
1393.81 , 1426.78
1409.91 , 1424.12
1425.91 , 1421.3
1442.09 , 1418.79
1458.76 , 1417.27
1475.79 , 1417.52
1492.56 , 1418.77
1499.91 , 1427.77
1486.59 , 1437.2
1474.54 , 1449.26
1461.51 , 1459.52
1447.26 , 1466.52
1432.09 , 1471.03
1416.28 , 1474.27
1399.99 , 1476.53
1383.09 , 1477.52
1365.81 , 1477.29
1349.13 , 1475.74
1332.84 , 1473.59
1316.78 , 1470.79
1301.38 , 1466.64
1473.65 , 1050.08
1484.34 , 1035.63
1498.28 , 1023.45
1512.48 , 1011.99
1527.3 , 1002.34
1543.18 , 995.58
1560.4 , 991.83
1578.98 , 990.83
1597.18 , 992.58
1613.46 , 998.11
1623.95 , 1012.68
1619.41 , 1029.56
1610.9 , 1044.83
1596.12 , 1054.59
1579.25 , 1059.07
1561.53 , 1061.83
1543.33 , 1063.58
1525.25 , 1061.57
1508.03 , 1057.82
1490.78 , 1054.07
1285.01 , 1060.63
1268.44 , 1050.29
1251.71 , 1040.34
1234.19 , 1032.57
1216.02 , 1026.61
1195.71 , 1025.37
1175.94 , 1028.11
1157.37 , 1033.36
1139.99 , 1041.61
1123.57 , 1052.31
1106.99 , 1062.61
1122.66 , 1075.53
1139.87 , 1084.36
1158.14 , 1090.08
1177.64 , 1093.51
1198.59 , 1093.86
1218.27 , 1090.86
1236.71 , 1085.38
1255.09 , 1079.88
1273.64 , 1074.61
1499.52 , 967.79
1518.32 , 958.22
1537.47 , 947.86
1555.62 , 934.72
1573.57 , 920.99
1591.85 , 908.28
1611.19 , 898.36
1632.85 , 893.97
1655.35 , 896.28
1676.72 , 901.27
1678.74 , 880.28
1658.85 , 872.11
1636.85 , 868.72
1614.94 , 872.61
1595.87 , 883.22
1577.99 , 897.07
1559.97 , 910.6
1541.3 , 922.26
1522.44 , 933.33
1504.24 , 946.3
1302.78 , 962.23
1301.16 , 943.83
1278.01 , 931.45
1253.91 , 921.72
1228.11 , 915.73
1201.36 , 911.74
1173.76 , 909.99
1146.46 , 912.84
1121.36 , 920.24
1098.61 , 933.66
1080.06 , 954.59
1066.56 , 977.24
1088.88 , 962.74
1112.76 , 952.5
1139.03 , 947.49
1167.11 , 946.24
1195.78 , 946.24
1223.98 , 947.25
1250.73 , 951.26
1276.53 , 957.24
