2466415593_1
343.35 , 547.65
351.78 , 570.96
360.69 , 594.1
367.75 , 618.59
373.06 , 643.13
378.85 , 666.75
385.84 , 690.36
393.19 , 714.29
403.54 , 737.82
415.97 , 759.5
428.13 , 780.55
443.66 , 800.46
461.73 , 817.02
482.34 , 834.92
501.1 , 851.91
521.08 , 864.54
546.43 , 869.22
568.98 , 874.77
595.97 , 880.55
620.11 , 882.49
644.52 , 882.99
670.17 , 883.16
695.99 , 882.12
719.44 , 874.7
740.39 , 862.26
762.37 , 850.22
782.21 , 835.3
800.83 , 818.2
818.51 , 800.73
839.84 , 786.31
859.07 , 769.62
873.85 , 749.24
885.78 , 726.95
898.13 , 704.55
908.23 , 682.9
915.38 , 659.45
919.34 , 632.81
920.55 , 607.64
922.41 , 583.72
921.51 , 559.55
923.39 , 532.49
723.6 , 622.85
725.35 , 635.05
710.3 , 644.14
705.19 , 658.66
705.38 , 674.55
715.45 , 688.19
731.96 , 691.06
747.91 , 690.22
765.22 , 687.24
781.49 , 689.6
798.17 , 688.61
812.51 , 680.65
825.54 , 671.55
838.38 , 661.03
834.64 , 644.89
827.2 , 631.2
819.5 , 615.14
694.63 , 781.3
704.55 , 774.4
714.88 , 768.55
725.28 , 762.89
735.83 , 757.59
746.88 , 753.8
758.08 , 750.28
768.65 , 745.04
779.53 , 740.77
790.4 , 736.53
800.65 , 730.54
812.71 , 728.86
821.61 , 738.1
824.29 , 749.65
820.53 , 760.7
810.63 , 767.63
805.39 , 778.22
801.64 , 789.27
796.19 , 799.75
788.33 , 809.36
778.03 , 815.31
766.53 , 818.29
753.86 , 818.8
741.78 , 817.07
730.43 , 813.78
719.88 , 808.55
710.33 , 800.5
701.19 , 791.35
702.88 , 784.3
710.05 , 782.56
717.23 , 780.8
724.28 , 778.77
731.18 , 776.57
738.23 , 774.52
745.43 , 772.81
752.73 , 771.31
760.28 , 770.3
768.18 , 770.05
775.73 , 771.05
783.75 , 771.05
791.18 , 769.81
798.46 , 768.31
805.38 , 770.55
798.88 , 772.55
791.86 , 774.57
785.13 , 777.3
778.2 , 779.54
770.78 , 780.78
763.73 , 782.8
756.53 , 784.55
748.88 , 785.3
741.33 , 784.3
733.56 , 783.8
726 , 784.8
718.33 , 785.55
710.43 , 785.3
807.07 , 519.47
809.35 , 512.17
815.77 , 507.48
823.25 , 505.47
831.3 , 504.72
839.25 , 503.72
847.3 , 502.97
855.25 , 501.97
863.22 , 502.88
869.84 , 506.85
870.6 , 514.67
866.69 , 521.37
860.27 , 526.04
853.47 , 529.73
846.27 , 532.22
838.7 , 533.97
830.37 , 534.22
822.32 , 533.47
814.62 , 532
808.31 , 527.29
680.55 , 534.11
671.73 , 528.73
661.05 , 527.84
650.5 , 529.14
639.98 , 530.5
629.4 , 531.74
618.57 , 532.49
607.52 , 532.24
596.32 , 532.24
586.15 , 534.24
594.45 , 541.05
602.77 , 547.86
611.58 , 553.23
621.15 , 556.49
631.47 , 558.31
642.08 , 557.49
651.9 , 554.74
661.12 , 550.51
669.98 , 545.24
680.32 , 543.48
856.31 , 443.87
861.94 , 436.23
869.93 , 431.53
877.66 , 426.05
885.56 , 421.12
893.76 , 416.91
902.08 , 413.11
911.08 , 410.86
920.31 , 412.62
928.58 , 416.63
935.98 , 423.02
934.48 , 432.1
925.38 , 434.12
915.91 , 432.88
906.81 , 434.87
897.96 , 437.34
889.46 , 440.59
880.86 , 443.59
872.61 , 447.64
863.76 , 450.08
694.71 , 469.03
684.4 , 456.25
668.88 , 452.46
652.53 , 450.48
636.78 , 447.14
621.48 , 442.96
605 , 441.22
589 , 443.94
574.7 , 450.61
561.27 , 459.56
547.85 , 468.46
562.38 , 474.21
579.6 , 474.46
595.35 , 471.21
610.9 , 467.47
627.15 , 469.7
641.55 , 475.95
655.23 , 484.33
671.28 , 486.96
686.4 , 482.45
