2466594504_1
317.09 , 390.17
317.7 , 403.2
318.56 , 416.16
319.74 , 429.61
321.58 , 443.99
324.08 , 456.93
326.47 , 471.1
328.8 , 483.45
330.53 , 497.25
332.89 , 510.52
337.73 , 523.18
342.47 , 536.1
346.95 , 549.48
350.91 , 561.67
354.2 , 574.79
359.73 , 587.65
371.02 , 595.55
384.39 , 598.57
397.01 , 598.57
410.9 , 599.1
424.61 , 599.84
437.69 , 599.26
451.3 , 597.03
464.35 , 593.62
477.18 , 589.47
490.11 , 584.85
503.33 , 579.25
514.91 , 572.89
526.65 , 564.66
537.06 , 557.43
547.69 , 549.04
557.85 , 539.25
566.98 , 530.05
576.54 , 519.3
584.6 , 509.16
592.88 , 497.45
599.4 , 486.59
605.96 , 473.84
611.59 , 461.31
615.72 , 448.17
618.8 , 434.75
364.15 , 403.75
360.09 , 412.65
354.77 , 422.44
350.16 , 431.88
349.1 , 442.73
356.09 , 450.25
366.23 , 454.75
376.19 , 458.32
387.15 , 459.33
397.98 , 459.92
408.47 , 461.81
419.43 , 459.96
425.35 , 451.97
425.53 , 441.39
423.82 , 430.5
422.41 , 420.02
420.8 , 408.6
344.78 , 495.58
350.6 , 491.06
357.63 , 489.59
365.15 , 490.09
371.78 , 492.33
378.15 , 495.45
385.03 , 497.33
392.53 , 496.83
399.45 , 498.55
405.75 , 501.8
412.08 , 505.09
418.85 , 507.11
425.5 , 509.32
431.67 , 512.93
430.8 , 520.07
424.7 , 523.81
417.68 , 525.33
410.03 , 525.58
402.53 , 525.08
394.88 , 524.83
387.13 , 524.83
379.35 , 524.83
371.73 , 524.59
364.65 , 523.2
358.33 , 519.88
352.53 , 515.33
348.78 , 509.2
346.03 , 502.73
347.53 , 496.33
352.93 , 499.2
358.18 , 502.49
363.68 , 505.11
369.28 , 507.33
375.25 , 508.83
381.23 , 510.34
387.43 , 511.32
393.88 , 511.83
400.08 , 512.82
406.28 , 513.83
412.38 , 515.11
418.58 , 516.07
424.9 , 516.83
431.47 , 516.82
425.15 , 516.08
418.7 , 515.58
412.38 , 514.86
406.4 , 513.32
400.2 , 512.33
393.88 , 511.58
387.3 , 511.33
381.23 , 510.09
375.25 , 508.56
369.65 , 506.36
363.83 , 504.61
358.23 , 502.29
352.95 , 499.07
447.61 , 372.11
450.37 , 366.29
454.36 , 360.86
460.26 , 358.12
467.04 , 357.36
473.79 , 358.08
479.66 , 360.87
485.49 , 363.73
491.41 , 366.41
497.26 , 369.24
502.38 , 373.79
503.56 , 379.9
497.63 , 382.61
491.24 , 384.11
484.46 , 384.86
477.69 , 384.1
471.29 , 382.6
464.86 , 381.11
458.46 , 379.64
452.51 , 377.04
382.21 , 355.78
381.69 , 350.54
378.13 , 346.49
373.98 , 343.32
369.47 , 341.08
364.8 , 339.28
359.9 , 338.07
354.62 , 337.56
349.57 , 338.53
345.11 , 340.89
342.7 , 345.31
342.96 , 350.71
345.14 , 355.25
349.38 , 358.25
354.12 , 359.83
359.27 , 360.56
364.32 , 361.56
369.47 , 362.31
374.75 , 361.82
379.42 , 360.07
423.1 , 338.19
433.2 , 329.82
446.55 , 330.19
459.6 , 331.44
473.12 , 331.69
486.43 , 330.94
500.08 , 330.94
512.88 , 332.69
524.48 , 336.91
534.83 , 344.67
544.75 , 353.57
536.48 , 358.82
524.1 , 356.19
511.65 , 353.68
498.6 , 352.44
485.45 , 351.47
472.4 , 350.18
459.35 , 348.94
446.18 , 347.94
433.28 , 346.39
376.15 , 331.31
377.37 , 325.12
371.8 , 321.6
366.58 , 317.12
361.28 , 312.82
355.85 , 308.88
349.98 , 306.09
343.85 , 304.06
337.45 , 302.58
331.18 , 304.33
325.78 , 308.32
322.78 , 314.07
325.46 , 319.99
332.13 , 320.07
339 , 319.57
345.18 , 321.47
351.03 , 324.32
357.1 , 326.39
363.3 , 328.33
369.2 , 331
