2469551410_1
189.59 , 369.1
190.23 , 387.82
193.42 , 410.59
197.63 , 429.76
205.07 , 449.77
212.31 , 468.63
216.77 , 489.35
221.08 , 510.3
227.7 , 529.7
236.8 , 549.98
244.77 , 568.64
254.99 , 587.17
266.82 , 604.29
279.68 , 621.71
293.73 , 637.2
309.26 , 651.43
323.9 , 664.49
340.14 , 678.83
356.5 , 692.6
376.49 , 696.95
397.31 , 700.5
418.18 , 702.33
438.81 , 700.22
452.85 , 686.24
468.38 , 672.14
483.21 , 655.21
497.49 , 641.12
513.07 , 626.14
530.42 , 613.99
546.04 , 601.69
562.24 , 587.21
577.25 , 573.78
592.81 , 558.93
607.31 , 543.34
621.02 , 527.19
633.56 , 512.29
647.45 , 496.59
659.86 , 478.18
670.51 , 461.46
680.5 , 442.72
687.75 , 421.82
478.4 , 409.1
469.51 , 424.35
460.77 , 440.24
449.48 , 454.69
445.32 , 472.54
456.96 , 486.46
470.06 , 498.28
484.43 , 509.33
502.64 , 514.82
521.27 , 518.62
538.7 , 515.2
554.88 , 507.77
570.16 , 495.43
577.6 , 479.25
573.63 , 460.72
570.19 , 443.17
575.05 , 425.19
373.1 , 553.82
387.93 , 552.82
402.75 , 553.82
417.6 , 552.82
431.58 , 550.07
445.8 , 547.82
460.75 , 548.57
475.1 , 550.57
488.2 , 555.07
500.25 , 562.46
513.38 , 558.32
528.1 , 557.07
539.28 , 566.97
545.85 , 579.35
534.03 , 587.4
522.6 , 596.57
511.7 , 607.25
499.95 , 615.5
487.78 , 622.6
474.03 , 625.82
458.95 , 625.32
444.73 , 623.1
432 , 617.48
420.25 , 609.21
409.15 , 599.12
400.33 , 587.55
391.35 , 576.07
380.23 , 565.97
388.1 , 557.32
398.33 , 559.07
408.8 , 560.32
419.78 , 560.58
429.53 , 563.33
439.43 , 565.85
448.73 , 569.6
457.95 , 573.6
467.95 , 575.81
478.33 , 577.32
489.05 , 578.07
499.53 , 579.32
510.03 , 578.07
520.75 , 578.82
531.24 , 580.07
521 , 580.32
510.28 , 579.57
499.3 , 579.82
488.83 , 578.57
478.1 , 577.82
467.73 , 576.35
457.98 , 573.6
448.68 , 569.82
438.68 , 567.6
429.53 , 563.33
419.15 , 561.82
408.55 , 560.82
397.45 , 560.85
592.8 , 333.49
597.68 , 324.11
606.07 , 316.48
615.55 , 311.74
625.92 , 309.24
637.05 , 308.24
648.62 , 308.24
659.6 , 309.48
669.5 , 312.92
678.04 , 319.86
681.05 , 329.99
677.96 , 340.09
672.17 , 349.14
662.85 , 354.25
652 , 355.74
640.55 , 355.49
630.45 , 352.4
621.05 , 347.49
611.57 , 342.75
601.88 , 338.8
480.25 , 296.35
476.21 , 285.27
468.43 , 275.53
459.15 , 266.48
448.7 , 260.56
437.2 , 257.36
425.12 , 255.35
412.07 , 255.35
400.1 , 257.58
388.77 , 261.11
378 , 265.85
385.6 , 275.7
394.27 , 285.12
403.77 , 293.63
414.4 , 299.01
425.73 , 302.58
437.65 , 304.84
450.73 , 304.85
463.27 , 305.85
475.72 , 307.1
629.89 , 286.28
635.05 , 275.83
644.99 , 269.27
655.84 , 265.28
667.31 , 262.52
679.16 , 260.53
691.22 , 259.03
703.89 , 258.78
716.09 , 257.53
727.66 , 260.05
735.91 , 269.4
737.09 , 281.34
727.46 , 288.79
715.04 , 288.03
702.37 , 288.28
690.29 , 289.78
677.74 , 290.28
665.16 , 290.78
652.49 , 291.03
640.09 , 291.74
543.35 , 245.98
530.92 , 228.01
511.9 , 217.93
491.78 , 211.18
471.23 , 205.17
450.93 , 198.77
430.83 , 191.95
409.48 , 187.45
386.45 , 186.45
363.93 , 188.42
343.85 , 195.2
364.53 , 200.96
386.1 , 204.95
407.68 , 208.97
428.55 , 214.41
448.15 , 222.74
467.1 , 232.95
485.85 , 243.7
505.1 , 253.2
526.1 , 258.45
