2472784229_1
1025.75 , 1111.95
1030.46 , 1161.7
1036.91 , 1210.91
1046.18 , 1260.77
1061.57 , 1313.17
1082.01 , 1361.44
1102.2 , 1407.49
1123.16 , 1452.6
1143.45 , 1498.48
1169.35 , 1546.14
1197.91 , 1589.49
1226.51 , 1633.72
1252.93 , 1676.1
1281.54 , 1722.18
1310.65 , 1759.64
1348.16 , 1798.66
1384.94 , 1836.84
1425.3 , 1868.7
1470.27 , 1891.05
1518.62 , 1904.67
1568.73 , 1910.79
1623.74 , 1908.29
1672.12 , 1892.67
1720.12 , 1874.19
1763.59 , 1851.31
1803.5 , 1813.67
1836.94 , 1776.8
1866.83 , 1734.6
1893.83 , 1690.24
1918.33 , 1645.98
1945.66 , 1599.07
1974.28 , 1559.14
2000.56 , 1511.82
2021.49 , 1468.27
2043.92 , 1422.28
2061.11 , 1370.61
2072.34 , 1322.96
2082.49 , 1269.82
2090.19 , 1218.79
2095.83 , 1170.51
2100.35 , 1115.05
1480.14 , 1179.35
1467.1 , 1214.89
1451.95 , 1251.14
1437.21 , 1282.94
1436.87 , 1323.52
1467.06 , 1344.41
1502.64 , 1356.35
1541.43 , 1356.34
1576.96 , 1370.98
1616.69 , 1369.22
1653.78 , 1358.29
1690.59 , 1344.03
1719.53 , 1321.91
1723.04 , 1282.22
1707.37 , 1246.74
1688.73 , 1215.94
1674.6 , 1177.2
1390.18 , 1523.16
1418.11 , 1507.72
1446.76 , 1494.13
1476.21 , 1483.15
1508.01 , 1476.88
1542.46 , 1477.66
1573.53 , 1485.51
1607.31 , 1483.66
1639.58 , 1478.42
1672.11 , 1483.15
1702.66 , 1491.89
1732.81 , 1501.28
1763.33 , 1510.06
1795.68 , 1515.16
1782.76 , 1543.33
1757.61 , 1566.5
1731.98 , 1588.4
1705.81 , 1608.75
1678.63 , 1626.19
1648.43 , 1635.41
1615.18 , 1638.66
1581.2 , 1636.91
1548.61 , 1632.34
1518.36 , 1623.09
1489.83 , 1609.07
1462.45 , 1592.19
1436.38 , 1571.61
1410.95 , 1549.18
1444.68 , 1528.41
1466.46 , 1529.91
1486.9 , 1525.65
1507.61 , 1521.98
1529.73 , 1521.16
1552.13 , 1521.41
1574.63 , 1521.41
1597.01 , 1521.66
1619.16 , 1520.91
1641.56 , 1521.16
1663.58 , 1522.16
1685.61 , 1523.16
1707.51 , 1524.44
1729.51 , 1525.48
1746.48 , 1528.87
1725.96 , 1532.91
1704.51 , 1535.09
1682.63 , 1536.41
1660.73 , 1537.66
1638.45 , 1538.16
1616.2 , 1537.65
1594.66 , 1539.68
1573.11 , 1541.66
1550.73 , 1541.91
1528.58 , 1541.16
1506.68 , 1539.91
1485.61 , 1536.91
1464.81 , 1533.4
1689.79 , 989.61
1705.37 , 975.78
1721.19 , 962.71
1738.32 , 953.1
1757.91 , 949.49
1778.29 , 951.36
1797.99 , 954.82
1817.76 , 958.09
1837.57 , 961.36
1856.79 , 965.86
1874.56 , 973.63
1867.14 , 990.1
1849.41 , 998.09
1830.49 , 1003.1
1809.96 , 1004.86
1788.94 , 1005.61
1768.29 , 1004.11
1748.51 , 1000.84
1729.51 , 995.86
1709.96 , 992.11
1433.87 , 983.95
1416.53 , 969.58
1397.88 , 958.94
1377.9 , 951.96
1354.62 , 951.71
1332.93 , 955.2
1311.48 , 959.22
1289.65 , 962.46
1268.2 , 966.44
1247.88 , 972.7
1228.65 , 981.71
1246.48 , 994.78
1265.85 , 1003.41
1286.6 , 1008.92
1308.38 , 1012.21
1331.05 , 1010.71
1352.9 , 1007.46
1373.75 , 1002.23
1394.75 , 997.23
1416.2 , 993.22
1637.7 , 957.45
1657.71 , 927.67
1688.67 , 910.97
1721.05 , 898.11
1754.7 , 888.2
1789.48 , 880.43
1824.78 , 873.72
1861.25 , 869.45
1897.85 , 872.45
1931.18 , 882.96
1961.8 , 900.71
1960.3 , 928.05
1924.95 , 921.45
1888.38 , 917.95
1851.1 , 920.55
1815.18 , 925.97
1779.78 , 932.45
1744.15 , 938.44
1708.4 , 944.19
1673.62 , 952.02
1425.72 , 910.5
1397.25 , 894.27
1366.83 , 883.34
1333.7 , 878.02
1299.33 , 875.3
1265.65 , 870.99
1231.03 , 869.75
1198.47 , 876.29
1169.5 , 891.52
1143.4 , 914.37
1119.25 , 940.02
1151.58 , 933
1182.88 , 924.02
1215.8 , 918.27
1251.4 , 918.02
1284.83 , 922.76
1317.5 , 929.02
1350.55 , 934.52
1385.3 , 936.52
1420.77 , 936.52
