24729177_1
70.01 , 355.62
66.57 , 374.13
61.84 , 393.86
59.1 , 413.81
56.76 , 432.2
54.88 , 452.98
53.67 , 472.46
52.98 , 492.81
53.86 , 512.4
57.14 , 531.69
60.69 , 550.06
66.87 , 570.31
76.5 , 587.59
89.67 , 602.39
102.49 , 617.54
119.01 , 627.35
137.04 , 636.99
152.73 , 649.47
168.24 , 659.52
185.34 , 669.09
204.33 , 674.73
224.28 , 679.54
243.25 , 681.46
264.64 , 679.1
284.16 , 675.99
302.72 , 671.12
321.3 , 663.22
338.21 , 652.8
354.25 , 640.5
368.85 , 628.05
384.65 , 615.41
397.49 , 600.59
407.11 , 583.04
411.84 , 564.94
416.01 , 545.25
421.31 , 526.61
424.51 , 506.16
427.7 , 487.34
430.96 , 466.29
433.34 , 447.19
435.75 , 426.75
219.95 , 373.35
214.01 , 383.27
206.54 , 393.64
197.88 , 402.85
195.9 , 415
199 , 427.69
210.15 , 433.1
222.74 , 435.79
235.07 , 438.92
246.81 , 441.79
259.12 , 444.26
272.11 , 444.62
281.6 , 437.15
284.25 , 424.55
282.6 , 412.79
274.69 , 402.85
273.3 , 390.25
163.8 , 497.45
173.6 , 493.72
183.68 , 490.43
194.15 , 487.96
205.35 , 486.95
216.8 , 487.45
227.62 , 489.19
238.35 , 491.22
248.83 , 493.71
258.73 , 497.39
267.95 , 502.95
276.85 , 509.48
285.43 , 516.83
293.88 , 524.53
300.3 , 533.45
294.8 , 542.2
284.25 , 539.91
274.98 , 534.44
266.08 , 527.96
256.75 , 522.66
246.93 , 518.82
237.2 , 514.6
227.18 , 511.32
216.95 , 508.35
207.05 , 504.7
196.55 , 502.2
185.85 , 500.2
175 , 498.45
178.05 , 495.45
187.03 , 495.45
195.65 , 496.2
204.12 , 497.2
212.15 , 499.23
220.18 , 501.22
228.43 , 502.69
236.9 , 503.7
244.93 , 505.73
252.8 , 507.95
260.53 , 510.43
267.95 , 513.86
274.9 , 518.52
281.62 , 523.8
288.9 , 526.28
282.48 , 520.19
275.43 , 515.82
268 , 512.41
260.38 , 509.73
252.53 , 507.43
244.62 , 505.2
236.6 , 503.2
228.35 , 501.69
220.12 , 500.19
211.88 , 498.69
203.75 , 496.95
195.38 , 495.7
186.78 , 494.95
302.85 , 338.17
308.9 , 333.61
315.48 , 330.3
322.2 , 327.39
329.88 , 326.67
337.45 , 327.67
344.68 , 329.42
351.5 , 331.91
358.1 , 335.17
364 , 340.32
368.96 , 346.27
366.04 , 352.65
358.83 , 354.42
351.25 , 355.42
343.58 , 354.65
336.5 , 352.7
329.75 , 349.95
323.23 , 346.51
316.68 , 343.18
310.08 , 339.92
217.78 , 310.65
213.87 , 304.52
209.09 , 298.72
203.14 , 294.26
196.37 , 292.22
189.24 , 290.72
181.79 , 289.97
174.31 , 290.72
167.22 , 292.19
160.69 , 294.93
154.34 , 298.22
159.14 , 304.03
165.06 , 308.46
171.49 , 311.63
178.01 , 314.4
185.09 , 315.97
192.56 , 316.72
200.14 , 316.22
207.84 , 315.97
215.32 , 316.72
274.44 , 301.88
286.39 , 290.43
302.54 , 291.13
318.09 , 293.53
333.37 , 296.64
348.64 , 299.63
363.76 , 302.95
377.79 , 308.73
389.92 , 319.86
398.97 , 332.68
404.71 , 346.68
398.59 , 356.28
388.94 , 343.63
377.04 , 332.39
363.24 , 325.87
348.06 , 322.6
331.94 , 321.38
315.91 , 319.86
300.17 , 317.86
285.19 , 314.13
239.5 , 299.22
240.94 , 285.35
230.32 , 274.72
217.8 , 268.71
204.67 , 264.56
191.07 , 261.22
176.82 , 259.22
161.97 , 259.95
148.42 , 263.5
135.7 , 268.73
125.08 , 279.45
119.32 , 291.97
133.07 , 294.22
145.5 , 287.98
158.14 , 282.48
172.27 , 280.22
186.5 , 282.21
199.22 , 287.62
211.67 , 293.73
224.39 , 299.03
