1218567979_3
353.35 , 365.94
354.56 , 380.32
356.31 , 395.76
359.72 , 411.31
363.38 , 426.6
366.68 , 440.43
368.52 , 456.35
374.94 , 470.98
380.36 , 485.13
390.45 , 496.22
401.09 , 508.14
409.06 , 521.6
420.99 , 531.57
433.69 , 538.34
449.03 , 544.39
462.87 , 547.52
478.87 , 552
492.22 , 557.57
506.8 , 562.55
522.32 , 563.36
538.38 , 564.88
554.06 , 565.83
568.54 , 567.06
584.09 , 566.26
599.39 , 564.09
615.67 , 560.77
629.49 , 556.26
643.96 , 549.52
655.94 , 541.39
665.78 , 528.67
671.64 , 514.73
676.11 , 500.32
681.1 , 484.8
686.29 , 471.15
690.55 , 455.19
694.62 , 440.62
698.25 , 425.9
699.76 , 409.94
700.94 , 394.35
702.06 , 379.93
702.89 , 363.05
524.65 , 361.6
514.54 , 369.65
504.65 , 379.5
497.63 , 391.23
497.26 , 403.73
508.54 , 412.02
520.51 , 415.83
533.62 , 419.46
545.1 , 428.2
558.03 , 430.39
570.48 , 426.38
582.85 , 420.6
595.15 , 414.96
605.08 , 405.25
602.36 , 393.22
594.31 , 381.99
587.6 , 369.1
451.9 , 450.83
463.82 , 442.65
478.82 , 441.58
493.62 , 443.08
508.05 , 445.33
522.6 , 447.33
535.77 , 452.1
549.65 , 455.58
563.8 , 452.84
578.6 , 451.33
593.15 , 449.33
607.58 , 447.08
622.23 , 445.33
635.93 , 449.09
632.09 , 462.38
620.92 , 472.82
609.08 , 481.33
596.75 , 488.49
583.73 , 493.84
569.3 , 496.08
553.9 , 496.33
538.62 , 495.83
523.35 , 495.33
508.85 , 493.29
495.12 , 489.56
482.47 , 483.18
470.9 , 473.83
462.52 , 461.95
453.15 , 450.83
465.97 , 450.33
478.07 , 452.35
489.55 , 455.55
501.05 , 458.83
513.02 , 461.09
525.48 , 462.4
537.75 , 464.08
550.33 , 465.05
562.45 , 463.59
574.33 , 461.08
586.17 , 458.58
598.3 , 456.61
610.27 , 454.34
615.9 , 458.83
605.4 , 464.58
594.3 , 468.67
582.75 , 471.85
570.77 , 474.08
558.55 , 475.86
545.83 , 476.58
532.88 , 476.83
520.25 , 475.93
507.8 , 474.55
495.57 , 472.85
484.22 , 469.34
473.52 , 464.08
463.2 , 457.86
593.5 , 322.23
598.88 , 317.36
604.65 , 313.57
610.8 , 310.7
617.12 , 308.45
624.08 , 307.48
631.4 , 307.73
638.23 , 308.98
644.67 , 311
650.9 , 313.48
656.53 , 317.76
654.42 , 323.79
647.8 , 325.46
641.2 , 327.22
634.35 , 328.48
627.27 , 329.23
619.85 , 329.22
613.02 , 327.98
606.42 , 326.23
599.7 , 324.74
503.64 , 313.33
498.25 , 308.92
492.3 , 305.96
486.12 , 303.66
479.32 , 302.67
472.3 , 302.17
465.5 , 303.17
458.73 , 304.19
452.27 , 305.91
446.4 , 309.02
441 , 313.42
447.05 , 315.9
453.12 , 318.45
459.4 , 320.44
466.05 , 321.66
473.2 , 321.92
480 , 320.92
486.68 , 319.65
493.45 , 318.66
500.72 , 318.67
575.68 , 306.9
579.37 , 294.95
588.53 , 285.03
599.78 , 279.39
611.95 , 276.15
625.1 , 274.9
638.25 , 273.65
650.9 , 275.9
662.43 , 280.65
673.3 , 287.16
683.18 , 296.4
687.2 , 307.16
675.63 , 302.61
663.28 , 299.68
650.98 , 296.65
638.18 , 294.65
624.43 , 294.65
611.3 , 295.88
599.4 , 299.64
588.05 , 304.93
530.7 , 284.87
519.75 , 276.16
507.23 , 271.88
493.93 , 269.12
480.25 , 267.12
466.55 , 265.12
452.15 , 265.61
439.62 , 269.93
428.18 , 277.15
416.9 , 284.94
405.45 , 292.12
416.73 , 299.88
430.4 , 297.86
443.23 , 294.11
456.32 , 290.84
469.88 , 288.62
483.8 , 290.12
497 , 293.14
510.2 , 296.12
524.73 , 296.37
