2474157761_1
760.07 , 672.94
761.13 , 704.7
759.43 , 739.62
761.12 , 774.59
760.19 , 810.56
762.39 , 843.15
769.34 , 879.88
776.2 , 913.78
785.39 , 945.63
797.55 , 976.38
815.4 , 1008.39
834.02 , 1036.12
857.96 , 1063.73
881.84 , 1087.05
907.66 , 1108.84
935.4 , 1129.68
963.56 , 1151.18
992.49 , 1170.27
1022.75 , 1187.18
1053.59 , 1201.87
1086.61 , 1210.91
1123.71 , 1209.96
1156.05 , 1203.71
1189.84 , 1192.58
1221.19 , 1180.27
1252.37 , 1166.97
1284.58 , 1148.39
1311.6 , 1129.33
1340.14 , 1108.42
1367.04 , 1085.94
1391.47 , 1062.59
1413.78 , 1036.46
1431.26 , 1006.02
1445.06 , 975.01
1458.23 , 941.44
1470.19 , 908.72
1480.17 , 876.36
1488.17 , 844.12
1494.63 , 807.22
1500.26 , 773.66
1504.9 , 738.6
1084.2 , 656.39
1067.77 , 675.46
1043.83 , 690.67
1031.42 , 713.63
1040.39 , 739.67
1063.39 , 755.12
1089.4 , 759.06
1116.5 , 760.08
1143.65 , 766.38
1171.11 , 772.81
1197.46 , 775.38
1224.03 , 780.71
1249.28 , 771.5
1265.5 , 748.17
1259.43 , 722.2
1242.7 , 700.6
1230.89 , 674.64
911.11 , 859.34
941.21 , 844.62
973.61 , 835.59
1007.36 , 829.34
1043.68 , 830.34
1077.29 , 836.83
1111.31 , 842.59
1146.51 , 845.84
1183.06 , 846.34
1216.93 , 852.34
1248.76 , 862.37
1281.16 , 871.35
1310.99 , 886.94
1333.1 , 914.37
1313.36 , 942.59
1286.96 , 967.52
1258.79 , 987.44
1229.06 , 1003.37
1195.78 , 1010.59
1159.84 , 1012.34
1123.53 , 1011.34
1089.18 , 1006.37
1057.51 , 996.12
1026.93 , 982.85
997.51 , 966.24
970.03 , 944.27
945.69 , 917.67
926.71 , 889.17
939.86 , 866.59
966.76 , 863.33
991.94 , 856.52
1017.49 , 862.37
1043.41 , 867.61
1069.99 , 871.62
1096.88 , 874.85
1124.41 , 876.83
1152.43 , 877.84
1180.68 , 878.34
1208.59 , 879.59
1235.38 , 883.09
1260.59 , 889.84
1284.38 , 899.86
1283.44 , 925.03
1260.41 , 937.3
1236.71 , 947.74
1210.56 , 952.59
1183.29 , 955.09
1155.51 , 956.59
1127.26 , 956.6
1100.71 , 952.61
1075.99 , 944.97
1051.91 , 935.86
1027.76 , 927
1004.59 , 915.08
982.91 , 899.14
962.03 , 881
1249.25 , 574.48
1263.2 , 567.71
1278.38 , 563.86
1294.3 , 561.49
1310.88 , 560.48
1327.33 , 561.73
1342.92 , 564.7
1357.38 , 570.1
1371.33 , 577.04
1384.3 , 586.53
1396.43 , 598.4
1385.78 , 608.48
1369.2 , 609.49
1352.85 , 607.96
1337.03 , 605.48
1321.28 , 602.75
1306.03 , 599
1291.33 , 594.3
1276.53 , 589.74
1262.05 , 584.55
1060.99 , 544.28
1047.89 , 536.77
1034.62 , 529.81
1020.82 , 524.31
1006.32 , 520.26
990.89 , 518.28
974.8 , 518.96
959.97 , 522.28
946.07 , 527.44
932.57 , 533.94
919.47 , 541.28
932.87 , 547.94
946.55 , 553.84
961.02 , 557.82
976.39 , 559.96
992.17 , 561.28
1008.12 , 560.28
1023.8 , 558.8
1039.37 , 557.02
1055.07 , 555.55
1251.97 , 452.08
1259.52 , 423.07
1286.47 , 410.08
1316.62 , 404.58
1348.8 , 405.81
1378.92 , 411.31
1406.95 , 420.82
1432.89 , 436.24
1456.86 , 457.23
1474.16 , 482.5
1484.75 , 510.18
1489.89 , 538.25
1471.88 , 513.23
1455.67 , 487.57
1430.89 , 468.82
1403.57 , 457.18
1374.14 , 450.08
1341.85 , 449.09
1311.37 , 453.81
1281.12 , 459.1
1099.37 , 409.37
1078.33 , 385.81
1050.56 , 375.82
1022.38 , 366.81
991.98 , 362.07
959.38 , 361.79
929.36 , 367.3
902.08 , 378.8
877.18 , 396.95
856.25 , 420.87
842.31 , 447.32
867.48 , 429.92
892.38 , 411.75
919.26 , 398.86
949.38 , 393.54
980.51 , 396.82
1009.56 , 404.32
1036.41 , 417.33
1062.34 , 432.59
1092.46 , 437.97
