2477515529_1
893.61 , 445.01
904.64 , 473.1
917.37 , 500.62
931.37 , 527.72
946.91 , 554.6
965.68 , 579.42
985.27 , 603.32
1004.55 , 627.47
1023.03 , 652.11
1041.02 , 677.22
1059.26 , 702.37
1077.15 , 729.88
1100.23 , 749.6
1120.47 , 773.66
1144.35 , 792.96
1169.32 , 810.95
1199.28 , 819.12
1230.29 , 817.23
1258.57 , 810.1
1288.55 , 800.28
1317.91 , 788.73
1343.99 , 776.37
1371.54 , 758.51
1395.09 , 738.49
1416.08 , 714.67
1432.8 , 690.02
1447.75 , 664.55
1461.17 , 636.41
1471.25 , 606.64
1476.72 , 573.99
1481.97 , 545.8
1483.05 , 514.41
1482.57 , 482.4
1482.52 , 453.54
1482.44 , 421.61
1484.18 , 389
1484.16 , 358.05
1484.29 , 329.39
1482.08 , 298.59
1478.08 , 266.75
1468.5 , 235.71
1034.7 , 359.3
1021.35 , 376.85
1014.35 , 396.5
1021.11 , 417.59
1043.99 , 421.68
1063.92 , 429
1085.35 , 438.82
1106.11 , 442.6
1124.24 , 430.16
1140.42 , 413.71
1161.5 , 406.71
1181.02 , 395.81
1196.77 , 379.09
1207.25 , 359.35
1203.12 , 339.56
1182.52 , 327.6
1161.64 , 318.65
1027.96 , 520.55
1038.81 , 496.15
1061.61 , 480.77
1088.41 , 475.3
1115.68 , 470.81
1141.04 , 462.57
1165.88 , 453.08
1191.54 , 445.31
1220.88 , 445.05
1248.63 , 448.52
1273.51 , 458.08
1294.21 , 478.65
1298.71 , 505.95
1296.74 , 534.45
1291.73 , 561.47
1282.37 , 586.4
1267.26 , 609.25
1248.09 , 630.7
1225.29 , 646.04
1200.84 , 656.8
1174.46 , 663.3
1145.56 , 664.15
1119.66 , 656.74
1098.49 , 636.83
1080.96 , 614.8
1064.33 , 592.45
1049.58 , 569.45
1037.18 , 545.5
1046.96 , 533.55
1057.24 , 515.04
1077.41 , 509.05
1098.74 , 505.3
1121.13 , 503.79
1142.21 , 499.55
1161.38 , 491.03
1180.59 , 482.58
1200.63 , 476.29
1221.68 , 472.05
1243.61 , 474.56
1263.21 , 481.8
1281.46 , 492.8
1282.86 , 515.15
1277.2 , 535.58
1266.18 , 553.83
1252.59 , 571.17
1237.31 , 587.94
1219.91 , 601.34
1200.93 , 610.57
1180.56 , 616.3
1159.51 , 620.55
1137.71 , 623.3
1118.46 , 615.05
1100.66 , 602.74
1084.11 , 586.95
1069.56 , 569.92
1056.89 , 552.25
1153.25 , 198.12
1161.05 , 187.82
1171.28 , 179.85
1181.25 , 171.12
1191.58 , 163.29
1202.47 , 157.14
1214.03 , 152.86
1226.45 , 150.37
1239.47 , 149.12
1252.53 , 150.37
1263.87 , 155.24
1261.75 , 167.37
1251.53 , 175.36
1240.45 , 181.13
1228.88 , 185.37
1216.55 , 188.12
1203.65 , 189.62
1190.62 , 190.87
1177.95 , 192.86
1166.17 , 196.61
1017.65 , 233.57
1006.38 , 229.68
993.9 , 228.16
980.85 , 228.41
968.1 , 229.31
956.25 , 232.16
945.1 , 236.32
934.38 , 241.82
924.3 , 249.11
915.72 , 258.69
910.25 , 269.41
922.85 , 270.66
935.3 , 269.16
947.27 , 266.66
959.38 , 264.39
971.08 , 261.34
982 , 256.41
992.88 , 251.41
1004.33 , 247.93
1015.8 , 244.41
1102.8 , 113.87
1112.79 , 92.64
1131.62 , 76.05
1151.83 , 63.34
1173.25 , 53.88
1196.02 , 47.63
1220.15 , 44.12
1245.83 , 43.87
1270.08 , 47.13
1292.42 , 53.99
1312.5 , 67.11
1299.75 , 82.37
1276.03 , 78.1
1252 , 75.39
1228.15 , 79.36
1206.53 , 88.14
1185.82 , 99.6
1165.1 , 111.08
1143.85 , 121.14
1122.15 , 128.69
985.07 , 165.97
971.77 , 151.43
954.55 , 143.7
935.48 , 140.24
915.1 , 139.49
894.98 , 140.73
876.15 , 144.69
862.59 , 159.77
855.6 , 177.17
851.6 , 195.97
846.1 , 213.99
848.6 , 233.54
859.59 , 218.47
865.48 , 200.62
878.78 , 185.75
896.38 , 179.24
916.5 , 180.49
936.03 , 182.99
956.28 , 183.99
975.93 , 181.73
