1018882799_1
931 , 1285.52
939.62 , 1323.33
951.42 , 1364.77
962.15 , 1402.64
975.98 , 1440.93
990.12 , 1479.01
1005.82 , 1521.05
1021.39 , 1558.6
1039.86 , 1592.33
1063.55 , 1629.76
1087.77 , 1660.88
1117.32 , 1689.4
1152.03 , 1715.91
1185.11 , 1737.73
1220.74 , 1760.42
1255.65 , 1781.67
1291.88 , 1801.18
1329.73 , 1818.45
1367.97 , 1828.78
1410.6 , 1832.82
1450.1 , 1832.2
1492.97 , 1827.95
1534.58 , 1817.58
1571.48 , 1801.94
1606.54 , 1784.87
1646.56 , 1765.47
1678.34 , 1738.63
1707.57 , 1711.77
1736.87 , 1685.13
1766.37 , 1654.45
1789.61 , 1620.09
1808.97 , 1583.25
1823.94 , 1545.28
1835.53 , 1504.75
1844.29 , 1464.03
1851.76 , 1424.54
1854.95 , 1384.39
1858.89 , 1340.25
1860.18 , 1300.97
1859.54 , 1257.93
1856.94 , 1216.4
1330.97 , 1262.46
1322.1 , 1287.95
1306 , 1313.75
1295.73 , 1340.42
1300.14 , 1368.85
1323.23 , 1387.94
1353.65 , 1383.88
1381.16 , 1378.39
1411.29 , 1379.02
1439.29 , 1381.19
1469.85 , 1381.71
1497.05 , 1371.93
1517.91 , 1350
1509.56 , 1323.89
1491.46 , 1299.36
1471.75 , 1275.8
1454.48 , 1250.8
1262.05 , 1549.35
1281.88 , 1535.75
1301.72 , 1521.95
1321.65 , 1508.53
1341.97 , 1496.19
1361.47 , 1481.39
1383.77 , 1474.35
1409.42 , 1474.6
1433.9 , 1471.85
1458.95 , 1470.36
1481.7 , 1476.63
1503.03 , 1486.34
1523.97 , 1497.25
1544.9 , 1508.16
1565.91 , 1518.9
1553.92 , 1539.25
1533.7 , 1551.94
1512.47 , 1561.92
1491 , 1571.14
1469.2 , 1579.32
1446.6 , 1585.85
1422.62 , 1589.6
1397.2 , 1590.35
1372.15 , 1588.84
1348.55 , 1584.35
1326.22 , 1577.37
1304.2 , 1569.88
1282.45 , 1561.51
1290.55 , 1543.6
1307.83 , 1538.09
1324.8 , 1531.85
1342.27 , 1526.62
1360.1 , 1522.06
1378.17 , 1517.98
1397.1 , 1515.58
1417.03 , 1515.35
1436.72 , 1514.6
1456.28 , 1513.6
1476.22 , 1513.35
1496.28 , 1513.35
1515.95 , 1512.6
1535.75 , 1513.1
1554 , 1516.83
1541.05 , 1524.6
1522.45 , 1527.6
1503.53 , 1529.87
1484.17 , 1531.35
1464.6 , 1532.35
1445.15 , 1533.6
1425.22 , 1533.35
1405.42 , 1533.85
1385.97 , 1535.1
1366.4 , 1536.07
1347.57 , 1538.59
1329.1 , 1541.85
1310.25 , 1544.35
1502.79 , 1126.58
1510.27 , 1109.88
1516.59 , 1092.75
1529.22 , 1077.88
1545.39 , 1068.82
1562.87 , 1063.34
1582.21 , 1061.59
1600.59 , 1065.33
1618.64 , 1069.8
1635.84 , 1075.87
1651.71 , 1085.74
1663.76 , 1100.61
1648.74 , 1112.84
1632.74 , 1122.36
1615.51 , 1128.33
1597.14 , 1132.08
1577.89 , 1134.08
1558.19 , 1135.08
1538.59 , 1136.33
1519.12 , 1134.86
1272 , 1138.81
1258.95 , 1122.3
1241.95 , 1110.52
1223.72 , 1102.04
1204.47 , 1096.31
1182.62 , 1095.82
1161.9 , 1098.65
1142.75 , 1104.56
1124.78 , 1113.78
1108.42 , 1127.38
1093 , 1143.06
1109.15 , 1157.24
1127.2 , 1166.27
1146.75 , 1171.56
1167.62 , 1174.06
1189.47 , 1174.56
1210.95 , 1173.31
1231.83 , 1170.81
1251.95 , 1166.8
1270.67 , 1159.87
1425.4 , 1015.66
1449.8 , 991.76
1478.85 , 980.92
1509.08 , 972.4
1539.1 , 963.64
1569.43 , 955.41
1602.08 , 951.94
1635.83 , 952.16
1667.23 , 958.23
1694.75 , 973.54
1719.65 , 996.16
1713.6 , 1018.12
1683.5 , 1009.5
1652.23 , 1003.16
1619.2 , 1000.91
1586.28 , 1003.79
1554.78 , 1009.67
1523.48 , 1015.91
1491.08 , 1019.91
1457.23 , 1020.94
1282.07 , 1042.79
1277.22 , 1011.77
1244.83 , 1001.28
1208.28 , 999.03
1170.88 , 998.53
1133.83 , 999.79
1099.22 , 1006.05
1068.55 , 1021.71
1039.65 , 1041.88
1014.26 , 1068.9
996.51 , 1098.68
983.25 , 1130.03
1011.33 , 1108.45
1039.6 , 1086.46
1069.65 , 1069.37
1102.4 , 1059.38
1138.35 , 1055.93
1175.67 , 1056.28
1212.58 , 1054.78
1248.03 , 1050.28
