1220825867_1
523.8 , 424.3
527.23 , 446.18
531.83 , 467.61
539.14 , 490.67
551.55 , 511.43
561.79 , 530.55
572.11 , 551.85
581.02 , 572.05
593.85 , 594.08
604.23 , 613.93
612.92 , 636.06
622.59 , 656.93
635.4 , 676.39
647.31 , 694.95
662.03 , 714.42
677.17 , 729.91
698.45 , 740.15
721.46 , 743.73
744.46 , 744.19
768.59 , 744.06
790.29 , 741.12
812.81 , 733.71
833.62 , 725.66
853.51 , 714.32
872.76 , 698.84
890.04 , 684.52
904.88 , 666.86
917.88 , 646.81
933.36 , 628.91
949.12 , 613.35
965.11 , 595.06
979.48 , 576.76
990.67 , 558.86
1000.3 , 537.89
1005.3 , 513.88
1005.19 , 492.21
1004.83 , 467.7
1002.2 , 445.18
1000.44 , 422.7
999.54 , 399.72
998.59 , 374.25
653.69 , 419.4
646.74 , 437.29
638.57 , 455.61
631.54 , 474.27
626.4 , 493.06
635.05 , 511.91
652.32 , 523.1
670.72 , 529.88
689.83 , 529.28
710.89 , 526.15
729.21 , 520.91
747.5 , 512.55
760.49 , 497.25
757.14 , 476.95
748.53 , 457.86
739.54 , 439.9
731.44 , 421.25
637.3 , 595.51
646.12 , 585.42
657.05 , 578.76
668.47 , 573.49
681.57 , 572.01
694.17 , 574.5
708 , 574.51
721.72 , 574.26
734.32 , 576.76
747.05 , 579.01
759.57 , 581.76
771.67 , 585.29
783.95 , 588.54
795.58 , 593.02
789.12 , 603.66
782.49 , 614.57
771.6 , 621.24
760.42 , 627.17
749.07 , 632.75
737.65 , 638.01
725.25 , 641.01
711.67 , 641.51
698.45 , 640.26
685.47 , 638.53
673.5 , 634.73
663.35 , 626.06
655.03 , 615.74
647.1 , 605.31
648.8 , 596.01
657.65 , 597.5
666.35 , 595.77
674.97 , 597.78
684.27 , 598.26
693.47 , 597.51
702.92 , 597.76
712 , 596.76
720.95 , 595.49
729.92 , 594.23
739.35 , 594.01
748.47 , 594.94
757.62 , 595.75
766.95 , 596.26
773.58 , 595.27
765.07 , 593.03
755.95 , 592.16
746.82 , 591.26
737.62 , 590.48
728.65 , 591.79
720.45 , 594.49
711.5 , 595.8
702.65 , 597.29
693.7 , 596.03
685.1 , 594.01
675.9 , 593.27
667.17 , 595.01
657.75 , 594.76
754.05 , 340.77
759.21 , 332.84
766.5 , 325.83
774.25 , 320.06
782.8 , 316.52
792.4 , 315.27
802.38 , 315.77
812.1 , 316.77
821.25 , 319.03
829.88 , 322.34
838.22 , 326.52
836.36 , 335.49
828.27 , 340.28
819.4 , 342.99
810.27 , 345.26
801.12 , 347.52
791.27 , 348.27
781.8 , 346.77
772.42 , 345.01
763.3 , 342.77
635.3 , 343.98
627.08 , 338.73
618.38 , 334.83
609.1 , 332.37
599.3 , 330.85
589.28 , 329.85
579.03 , 330.32
569.6 , 332.7
561.03 , 337.01
553.25 , 343.53
547.7 , 351.6
555.33 , 358.5
564.65 , 361.06
574.62 , 362.1
584.9 , 361.6
594.7 , 360.1
604.15 , 357.89
613.78 , 356.03
623.3 , 354
632.98 , 352.33
726.65 , 286.44
735.01 , 270.19
751.85 , 263.48
769.82 , 259.01
787.4 , 253.94
805.05 , 248.94
824.08 , 246.76
843.62 , 247.69
862.27 , 250.69
880.17 , 255.21
897.2 , 261.48
890.47 , 274.72
871.73 , 271.93
852.85 , 269.44
833.3 , 270.54
815.33 , 274.97
798.1 , 280.68
780.6 , 285.96
762.35 , 289.73
743.67 , 292.21
629.84 , 309.28
625.16 , 297.54
613.16 , 291.55
600.19 , 288.06
587.34 , 284.34
574.87 , 279.83
562.01 , 276.04
548.32 , 274.06
533.87 , 274.56
521.8 , 280.44
514.94 , 292.06
511.44 , 305.06
522.91 , 299.55
536.14 , 296.56
549.62 , 299.06
562.62 , 302.57
575.94 , 305.31
589.54 , 307.55
603.14 , 309.82
616.62 , 312.24
