2483534214_1
363.06 , 476.74
359.88 , 493.04
359.74 , 509.46
361.49 , 526.62
363.93 , 541.83
367.08 , 559.25
369.78 , 575.53
373.52 , 591.16
376.9 , 608.23
380.42 , 624.03
385.67 , 640.22
394.14 , 655.85
405.15 , 668.04
413.16 , 682.79
421.43 , 696.08
434.09 , 707.26
449.73 , 712.27
467.84 , 711.26
483.32 , 709.62
501.17 , 709.27
517.19 , 709.8
534.02 , 708.62
551.14 , 707.1
566.58 , 704.62
583.83 , 701.25
600.39 , 697.22
616.27 , 693.18
632.07 , 688.52
646.48 , 680.87
660.23 , 669.75
671.39 , 658.39
682.68 , 644.87
691.04 , 630.6
697.36 , 615.81
702.66 , 598.37
705.75 , 582.44
707.69 , 566.29
709.31 , 548.55
711.94 , 532.59
713.13 , 516.31
711.85 , 498.35
442.19 , 468.35
435.14 , 479.15
424.47 , 487.47
418.87 , 498.54
419.28 , 512.23
426.65 , 523.6
437.5 , 532.35
448.21 , 539.75
462.22 , 539.63
475.96 , 538.35
488.3 , 536.1
501.55 , 530.65
506.55 , 519.07
505.48 , 506.05
496.12 , 495.5
489.75 , 483.85
487.6 , 469.9
412.55 , 582.64
417.43 , 572.99
426.18 , 565.5
437.9 , 565.64
448.93 , 567.39
460.55 , 567.89
471.7 , 569.4
481.78 , 573.15
491.5 , 577.91
501.48 , 581.91
511.2 , 586.67
521.77 , 589.4
532.8 , 591.14
537.51 , 600.7
527.83 , 605.62
517.58 , 608.9
507.2 , 611.98
498.03 , 618.17
488.85 , 624.35
479.1 , 629.16
468.95 , 632.67
457.8 , 634.14
446.43 , 633.13
436.27 , 629.63
427.11 , 623.45
422.15 , 613.74
421.06 , 602.41
416.14 , 592.74
417.55 , 585.39
424.2 , 580.21
431.98 , 577.87
440.48 , 577.14
449.25 , 577.39
457.4 , 578.88
465.68 , 580.14
473.98 , 581.39
482.25 , 582.64
490.18 , 584.66
498.1 , 586.66
506.38 , 587.89
514.42 , 589.67
522.58 , 591.13
529.4 , 595.96
522.15 , 598.64
514 , 600.14
505.73 , 601.39
497.2 , 602.14
488.55 , 602.64
479.68 , 602.64
470.93 , 602.39
462.27 , 602.89
453.75 , 602.14
445.6 , 600.64
437.8 , 598.39
429.88 , 596.4
422.9 , 592.01
528.17 , 439.47
531.8 , 433.32
536.42 , 427.47
542.07 , 422.29
548.52 , 419.23
555.72 , 417.98
563.17 , 418.72
570.27 , 420.22
576.72 , 423.23
582.82 , 427.1
588.67 , 431.72
591.11 , 438.31
584.82 , 441.73
578.37 , 444.72
571.39 , 446.47
563.69 , 446.72
556.5 , 445.46
549.52 , 443.75
542.84 , 441.49
536 , 439.45
445.35 , 433.69
442.43 , 427.95
438.1 , 422.63
432.83 , 418.11
427.31 , 414.32
421.43 , 411.45
415.61 , 408.39
409.38 , 406.43
402.83 , 407.67
397.11 , 411
393.89 , 416.75
391.93 , 422.95
394.43 , 428.95
399.36 , 433.9
405.25 , 436.73
411.83 , 437.94
418.88 , 438.2
425.56 , 437.2
432.11 , 435.95
439.03 , 435.44
499.56 , 405.84
508.3 , 392.12
521.51 , 381.85
536.24 , 375.87
551.88 , 371.77
568.34 , 369.34
585.18 , 370.34
600.56 , 374.84
615.09 , 381.6
629.03 , 389.81
642.53 , 399.33
634.61 , 403.13
620.16 , 396.18
605.71 , 389.12
591.01 , 382.84
575.09 , 379.34
557.91 , 379.24
542.13 , 383.02
527.06 , 388.09
513.91 , 398.58
440.95 , 395.82
439.84 , 387.47
433.55 , 379.92
426.65 , 372.78
419.06 , 366.66
410.63 , 362.81
401.81 , 360.04
392.11 , 359.11
383.23 , 361.78
376.76 , 369.22
374.93 , 378.54
375.18 , 388.62
380.09 , 382.89
384.63 , 374.84
392.53 , 369.44
401.9 , 368.29
411 , 370.58
418.93 , 375.79
426.41 , 382.26
433.43 , 389.54
