2483653127_1
674.3 , 972.14
678.75 , 997.25
684.74 , 1024.76
690.52 , 1051.84
695.18 , 1076.51
701.1 , 1103.8
706.4 , 1130.4
713.73 , 1156.92
722.75 , 1182.84
735.46 , 1207.08
747.6 , 1229.05
765.15 , 1251.35
785.63 , 1270.84
805.81 , 1285.45
831.74 , 1298
858.5 , 1303.76
883.66 , 1305.17
911.32 , 1303.05
938.36 , 1298.98
964.9 , 1295.01
991.14 , 1289.24
1016.5 , 1279.8
1043.45 , 1269.1
1064.7 , 1254.87
1085.76 , 1239.04
1104.47 , 1216.73
1122.08 , 1197.09
1141.14 , 1179.1
1164.1 , 1161.75
1185.06 , 1146.33
1207.9 , 1131.19
1226.25 , 1110.99
1241.04 , 1089.13
1255.9 , 1064.18
1267.36 , 1040.96
1277.13 , 1014.81
1279.95 , 987.62
1282.13 , 960.5
1282.27 , 933.5
1281.17 , 907.68
1276.95 , 879.2
891 , 920.8
885.26 , 941.62
870.14 , 957.39
859.89 , 979.14
859.04 , 1001.3
873.5 , 1020.62
894.96 , 1019.53
918.07 , 1013.65
940.84 , 1016.02
960.84 , 1006.2
984.03 , 999.91
1007.7 , 994.89
1023 , 980
1027.36 , 955.98
1017.89 , 936.56
997.89 , 924.64
985.95 , 904.2
854.27 , 1119.95
863.05 , 1105.65
874.29 , 1092.17
888.04 , 1081.67
902.32 , 1072.69
917.35 , 1065.64
933.39 , 1061.22
950.02 , 1057.95
966.77 , 1054.95
984.64 , 1054.2
1001.52 , 1056.95
1017.72 , 1061.21
1033.3 , 1066.47
1049.22 , 1071.16
1064.92 , 1076.17
1063.67 , 1091.79
1048.94 , 1099.71
1033.99 , 1106.96
1018.82 , 1113.42
1003.39 , 1119.17
987.67 , 1124.2
971.79 , 1128.93
954.92 , 1131.68
938.02 , 1134.45
919.92 , 1134.7
902.54 , 1132.95
885.07 , 1131.47
869.47 , 1126.22
859.27 , 1114.7
873.02 , 1110.45
886.22 , 1104.68
900.02 , 1100.45
914.37 , 1097.21
929.07 , 1094.7
943.87 , 1092.45
958.69 , 1090.2
973.39 , 1087.71
987.72 , 1084.45
1002.67 , 1082.45
1018.44 , 1082.2
1033.87 , 1083.2
1049.17 , 1084.45
1064.34 , 1085.95
1049.27 , 1084.95
1034.22 , 1083.2
1018.54 , 1082.7
1003.14 , 1083.7
987.97 , 1085.2
973.39 , 1087.96
958.94 , 1090.95
944.02 , 1092.95
929.19 , 1095.2
914.75 , 1098.2
900.04 , 1100.7
886.5 , 1105.44
873.04 , 1110.46
1019.85 , 813.43
1026.73 , 803.28
1036.6 , 795.43
1047.17 , 789.62
1058.03 , 784.5
1069.58 , 781.2
1081.67 , 778.9
1094.47 , 778.18
1106.92 , 779.68
1118.45 , 783.03
1128.9 , 789.19
1127.22 , 800.93
1116.9 , 807.39
1106.03 , 812.5
1094.67 , 816.19
1082.35 , 817.93
1069.78 , 819.18
1056.97 , 818.43
1044.65 , 816.68
1032.2 , 815.18
846.43 , 842.95
836.81 , 836.45
826.31 , 832.45
814.96 , 830.2
802.76 , 829.7
791.06 , 831.2
780.36 , 834.69
770.33 , 840.17
760.86 , 847.14
752.64 , 856.12
746.81 , 865.95
757.28 , 869.95
768.61 , 872.2
780.93 , 872.45
792.78 , 871.2
804.36 , 869.45
815.96 , 867.7
827.08 , 864.95
837.78 , 861.46
847.34 , 854.69
976.25 , 709.68
995.2 , 691.98
1015.7 , 678.5
1037.72 , 669.42
1060.22 , 661.7
1083.72 , 655.7
1108.53 , 652.42
1134.53 , 652.68
1158.25 , 658.18
1179.2 , 670.4
1197.45 , 688.38
1183.15 , 701.15
1159.3 , 695.93
1134.5 , 693.18
1109.22 , 695.43
1085.3 , 700.41
1062.5 , 707.68
1040.85 , 718.09
1018.83 , 727.43
993.45 , 728.88
860.46 , 758.26
857.65 , 737.78
839.47 , 728.78
817.6 , 728.02
795.5 , 728.27
774.35 , 730.52
755.37 , 737.02
736.97 , 745.26
719.82 , 757.05
705.6 , 773.29
695.88 , 791.19
690.87 , 811.02
708.27 , 801.84
725.19 , 789.44
741.57 , 775.58
758.85 , 764.29
777.94 , 757.99
799.44 , 756.52
820.35 , 759.27
840.62 , 763.27
