2484089292_1
710.75 , 1787.2
710.11 , 1850.94
714.25 , 1915.56
726.92 , 1982.81
746.08 , 2047.54
765.95 , 2105.18
790.2 , 2173.24
812.32 , 2231.54
837.47 , 2291.76
866.17 , 2356.63
893.36 , 2413.32
923.81 , 2470.6
959 , 2531.63
999.74 , 2582.19
1047.07 , 2626.05
1098.4 , 2669.05
1154.78 , 2709.15
1207.62 , 2742.47
1267.12 , 2774.63
1328.39 , 2799.26
1391.12 , 2820.05
1457.17 , 2832.47
1524.04 , 2827.57
1590.73 , 2817.66
1648.47 , 2787.11
1702.35 , 2756.64
1768.52 , 2728.93
1822.67 , 2693.75
1873.59 , 2647.51
1912.29 , 2598.2
1949.85 , 2539.39
1981.11 , 2482.87
2014.63 , 2429.9
2053.22 , 2376.14
2095.62 , 2318.56
2127.23 , 2261.23
2155.64 , 2200.96
2182.14 , 2141.29
2206.24 , 2080.07
2226.23 , 2018.46
2243.59 , 1949.79
1275.35 , 1872.3
1255.01 , 1914.39
1230.82 , 1959.3
1231.65 , 2008.69
1264.26 , 2049.78
1302.36 , 2082.57
1344.53 , 2109.3
1393.1 , 2129.7
1444.63 , 2142.09
1494.4 , 2148.85
1544.37 , 2134.82
1586.94 , 2110.02
1626.09 , 2076.42
1666.82 , 2043.46
1698.98 , 2009.86
1689.95 , 1960.87
1666.9 , 1910.6
1148 , 2323.08
1193.8 , 2316.08
1241.8 , 2313.58
1286.1 , 2303.34
1334.1 , 2300.83
1380.15 , 2294.33
1428.03 , 2291.58
1475.3 , 2295.58
1522.1 , 2300.58
1568.5 , 2306.33
1614.33 , 2313.32
1657.8 , 2325.12
1698.78 , 2342.6
1723.36 , 2380.73
1702.09 , 2420.48
1668.93 , 2455.83
1630.28 , 2479.81
1588.8 , 2495.81
1544.1 , 2505.08
1497.05 , 2509.58
1448.58 , 2511.08
1400.33 , 2509.07
1355.53 , 2500.09
1314.88 , 2481.46
1276.42 , 2456.98
1239.03 , 2429.36
1203.02 , 2397.85
1171.35 , 2361.95
1154 , 2323.08
1191.72 , 2316.58
1231.88 , 2315.08
1269.05 , 2307.34
1307.75 , 2302.83
1346.83 , 2299.08
1385.53 , 2294.58
1425.95 , 2295.58
1465.38 , 2298.58
1504.45 , 2302.33
1543.9 , 2305.32
1583.2 , 2308.58
1620.95 , 2315.09
1656.97 , 2325.06
1691.15 , 2339.32
1658.05 , 2350.54
1619.35 , 2355.05
1580.03 , 2358.33
1540.72 , 2361.58
1500.92 , 2363.83
1460.75 , 2365.33
1420.35 , 2364.32
1381.62 , 2359.83
1342.33 , 2356.58
1302.53 , 2354.33
1264.53 , 2348.33
1227.92 , 2339.35
1191.22 , 2330.58
1708 , 1509.69
1726.66 , 1479.51
1755.2 , 1455.99
1785.97 , 1438.7
1817.83 , 1424.38
1850.5 , 1412.69
1884.92 , 1404.21
1921.05 , 1399.4
1958.58 , 1400.94
1990.55 , 1414.95
2020.4 , 1434.62
2018.52 , 1470.66
1992.33 , 1497.93
1961 , 1513.94
1927.62 , 1524.17
1891.22 , 1528.44
1854.47 , 1524.92
1818.8 , 1519.18
1782.15 , 1515.44
1744.78 , 1513.19
1246.54 , 1486.95
1222.75 , 1458.72
1194.03 , 1435.72
1162.58 , 1419.99
1130.22 , 1407.16
1095.38 , 1399.73
1057.62 , 1398.2
1020.82 , 1401.71
985.92 , 1409.11
954.2 , 1423.8
926.55 , 1449.73
945.29 , 1479.93
973.45 , 1504.38
1005.5 , 1517.97
1040.95 , 1524.2
1077.85 , 1527.5
1115.47 , 1525.73
1151.17 , 1519.99
1187.33 , 1515.23
1224.95 , 1513.48
1685.15 , 1353.77
1689.63 , 1303.54
1733.53 , 1285.4
1780.85 , 1274.51
1827.5 , 1262.24
1874.12 , 1250.04
1922.43 , 1241.27
1972.05 , 1235.25
2024.1 , 1235.27
2072.18 , 1244.54
2116.45 , 1262.05
2121.78 , 1298.52
2070.93 , 1301.52
2019.25 , 1299.77
1967.3 , 1301
1919.62 , 1311.02
1872.25 , 1321.74
1824.48 , 1331.54
1779.03 , 1345.74
1733.88 , 1360.01
1277.75 , 1335.75
1242 , 1292.38
1189.75 , 1277.38
1134.12 , 1269.13
1076.67 , 1264.65
1021.8 , 1254.9
967.5 , 1243.88
910.67 , 1238.13
852.02 , 1240.13
795.7 , 1246.92
743.75 , 1262.38
790.5 , 1291.63
844.67 , 1302.81
903.77 , 1301.88
962.8 , 1300.63
1017.42 , 1310.87
1069.53 , 1326.15
1121.95 , 1340.9
1175.8 , 1352.88
1231.17 , 1361.6
