2484463018_1
814.69 , 887.3
812.18 , 926.6
816.94 , 971.61
821.29 , 1016.86
827.44 , 1059.65
837.61 , 1101.68
849.47 , 1144.29
859.49 , 1183.14
872.44 , 1228
884.78 , 1267.46
914.72 , 1297.3
954.77 , 1316.78
997.62 , 1332.44
1039.31 , 1341.24
1083.76 , 1346.03
1123.27 , 1343.64
1168.98 , 1332.33
1209.71 , 1324.92
1252.7 , 1320.68
1295.21 , 1312.55
1338.23 , 1303.78
1382.7 , 1294.41
1423.74 , 1289.21
1467.2 , 1295.89
1510.3 , 1302.09
1553.06 , 1305.22
1590.54 , 1325.88
1617.09 , 1361.86
1656.38 , 1368.79
1679.17 , 1331
1690.69 , 1291.36
1701.79 , 1245.65
1703.33 , 1202.38
1703.64 , 1160.18
1710.36 , 1115.25
1716.18 , 1074.74
1722.55 , 1030.88
1725.36 , 988.04
1719.93 , 944.24
1719.73 , 900.15
1707.1 , 857.64
1347.75 , 743.75
1327.37 , 767.98
1308.07 , 792.78
1302.43 , 824.83
1317.27 , 854.75
1345.86 , 871.27
1377.05 , 876.55
1411.33 , 878.18
1441.88 , 880.09
1474.98 , 886.31
1505.74 , 893.92
1539.83 , 894.05
1571.63 , 883.97
1592.59 , 859.73
1587.09 , 827.82
1573.24 , 798.83
1560.1 , 766.55
1219.45 , 1025.95
1231.17 , 999.21
1256.67 , 983.97
1283.75 , 973.22
1312.25 , 965.43
1341.7 , 959.7
1371.53 , 954.71
1403.78 , 954.7
1435.18 , 952.95
1466.33 , 955.2
1494.68 , 963.18
1521.93 , 973.44
1547.75 , 987.96
1569.5 , 1011
1585.68 , 1036.15
1596.28 , 1063.3
1571.53 , 1079.2
1540 , 1080.7
1508.6 , 1082.45
1476.83 , 1083.45
1445.05 , 1082.45
1413.4 , 1081.2
1381.4 , 1081.7
1349.53 , 1082.48
1319.83 , 1077.23
1290.7 , 1070.7
1261.7 , 1063.95
1235.21 , 1051.23
1240.45 , 1034.45
1262.1 , 1023.8
1284.2 , 1014.45
1306.42 , 1005.47
1329.45 , 998.45
1353.45 , 993.2
1377.9 , 988.97
1402.95 , 985.95
1428.5 , 987.45
1453.03 , 991.52
1476.93 , 996.93
1499.93 , 1003.96
1521.8 , 1014.21
1542.6 , 1027.13
1562.75 , 1042
1566.88 , 1057.42
1543.25 , 1051.49
1519.08 , 1046.7
1494.62 , 1042.45
1469.83 , 1038.95
1444.88 , 1035.72
1419.6 , 1033.2
1393.2 , 1032.95
1367.18 , 1033.95
1341.28 , 1035.2
1315 , 1034.68
1289.47 , 1036.69
1264.43 , 1039.68
1520.25 , 706.6
1523.15 , 692.95
1533.4 , 682.17
1544.85 , 673.75
1557.22 , 667.85
1570.8 , 664.85
1585.72 , 665.09
1598.45 , 669.84
1610.08 , 677.68
1621.22 , 686.83
1628.54 , 698.65
1633.46 , 711.3
1630.28 , 724.36
1616.2 , 722.35
1602.03 , 720.61
1588.08 , 718.38
1574.47 , 715.35
1560.4 , 713.35
1545.97 , 712.1
1531.85 , 713.69
1262.04 , 678.45
1252.3 , 664.82
1242.15 , 651.32
1229.77 , 638.94
1215.58 , 630.74
1200.02 , 626.22
1182.9 , 625.22
1166.88 , 628.96
1151.83 , 634.71
1137.47 , 642.56
1124.18 , 653.32
1114.55 , 666.97
1129.75 , 672.18
1146.17 , 675.09
1163.1 , 676.96
1180.95 , 676.97
1197.33 , 679.97
1214.47 , 681.4
1232.12 , 681.22
1249 , 683.22
1468.51 , 571.73
1489.71 , 560.52
1511.73 , 551.75
1536.29 , 548.23
1561.43 , 549.98
1585.04 , 555.48
1607.46 , 563.21
1629.13 , 573.11
1648.51 , 589.48
1661.08 , 610.03
1669.79 , 632.13
1653.46 , 635.93
1634.61 , 618.23
1614.21 , 604.71
1590.81 , 598.98
1565.03 , 599.96
1540.88 , 604.24
1516.59 , 608.23
1491.31 , 609.27
1471.01 , 596.75
1385.79 , 554.23
1354.05 , 527.02
1314.97 , 518.56
1273.5 , 515.06
1230.7 , 514.31
1188.62 , 516.56
1148.12 , 522.05
1110.05 , 532.6
1074.82 , 550.34
1043.95 , 579.94
1033.1 , 617.81
1066.35 , 596.06
1100 , 574.4
1136.35 , 560.31
1176.85 , 554.81
1217.95 , 559.06
1256.05 , 569.52
1292.6 , 583.06
1331.25 , 592.46
1373.65 , 591.06
