2485495082_1
851.3 , 1184.85
860.92 , 1217.49
869.09 , 1249.47
883.36 , 1282.03
896.51 , 1314.8
910.29 , 1347.19
924.84 , 1378.38
940.92 , 1407.25
961.06 , 1435.69
988.5 , 1461.22
1012.47 , 1487.03
1034.66 , 1511.06
1060.43 , 1534.53
1084.98 , 1559.84
1111.07 , 1581.11
1139.91 , 1605.24
1169.92 , 1622.82
1197.71 , 1640.43
1228.65 , 1654.74
1264.97 , 1661.62
1298.24 , 1669.72
1332.42 , 1673.52
1367.47 , 1667
1399.56 , 1653.01
1427.48 , 1637.24
1456.74 , 1613.86
1478.85 , 1588.84
1498.23 , 1559.77
1517.83 , 1529.41
1536.8 , 1501.61
1556.3 , 1471.24
1573.09 , 1441.71
1588.86 , 1412.03
1603.8 , 1381.06
1617.01 , 1347.93
1627.65 , 1315.39
1636.94 , 1281.41
1643.35 , 1246.96
1647.04 , 1211.18
1647.25 , 1176.13
1647.3 , 1140.39
1252.4 , 1160.54
1236.65 , 1182.68
1225.84 , 1210.46
1237.93 , 1234
1261.75 , 1254.19
1284.11 , 1269.35
1314.77 , 1269.88
1338.8 , 1282
1357.51 , 1306.36
1383.49 , 1300.86
1407.19 , 1283.2
1427.64 , 1260.71
1451.17 , 1247.41
1462.65 , 1219.26
1458.06 , 1190.79
1446.72 , 1165.49
1437.15 , 1136.35
1146.65 , 1368.62
1171.03 , 1354
1200.85 , 1351.87
1231 , 1350.37
1261.15 , 1348.87
1291.68 , 1348.12
1322.43 , 1348.37
1352.58 , 1349.87
1380.88 , 1344.63
1408.65 , 1338.12
1437.35 , 1333.64
1466.4 , 1329.87
1489.42 , 1343.85
1480.66 , 1370.34
1471.16 , 1396.54
1459.68 , 1422.09
1442.2 , 1445.31
1418.9 , 1463.12
1393.45 , 1475.13
1365.58 , 1481.37
1335.78 , 1483.62
1306.1 , 1481.1
1278.73 , 1473.93
1252.93 , 1463.13
1228.18 , 1449.38
1204.25 , 1433.47
1180.95 , 1415.67
1160.22 , 1393.47
1155.4 , 1365.87
1180 , 1367.12
1203.65 , 1370.37
1228.25 , 1369.12
1252.88 , 1370.37
1277.25 , 1372.15
1301.7 , 1373.66
1326 , 1375.63
1350.6 , 1376.85
1374.62 , 1374.87
1397.33 , 1369.62
1419.2 , 1362.88
1441.2 , 1356.38
1463.13 , 1349.64
1463.25 , 1368.02
1444.58 , 1383.46
1425.15 , 1396.87
1404.62 , 1407.39
1382.48 , 1413.59
1358.6 , 1416.37
1333.75 , 1416.62
1309.6 , 1414.37
1285.98 , 1411.12
1262.2 , 1408.12
1238.8 , 1404.39
1216.53 , 1398.25
1195.58 , 1389.11
1175.03 , 1378.71
1395.45 , 993.45
1403.05 , 977.83
1417.2 , 966.2
1432.2 , 956.95
1447.8 , 949.23
1464.12 , 943.71
1481.98 , 941.2
1500.7 , 941.95
1518.05 , 945.43
1534.38 , 950.95
1548.59 , 962.33
1550.72 , 980.4
1537.17 , 993.72
1521.28 , 1000.45
1503.65 , 1003.45
1485.2 , 1004.7
1466.12 , 1004.7
1447.28 , 1004.2
1428.95 , 1002.7
1411.33 , 999.72
1212.59 , 998.38
1196.79 , 987.83
1180.54 , 978.35
1163.76 , 970.33
1146.11 , 964.76
1126.76 , 962.54
1106.93 , 963.8
1088.54 , 967.98
1071.76 , 976.03
1055.71 , 986.04
1042.21 , 1000.79
1056.99 , 1014.32
1074.13 , 1021.22
1092.01 , 1026.33
1110.59 , 1030.17
1130.68 , 1029.79
1149.54 , 1026.56
1167.38 , 1021.28
1185.54 , 1016.52
1204.14 , 1012.8
1437.36 , 885.13
1442.49 , 866.7
1458.73 , 856.13
1476.93 , 850.61
1496.23 , 847.39
1516.13 , 845.38
1536.53 , 844.38
1556.93 , 845.38
1576.61 , 847.88
1594.34 , 854.37
1610.21 , 866.13
1613.56 , 884.88
1592.91 , 884.41
1575.51 , 876.88
1555.71 , 874.64
1535.93 , 876.85
1516.98 , 880.85
1497.81 , 884.38
1477.88 , 886.38
1457.73 , 884.88
1214.3 , 891.33
1188.33 , 877.82
1160.81 , 868.81
1130.73 , 864.84
1099.33 , 863.59
1067.65 , 864.34
1036.78 , 866.69
1007.21 , 871.77
980.11 , 881.87
955.88 , 900.09
940.63 , 925.34
970.23 , 920.34
998.55 , 912.66
1026.53 , 904.44
1058.13 , 903.59
1089.31 , 905.34
1119.86 , 908.34
1150.43 , 911.36
1180.81 , 914.77
1210.73 , 919.07
