122276700_1
325.34 , 360.75
330.75 , 371.76
337.4 , 383.57
345.04 , 394.41
352 , 404.88
358.11 , 415.81
365.92 , 427.41
372.78 , 438.26
380.61 , 448.38
389.76 , 456.96
400.4 , 465.35
410.86 , 473.41
421.82 , 479.33
434.06 , 486.16
443.46 , 493.83
454.1 , 501.23
465.03 , 508.57
476.38 , 516.66
488.15 , 519.73
501.62 , 521.9
513.8 , 521.95
526.92 , 518.6
537.92 , 512.78
547.88 , 503.86
556.14 , 493.64
563.8 , 483.01
571.05 , 472.4
579.92 , 462.43
587.69 , 452.69
594.84 , 441.23
601.94 , 430.16
607.31 , 419
612.09 , 405.82
616.69 , 394.18
620.41 , 380.84
622.08 , 368.03
623.12 , 355.36
622.45 , 342.18
621.43 , 329.22
619.71 , 316.52
617.3 , 303.05
442.67 , 357.66
439.95 , 367.95
437.85 , 379.69
437.85 , 391.73
443.56 , 400.42
453.72 , 405.87
464.65 , 409.44
476.85 , 411.34
488.32 , 409.8
497.44 , 403.96
506.28 , 395.71
511.92 , 385.26
516.28 , 375.46
515.35 , 363.6
509.56 , 354.44
501.44 , 345.24
491.47 , 338.73
433.05 , 449.17
442.07 , 446.93
450.38 , 442.91
458.38 , 438.1
466.9 , 434.82
476.58 , 433.92
486.33 , 434.67
495.85 , 433.4
504.08 , 429.16
512.15 , 424.58
520.73 , 421.4
529.77 , 419.17
539.4 , 418.17
549.13 , 417.35
548.72 , 425.27
542.81 , 432.87
536.6 , 440.37
529.82 , 447.66
522.33 , 453.9
514.12 , 458.19
505.5 , 461.21
496.2 , 462.93
486.55 , 463.92
476.8 , 463.17
467.55 , 461.42
458.8 , 458.67
450.15 , 455.7
441.77 , 451.93
444.3 , 450.42
452.05 , 448.92
459.95 , 447.67
467.98 , 446.67
475.9 , 445.43
484.15 , 444.92
492.3 , 444.17
499.98 , 442.44
507.15 , 439.67
514.08 , 436.15
521.15 , 433.07
528.35 , 430.4
535.6 , 427.87
542.62 , 424.66
549.65 , 421.38
543.17 , 425.3
536.15 , 428.57
528.95 , 431.26
521.83 , 434.15
514.95 , 437.76
508.15 , 441.67
500.93 , 444.29
493.2 , 445.92
485.05 , 446.67
476.77 , 447.17
468.62 , 447.92
460.48 , 448.67
452.58 , 449.92
490.3 , 295.4
493.45 , 289.47
497.36 , 283.85
502.02 , 278.42
507.48 , 273.98
513.27 , 270.42
519.42 , 267.87
526.42 , 267.15
533.52 , 267.65
540.17 , 269.15
546.42 , 271.41
548.41 , 277.55
543.15 , 282.58
537.15 , 285.64
531.15 , 288.65
524.77 , 290.65
517.9 , 291.65
510.9 , 292.4
503.8 , 292.9
497.05 , 294.15
419.48 , 314.22
415.97 , 309.03
410.22 , 304.99
404.1 , 301.95
397.57 , 299.99
390.7 , 298.74
383.85 , 300.03
377.72 , 303.13
371.77 , 306.58
366.31 , 311.33
362.66 , 317.21
360.65 , 323.73
366.5 , 327.07
373.52 , 327.98
380.77 , 327.48
387.77 , 326.49
394.55 , 324.96
400.92 , 322.72
407.15 , 319.98
413.3 , 317.08
479.41 , 260.41
483.25 , 252.81
488.22 , 245.61
495.04 , 239.51
502.69 , 235.64
510.96 , 233.39
519.24 , 231.13
527.99 , 229.92
537.24 , 230.16
546.11 , 231.16
553.91 , 234.66
551.33 , 241.73
542.66 , 243.16
534.38 , 245.42
526.46 , 248.38
518.71 , 251.91
511.51 , 256.9
504.01 , 261.07
496.19 , 264.41
486.84 , 264.43
397.95 , 274.3
389.13 , 270.37
378.83 , 269.62
368.3 , 269.37
357.65 , 269.37
347.73 , 267.87
337.7 , 269.19
329.39 , 274.5
323.53 , 282.62
319.09 , 291.3
315.28 , 300.12
323.98 , 296.88
331.53 , 289.37
340.2 , 284.94
350.45 , 284.12
360.38 , 285.63
369.9 , 287.99
379.98 , 289.12
389.9 , 287.63
398.83 , 283.83
