2488100923_1
1391 , 1276.25
1390.63 , 1330.54
1396.61 , 1387.26
1400.11 , 1450.33
1407.73 , 1504.1
1418.12 , 1562.7
1429.22 , 1618.97
1439.55 , 1676.05
1458.3 , 1734.25
1477.52 , 1788.58
1505.3 , 1840.2
1534.94 , 1893.31
1563.7 , 1943.54
1600.64 , 1989.39
1638.97 , 2030.84
1680.21 , 2069.72
1724.63 , 2108.27
1776.69 , 2140.82
1828.12 , 2166.9
1881.87 , 2181.33
1941.63 , 2185.64
2001.28 , 2187.18
2059.36 , 2181.69
2115.33 , 2170.12
2172.24 , 2153
2228.16 , 2134.75
2275.91 , 2101.92
2319.79 , 2067.64
2358.77 , 2021.74
2393.63 , 1975.13
2432.45 , 1930.4
2466.01 , 1882.66
2491.15 , 1834.27
2516.91 , 1776.16
2537.7 , 1727.15
2561.74 , 1671.23
2577.77 , 1616.42
2597.51 , 1562.91
2618.71 , 1504.03
2637.79 , 1450.35
2659.75 , 1393.29
1846.79 , 1221.79
1834.7 , 1272.04
1805.85 , 1316.7
1781.7 , 1366.9
1781.7 , 1419.95
1820.36 , 1450.31
1870.18 , 1472.06
1909.47 , 1510.75
1959.47 , 1510.03
2013.74 , 1504.2
2069.19 , 1490.46
2118.63 , 1476.58
2141.5 , 1426.74
2132.01 , 1374.17
2113.12 , 1325.31
2086.35 , 1276.86
2072.9 , 1224.6
1725.2 , 1694.97
1760.1 , 1684.69
1794.3 , 1673.12
1828.2 , 1660.72
1864.3 , 1652.63
1900.03 , 1643.72
1939.18 , 1641.97
1977.62 , 1645.15
2015.18 , 1650.22
2050.97 , 1658.99
2084.43 , 1672.7
2115.6 , 1692.84
2144.72 , 1718.74
2173.58 , 1745.47
2191.02 , 1775.23
2155.1 , 1783.69
2121.82 , 1798
2088.5 , 1812.18
2053.03 , 1821.47
2013.18 , 1821.7
1974.6 , 1818.72
1935.33 , 1817.22
1896.28 , 1815.29
1858.62 , 1810.47
1823.22 , 1800.98
1789.83 , 1787.09
1765.02 , 1757.55
1740.43 , 1727.95
1753.7 , 1699.47
1781.85 , 1692.32
1811.17 , 1687.49
1841.38 , 1684.54
1871.83 , 1686.84
1897.78 , 1699.53
1923.8 , 1711.98
1953.3 , 1716.5
1984.33 , 1715.73
2015.95 , 1715.72
2045.5 , 1720.01
2073.5 , 1727.51
2100.75 , 1736.26
2127.45 , 1746.47
2153.72 , 1757.96
2136.53 , 1753.25
2109.7 , 1743.47
2082.8 , 1733.82
2055.45 , 1725.22
2026.48 , 1719.72
1995.08 , 1719.72
1964.53 , 1721.46
1934.58 , 1717.98
1905.38 , 1712.97
1875.53 , 1709.29
1846.7 , 1703.47
1815.43 , 1702.72
1784.75 , 1700.72
2144.75 , 1069
2158.43 , 1044.05
2173.25 , 1019.5
2193.03 , 996.72
2217.53 , 981.74
2245.28 , 974.75
2275.65 , 976.25
2304.05 , 981.74
2330.22 , 991.99
2355.57 , 1004.85
2379.72 , 1020.72
2400.44 , 1043.12
2375.9 , 1058.01
2349.65 , 1067.97
2321.9 , 1074.99
2292.38 , 1078.25
2261.4 , 1078.5
2232.62 , 1073.74
2205.03 , 1066.5
2174.28 , 1065.75
1835.1 , 1025.3
1814.62 , 1006.05
1793.85 , 987.68
1772.47 , 970.91
1749.9 , 957.58
1725.75 , 948.68
1699.58 , 943.93
1671.42 , 943.71
1645.12 , 948.18
1621.99 , 960.2
1610.25 , 983.43
1619.13 , 1007.55
1638.55 , 1027.98
1662.9 , 1036.33
1690.35 , 1038.46
1718.25 , 1039.68
1746.25 , 1040.68
1774.5 , 1041.18
1802.03 , 1043.18
1829.05 , 1046.22
2002.95 , 910.72
2031.96 , 851.42
2093.78 , 830.74
2159.15 , 816.21
2226.6 , 805.95
2296.28 , 800.4
2366.65 , 803.72
2428.8 , 824.57
2486.07 , 858.63
2535.72 , 908.75
2569.85 , 966.12
2548.85 , 1014.13
2493.95 , 973.22
2435.68 , 941.47
2370.68 , 925.96
2300.48 , 921.47
2229.1 , 923.57
2160.43 , 931.23
2097.73 , 950.72
2035.55 , 968.57
1942.07 , 891.88
1923.42 , 840.76
1879.08 , 802.55
1824.1 , 791.29
1768.92 , 780.56
1710.67 , 776.06
1652.67 , 781.06
1598.15 , 793.34
1547.8 , 814.8
1503 , 851.81
1477.06 , 900.73
1472.75 , 959.06
1518.78 , 932.05
1567.95 , 906.85
1621.15 , 892.07
1681.1 , 891.06
1738.15 , 898.05
1796.03 , 903.31
1850.78 , 915.06
1902.22 , 933.29
