2489085841_1
468.34 , 406.35
472.51 , 425.05
477.92 , 445.39
483.58 , 463.11
490.34 , 482.86
497.02 , 502.63
504.52 , 521.69
513.76 , 538.9
524.7 , 555.95
536.88 , 571.39
550.92 , 586.61
566.25 , 600.41
582.71 , 611.76
600.7 , 620.92
619.62 , 628.91
637.18 , 636.24
656.12 , 644.88
674 , 651.87
693.89 , 659.1
714.21 , 663.92
732.86 , 666.98
753.07 , 666.66
774.26 , 664.22
793.4 , 661.62
813.42 , 656.04
830.41 , 648.3
849.67 , 637.33
863.36 , 623.66
869.29 , 604.81
872.67 , 584.32
875.99 , 565.66
882.7 , 545.63
888.04 , 526.06
891.55 , 506.39
893.48 , 485.67
894.52 , 466.58
896.31 , 445.81
899.45 , 425.21
903.02 , 406.46
905.62 , 385.82
906.89 , 365.03
748.89 , 375.25
745.55 , 390.06
740.7 , 407.73
735.24 , 422.59
736.83 , 439.5
749.27 , 450.88
765.13 , 453.88
780.35 , 448.4
797.55 , 446.23
813.48 , 442.84
828.75 , 435.11
839.49 , 421.85
842.92 , 406.81
833.92 , 391.27
825.17 , 378.42
819.07 , 363.05
811.85 , 346.1
719.6 , 546.35
729.35 , 538.1
740.38 , 533.33
751.02 , 527.45
761.05 , 519.9
771.33 , 513.13
781.38 , 505.6
792.23 , 500.23
805.28 , 499.84
816.23 , 494.82
827.1 , 489.6
840.23 , 489.82
851.18 , 494.9
860.12 , 504.43
860.12 , 517.68
856.85 , 529.35
851.53 , 540.2
842.88 , 549.84
832.1 , 555.35
821.03 , 559.92
809.62 , 563.58
798.6 , 568.35
787.05 , 571.85
774.05 , 572.36
762.25 , 569.38
751 , 565.26
740.3 , 559.53
730.08 , 552.57
732.1 , 542.35
741.25 , 542.38
749.05 , 539.58
756.55 , 535.89
764.12 , 532.36
771.83 , 529.34
779.55 , 526.33
787.27 , 523.33
794.98 , 520.32
802.8 , 517.59
811.1 , 515.85
819.33 , 513.85
827.88 , 512.6
836.93 , 512.35
844.95 , 514.04
837.68 , 518.34
830.1 , 521.85
822.17 , 524.32
814.1 , 526.6
806.17 , 529.07
798.25 , 531.57
790.35 , 534.1
782.25 , 536.35
773.92 , 538.07
766.23 , 541.07
758.28 , 543.59
749.48 , 544.35
740.3 , 544.35
796.75 , 286.59
802.45 , 282.41
808.42 , 278.93
813.92 , 274.17
819.7 , 270.16
825.48 , 266.11
831.77 , 263.59
838.92 , 262.84
845.73 , 264.33
850.27 , 269.91
851.5 , 276.81
850.18 , 283.66
846.53 , 289.56
840.8 , 293.8
834.15 , 295.58
827 , 296.34
819.73 , 295.84
812.58 , 295.09
805.55 , 294.09
798.51 , 293.23
699.59 , 315.07
692.02 , 310.98
684.32 , 307.29
675.97 , 305.17
666.72 , 304.91
658.02 , 306.35
650.14 , 309.43
642.52 , 313.38
635.29 , 318.33
628.52 , 324.59
623.19 , 331.67
630.84 , 335.45
639.14 , 337.63
647.89 , 338.92
656.79 , 337.92
665.44 , 336.42
673.57 , 333.95
681.24 , 330.13
688.64 , 325.69
696.34 , 322.01
784.52 , 267.76
782.01 , 255.79
787.26 , 245.04
797.06 , 237
807.88 , 231.82
819.63 , 228.82
830.76 , 224.54
841.41 , 218.86
851.91 , 212.79
863.51 , 209.54
874.25 , 214.89
877.25 , 226.64
876.25 , 239.32
865.61 , 245.06
852.91 , 246.05
840.93 , 248.52
829.91 , 253.07
818.71 , 257.06
807.81 , 262.06
796.91 , 267.07
731.81 , 259.13
714.14 , 252.88
695.12 , 249.38
675 , 250.63
655.7 , 253.64
637.02 , 257.86
619 , 263.35
601.75 , 270.75
585.37 , 280.63
570.45 , 294.55
557.62 , 309.88
578.37 , 309.88
597.55 , 306.64
616.44 , 302.88
634.77 , 297.86
653.35 , 293.38
672.05 , 289.13
691.45 , 286.38
710.72 , 283.37
729.04 , 278.38
