2493621535_1
571 , 1109.4
574.76 , 1168.21
580.62 , 1233.89
582.48 , 1297.75
584.51 , 1357.63
592.46 , 1418.89
594.54 , 1483.96
601.75 , 1544.73
619.95 , 1609.03
641.6 , 1665.54
681.42 , 1715.05
722.32 , 1760.85
772.44 , 1804.77
818.27 , 1847.61
860.75 , 1893.7
902.88 , 1941.62
958.35 , 1972.77
1019.5 , 1990.66
1077.42 , 2000
1142.35 , 2000.19
1204.28 , 1993.39
1268.46 , 1979.83
1328.73 , 1957.21
1382.81 , 1935.11
1443.48 , 1914.72
1503.5 , 1896.27
1564 , 1875.47
1622.75 , 1847.56
1676.74 , 1815.25
1724.82 , 1779.68
1770.42 , 1735.22
1805.14 , 1678.61
1830.04 , 1623.7
1849.57 , 1559.7
1862.08 , 1502.98
1876.92 , 1439.79
1891.65 , 1380.75
1906.5 , 1319.04
1923.25 , 1254.87
1939.27 , 1195.28
1953.9 , 1129.9
988.14 , 1116.4
965.58 , 1151.47
940.25 , 1192.45
921.75 , 1236
919.55 , 1278.29
946.22 , 1317.35
982.39 , 1346.38
1023.6 , 1366.53
1066.75 , 1373.01
1111.64 , 1369.42
1156.87 , 1360.56
1200.34 , 1354.79
1238.76 , 1326.36
1246.13 , 1283.88
1234.02 , 1240.18
1223.54 , 1195.42
1214.85 , 1147.04
855.25 , 1494.35
890.85 , 1480.09
923.12 , 1456.1
961.5 , 1447.6
1000.25 , 1454.85
1035.5 , 1470.6
1075.12 , 1476.61
1112.88 , 1486.47
1148.22 , 1501.84
1182.7 , 1519.84
1217.55 , 1536.86
1254 , 1549.1
1293.22 , 1555.85
1310.18 , 1586.69
1277.4 , 1609.2
1244.9 , 1632.42
1212.15 , 1654.94
1177.75 , 1673.1
1141.3 , 1685.33
1102.33 , 1692.6
1061.97 , 1696.6
1022.5 , 1690.35
986.83 , 1676.17
952.98 , 1656.59
920.26 , 1634.43
894.26 , 1602.88
878.75 , 1567.6
866.76 , 1531.12
861 , 1498.6
893.4 , 1493.61
925.88 , 1488.72
956.95 , 1496.36
987.4 , 1505.26
1018.3 , 1513.39
1049.67 , 1520.58
1081.35 , 1527.11
1113.65 , 1532.36
1146.08 , 1537.35
1178.38 , 1542.62
1210.9 , 1547.37
1243.55 , 1551.89
1276.3 , 1556.14
1304.03 , 1569.9
1271.65 , 1573.86
1237.95 , 1576.14
1204.4 , 1578.85
1170.42 , 1580.6
1136.05 , 1581.6
1101.58 , 1582.35
1067.1 , 1583.1
1032.38 , 1582.85
999.65 , 1578.5
970.15 , 1567.59
943.5 , 1548.6
917.02 , 1529.12
889.62 , 1512.22
1302.95 , 993.36
1318.45 , 967.11
1343.53 , 948.27
1370.62 , 934.68
1400.03 , 926.83
1431.83 , 924.11
1463.62 , 926.86
1493.85 , 932.86
1522.68 , 941.59
1550.08 , 954.12
1573.76 , 976.91
1568.18 , 1007.14
1542.18 , 1023.38
1512.5 , 1030.61
1481.43 , 1034.86
1449.47 , 1032.36
1420.53 , 1023.84
1392 , 1014.63
1363.8 , 1004.62
1332.47 , 1000.86
974.25 , 933.49
952.58 , 912.69
929.58 , 895.54
906.35 , 879.12
882.5 , 864.45
857.78 , 851.97
832.05 , 842.54
803.98 , 837.93
775.58 , 841.94
751 , 854.87
734.95 , 878.19
743.18 , 904.41
764.7 , 925.19
788.9 , 938.93
816.28 , 945.01
845.9 , 946.44
875.88 , 947.19
904.73 , 950.19
933 , 954.44
962.45 , 956.19
1236.55 , 864.97
1273.35 , 850.17
1305.35 , 821.66
1341.95 , 806.07
1380.6 , 795.2
1420.88 , 787.65
1463.15 , 784.22
1506.62 , 784.22
1549.35 , 786.72
1590.6 , 792.26
1606.75 , 772.19
1569.5 , 757.68
1528.45 , 752.72
1486.08 , 755.97
1444.3 , 760.47
1403.53 , 766.97
1364.15 , 776.5
1326.83 , 789.95
1290.65 , 807.09
1257.05 , 830.14
985.76 , 794.9
959.5 , 762.93
928.77 , 733.7
895.25 , 711.93
858.94 , 697.89
822.67 , 683.86
784.75 , 673.45
742.37 , 673.85
705.67 , 686.79
671.17 , 706.04
635.27 , 720.95
676.77 , 717.7
713.89 , 705.82
751.22 , 694.24
791.32 , 698.69
828.89 , 709.83
865.17 , 723.86
899.22 , 744.19
930.87 , 771.3
961.52 , 801.2
