2495649904_1
40 , 380.22
46.03 , 395.85
52.57 , 410.99
59.35 , 425.9
67.26 , 440.22
74.2 , 456.04
83.14 , 471.16
91.09 , 485.35
100.48 , 500.26
110.26 , 513.69
122.39 , 526.14
134.45 , 537.27
147.38 , 548.17
160.98 , 559.12
172.98 , 568.94
185.53 , 580.41
196.65 , 593.98
209.81 , 604.5
226.24 , 609.84
241.61 , 612.81
259.56 , 612.19
275 , 605.77
287.76 , 596.25
302.73 , 586.55
314.83 , 575.41
327.09 , 564.65
337.29 , 550.72
345.72 , 535.29
352.51 , 520.82
358.95 , 505.57
366.07 , 489.06
373.56 , 474.56
381.5 , 459.72
389.69 , 444.97
395.48 , 428.34
397.81 , 411.6
399.58 , 394.75
398.83 , 378.65
395.47 , 361.99
393.66 , 345.41
392.69 , 327.5
144.45 , 385.85
144.74 , 399.72
140.3 , 413.22
137.23 , 427.1
142.58 , 440.07
155.19 , 447.69
168.39 , 452.01
183.16 , 451.63
196.65 , 448.19
206.8 , 437.46
217.12 , 428.55
231.14 , 426.36
242.25 , 416.84
239.51 , 403.18
228.29 , 394.77
219.02 , 383.02
213.65 , 369.6
146.46 , 499.69
157.16 , 491.73
169.79 , 488.41
181.61 , 483.54
195.11 , 482.19
209.04 , 482.69
222.59 , 481.44
234.86 , 477.66
247.69 , 474.95
261.24 , 473.69
274.66 , 472.21
287.74 , 469.94
301.16 , 468.46
306.49 , 477.91
296.36 , 487.06
287.23 , 497.41
278.51 , 507.87
269.43 , 518.21
260.16 , 528.49
250.44 , 538.45
239.24 , 545.19
225.56 , 544.19
213.26 , 540.43
200.78 , 537.01
188.84 , 532.44
177.36 , 526.44
166.46 , 518.94
156.11 , 509.84
153.71 , 499.19
164.86 , 497.94
176.64 , 497.94
188.39 , 497.94
199.89 , 497.44
211.64 , 497.44
222.56 , 495.68
232.78 , 492.62
242.96 , 489.44
253.21 , 486.44
263.24 , 482.92
273.19 , 479.18
283.11 , 475.41
293.26 , 472.21
303.49 , 469.96
292.24 , 470.92
281.99 , 473.95
271.96 , 477.44
261.94 , 480.96
251.94 , 484.45
242.04 , 488.37
232.14 , 492.26
221.69 , 494.95
210.54 , 496.2
199.26 , 497.19
187.51 , 497.19
175.86 , 496.94
164.24 , 496.69
209.55 , 302.68
212.87 , 295.33
218.48 , 288.76
225.12 , 283.34
232.45 , 279.69
239.95 , 276.71
247.78 , 274.43
256.23 , 273.43
264.8 , 274.18
272.5 , 276.67
279.58 , 280.79
281 , 288.73
274.53 , 294.69
267.38 , 298.67
259.77 , 301.43
251.78 , 303.43
243.33 , 304.43
234.53 , 304.68
226.05 , 303.68
217.5 , 304.43
125.09 , 314.88
118.58 , 308.6
111.33 , 304.28
103.43 , 301.79
94.91 , 300.53
86.03 , 301.03
77.85 , 303
70.23 , 306.28
62.98 , 310.53
56.18 , 316.08
50.48 , 322.78
57.28 , 328.34
64.68 , 332.23
72.8 , 334.27
81.95 , 334.28
90.35 , 332.78
98.41 , 330.51
106.18 , 327.76
113.78 , 324.5
121.82 , 322.27
187.09 , 284.06
186.34 , 269.56
197.94 , 262.24
209.72 , 255.31
222.02 , 249.87
234.44 , 244.72
246.62 , 238.8
259.01 , 233.63
272.44 , 230.71
286.84 , 230.81
300.19 , 233.9
301.94 , 244.56
288.66 , 247.82
275.04 , 250.3
261.54 , 253.1
248.37 , 256.55
235.64 , 260.8
223.34 , 266.31
211.69 , 273.49
200.19 , 281.21
118.65 , 292.36
111.87 , 285.84
103.9 , 282.59
95.37 , 280.59
86.34 , 279.59
77.34 , 278.59
68.19 , 277.84
58.7 , 277.84
50.17 , 279.81
42.42 , 283.77
34.87 , 288.09
44.02 , 288.84
53.05 , 289.84
61.92 , 291.09
70.47 , 293.08
79.25 , 294.58
88.02 , 296.08
96.8 , 297.58
105.34 , 299.59
114.71 , 299.86
