2496847811_1
594.5 , 851
593.41 , 877.7
593.17 , 904.39
593.33 , 934.11
595.33 , 961.29
601.19 , 987.92
608.42 , 1014.2
616.42 , 1040.12
627.52 , 1067.82
639.53 , 1091.96
654.5 , 1114.51
672.35 , 1135.33
694.27 , 1154.81
717.36 , 1171.77
739.63 , 1188.1
761.13 , 1205.04
782.33 , 1219.81
807.16 , 1233.58
834.87 , 1244.44
859.16 , 1251.76
888.44 , 1257.12
916.16 , 1259.12
942.32 , 1256.28
968.88 , 1248.97
994.94 , 1237.21
1016.12 , 1220.98
1035.35 , 1200.4
1055.32 , 1178.83
1076.55 , 1161.82
1099.57 , 1144.49
1119.11 , 1127.86
1137.25 , 1105.72
1152.11 , 1081.4
1164.42 , 1058.87
1178.38 , 1032.67
1184.5 , 1006.56
1185.29 , 978
1190.09 , 951.34
1190.67 , 924.7
1189.47 , 894.96
1187.14 , 866.39
891.95 , 859.5
877.14 , 875.16
863.19 , 894.07
855.3 , 915.04
855.64 , 940.03
868.14 , 957.7
886.64 , 969.94
910.75 , 975.25
932.42 , 977.86
955.97 , 978.38
979.49 , 971.31
1000.3 , 961.1
1018.48 , 947.18
1019.59 , 924.6
1009.53 , 905.03
998.64 , 885.39
990.14 , 861.6
770.4 , 1021.18
792.77 , 1021.43
814.8 , 1020.43
836.95 , 1019.68
858.38 , 1021.93
880.52 , 1022.68
902.3 , 1024.18
923.23 , 1027.43
944.9 , 1025.68
965.95 , 1022.68
987.73 , 1021.18
1009.62 , 1022.43
1029.17 , 1028.44
1047.43 , 1037.94
1034.9 , 1054.93
1017.95 , 1067.9
1000.1 , 1078.47
981.33 , 1086.42
961.2 , 1091.43
939.77 , 1093.68
917.62 , 1094.43
896.7 , 1091.2
877.72 , 1083.96
859.12 , 1075.44
840.38 , 1067.44
821.85 , 1058.64
804.02 , 1048.05
787.12 , 1034.91
801.65 , 1026.18
817.3 , 1031.2
834.5 , 1033.18
851.6 , 1035.43
868.32 , 1038.42
884.6 , 1042.43
900.98 , 1046.17
918.2 , 1048.18
936.25 , 1047.93
954.2 , 1048.43
971.77 , 1047.18
989.23 , 1045.68
1006.45 , 1043.68
1024.02 , 1042.43
1040.2 , 1040.16
1023.45 , 1043.19
1006.48 , 1045.68
988.42 , 1045.93
971.58 , 1048.68
953.88 , 1049.68
936.05 , 1048.93
917.97 , 1048.68
900.65 , 1046.93
883.42 , 1044.93
866.7 , 1041.92
850.33 , 1038.17
833.6 , 1035.18
817 , 1031.95
1004 , 763.42
1012.98 , 759.43
1021.75 , 754.67
1030.42 , 749.73
1039.6 , 746.14
1049.35 , 743.82
1059.92 , 743.17
1070.22 , 744.42
1079.65 , 747.32
1088.58 , 751.68
1096.73 , 758.16
1097.18 , 767.99
1087.08 , 769.67
1076.67 , 770.67
1066.05 , 770.17
1055.15 , 770.17
1044.4 , 769.92
1034.12 , 768.67
1023.73 , 767.67
1013.8 , 765.66
839.87 , 749.44
831.73 , 742.54
823.18 , 736.72
813.7 , 733.41
803.38 , 731.91
792.48 , 731.78
781.98 , 732.91
772.1 , 735.41
762.52 , 738.42
753.2 , 742.07
744.35 , 746.91
753.73 , 750.29
763.12 , 753.68
773 , 756.13
783.42 , 757.48
794.17 , 758.16
804.85 , 757.41
815.1 , 755.66
825.65 , 754.66
836.13 , 755.41
979.85 , 696.48
995.2 , 683.38
1015.58 , 682.23
1035.97 , 681.23
1056.28 , 682.5
1076.33 , 684.23
1096.25 , 686.23
1115.17 , 690.3
1132.72 , 697.48
1148.6 , 709.23
1158.91 , 725.31
1147.95 , 732.34
1132.05 , 720.71
1113.9 , 715.22
1094.92 , 711.3
1075.53 , 708.23
1054.75 , 708.49
1034.5 , 709.83
1014.8 , 712.19
995.5 , 708.85
866.92 , 692.78
852.18 , 680.27
834.75 , 675.1
817.03 , 670.38
799.6 , 665.2
781.18 , 661.95
761.43 , 662.45
742.52 , 664.7
723.73 , 667.2
705.18 , 670.17
688.85 , 678.2
705.42 , 685.48
724.8 , 684.2
744.45 , 684.95
764.08 , 685.7
783.6 , 686.7
802.5 , 688.95
820.6 , 692.95
837.5 , 699.35
854.15 , 706.48
