249852286_1
492.8 , 629.35
497.26 , 651.08
500.5 , 672.73
501.74 , 695.1
503.43 , 719.23
501.55 , 741.79
502.94 , 764.46
506.63 , 785.81
513.41 , 809.73
522.11 , 829.47
534.86 , 849.54
547.58 , 866.27
562.79 , 885.34
575.76 , 902.64
589.78 , 921.85
603.55 , 939.48
620.33 , 955.07
639.93 , 966.41
661.74 , 974.97
682.76 , 981.69
705.43 , 985.69
728.6 , 987.09
750.69 , 987.47
773.09 , 985.89
796.68 , 979.13
816.6 , 969.85
834.69 , 956.45
850.66 , 938.92
864.36 , 922.05
878.12 , 904.73
893.15 , 886.91
907.54 , 867.73
915.69 , 847.79
922.56 , 824.53
926.82 , 803.29
931.33 , 780.38
936.1 , 758.48
940.69 , 736.44
946.59 , 714.73
953.95 , 693.37
962.51 , 669.85
712.78 , 630.15
700.61 , 646.11
687.79 , 664.36
673.42 , 679.58
668.09 , 699.04
675.16 , 718.41
695.94 , 726.15
716.77 , 731.24
737.36 , 734.14
758.34 , 735.77
780.22 , 738.44
801.14 , 734.13
814.9 , 718.82
818.27 , 698.83
810.83 , 677.56
801.36 , 659.57
793.5 , 637.9
624.55 , 799.94
638.67 , 795.16
653.02 , 790.71
667.02 , 785.46
681.6 , 781.4
697.57 , 782.19
712.72 , 785.12
728.4 , 786.93
744.6 , 786.19
761.17 , 786.19
776.12 , 789.51
790.27 , 794.45
804.15 , 800.04
817.9 , 806.03
816.73 , 820.95
804.7 , 831.78
792.57 , 842.43
779.02 , 849.19
764.27 , 852.94
748.25 , 853.9
732.47 , 852.2
717.25 , 849.42
702.25 , 846.19
687.77 , 841.93
673.6 , 837.22
660 , 830.62
647.67 , 820.57
637.45 , 808.32
638.55 , 799.94
650.7 , 800.94
662.85 , 801.94
675.38 , 802.19
687.55 , 803.19
699.45 , 804.69
711.25 , 806.44
722.8 , 808.69
734.35 , 810.93
746.75 , 811.44
759.4 , 811.44
771.7 , 812.19
784.32 , 812.19
796.72 , 811.69
808.07 , 812.44
795.8 , 813.19
783.4 , 813.69
771 , 813.19
758.7 , 812.44
746.17 , 812.69
734.15 , 811.44
722.22 , 809.94
710.3 , 808.44
698.27 , 807.19
686.72 , 804.94
674.92 , 803.19
662.75 , 802.19
650.6 , 801.19
800.8 , 588.96
808.95 , 582.31
817.57 , 576.95
826.62 , 572.73
836.25 , 569.95
846.5 , 568.46
857 , 569.46
866.62 , 572.22
875.3 , 577.46
883.58 , 583.74
890.05 , 591.96
885.48 , 600.52
876.17 , 603.93
866.9 , 607.46
857 , 609.71
846.15 , 609.95
836.25 , 607.72
826.88 , 604.49
817.85 , 600.22
809.5 , 594.14
689.29 , 574.91
682.79 , 567.17
675.09 , 560.55
666.97 , 555.08
658.14 , 551.57
648.74 , 549.31
638.24 , 549.32
628.74 , 551.29
619.59 , 554.03
611.02 , 558.3
602.94 , 563.81
607.21 , 572.36
614.94 , 578.56
623.72 , 582.08
633.04 , 584.59
642.79 , 586.09
653.04 , 585.56
662.92 , 584.31
672.52 , 582.49
682.04 , 580.47
768.57 , 538.58
774.92 , 519.09
794.67 , 513.05
816.05 , 510.33
838.4 , 511.08
859.9 , 513.57
881.37 , 516.12
901.45 , 521.6
919.42 , 532.34
935.7 , 547.71
945.36 , 566.13
940.1 , 583.61
923.3 , 569.57
905.6 , 558.09
885.42 , 552.83
863.32 , 552.08
842.42 , 555.85
821.67 , 559.84
800.17 , 561.81
780.33 , 556.13
725.44 , 528.78
708.06 , 513.11
688.06 , 504.84
666.78 , 499.36
645.16 , 494.5
623.96 , 488.85
600.91 , 490.7
579.99 , 496.86
560.49 , 506.88
542.91 , 521.95
528.01 , 539.6
550.88 , 537.34
571.74 , 531.09
593.03 , 525.59
616.86 , 525.85
638.51 , 530.6
659.53 , 536.61
679.43 , 545.28
699.49 , 553.33
722.03 , 550.55
