249852286_2
272.34 , 548.19
274.76 , 569.85
275.2 , 593.99
274.76 , 618.11
275.86 , 642.04
276.26 , 663.7
277.95 , 688.43
282.17 , 711.4
289.12 , 733.87
298.65 , 755.72
310.08 , 775.3
324.02 , 794.26
338.18 , 811.65
354.56 , 830.94
371.56 , 846.34
390.54 , 859.87
410.62 , 871.4
431.74 , 880.35
454.83 , 888.34
477.88 , 896.08
500.45 , 898.39
524.27 , 896.43
546.94 , 893.22
570.2 , 887.9
591.9 , 879.97
612.32 , 869.2
630.04 , 853.39
644.65 , 833.55
657.5 , 813.95
669.17 , 795.01
680.61 , 775.02
689.64 , 752.39
694.07 , 728.27
698.57 , 706.56
702.63 , 682.69
706.09 , 658.61
709.03 , 636.53
711.87 , 612.75
714.82 , 590.74
718.91 , 566.88
723.21 , 542.25
490.6 , 594.94
481.07 , 608.26
466.1 , 619.66
458.97 , 635.66
464.79 , 651.76
481.16 , 657.88
498.06 , 664.88
511.99 , 675.08
524.44 , 687.3
542.6 , 687.13
560.63 , 684.4
572.91 , 672.55
588.45 , 663.35
599.31 , 650.29
595.76 , 632.01
584.21 , 619.85
578.89 , 602.3
418.1 , 729.58
433.88 , 729.83
448.93 , 731.58
464 , 729.83
479.05 , 728.08
494.23 , 726.58
509.43 , 728.06
523.53 , 731.85
538.48 , 729.83
554.25 , 730.08
569.68 , 729.08
585.35 , 728.58
600.62 , 729.84
611.54 , 741.18
599.83 , 751.1
588.05 , 760.89
575.6 , 768.83
562.68 , 775.52
549.33 , 780.82
535.23 , 784.57
519.92 , 785.83
504.25 , 785.35
490.3 , 781.35
477.03 , 775.85
463.93 , 769.59
451.35 , 762.08
439.78 , 751.76
428.25 , 741.23
431.6 , 729.83
443.28 , 733.35
454.88 , 737.09
467.1 , 739.58
479.35 , 742.08
491.48 , 744.86
503.98 , 746.82
516.83 , 748.08
530.18 , 748.33
543.03 , 747.08
555.88 , 745.83
568.28 , 743.65
580.45 , 740.99
592.5 , 738.11
603.7 , 736.6
591.83 , 739.84
579.5 , 742.18
567.45 , 745.1
555.45 , 748.05
542.95 , 750.08
529.5 , 750.08
516.28 , 749.58
503.43 , 748.32
490.93 , 746.36
478.8 , 743.59
466.78 , 740.59
454.9 , 737.33
442.85 , 734.33
578.35 , 526.61
584.08 , 519.63
591.2 , 514.26
598.73 , 509.99
606.68 , 506.83
615 , 504.59
624.43 , 504.61
633 , 506.36
640.75 , 510.02
648.23 , 514.46
655.13 , 520.38
653.85 , 528.86
646.05 , 532.4
637.83 , 534.86
629.25 , 536.61
619.95 , 536.36
610.9 , 535.63
603.1 , 532.11
595.35 , 528.36
587.3 , 525.62
467.88 , 515.67
461.03 , 509.86
453.81 , 505.05
446.18 , 501.27
437.86 , 499.32
429.16 , 498.04
420.38 , 499.13
412.41 , 501.86
404.78 , 505.5
397.25 , 509.51
390.48 , 515.54
397.93 , 519.72
405.53 , 523.58
413.68 , 526
422.33 , 527.28
431.28 , 526.54
439.83 , 524.94
448.21 , 523.05
457.06 , 522.05
465.98 , 522.79
567.02 , 492.16
575.87 , 479.04
589.42 , 471.16
603.94 , 466.15
619.5 , 463.16
636.14 , 462.41
652.67 , 463.42
667.47 , 467.93
682.25 , 472.4
695.33 , 481.47
703.68 , 494.81
708.54 , 509.4
691.77 , 509.91
677.25 , 504.92
663 , 499.17
648.47 , 494.17
632.67 , 491.66
616.12 , 492.66
599.47 , 493.41
582.94 , 494.41
488.05 , 464.85
473.32 , 456.11
456.55 , 452.32
438.7 , 450.83
420.35 , 451.3
402.8 , 453.51
385.8 , 456.76
370 , 462.31
355.12 , 470.69
341.37 , 482.18
327.72 , 493.83
343.97 , 498.58
361.2 , 495.83
377.27 , 490.79
393.87 , 486.68
410.57 , 482.74
427.5 , 479.31
445.22 , 477.58
463.45 , 478.33
481.92 , 478.58
