249871116_1
393.68 , 808.44
400.68 , 831.41
410.76 , 855.5
418.82 , 877.55
424.61 , 903.62
432.95 , 926.46
443.12 , 951.21
453.4 , 972.87
466.24 , 996.02
483.43 , 1014.57
502.19 , 1031.2
519.9 , 1048.05
537.06 , 1065.4
556.21 , 1084.7
574.28 , 1100.71
594.86 , 1115.13
616.62 , 1126.52
642.25 , 1132.52
666.88 , 1132.85
692.3 , 1131.12
718.71 , 1128.52
741 , 1121.47
763.26 , 1109.12
784.38 , 1095.21
806.24 , 1080.18
825.75 , 1066.43
846.14 , 1049.64
863.75 , 1032.33
880.43 , 1013.38
897.74 , 993.5
915.45 , 975.46
932.72 , 956.93
945.79 , 937.29
957.53 , 912.77
964.87 , 890.36
970.4 , 864.57
973.99 , 841.08
976.74 , 815.21
981.68 , 790.06
982.8 , 763.99
980.6 , 738.4
560.9 , 819.54
556.94 , 839
548.8 , 857.97
542.57 , 876.51
545.96 , 894.97
562.5 , 905.96
582.39 , 902.9
602.19 , 908.47
623.2 , 905.3
643.48 , 904.44
662.45 , 901.3
681.78 , 893.17
690.46 , 875.35
685.17 , 856.67
671.5 , 840.8
653.85 , 832.14
647.35 , 813.45
550.25 , 988.3
561.15 , 981.68
571.65 , 973.93
582.62 , 967.43
595.2 , 964.79
608.67 , 965.55
621.8 , 964.05
635.05 , 962.8
648.77 , 963.05
661.6 , 965.15
674.52 , 967.06
688.38 , 967.05
701.6 , 968.29
714.5 , 970.3
717.75 , 981.3
706.77 , 987.81
694.95 , 991.84
683.67 , 997.62
672.55 , 1003.76
660.92 , 1008.37
648.75 , 1011.8
635.52 , 1013.05
622.6 , 1011.14
610.25 , 1008.05
597.98 , 1004.78
585.67 , 1001.55
573.25 , 998.55
561.15 , 994.96
562 , 981.8
573.1 , 982.8
583.88 , 984.55
595.12 , 985.3
606.38 , 986.05
617.85 , 985.8
628.98 , 984.8
640.23 , 984.05
651.48 , 983.3
662.23 , 981.57
673.08 , 979.98
683.98 , 978.56
694.62 , 976.54
705.58 , 975.23
716.98 , 975.29
706.52 , 977.3
695.3 , 978.05
684.12 , 978.93
673.4 , 980.83
662.65 , 982.55
651.4 , 983.31
640.27 , 984.3
629.02 , 985.05
617.8 , 985.8
606.3 , 986.05
594.92 , 985.55
583.58 , 985.05
571.95 , 985.06
676.25 , 724.79
680.54 , 713.49
687.63 , 703.16
696 , 693.29
706.25 , 686.04
717.6 , 681.8
730.02 , 679.79
742.58 , 681.55
754.25 , 685.04
765.33 , 690.05
776.12 , 695.89
781.89 , 706.41
771.9 , 714.54
761.35 , 720.95
750.33 , 726.22
738.58 , 729.55
726.12 , 731.54
712.85 , 731.79
699.58 , 731.53
687.4 , 729.06
544.02 , 733.96
541.59 , 722.07
535.16 , 711.72
525.47 , 703.55
514.75 , 698.08
503.27 , 694.62
490.62 , 693.64
478.32 , 695.39
467.3 , 699.9
457.27 , 707.2
450.91 , 717.54
446.07 , 728.39
454.82 , 737.89
465.17 , 744.23
475.97 , 749.41
487.79 , 752.14
500.44 , 751.14
512.52 , 748.88
524.57 , 746.64
536.29 , 743.66
646.64 , 657.33
656.15 , 641.8
672.79 , 635.34
691.84 , 633.83
711.49 , 633.58
730.51 , 632.09
749.41 , 630.31
768.24 , 628.35
787.26 , 626.86
805.94 , 628.58
823.19 , 633.62
812.09 , 644.85
793.04 , 646.33
773.41 , 646.58
753.89 , 647.08
735.51 , 649.95
717.51 , 653.58
698.62 , 655.35
680.41 , 658.57
663.24 , 663.85
545.13 , 671.94
529.58 , 663.95
512.67 , 659.44
495.12 , 656.18
476.9 , 654.94
459.12 , 657.69
441.82 , 661.43
424.9 , 665.94
408.52 , 671.45
393.72 , 681.35
385.4 , 696.69
404.4 , 696.94
420.02 , 689.19
436.2 , 683.21
454.07 , 680.72
472.27 , 678.82
491.07 , 678.19
509.1 , 680.44
526.62 , 683.67
544.37 , 686.43
