2501339174_1
598.65 , 1435.39
592.45 , 1491.67
590.19 , 1542.98
587.12 , 1605.27
595.37 , 1660.74
606.04 , 1714.54
617.43 , 1772.37
627.41 , 1824.65
641.24 , 1881.98
661.05 , 1935.51
679.89 , 1990.66
704.23 , 2039.23
741.69 , 2080.29
777.92 , 2127.28
824.64 , 2155.16
876.64 , 2181.5
925.11 , 2208.16
979.01 , 2233.72
1028.16 , 2251.48
1083.3 , 2266.15
1142.51 , 2272.24
1198.16 , 2273.34
1256.8 , 2271.5
1310.91 , 2263.47
1367.73 , 2246.78
1416.76 , 2224.38
1465.18 , 2194.69
1510.07 , 2161.55
1557.24 , 2122.25
1598.24 , 2089.15
1638.85 , 2048.58
1675.72 , 2003.89
1703.56 , 1953.46
1721.28 , 1898.42
1731.94 , 1846.99
1739.73 , 1788.78
1743.09 , 1729.87
1745.11 , 1676.89
1747.41 , 1617.08
1748.67 , 1558.85
1750.4 , 1501.39
1094.05 , 1520.55
1072.93 , 1546.59
1048.93 , 1576.88
1034.85 , 1609.57
1039.86 , 1644.33
1070.55 , 1662.1
1107.3 , 1664.45
1138.21 , 1683.55
1173.34 , 1699.67
1207.01 , 1690.37
1240.38 , 1675.54
1276.11 , 1664.53
1311.45 , 1654.89
1328.24 , 1622.18
1325 , 1588.25
1302.35 , 1557.48
1281.75 , 1526.05
976.64 , 1824.28
1000.31 , 1804.11
1025.79 , 1788.87
1052.64 , 1777.53
1081.49 , 1770.54
1113.69 , 1770.53
1144.29 , 1773.78
1175.41 , 1776.03
1207.37 , 1776.53
1239.57 , 1776.53
1269.69 , 1780.77
1298.87 , 1787.03
1326.59 , 1795.99
1353.26 , 1807.9
1376.37 , 1829.75
1357.31 , 1853.29
1330.19 , 1863.74
1301.51 , 1871
1271.24 , 1875.03
1239.89 , 1876.78
1208.54 , 1878.53
1176.97 , 1877.27
1146.69 , 1873.3
1117.04 , 1868.05
1087.51 , 1862.52
1058.47 , 1856.02
1029.19 , 1850.05
1001.76 , 1840.41
983.89 , 1818.53
1009.72 , 1816.03
1034.69 , 1811.79
1059.82 , 1807.78
1085.89 , 1805.78
1112.32 , 1807.03
1138.16 , 1809.53
1164.37 , 1811.28
1191.39 , 1811.28
1217.71 , 1809.78
1244.64 , 1809.53
1270.24 , 1812.52
1295.37 , 1816.51
1320.84 , 1819.74
1343.99 , 1827.56
1319.24 , 1828.53
1292.91 , 1830.03
1266.46 , 1828.78
1239.91 , 1827.78
1213.47 , 1829
1187.99 , 1832.28
1161.44 , 1833.28
1135.62 , 1830.76
1110.99 , 1825.81
1086.49 , 1820.53
1059.69 , 1820.03
1034.34 , 1823.53
1007.91 , 1824.78
1291.29 , 1337.11
1307.51 , 1324.13
1323.99 , 1311.66
1341.37 , 1301.8
1359.29 , 1293.36
1378.32 , 1287.84
1399.12 , 1285.86
1419.57 , 1288.62
1438.04 , 1295.36
1455.57 , 1304.88
1472.01 , 1317.35
1472.76 , 1337.62
1454.57 , 1345.09
1434.94 , 1349.62
1414.26 , 1351.86
1392.87 , 1351.1
1372.57 , 1348.11
1352.74 , 1344.11
1332.32 , 1341.36
1310.79 , 1341.86
1045.72 , 1314.34
1027.7 , 1304.32
1009.27 , 1295.38
989.52 , 1289.84
968.05 , 1287.85
946.3 , 1289.35
925.89 , 1293.62
907.07 , 1301.25
889.1 , 1311.34
872.05 , 1324.02
855.97 , 1339.34
875.35 , 1345.47
895.87 , 1349.49
917.07 , 1352.12
939.55 , 1352.09
961.17 , 1350.33
982.17 , 1347.34
1002.55 , 1343.02
1022.25 , 1337.33
1041.82 , 1331.49
1240.35 , 1167.67
1273.27 , 1136.22
1313.17 , 1123.85
1356.7 , 1128.66
1398.38 , 1137.69
1440.9 , 1144.92
1483.55 , 1151.93
1522.72 , 1165.8
1557.87 , 1191.2
1588.35 , 1224.17
1612.09 , 1259.85
1588.1 , 1291.92
1550.27 , 1273.85
1513.85 , 1252.17
1473.9 , 1239.92
1431.12 , 1233.18
1386.8 , 1229.67
1342.17 , 1226.74
1299.92 , 1218.99
1260.92 , 1204.54
1107.36 , 1179.82
1092.27 , 1137.3
1052.37 , 1114.17
1002.69 , 1115.15
956.26 , 1122.9
910.62 , 1132.19
867.74 , 1146.83
828.07 , 1170.5
791.52 , 1203.04
760.64 , 1240.17
736.6 , 1279.72
720.89 , 1322.17
762.29 , 1304.17
799.59 , 1273.72
840.51 , 1253.05
884.84 , 1240.96
930.29 , 1231.15
976.19 , 1222.4
1024.17 , 1217.92
1071.34 , 1211.71
