2502797758_1
264.4 , 262.84
263.97 , 272.82
264.52 , 283.4
265.92 , 294.06
267.4 , 304.44
268.4 , 315.21
270.49 , 325.43
272.35 , 335.34
274.04 , 345.32
277.58 , 356.07
282.78 , 365.41
288.43 , 374.05
293.87 , 382.33
298.32 , 392.25
301.64 , 402.32
304.3 , 412
311.29 , 419.98
321.08 , 423.67
331.75 , 425.61
341.96 , 424.81
352.18 , 423.44
362.97 , 420.15
371.27 , 414.84
380.24 , 408.35
389.9 , 403.63
399.27 , 399.32
408.51 , 394.05
417.79 , 388.76
426.12 , 383.69
434.79 , 377.31
442.31 , 370.4
449.63 , 362.24
455.7 , 353.34
460.9 , 344.4
465.82 , 335.05
470.27 , 325.47
474.01 , 315.48
477.29 , 305.68
479.34 , 295.1
480.97 , 284.62
481.35 , 274.02
289.5 , 284.95
286.65 , 291.44
284.65 , 298.55
285.08 , 305.58
290.4 , 309.91
295.75 , 315.29
301.76 , 318.51
309.29 , 317.92
316.32 , 318.26
323.15 , 320.69
329.27 , 324.35
335.5 , 320.77
338.84 , 314.97
340.58 , 307.99
339.94 , 300.7
335.07 , 295.36
332.05 , 288.5
288.4 , 339.84
295.57 , 340.34
302.3 , 341.83
309.75 , 341.84
316.82 , 342.6
323.05 , 345.12
329.22 , 347.82
335.4 , 350.59
341.62 , 353.08
347.62 , 356.31
353.29 , 360.47
357.08 , 366.24
354 , 372.26
350.4 , 378.09
346.59 , 383.89
341.05 , 388.34
334.95 , 391.36
328.38 , 393.09
321.05 , 392.84
313.85 , 392.35
307.52 , 390.08
301.98 , 385.66
297.99 , 379.94
295.17 , 373.79
293.37 , 367.19
291.65 , 360.59
289.9 , 354.01
288.65 , 347.16
295.65 , 348.09
300.38 , 347.09
305.12 , 348.09
309.45 , 350.09
314.2 , 351.09
319.32 , 351.35
323.95 , 352.57
328.57 , 353.86
333.2 , 355.09
337.95 , 356.08
342.6 , 357.35
347.35 , 358.34
351.75 , 360.1
355.32 , 363.71
352.49 , 367.58
348.18 , 369.57
343.85 , 371.58
339 , 372.34
334 , 372.84
328.75 , 372.84
323.52 , 372.83
318.82 , 371.77
314.6 , 369.52
310.57 , 366.74
306.52 , 363.96
302.7 , 360.64
299.37 , 356.81
297.14 , 352.54
342.68 , 248.97
344.65 , 245.25
347.78 , 241.97
351.78 , 240.73
356.43 , 240.72
360.83 , 241.22
365.2 , 241.72
369.38 , 242.72
373.41 , 243.98
377.4 , 245.21
381.04 , 247.54
379.9 , 251.48
375.98 , 252.95
372.08 , 254.46
367.68 , 254.97
363.28 , 254.47
358.65 , 254.47
354.48 , 253.47
350.48 , 252.21
346.33 , 251.25
302.24 , 239.99
301.01 , 236.76
298.67 , 233.9
296.51 , 230.98
293.39 , 229.36
290.19 , 228
287.01 , 226.48
283.86 , 224.82
280.66 , 223.49
277.06 , 223.96
274.51 , 226.73
274.76 , 230.48
275.76 , 233.85
277.64 , 236.87
280.58 , 239.01
284.06 , 239.73
287.56 , 240.48
291.28 , 240.73
295.01 , 240.98
298.86 , 241
333.68 , 206.83
338.46 , 201.32
345.53 , 200.33
352.86 , 200.83
360.16 , 201.33
367.36 , 200.58
374.53 , 199.83
381.86 , 200.34
388.21 , 202.82
394.4 , 205.82
398.63 , 211.53
396.13 , 217.85
388.58 , 217.82
381.75 , 216.33
375.31 , 214.08
368.48 , 212.58
361.18 , 213.08
353.98 , 212.33
346.81 , 211.58
339.25 , 211.6
292.03 , 196.39
289.99 , 193.59
288.15 , 190.71
286.11 , 187.94
283.44 , 185.53
280.72 , 183.3
278.12 , 180.71
275.47 , 178.3
272.43 , 176.79
271.52 , 179.63
271.27 , 183.19
270.27 , 186.36
271 , 189.68
273.5 , 192.33
276.35 , 194.21
279.27 , 195.86
282.12 , 197.71
285.12 , 199.2
288.14 , 200.63
291.33 , 199.6
