2502913945_1
902.5 , 1024.14
904.45 , 1062.41
907.25 , 1104.36
910.94 , 1146.68
915.41 , 1188.08
921.68 , 1225.7
929.36 , 1266.29
938.47 , 1306.04
955.52 , 1344.87
973.96 , 1382.31
998.07 , 1414.7
1024.39 , 1446.52
1052.49 , 1478.2
1084.65 , 1499.35
1124.7 , 1517.45
1159.32 , 1535.28
1199.24 , 1547.33
1240.1 , 1551.98
1279.2 , 1560.14
1318.55 , 1568.29
1362.98 , 1565.24
1402.64 , 1558.79
1443.28 , 1548.63
1483.54 , 1539.16
1523.58 , 1531.17
1562.75 , 1519.4
1596.4 , 1499.41
1626.28 , 1472.06
1653.3 , 1440.36
1677.59 , 1407.99
1700.67 , 1372.3
1717.86 , 1334.63
1728.32 , 1293.88
1736.83 , 1256.42
1745.96 , 1214.73
1752.1 , 1173.73
1758.26 , 1132.74
1763.41 , 1091.57
1765.68 , 1050.39
1764.43 , 1008.85
1761.18 , 967.82
1207.95 , 979.2
1195.48 , 1004.56
1183.27 , 1033.19
1183.97 , 1064.43
1205.79 , 1086.58
1233.54 , 1091.01
1265.49 , 1094.25
1297.22 , 1094.35
1325.5 , 1092.6
1356.28 , 1080.58
1385.94 , 1070.11
1413.8 , 1060
1441.95 , 1046.52
1454.51 , 1019.3
1442.28 , 991.63
1425.43 , 966.48
1399.5 , 947.95
1145.7 , 1241.45
1170.65 , 1221.72
1198.88 , 1211.18
1226.75 , 1199.67
1256.03 , 1191.38
1287.6 , 1187.71
1319.5 , 1184.7
1350 , 1178.91
1380.88 , 1173.77
1413.38 , 1171.95
1446.12 , 1173.2
1477.75 , 1176.74
1508.1 , 1182.96
1537.98 , 1190.2
1533.1 , 1219.55
1510.35 , 1243.27
1485.8 , 1264.19
1460.05 , 1281.61
1431.62 , 1291.69
1401.28 , 1297.88
1370.38 , 1302.98
1339.45 , 1307.95
1308.28 , 1312.45
1275.53 , 1313.73
1244.12 , 1309.63
1215.3 , 1300.54
1188.05 , 1286.8
1163 , 1267.28
1169.2 , 1244.7
1193.33 , 1249.44
1218.45 , 1252.2
1244.65 , 1251.7
1270.15 , 1249.7
1296.47 , 1249.95
1322.43 , 1248.95
1347.8 , 1246.7
1371.3 , 1240.61
1393.55 , 1231.86
1416.9 , 1225.49
1442 , 1222.7
1466.15 , 1217.99
1489.88 , 1212.27
1511.79 , 1202.36
1490.3 , 1210.6
1467.25 , 1217.45
1442.15 , 1220.19
1417.65 , 1224.24
1393.93 , 1229.97
1370.58 , 1236.33
1347.93 , 1243.95
1323.28 , 1247.7
1296.95 , 1247.45
1271.1 , 1248.7
1245.62 , 1250.7
1220.03 , 1248.95
1195.4 , 1245.2
1410.89 , 831.37
1425.04 , 819.96
1439.34 , 808.93
1454.67 , 800.61
1470.77 , 794.65
1487.84 , 790.64
1505.89 , 788.62
1524.64 , 789.12
1542.82 , 790.84
1559.54 , 795.53
1575.86 , 800.86
1571.39 , 815.62
1555.12 , 821.12
1537.92 , 824.87
1520.72 , 828.63
1503.52 , 832.34
1485.49 , 834.37
1466.47 , 834.37
1447.82 , 833.62
1429.54 , 832.12
1165.14 , 861.08
1148.57 , 857.84
1132.46 , 853.57
1116.21 , 849.65
1099.19 , 847.32
1081.79 , 845.83
1063.96 , 846.51
1047.34 , 849.57
1031.21 , 853.77
1016.01 , 859.93
1003.39 , 872.83
1018.09 , 880.54
1034.07 , 885.01
1052.04 , 884.83
1068.96 , 882.34
1085.76 , 879.55
1102.41 , 876.56
1118.74 , 872.73
1135.51 , 869.96
1152.46 , 867.51
1389.55 , 660.67
1414.7 , 635.28
1441.83 , 614.91
1472.97 , 605.4
1504.97 , 597.42
1537.65 , 590.93
1572.75 , 591.92
1603.3 , 602.67
1630.38 , 623.22
1651.87 , 649.77
1667.36 , 678.75
1643.17 , 663.05
1616.12 , 642.45
1586.05 , 630.42
1552.15 , 626.91
1519.62 , 633.64
1489.38 , 645.17
1461.47 , 663.26
1434.45 , 683.94
1402.06 , 690.54
1137.95 , 675.35
1113.75 , 659.75
1085.12 , 654.78
1054.33 , 654.28
1023.62 , 653.53
994.45 , 657.44
970.13 , 672.75
949.85 , 695.28
932.86 , 719
919.51 , 744.13
915.6 , 773.28
936.47 , 752.9
951.07 , 728.3
970.65 , 705.52
995.08 , 690.52
1023.23 , 684.53
1051.47 , 690.27
1079.62 , 696.29
1107.58 , 702.76
1137.62 , 704.78
