2504948725_1
402.55 , 534.19
405.62 , 551.92
406.2 , 570.65
406.55 , 590.01
410.12 , 608.42
416.86 , 624.88
425.12 , 643.9
432.82 , 659.38
444.9 , 676.04
458.06 , 689.78
470.06 , 702.47
482.94 , 718.23
494.59 , 732.58
507.98 , 745.96
521.95 , 756.96
538.16 , 768.2
554.78 , 778.11
571.57 , 786.75
588.9 , 794.8
606.94 , 800.37
625.36 , 803.11
644.04 , 803.98
662.11 , 801.5
681.19 , 795.3
697.46 , 788.28
713 , 777.49
725.88 , 762.58
734.65 , 746.85
743.85 , 729
752.66 , 713.53
763.2 , 697.48
771.55 , 680.55
777.3 , 661.57
782.91 , 643.6
787.35 , 625.3
792.1 , 607.36
795.13 , 587.94
797.6 , 568.98
799.83 , 550.8
801.24 , 532.56
801.7 , 512.26
626.5 , 561.65
621.82 , 573.25
614.24 , 585.09
605.6 , 596.59
603.42 , 609.25
609.53 , 621.47
623.58 , 622.54
636.6 , 622.51
647.81 , 630.81
660.98 , 632.88
674.57 , 630.79
681.33 , 619.3
690.24 , 609.87
697.94 , 598.28
692.68 , 585.44
685.54 , 574.31
679.05 , 560.94
586.21 , 700.52
595.79 , 694.01
606.11 , 689.53
616.21 , 684.27
626.56 , 679.77
637.79 , 677.27
649.84 , 678.02
661.66 , 679.27
672.88 , 676.77
683.09 , 671.74
694.06 , 668.74
706.01 , 669.76
716.27 , 674.55
721.51 , 684.64
717.19 , 695.04
712.99 , 705.44
708.09 , 715.67
700.94 , 725.05
691.34 , 731.52
680.74 , 735.28
669.04 , 736.77
657.11 , 737.77
644.79 , 737.51
633.63 , 734.95
623.63 , 729.42
614.19 , 722.49
604.94 , 715
595.54 , 707.84
597.96 , 703.52
606.19 , 702.27
614.31 , 700.76
622.34 , 699.03
630.34 , 697.28
638.46 , 695.77
647.31 , 695.77
655.81 , 696.52
664.29 , 695.79
672.04 , 693.54
679.56 , 690.8
687.31 , 688.52
695.21 , 686.52
703.21 , 684.77
710.9 , 682.88
703.66 , 686.53
695.91 , 688.75
688.29 , 691.29
681.01 , 694.79
673.51 , 697.54
665.91 , 700.02
657.88 , 701.78
649.76 , 703.27
641.51 , 704.52
632.66 , 704.52
624.06 , 704.02
615.31 , 704.27
606.59 , 704.02
679.9 , 485.93
681.91 , 477.86
686.35 , 470.73
692.75 , 464.33
699.35 , 458.46
706.7 , 454.64
714.7 , 452.43
723.5 , 451.93
732.2 , 452.67
740.25 , 454.78
746.88 , 459.98
748.14 , 468.2
743.92 , 475.4
737.87 , 481.94
730.75 , 486.33
722.88 , 488.68
714.17 , 489.43
705.35 , 488.93
696.77 , 487.93
687.72 , 487.92
585.06 , 492.98
578.78 , 485.7
570.9 , 481.14
562.06 , 478.89
552.61 , 477.88
543.06 , 478.64
533.98 , 480.39
525.13 , 482.61
517 , 486.65
508.9 , 490.66
503.93 , 498.38
511.23 , 504.69
518.96 , 509.64
527.18 , 513.38
536.48 , 514.63
546.18 , 514.13
555.03 , 511.85
563.38 , 508.64
571.5 , 504.57
579.61 , 500.47
669.5 , 459.11
672.41 , 446.68
682.33 , 437.27
693.52 , 431.35
705.02 , 426.34
716.83 , 422.29
728.12 , 416.6
739.05 , 410.07
751.1 , 406.36
763.58 , 408.68
773.68 , 417.54
775.63 , 428.24
763.7 , 424.36
750.15 , 424.95
738.88 , 430.74
727.88 , 437.11
716.58 , 442.79
704.85 , 447.07
693.45 , 452.4
682.55 , 459.07
582.62 , 462.8
568.72 , 458.59
553.32 , 457.31
538.77 , 454.32
524.45 , 450.85
510.12 , 447.34
494.47 , 447.05
480.52 , 451.24
468.22 , 459.78
458.54 , 471.69
452.42 , 484.84
465.32 , 478.85
478.22 , 471.8
491.27 , 465.25
506.05 , 462.72
520 , 466.57
534.42 , 469.84
548.64 , 473.59
563.32 , 476.35
578.35 , 474.87
