2504948725_2
529.92 , 712.57
536.53 , 730.5
542.92 , 750.84
550.28 , 768.62
561.66 , 785.12
574.89 , 802.6
587.11 , 818.17
600.04 , 832.84
614.03 , 846.81
630.12 , 860.55
644.69 , 873.99
660.25 , 888
677.37 , 899.84
692.76 , 912.65
708.59 , 925.95
727.77 , 933.24
747.74 , 934.98
766.85 , 930.5
786.46 , 923.5
805.39 , 915.13
822.23 , 906.11
839.75 , 892.85
857.75 , 883.92
876.21 , 875.63
893.78 , 866.23
908.46 , 853.14
920.67 , 835.15
930.53 , 819.34
938.59 , 800.77
946.32 , 780.88
955.77 , 762.09
962.65 , 743.58
964.81 , 723.35
967.56 , 703.05
969.97 , 683.28
972.67 , 662.78
974.57 , 643.82
970.94 , 622.89
965.11 , 604.12
957.91 , 585.38
948.87 , 564.91
623.6 , 693.6
624.54 , 707.84
625.33 , 722.75
625.26 , 737.16
636.19 , 746.31
651.38 , 749.18
666 , 751.95
677.95 , 743.16
691.46 , 736.2
704.58 , 730.42
719.05 , 726.27
730.06 , 716.61
731.96 , 702.35
725.96 , 687.62
715.14 , 678.53
701.66 , 672.88
689.55 , 662.69
640.25 , 783.7
653.15 , 777.29
666.12 , 770.83
680.98 , 768.7
696.23 , 767.45
710.52 , 764.2
723.6 , 758.11
736.85 , 752.61
751.17 , 749.43
765.38 , 745.92
779.77 , 742.94
795.02 , 741.7
810.03 , 739.95
812.98 , 753.73
806.34 , 766.62
797.33 , 778.62
787.4 , 790.3
775.9 , 800.77
763.8 , 809.43
751.12 , 816.58
738.15 , 823.04
724.5 , 827.45
710.1 , 830.45
694.4 , 830.6
680.45 , 826.66
667.88 , 819.32
656.57 , 808.3
648.12 , 796.1
658 , 783.2
668.45 , 779.68
679.1 , 776.45
690.05 , 773.71
701.7 , 772.45
713 , 770.45
723.5 , 766.95
733.75 , 762.7
743.92 , 758.18
754.25 , 754.2
764.9 , 750.92
775.7 , 747.94
786.65 , 745.18
798.42 , 746.18
796.02 , 757.18
789.19 , 766.5
780.05 , 773.9
770.73 , 780.73
761.1 , 786.69
750.77 , 790.71
740.27 , 794.21
729.75 , 797.7
719.35 , 801.47
708.17 , 803.7
696.05 , 803.95
684.38 , 802.72
673.9 , 799.11
664.47 , 792.67
711.65 , 591.73
713.9 , 586.98
717.85 , 582.76
722.48 , 579.97
727.45 , 578.23
732.7 , 576.98
738.17 , 576.23
743.52 , 575.22
748.88 , 574.23
754.6 , 574.49
759.56 , 576.23
757.77 , 580.98
753.32 , 584.23
748.55 , 586.57
743.75 , 589.01
738.52 , 590.21
733.17 , 591.23
727.57 , 591.73
722.1 , 592.48
716.62 , 593.23
603.08 , 623.41
597.55 , 620.37
591.2 , 619.22
584.3 , 619.2
577.98 , 620.4
572.1 , 622.52
566.4 , 625.22
560.45 , 627.18
554.82 , 630.07
549.52 , 633.85
544.4 , 637.97
550.7 , 639.22
557.38 , 639.72
563.77 , 638.72
569.98 , 637.2
575.98 , 635.4
581.73 , 632.91
587.65 , 630.97
593.85 , 629.51
600.05 , 628.07
663.37 , 586.98
669.92 , 572.9
681.87 , 560.73
695.07 , 551.74
709 , 544.61
723.17 , 538.19
737.47 , 532.26
752.47 , 527.88
769.02 , 526.73
785.55 , 527.98
801.09 , 531.23
796.77 , 542.23
780.39 , 543.72
763.94 , 545.16
748.64 , 548.99
734.32 , 554.77
720.39 , 561.96
706.92 , 570.22
693.72 , 579.22
679.72 , 586.25
597.82 , 601.56
587.02 , 596.5
574.67 , 595
562.05 , 594
549.33 , 594.75
536.48 , 594.25
523.5 , 594
511.25 , 595.75
500.42 , 600.76
492.51 , 610.23
490.25 , 622.25
501.75 , 624.75
512.07 , 618.47
523.73 , 615.52
536.45 , 614.75
548.83 , 613.25
561.3 , 612
574.15 , 612.5
586.52 , 614.01
598.88 , 612.53
