2505523580_1
529.44 , 787.55
535.47 , 809.45
541.94 , 832.93
546.9 , 854.75
554.69 , 878.33
564.69 , 897.76
576.21 , 919.74
585.66 , 942.16
595.92 , 963.42
609.33 , 983.04
624.76 , 999.85
641.51 , 1017.2
659.4 , 1031.08
679.28 , 1046.29
697.78 , 1059.48
718.22 , 1073.97
737.48 , 1086.47
758.5 , 1095.89
781.23 , 1100.89
805.27 , 1102.38
828.71 , 1101.5
853.15 , 1100.06
877.12 , 1099.45
899.03 , 1095.37
921.28 , 1086.07
941.7 , 1073.67
960.43 , 1060.17
980.45 , 1045.8
999.63 , 1031.08
1016.79 , 1014.08
1030.45 , 996.65
1044.12 , 977.98
1056.97 , 956.74
1065.84 , 935.92
1073.61 , 912.27
1077.96 , 890.05
1080.32 , 865.21
1082.08 , 842.49
1084.36 , 817.62
1086.94 , 795.35
1091.07 , 770.43
806.04 , 723.25
792.94 , 741.49
778.23 , 761.68
769.92 , 782.16
763.77 , 806.89
782.23 , 819.52
805.78 , 824.72
819.21 , 843.3
838.22 , 856.6
861.89 , 851.95
882.24 , 839.38
898.29 , 820.86
921.33 , 812.81
927.78 , 792.31
919.88 , 767.66
903.55 , 750.49
893.35 , 728.85
737 , 931.16
750.6 , 924.94
764.1 , 918.15
777.67 , 911.64
792.1 , 907.38
807.52 , 905.16
823.33 , 906.66
838.75 , 908.91
854.67 , 907.66
869.98 , 905.16
886.15 , 905.91
900.98 , 909.41
915.27 , 913.92
928.85 , 920.48
939.38 , 932.4
925.77 , 938.89
912 , 944.66
898.42 , 951.23
884.25 , 955.91
868.83 , 958.17
853.77 , 961.16
837.98 , 962.66
821.58 , 962.4
806.4 , 959.68
791.95 , 955.43
778.08 , 949.92
764.95 , 942.34
751.7 , 934.9
759.5 , 939.16
772.5 , 939.66
785.77 , 939.66
798.42 , 938.41
810.73 , 940.41
823.75 , 940.91
836.65 , 941.66
849.55 , 942.41
862.1 , 940.91
873.67 , 937.48
885.38 , 934.28
897.33 , 931.59
909.67 , 929.64
922.58 , 928.91
934.28 , 928.66
921.25 , 929.16
908.35 , 929.88
896.12 , 932.04
884.33 , 935.09
872.98 , 938.92
861.15 , 941.89
848.98 , 944.16
836.2 , 943.16
823.9 , 941.16
810.88 , 940.66
797.6 , 940.66
784.7 , 939.91
771.92 , 940.91
926.69 , 642.97
935.39 , 635.99
944.94 , 631.22
954.82 , 627.44
965.52 , 625.47
976.37 , 623.72
987.82 , 623.22
999.12 , 623.97
1009.97 , 625.71
1019.92 , 629.21
1021.98 , 639.67
1015.56 , 648.62
1006.69 , 655.22
997.04 , 659.72
986.54 , 662.22
975.22 , 662.97
963.67 , 662.72
952.69 , 661.22
942.64 , 657.93
933.67 , 651.69
774.35 , 651.7
767.36 , 642.46
757.58 , 636.94
746.78 , 633.93
735.16 , 632.68
723.51 , 633.93
712.48 , 636.42
702.08 , 640.19
691.91 , 644.59
682.03 , 649.96
672.56 , 656.18
682.13 , 662.28
691.76 , 668.14
701.86 , 672.93
712.88 , 675.42
725.01 , 675.68
736.16 , 673.43
746.51 , 669.48
756.56 , 664.68
766.78 , 660.45
880.87 , 623.03
893.04 , 609.35
907.82 , 600.32
923.5 , 593.66
939.22 , 587.25
955.1 , 581.3
971.3 , 576.1
988.57 , 573.05
1005.02 , 576.75
1020.02 , 585.28
1033.15 , 598.05
1027.82 , 610.25
1011.47 , 605.28
993.25 , 604.91
975.97 , 608.05
959.12 , 612.03
943.35 , 618.3
927.14 , 623.54
911.25 , 629.4
895.05 , 633.94
756.48 , 593.45
742.92 , 588.44
727.9 , 586.43
712.02 , 586.18
696.9 , 587.94
682.35 , 590.9
668.17 , 594.66
653.98 , 598.42
640.25 , 602.93
628 , 611.68
618 , 623.43
630.55 , 631.21
643.77 , 625.19
657.15 , 619.71
671.02 , 615.41
685.08 , 611.43
699.5 , 608.18
713.92 , 604.93
728.95 , 602.92
743.38 , 599.71
