2506448164_1
1127.45 , 1211.7
1137 , 1273.94
1140.89 , 1346.85
1147.71 , 1416.01
1158.76 , 1482.36
1170.7 , 1552.55
1189.09 , 1623.34
1211.96 , 1684.75
1240.76 , 1746.08
1281.59 , 1806.92
1327.04 , 1861.06
1368.85 , 1912.02
1415.94 , 1961.83
1463.91 , 2011.86
1513.33 , 2064.73
1554.26 , 2121.61
1602.07 , 2174.38
1645.23 , 2224.63
1696.57 , 2270.37
1765.18 , 2292.51
1836.43 , 2293.8
1899 , 2285.34
1970.81 , 2270.45
2027.86 , 2236.65
2077.53 , 2185.15
2129.69 , 2135.3
2176.59 , 2083.03
2219.19 , 2028.3
2266.82 , 1976.61
2316.47 , 1936.37
2374.71 , 1889.55
2425.26 , 1847.45
2470.63 , 1793.89
2511.34 , 1740.81
2552.2 , 1681
2567.48 , 1611.99
2577.07 , 1546.19
2584.98 , 1478.8
2595.57 , 1405.27
2608.36 , 1337.39
2618.05 , 1265.75
1728.12 , 1175.86
1703.2 , 1226.75
1666.15 , 1281.28
1642.57 , 1335.41
1642.31 , 1396.39
1686.42 , 1441.41
1737.18 , 1477.08
1797.18 , 1495.18
1857.34 , 1504.76
1914.85 , 1494.24
1970.26 , 1467.01
2029.71 , 1447.22
2078 , 1409.58
2094.67 , 1348.94
2071.05 , 1295.81
2044.36 , 1237.49
2019.09 , 1179.22
1534.79 , 1648.68
1590.74 , 1658.68
1650.01 , 1661.93
1709.76 , 1659.68
1769.89 , 1661.18
1825.14 , 1672.71
1884.54 , 1675.68
1939.37 , 1663.15
1996.09 , 1654.66
2056.07 , 1652.93
2113.64 , 1646.19
2170.66 , 1638.3
2229.64 , 1634.43
2217.55 , 1688.13
2191.24 , 1737.26
2153.91 , 1782.33
2109.61 , 1821.83
2062.47 , 1853.24
2011.82 , 1874.91
1956.54 , 1886.43
1897.51 , 1890.18
1838.44 , 1886.58
1783.34 , 1874.72
1732.64 , 1853.19
1684.87 , 1823.51
1639.74 , 1786.38
1598.89 , 1742.56
1564.88 , 1696.31
1553.79 , 1656.93
1599.57 , 1661.19
1645.69 , 1664.69
1689.66 , 1672.71
1731.94 , 1684.09
1773.26 , 1697.16
1815.07 , 1709.42
1860.09 , 1715.18
1905.87 , 1712.43
1948.89 , 1702.45
1991.01 , 1690.7
2033.69 , 1679.91
2077.16 , 1670.94
2121.11 , 1662.93
2129.47 , 1683.45
2091.51 , 1705.71
2053.01 , 1726.69
2013.51 , 1744.95
1972.49 , 1758.95
1928.84 , 1767.64
1882.71 , 1769.18
1837.96 , 1762.86
1795.76 , 1751.17
1754.66 , 1737.81
1713.74 , 1723.95
1672.89 , 1709.9
1632.01 , 1695.91
1592.89 , 1676.52
2053.04 , 946.21
2078.39 , 930.89
2104.14 , 916.45
2130.82 , 904.7
2158.64 , 895.99
2187.99 , 890.23
2219.19 , 888.21
2249.64 , 891.69
2277.44 , 900.43
2303.91 , 912.96
2328.02 , 931.94
2325.17 , 960.46
2295.09 , 964.71
2265.22 , 969.46
2233.91 , 971.21
2201.86 , 970.95
2171.14 , 968.06
2141.44 , 962.98
2111.69 , 957.98
2082.79 , 951.21
1690.54 , 933.27
1665.74 , 912.46
1639.62 , 895.36
1611.69 , 883.18
1582.02 , 875.18
1549.89 , 872.17
1517.39 , 874.45
1487.64 , 882.47
1460.27 , 896.34
1434.72 , 915.16
1410.19 , 936.68
1436.69 , 952.68
1464.14 , 966.42
1492.66 , 976.66
1524.94 , 979.43
1557.16 , 976.69
1588.22 , 971.42
1618.77 , 965.18
1649.69 , 959.68
1682.56 , 958.18
1982.4 , 826.62
2019.65 , 779
2070.1 , 749.89
2124.1 , 730.65
2181.93 , 719.1
2244.08 , 716.37
2306.2 , 718.62
2366.05 , 726.14
2420.18 , 745.39
2468.75 , 779.98
2507.06 , 826.27
2498.08 , 872.56
2446.12 , 846.85
2393.23 , 823.89
2335.98 , 810.87
2273.98 , 808.37
2212.2 , 811.88
2152.62 , 819.89
2096.38 , 834.87
2037.4 , 843.62
1726.68 , 830.82
1707.89 , 777.27
1655.99 , 751.8
1602.19 , 732.31
1545.22 , 719.02
1485.14 , 712.27
1422.87 , 710.02
1362.67 , 716.52
1307.19 , 732.52
1258.61 , 766.8
1231.85 , 818.07
1227.39 , 879.27
1277.57 , 856.35
1325.89 , 821.27
1378.82 , 799.27
1440.34 , 795.52
1501.89 , 799.27
1558.59 , 813.23
1613.29 , 830.55
1670.72 , 842.78
