2507543274_1
301.09 , 385.84
301.78 , 397.96
301.68 , 409.93
300.59 , 422.49
299.19 , 435.38
297.33 , 447.73
296.94 , 460.61
300.3 , 473.57
304.71 , 485.43
311.51 , 494.62
321.23 , 504.36
328.97 , 513.48
336.8 , 523.35
346.02 , 532.01
356.61 , 540.44
365.91 , 547.35
377 , 554.36
386.72 , 562.6
397.3 , 569
409.26 , 571.49
422.71 , 571.57
434.58 , 572.71
447.85 , 574.43
460.29 , 572.02
470.51 , 566.47
480.84 , 557.31
488.56 , 547.29
494.65 , 537.13
502.73 , 527.24
511.09 , 518.11
520.58 , 508.86
527.99 , 498.41
536.12 , 488.73
542.99 , 478.69
548.82 , 467.45
551.98 , 455.04
554.17 , 442.4
556.84 , 430.61
559.17 , 417.35
559.88 , 404.87
560.94 , 392
413.3 , 387.8
411.98 , 398.38
404.7 , 407.42
400.45 , 417.6
400.84 , 429.56
406.51 , 438.6
417.65 , 440.06
427.62 , 446.06
437.23 , 451.39
449.41 , 450.21
459.5 , 444.75
469.1 , 439.44
478.63 , 433.14
478.98 , 421.95
475.42 , 411.18
470.44 , 400.77
464.6 , 390.05
352.8 , 463.9
362.55 , 455.4
375.75 , 455.15
388.98 , 455.4
401.7 , 456.65
413.7 , 459.39
426.08 , 461.4
439.4 , 461.4
452.38 , 460.65
465.35 , 459.9
477.85 , 458.15
491.05 , 457.9
502.51 , 461.64
498.08 , 472.77
493.51 , 483.95
487.02 , 494.42
478.32 , 504.12
468.05 , 511.15
456.78 , 515.4
444.3 , 517.15
430.95 , 517.15
418.35 , 515.65
406.12 , 513.4
394.78 , 509.38
384.3 , 502.9
374.47 , 494.57
365.96 , 484.82
358.73 , 474.6
364.55 , 463.65
375.35 , 463.65
386.05 , 463.9
395.78 , 466.15
405.43 , 468.68
415.05 , 471.15
424.35 , 474.17
434.2 , 476.17
444.03 , 474.15
453.43 , 471.28
462.65 , 468.05
472.43 , 465.88
482.5 , 464.39
493.19 , 464.16
487.83 , 472.12
480.55 , 479.9
472.58 , 486.64
463.78 , 491.17
454.75 , 494.95
445.6 , 498.4
435.03 , 498.9
424.2 , 498.92
414.5 , 496.61
405.27 , 493.38
396.5 , 488.83
387.7 , 484.27
379.4 , 478.49
372.48 , 470.57
470.44 , 348.36
474.79 , 343.26
479.84 , 338.72
485.14 , 334.9
490.84 , 332.08
496.92 , 330.36
503.26 , 329.12
510.09 , 329.36
516.32 , 330.86
522.01 , 333.63
527.31 , 337.47
529.52 , 343.09
523.72 , 345.61
517.49 , 347.12
511.16 , 348.36
504.47 , 348.86
497.64 , 349.11
490.81 , 349.36
483.87 , 349.36
477.16 , 348.86
396.3 , 346.98
396.27 , 341.26
391.27 , 337.24
386.1 , 333.57
380.6 , 330.83
374.68 , 329.25
368.43 , 328.23
361.7 , 328.23
355.48 , 329.25
349.73 , 331.25
344.38 , 334.36
340 , 339.23
345.52 , 341.72
351.27 , 343.74
357.4 , 344.97
363.62 , 345.97
369.88 , 346.97
376.38 , 347.48
382.98 , 347.23
389.7 , 347.23
473.01 , 302.49
479.74 , 297.77
486.83 , 293.93
494.13 , 290.62
502.26 , 289.24
510.71 , 289.99
518.93 , 291.17
526.74 , 293.24
534.21 , 295.95
541.46 , 299.45
543.11 , 305.47
535.13 , 303.74
527.38 , 301.62
519.34 , 299.98
511.01 , 298.99
502.58 , 298.21
494.81 , 300.45
487.99 , 305.02
481.03 , 309.22
473.24 , 311.18
409.19 , 301.55
402.38 , 294.75
394.23 , 291.32
385.07 , 290.07
375.3 , 290.07
365.77 , 290.57
356.62 , 291.82
347.82 , 293.8
339.52 , 296.81
331.73 , 301.29
326.7 , 308.82
335.2 , 306.32
344.02 , 304.32
353.05 , 302.82
362.7 , 302.57
372.35 , 302.32
381.75 , 303.07
390.45 , 305.32
398.6 , 308.72
407.59 , 310.34
