2510357809_1
423.15 , 379.9
421.48 , 412.73
422.5 , 444.53
427.18 , 479.03
434.75 , 509.9
446.16 , 544.3
455.22 , 576.09
461.88 , 608.82
468.19 , 641.02
477.4 , 672.03
491.79 , 704.98
508.33 , 731.43
524.87 , 760.65
548.41 , 787.04
574.5 , 804.36
606.81 , 819.49
635.98 , 829.55
669.79 , 839.44
702.37 , 849.93
732.58 , 858.36
767.67 , 858.4
799.46 , 850.76
830.51 , 841.81
864.9 , 833.19
894.79 , 820.88
918.87 , 797.71
948.27 , 782.54
978.98 , 764.49
1004.56 , 743.45
1028.19 , 718.37
1049.79 , 695.26
1066.44 , 667.52
1079.03 , 634.83
1089.05 , 601.43
1097.18 , 570.97
1106.49 , 538.08
1115.29 , 505.37
1123.37 , 474.28
1132.48 , 441.51
1137.93 , 408.5
1138.1 , 372.69
670.35 , 419.6
655.92 , 437.16
643.31 , 457.18
643.3 , 479.67
665.69 , 486.26
684.62 , 499.49
697.11 , 517.93
720.43 , 527.46
742.86 , 525.68
765.67 , 518.91
782.43 , 502.72
801.9 , 491.82
826.36 , 491.85
842.33 , 476.74
842.29 , 453.1
824 , 438.8
810.64 , 419.6
615.19 , 603.53
630.22 , 596.02
647.19 , 593.03
665.02 , 591.78
683.34 , 592.03
701.19 , 590.78
719.49 , 590.53
737.59 , 591.28
755.79 , 591.78
773.97 , 592.28
792.07 , 593.02
809.89 , 594.28
827.72 , 595.53
845.69 , 596.53
853.94 , 606.03
837.59 , 610.28
820.49 , 613.03
803.52 , 616.03
786.64 , 619.27
769.67 , 622.28
752.19 , 624.28
734.12 , 625.03
715.79 , 624.78
697.84 , 623.77
680.12 , 622.25
662.77 , 620.1
646.24 , 616.07
630.27 , 611.09
627.44 , 602.28
643.04 , 603.53
659.29 , 603.53
675.27 , 604.03
690.89 , 602.78
706.87 , 602.28
722.37 , 603.78
738.12 , 604.78
754.22 , 605.03
770.47 , 605.03
786.19 , 604.03
802.07 , 603.28
818.04 , 602.78
833.67 , 601.53
848.79 , 599.28
834.19 , 602.03
818.32 , 602.78
802.34 , 603.28
786.59 , 604.28
770.84 , 605.28
754.74 , 605.03
738.52 , 605.03
722.52 , 605.53
706.29 , 605.53
690.32 , 605.03
674.32 , 604.53
658.47 , 605.28
642.59 , 604.53
823.89 , 291.46
837.51 , 288.74
849.72 , 282.42
861.62 , 275.47
873.84 , 269.26
886.74 , 265.11
900.51 , 262.59
915.34 , 262.71
928.74 , 266.05
941.19 , 271.5
952.82 , 279.17
951.69 , 292.73
938.59 , 296.5
924.51 , 298.46
909.89 , 299.21
895.01 , 299.46
880.87 , 297.71
866.96 , 295.46
852.57 , 294.21
838.54 , 292.21
656.22 , 288.82
645.45 , 283.82
635.02 , 277.85
624.3 , 272.63
612.73 , 269.59
600.35 , 268.09
587.65 , 267.83
575.35 , 269.49
564.1 , 273.22
554.13 , 280.44
546.75 , 290.34
556.73 , 297.58
568.08 , 301.08
580.2 , 303.07
593.15 , 303.34
605.88 , 302.56
618.23 , 301.09
630.2 , 298.83
642.33 , 296.86
654.67 , 295.34
827 , 160.51
832.03 , 136
852.83 , 121.78
877.05 , 116.01
903.65 , 115.26
929.27 , 118.01
953.6 , 123.49
976.42 , 132
997.15 , 146.39
1015.85 , 165.61
1031.45 , 185.96
1043.45 , 207.53
1017.7 , 209.5
996.25 , 197.01
976.08 , 181.06
955.1 , 167.36
931.35 , 160.77
905.35 , 162.76
878.98 , 164.01
853.35 , 161.26
652.42 , 149.69
640.25 , 128.76
616.55 , 122.19
589.85 , 122.18
565.77 , 128.16
541.85 , 134.51
519.67 , 144.94
499.17 , 159.94
480.11 , 178.99
469.11 , 201.01
463.42 , 225.19
465.66 , 251.04
483.41 , 233.29
495.63 , 211.76
510.6 , 191.24
531.25 , 176.62
554.55 , 169.31
580.94 , 170.19
607.89 , 170.19
633.64 , 167.71
