2514104824_1
159.3 , 601.4
162.1 , 622.82
164.3 , 644.35
166.56 , 665.91
171.65 , 689.42
178.01 , 710.08
184.47 , 730.65
191.51 , 753.94
199.54 , 773.39
211.15 , 793.02
222.28 , 811.95
233.27 , 831.74
245.87 , 851.15
260.82 , 867.92
277.44 , 882.26
295.59 , 893.41
316.04 , 902.57
338.26 , 905.83
361.68 , 907.9
383.19 , 906.96
404.54 , 903.3
427.29 , 895.98
447 , 886.49
465.78 , 875.12
483.56 , 862.32
502.41 , 847.82
519.11 , 834.75
535.86 , 819.35
550.46 , 802.79
563.33 , 784.43
573.29 , 763.27
580.16 , 743.02
587.53 , 720.91
593.63 , 700.13
598.87 , 677.25
602.75 , 656.59
605.56 , 634.45
606.75 , 612.6
606.11 , 588.67
603.9 , 567.23
600.3 , 543.75
248.09 , 579.19
242.59 , 595.04
237.69 , 610.93
237.45 , 629
241.82 , 645.19
256.84 , 652.8
273.93 , 651.65
291.83 , 650.05
307.22 , 642.58
324 , 636.45
340.9 , 641.1
357.6 , 637.87
369.1 , 625.86
371.5 , 608.35
365.44 , 591.65
356.62 , 576.43
342.69 , 565.65
244.34 , 743.54
247.97 , 730.66
257.57 , 720.05
268.69 , 711.94
280.89 , 706.78
294.06 , 709.79
308.39 , 709.25
320.34 , 703.29
332.59 , 698.29
346.97 , 697.79
360.59 , 699.79
373.76 , 702.77
386.67 , 706.27
398.59 , 712.29
408.17 , 720.96
398.04 , 731.37
388.97 , 742.14
379.86 , 752.78
368.79 , 761.08
356.79 , 766.77
344.14 , 770.75
330.76 , 773.29
316.76 , 774.54
302.62 , 773.56
289.47 , 770.52
276.72 , 766.79
264.62 , 761.3
253.04 , 754.49
248.59 , 748.79
258.59 , 743.79
268.64 , 738.75
279.01 , 734.79
290.12 , 732.29
302.04 , 731.54
313.49 , 729.79
325.31 , 728.79
336.51 , 726.53
347.49 , 723.8
359.06 , 722.29
370.89 , 721.29
382.94 , 720.79
394.99 , 721.29
407.06 , 720.79
395.19 , 721.54
383.14 , 722.04
370.97 , 722.29
358.89 , 722.79
347.82 , 725.29
336.72 , 727.78
325.39 , 729.79
313.94 , 731.54
301.99 , 732.29
290.79 , 734.53
279.59 , 736.79
269.37 , 741.27
259.54 , 746.82
367.75 , 496.67
373.41 , 489.27
380 , 482.17
387.5 , 476.67
395.45 , 472.43
404.15 , 470.02
413.6 , 469.17
422.98 , 470.17
431.73 , 472.42
440 , 475.67
447.95 , 479.91
448.2 , 488.4
439.82 , 491.44
431.48 , 494.43
422.93 , 496.99
414.1 , 499.18
404.98 , 500.67
395.25 , 500.92
385.65 , 500.44
376.88 , 498.18
254.96 , 526.75
252.09 , 519.6
245.09 , 515.6
237.77 , 512.57
229.72 , 511.07
221.06 , 510.85
212.77 , 511.85
205.19 , 514.26
198.24 , 518.36
192.36 , 524.58
188.58 , 531.68
186.84 , 539.6
193.41 , 543.91
201.87 , 544.6
210.26 , 543.85
218.44 , 542.61
226.19 , 540.51
233.72 , 537.98
240.97 , 534.73
248.37 , 531.83
337.97 , 436.31
353.3 , 425.24
369.77 , 417.02
386.92 , 411.08
404.75 , 406.31
423.7 , 403.83
443.42 , 404.56
461.65 , 408.56
478.47 , 415.56
494.55 , 424.63
508.97 , 438.31
498.42 , 451.77
480.32 , 447.57
463.17 , 441.52
445.57 , 436.41
426.4 , 434.63
407.42 , 437.08
390.37 , 443.33
372.7 , 448.31
352.87 , 448.74
251.9 , 465.59
246.08 , 454.5
234.35 , 448.97
221.23 , 446.69
207.25 , 446.19
193.4 , 446.94
180.75 , 450.19
169.38 , 456.59
158.83 , 465.36
150.05 , 475.87
144.25 , 487.44
146.48 , 500.56
159.44 , 499.99
168.9 , 490.06
179.82 , 482.38
191.97 , 478.19
205.48 , 477.19
218.9 , 478.84
232.45 , 479.68
244.91 , 476.26
