2514843829_1
113.37 , 430.75
110.73 , 446.57
110.81 , 465.12
116.56 , 482.01
119.4 , 498.58
123.02 , 516.1
129.41 , 534.19
136.54 , 548.87
144.73 , 564.26
153.46 , 580.5
161.82 , 596.85
167.64 , 613.96
169.3 , 630.86
174.56 , 648.34
186.09 , 661.81
199.65 , 671.62
216.77 , 674.05
234.94 , 674.89
252.3 , 674.49
269.72 , 672.04
288.48 , 668.03
305.77 , 663.64
321.26 , 656.39
335.38 , 646.96
349.83 , 636.74
363.9 , 624.37
376.29 , 612.05
389.18 , 599.01
402.24 , 587.55
415.19 , 576.89
425.77 , 562.92
431.77 , 545.45
437.58 , 528.28
442.94 , 512.54
448.28 , 494.17
452.44 , 477.27
455.88 , 460.47
458.79 , 442.22
462.12 , 424.74
464.74 , 406.77
466.53 , 388.94
173.55 , 405.6
166.81 , 416.19
160.45 , 428.63
160.23 , 441.45
161.6 , 454.35
172.26 , 461.93
185.39 , 465.02
198.34 , 469.8
208.99 , 463.73
222.24 , 457.43
233.26 , 452.11
246.96 , 452.08
256.1 , 443.9
253.95 , 429.85
246.81 , 419.22
234.23 , 414.04
225.9 , 403.94
166.55 , 514.5
174.05 , 502.75
187.55 , 499.5
202.5 , 499.75
217.2 , 498.99
230.45 , 495.23
244.3 , 492.75
257.83 , 496
271.33 , 499.25
284.85 , 502.52
297.98 , 506.43
310.52 , 511.73
312.06 , 525.7
303.65 , 537.12
294.47 , 548.33
284 , 559.05
272.9 , 568.43
261.23 , 576.25
248.98 , 582.56
235.7 , 586.23
222.07 , 589.25
207.73 , 590.75
193.03 , 589.98
181.31 , 582.77
176.07 , 570.2
172.55 , 556.8
169.8 , 543.08
168.3 , 528.73
171.05 , 525.25
177.43 , 515.82
188.08 , 512.49
200.18 , 512.25
211.8 , 511
223.55 , 510
235.3 , 509
247.18 , 508.25
259.18 , 508.75
270.93 , 509.75
282.68 , 510.75
294.43 , 511.75
305.63 , 513.82
309.9 , 523.13
300.6 , 529.96
290.95 , 535.85
281.18 , 541.38
271.25 , 546.54
261.55 , 552.25
251.93 , 558.12
241.68 , 562.38
231.23 , 566
219.6 , 567.25
208 , 565.96
197.65 , 562.12
188.74 , 554.2
181.92 , 544.9
176.2 , 535.17
266.5 , 357.53
270.55 , 354.22
274.48 , 350.55
278.65 , 347.54
283.35 , 345.93
288.32 , 344.96
293.73 , 344.78
299.07 , 345.03
304.3 , 345.52
309.3 , 346.53
313.95 , 348.23
312.7 , 351.28
307.8 , 352.49
302.65 , 353.13
297.6 , 353.93
292.52 , 354.78
287.3 , 355.28
282.07 , 355.79
276.98 , 356.53
271.75 , 357.03
185.15 , 366.77
183.26 , 363.04
178.98 , 360.99
174.59 , 359.31
169.96 , 358.07
165.24 , 357.05
160.03 , 357.05
155.06 , 357.55
150.46 , 358.89
146.26 , 361.12
142.31 , 364.05
139.56 , 368.05
144.66 , 367.8
149.63 , 368.3
154.84 , 368.3
160.06 , 368.3
165.16 , 368.55
170.24 , 368.3
175.34 , 368.05
180.44 , 367.8
223.75 , 316.74
228.88 , 305.59
238.53 , 296.21
249.53 , 290.48
261.23 , 286.74
273.57 , 284.24
286.15 , 286.25
298.27 , 289.24
310.25 , 292.49
321.62 , 297
331.65 , 305.36
335.03 , 317.3
322.12 , 318.49
309.43 , 316.74
296.98 , 314.49
283.8 , 313.74
271.1 , 315.5
259.1 , 318.77
247.43 , 322.48
234.25 , 323.24
179.13 , 324.06
175.87 , 315.81
168.55 , 310.09
160.53 , 306.09
151.95 , 303.58
142.53 , 302.84
132.98 , 303.34
123.3 , 303.59
115.1 , 307.13
110.89 , 314.89
108.65 , 323.59
108.65 , 333.39
115.83 , 338.19
122.97 , 332
130.62 , 327.08
139.33 , 324.82
148.88 , 325.34
157.2 , 328.36
165.32 , 332.02
175.02 , 332.01
