251544505_1
47.1 , 336.69
56.27 , 348.51
66.57 , 362.93
76.1 , 376.48
85.02 , 388.93
94.77 , 403.34
104.01 , 417.6
113.53 , 430.17
126.81 , 441.13
140.54 , 449.93
153.91 , 457.6
169.04 , 465.51
184.11 , 470.34
201.53 , 474.17
217.33 , 477.87
232.61 , 480.24
249.39 , 480.95
266.43 , 480.49
282.93 , 483
297.48 , 489.74
312.83 , 494.3
329.93 , 492.22
345.39 , 486.14
358.07 , 477.54
369.67 , 465.01
375.81 , 450.43
378.84 , 433.05
379.07 , 416.85
385.81 , 401.67
394.37 , 387.77
400.61 , 373.38
406.17 , 358.08
410.97 , 342.15
414.83 , 326.22
415.65 , 308.63
416.79 , 293.27
421.19 , 276.56
421.1 , 260.92
418.67 , 243.43
413.13 , 228.18
406.42 , 212.65
297.65 , 279.94
299.48 , 292.62
294.31 , 305.38
287.54 , 317.81
289.94 , 331.5
302.84 , 335.82
316.29 , 332.58
328.95 , 327.28
342.93 , 326.4
356.66 , 330.06
367.81 , 321.15
375.89 , 310.03
382.02 , 297.91
381.05 , 284.44
371.16 , 274.16
363.29 , 262.84
353.65 , 251.55
265.32 , 391.67
273.17 , 388.18
282.44 , 387.67
291.59 , 386.92
300.27 , 385.17
308.75 , 382.99
317.02 , 380.45
324.85 , 376.66
332.6 , 372.65
340.32 , 368.67
348.19 , 365.05
355.89 , 360.91
363.82 , 362.89
364.07 , 372.3
363.82 , 381.69
362.61 , 390.62
359.38 , 398.62
352.99 , 405.43
345.69 , 410.55
337.89 , 414.35
329.35 , 416.42
320.42 , 417.67
311.39 , 416.66
302.85 , 414.68
294.79 , 411.65
287.04 , 407.64
279.47 , 403.29
272.12 , 398.23
269.82 , 389.67
276.84 , 388.17
284.37 , 388.67
292.14 , 388.67
299.17 , 387.14
306.17 , 385.58
312.85 , 383.4
319.27 , 380.43
325.42 , 376.82
331.79 , 373.68
338.27 , 370.95
344.64 , 367.86
351.02 , 364.71
356.83 , 364.39
352.44 , 370.3
349.57 , 376.75
347.31 , 383.44
342.47 , 389.01
336.39 , 392.83
330.5 , 397.24
324.25 , 400.7
317.35 , 402.42
310.04 , 403.42
302.42 , 403.2
295.37 , 401.69
288.89 , 398.98
282.6 , 395.68
276.17 , 392.71
336.25 , 208.34
338.46 , 203.89
340.91 , 199.47
343.68 , 195.16
347.37 , 191.21
351.27 , 187.31
355.43 , 184.14
359.9 , 181.81
364.9 , 180.85
369.92 , 181.85
374.76 , 183
374.65 , 188.44
372.22 , 192.86
369.25 , 197.09
365.22 , 200.62
360.8 , 203.05
356.15 , 204.87
351.4 , 206.36
346.38 , 207.33
341.35 , 208.33
261.26 , 244.13
256.14 , 239.86
249.89 , 238.24
243.49 , 239.48
237.77 , 242.45
232.29 , 245.91
226.56 , 248.88
221.02 , 252.2
215.67 , 256.03
210.56 , 260.65
205.99 , 265.73
212.79 , 266.23
219.69 , 266.48
226.69 , 266.48
233.59 , 266.73
240.14 , 265.72
246.06 , 263.47
251.61 , 260.13
256.39 , 255.08
261.63 , 250.85
336.07 , 175.21
339.04 , 168.03
342.36 , 160.91
346.6 , 154.19
352.15 , 147.88
358.32 , 141.96
364.24 , 135.78
370.35 , 129.69
377.32 , 125.96
384.71 , 127.87
388.33 , 134.74
389.78 , 142.66
389.57 , 151.14
383.72 , 146.46
375.72 , 147.81
369.37 , 153.16
363.27 , 159.27
356.85 , 164.43
350.42 , 169.63
343.64 , 173.89
265.07 , 200.61
250.43 , 197.59
234.73 , 198.6
220.03 , 201.58
206.33 , 206.59
192.96 , 212.72
179.86 , 219.56
167.26 , 227.67
155.08 , 237.09
143.21 , 247.21
132.33 , 258.84
147.78 , 257.33
161.41 , 252.11
174.66 , 245.61
188.28 , 240.32
201.98 , 235.31
215.68 , 230.31
229.16 , 224.56
242.61 , 218.82
256 , 212.84
