1233476865_1
618.3 , 1452.29
625.36 , 1509.75
631.16 , 1567.42
636.56 , 1625.38
645.48 , 1682.61
659.66 , 1733.38
679.93 , 1793.1
705.3 , 1844.4
736.85 , 1891.9
778.04 , 1935.73
814.3 , 1975.72
858.2 , 2015.63
907.08 , 2049.24
958.82 , 2079.05
1007.63 , 2106.38
1056.15 , 2135.81
1105.55 , 2163.05
1161.22 , 2186.08
1220.17 , 2201.38
1274.57 , 2212.76
1329.93 , 2221.58
1390.53 , 2224.45
1445.44 , 2219.22
1501.74 , 2198.23
1550.79 , 2162.77
1592.3 , 2128.19
1638.34 , 2091.97
1685.59 , 2056.28
1731.98 , 2019.69
1773.46 , 1978.07
1811.73 , 1939.35
1845.84 , 1892.04
1874.8 , 1837
1896.68 , 1785.46
1914.48 , 1733.68
1919.9 , 1673.25
1923.61 , 1617.42
1929.56 , 1558.45
1933.46 , 1497.6
1937.02 , 1439.96
1943.6 , 1381.15
1261.95 , 1382.25
1243.04 , 1422.4
1213.55 , 1460.44
1182.65 , 1497.79
1172.47 , 1547.18
1201.2 , 1583.34
1249.03 , 1603.46
1292.1 , 1615.15
1340.79 , 1614.88
1391.91 , 1613.91
1438.2 , 1610.1
1482.2 , 1589.95
1530.1 , 1567.29
1550.25 , 1529.54
1538.85 , 1481.7
1511.2 , 1441.4
1484.45 , 1396.81
1047.45 , 1761.41
1092.73 , 1755.66
1138.38 , 1750.66
1185.35 , 1748.41
1230.73 , 1742.89
1277.6 , 1744.91
1325.08 , 1746.16
1372.05 , 1743.91
1417.58 , 1738.65
1464.93 , 1737.16
1512.03 , 1739.16
1558.78 , 1741.89
1606.48 , 1741.66
1623.33 , 1779.01
1596.89 , 1815.71
1567.97 , 1851.38
1533.05 , 1882.78
1494.93 , 1905.18
1453.48 , 1918.41
1407.83 , 1923.41
1360.5 , 1921.9
1315.93 , 1914.65
1273.43 , 1903.15
1233.38 , 1886.1
1194.33 , 1865.91
1156.08 , 1843.78
1118.2 , 1820.66
1081.1 , 1795.55
1053.7 , 1761.66
1094.42 , 1764.16
1135.3 , 1766.41
1176.53 , 1764.91
1217.5 , 1762.87
1257.9 , 1759.66
1298.78 , 1761.41
1338.68 , 1765.66
1379.78 , 1767.41
1421 , 1766.41
1461.03 , 1762.38
1501.3 , 1758.91
1541.93 , 1756.16
1582.18 , 1752.66
1581.15 , 1780.43
1547.53 , 1799.09
1512.5 , 1813.87
1476.05 , 1824.9
1437.38 , 1831.65
1396.62 , 1833.66
1355.65 , 1831.66
1315.62 , 1827.66
1275.97 , 1822.92
1237.25 , 1816.2
1199.2 , 1808.16
1161.22 , 1799.91
1124.08 , 1790.03
1088.5 , 1776.94
1513.54 , 1195.11
1529.8 , 1171.83
1551.26 , 1150.38
1575.59 , 1136.85
1601.69 , 1128.39
1629.59 , 1123.32
1658.87 , 1121.11
1688.46 , 1122.61
1715.91 , 1128.61
1741.29 , 1139.11
1765.94 , 1151.85
1757.64 , 1176.35
1733.87 , 1191.3
1708.66 , 1202.38
1681.54 , 1209.11
1653.51 , 1213.86
1624.39 , 1216.36
1594.41 , 1215.61
1565.54 , 1212.61
1539.29 , 1204.36
1136.93 , 1194.42
1115.9 , 1175.17
1092.85 , 1161.58
1068.9 , 1150.27
1042.83 , 1144.04
1014.62 , 1142.29
986.55 , 1144.29
959.55 , 1148.54
933.57 , 1155.03
909.4 , 1165.41
887.55 , 1182.29
906.28 , 1203.51
929.75 , 1216.03
955.4 , 1223.14
982.9 , 1226.28
1011.85 , 1226.54
1040.78 , 1226.79
1068.2 , 1223.39
1095.28 , 1219.3
1122.62 , 1215.81
1424.37 , 950.78
1448.05 , 905.36
1493.34 , 881.55
1544.19 , 870.96
1598.22 , 866.78
1653.17 , 868.52
1705.54 , 876.05
1757.69 , 884.03
1805.44 , 901.01
1848.94 , 929.79
1886.25 , 969.15
1864.54 , 1005.55
1816.82 , 988.75
1768.79 , 972.53
1716.74 , 964.78
1662.04 , 967.56
1611.04 , 977.85
1560.62 , 989.53
1508.97 , 998.56
1455.55 , 993.43
1250.6 , 995.38
1219.87 , 941.88
1166.41 , 910.21
1107.02 , 893.73
1041.49 , 890.24
978.14 , 898.72
916.99 , 911.75
859.27 , 931.17
803.62 , 957.02
753.29 , 997.36
729.19 , 1053.48
730.94 , 1120.11
786.52 , 1096.67
839.07 , 1062.64
892.99 , 1032.22
950.24 , 1011.5
1015.52 , 1006.98
1079.34 , 1014.45
1140.34 , 1027.89
1202.79 , 1038.22
