2516299615_1
672.93 , 496.78
675.61 , 522.63
680.84 , 547.09
684.36 , 575.72
692.78 , 599.69
706.66 , 623.64
714.18 , 648.08
720.34 , 674.81
727.85 , 699.5
740.58 , 724.04
753.85 , 746.96
762.93 , 773.24
772.82 , 796.5
782.26 , 823.3
795.62 , 846.79
817.55 , 858.09
842.94 , 865.86
870.75 , 864.1
897.91 , 859.01
922.97 , 856.47
949.24 , 852.84
975.67 , 846.28
1001.02 , 839.9
1029.21 , 832.46
1051.46 , 820.79
1076.75 , 808.75
1101.95 , 801.43
1125.68 , 790.44
1149.28 , 776.83
1170.79 , 760.88
1192.12 , 744.4
1211.22 , 727.37
1229.04 , 704.84
1248.63 , 687.28
1258.22 , 663.66
1262.67 , 637.27
1270.79 , 611.14
1276.49 , 584.72
1282.2 , 557.98
1288.84 , 532.16
1292.45 , 505
782.3 , 424.05
771 , 441.05
761.92 , 462.82
755.77 , 483.42
757.06 , 504.72
763.63 , 526.99
783.85 , 535.35
804.89 , 535.73
828.05 , 534.2
849.39 , 529.22
872.25 , 528.85
894.35 , 527.29
910.79 , 514.26
909.32 , 491.47
900.06 , 472.11
889.96 , 451.75
879.5 , 431.65
750.79 , 648.88
754.58 , 628.33
761.42 , 609.39
779.09 , 598.64
800.79 , 597.13
822.46 , 595.63
843.54 , 592.88
865.84 , 592.63
887.51 , 594.13
909.81 , 593.88
931.74 , 592.88
953.66 , 593.88
974.12 , 597.88
992.85 , 605.64
998.51 , 624.41
982.26 , 639.16
965.12 , 651.37
947.34 , 661.84
929.37 , 671.82
911.41 , 681.88
892.99 , 690.61
873.81 , 697.11
853.56 , 701.63
831.99 , 703.38
809.84 , 702.9
789.74 , 698.08
773.49 , 683.8
761.05 , 666.73
783.04 , 637.13
790.11 , 622.63
804.64 , 615.35
820.84 , 612.14
837.64 , 610.13
854.79 , 608.88
872.21 , 608.13
889.87 , 607.88
907.64 , 607.88
924.79 , 609.13
941.71 , 610.89
958.04 , 613.88
974.34 , 616.9
991.64 , 617.88
982.37 , 627.81
967.37 , 633.56
951.87 , 638.1
936.39 , 642.79
921.44 , 648.73
906.44 , 654.41
891.26 , 659.65
876.59 , 666.34
861.41 , 671.65
845.34 , 675.13
827.91 , 674.35
812.51 , 669.62
797.89 , 662.72
784.04 , 654.43
929.14 , 352.18
935.46 , 340.63
943.21 , 329.58
952.49 , 319.08
963.22 , 310.35
974.51 , 303.31
986.76 , 298.91
1001.04 , 298.68
1014.12 , 301.43
1025.99 , 307.02
1037.16 , 314.44
1044.62 , 325.58
1036.61 , 336.18
1023.19 , 338.16
1010.01 , 340.69
996.69 , 342.94
983.39 , 345.18
969.71 , 346.68
955.91 , 347.93
942.94 , 350.93
799.55 , 377.9
795.31 , 368.72
789.14 , 360.23
780.67 , 354.02
771.45 , 349.87
761.15 , 348.16
750.75 , 349.65
741.55 , 353.9
733.22 , 360.48
726.45 , 368.75
721.14 , 377.55
716.8 , 386.65
723.38 , 394.99
733.12 , 397.93
743.27 , 395.9
752.8 , 392.65
763.07 , 390.9
773.12 , 388.62
784 , 388.15
794.3 , 386.4
860.95 , 275.75
867.23 , 248.95
888.8 , 229.13
914.65 , 220.98
943.18 , 218.27
972.65 , 219
1000.93 , 222.25
1026.65 , 230.52
1050.75 , 243.27
1074.03 , 258.32
1096.65 , 275.2
1103.47 , 293.49
1078.25 , 284.03
1053.28 , 273.73
1027.55 , 265.51
999.78 , 261.25
970.4 , 262.25
944.03 , 269.43
917.45 , 276.25
888.95 , 279
760.4 , 297.03
752 , 286.89
740.4 , 281.56
727.2 , 280.35
714.9 , 283.88
704.2 , 291.6
694.23 , 301.3
687.47 , 312.33
683.1 , 324.2
680.21 , 336.83
678.7 , 350.1
680.45 , 363.28
687.38 , 355.43
690.93 , 343.12
697 , 331.8
707.18 , 322.61
718.73 , 317.1
731.3 , 314.12
744.3 , 312
756.69 , 308.75
