2524358270_1
563.78 , 1827.94
581.66 , 1878.52
602.66 , 1934.51
626.46 , 1992.56
644.46 , 2048.23
659.68 , 2099.54
675.73 , 2158.28
696.09 , 2210.97
720.69 , 2266.88
748.55 , 2321.3
777.25 , 2370.79
813.33 , 2419.83
849.36 , 2463
888.97 , 2509.34
924.84 , 2549.55
977.57 , 2578.34
1034.05 , 2593.16
1092.19 , 2599.33
1152.4 , 2594.92
1211.11 , 2583.54
1266.58 , 2569.29
1322.21 , 2556.82
1380.74 , 2541.97
1438.78 , 2525.12
1491.41 , 2509.06
1548.53 , 2486.46
1599.56 , 2461
1649.31 , 2431.51
1698.99 , 2395.61
1739.81 , 2354.1
1771.46 , 2306.79
1797.94 , 2250.59
1818.36 , 2197.74
1836.45 , 2144.12
1853.39 , 2085.19
1864.72 , 2028.47
1871.8 , 1969.15
1875.99 , 1912.53
1873.34 , 1851.73
1872 , 1791.46
1871.95 , 1732
895.1 , 1706.09
880.24 , 1746.96
870.37 , 1788.79
865.8 , 1835.29
891.41 , 1871.07
921.23 , 1901.16
958.57 , 1924.07
1003.8 , 1929.66
1049.05 , 1918.75
1089.98 , 1908.23
1134.44 , 1895.85
1179.65 , 1887.27
1214.33 , 1860.67
1221.48 , 1819.53
1209.34 , 1773.86
1187.31 , 1735.67
1154.29 , 1704.29
811.35 , 2089.02
845.77 , 2072.28
882.7 , 2061.75
920.88 , 2053.76
961.08 , 2057.02
1001.2 , 2061.02
1040.45 , 2066.77
1079.95 , 2072.02
1120.28 , 2075.49
1160.75 , 2078.78
1200.62 , 2083.27
1240.35 , 2088.02
1280.7 , 2091.52
1321.78 , 2093.52
1331.22 , 2116.99
1295.35 , 2129.52
1259.03 , 2141.05
1222.88 , 2152.76
1186.58 , 2164.26
1148.15 , 2171.78
1107.2 , 2173.99
1065.75 , 2175.27
1024.68 , 2176.75
983.5 , 2175.04
945.1 , 2167.52
908.58 , 2156.25
874.35 , 2138.77
842.5 , 2114.9
858.35 , 2092.77
890.98 , 2097.77
922.3 , 2105.52
953.38 , 2113.78
984.25 , 2122.29
1015.93 , 2129.26
1050.58 , 2130.02
1083.3 , 2125.27
1116.4 , 2121.27
1151.45 , 2121.27
1186.35 , 2121.02
1220.3 , 2118.77
1254.95 , 2119.52
1289.5 , 2118.52
1320.46 , 2110.15
1288.2 , 2114.02
1253.78 , 2115.27
1219.22 , 2114.27
1184.18 , 2114.27
1149.65 , 2115.27
1115.7 , 2117.53
1083.2 , 2122.78
1050.83 , 2128.27
1016.05 , 2128.78
984.18 , 2122.29
953.58 , 2113.28
922.52 , 2105.02
891.18 , 2097.27
1273.5 , 1492.69
1296.05 , 1477.91
1318.65 , 1463.2
1342.92 , 1453.2
1368.15 , 1445.41
1394.75 , 1440.44
1423.08 , 1441.44
1449.58 , 1446.68
1474.35 , 1455.29
1497.6 , 1468.32
1519.28 , 1485.72
1520.15 , 1511.7
1493.05 , 1515.7
1464.85 , 1517.44
1435.8 , 1517.44
1407.72 , 1515.44
1380.85 , 1510.92
1354.58 , 1505.26
1328.22 , 1499.67
1301.47 , 1494.94
914.29 , 1499.6
898.82 , 1480.87
879.44 , 1466.75
857.37 , 1460.06
832.92 , 1458.07
807.87 , 1457.32
782.92 , 1458.33
759.04 , 1461.55
737.27 , 1468.82
717.32 , 1481.27
698.77 , 1497.57
709.05 , 1518.37
729.57 , 1529.35
753.44 , 1532.57
777.77 , 1530.32
801.87 , 1527.54
825.64 , 1524.19
849.69 , 1521.39
874.25 , 1519.57
898.32 , 1516.83
1163.23 , 1362.03
1189.81 , 1326.46
1230.61 , 1314
1274.78 , 1308.26
1320.53 , 1305.78
1366.31 , 1307.78
1410.73 , 1313.03
1454.4 , 1319.78
1498.48 , 1325.78
1541.81 , 1333.27
1582.76 , 1345.3
1559.33 , 1355.53
1513.7 , 1352.78
1467.33 , 1351.51
1421.7 , 1348.78
1375.95 , 1347.3
1331.68 , 1352.82
1286.98 , 1357.53
1243.78 , 1365.3
1202.88 , 1376.94
900.85 , 1385.21
875.18 , 1362.55
846.03 , 1349.04
813.5 , 1343.55
781.1 , 1337.8
748.58 , 1332.31
714.98 , 1329.06
680.4 , 1328.35
648.45 , 1335.06
621.2 , 1352.81
604.45 , 1380.56
632.23 , 1397.32
665.35 , 1393.54
696.8 , 1385.71
729.83 , 1381.31
763.83 , 1383.31
796.23 , 1389.06
828.35 , 1395.32
860.33 , 1401.94
892.2 , 1408.81
