2528689679_1
147.3 , 430.5
149.91 , 451.5
151.95 , 472.29
156.2 , 494.96
162.82 , 514.98
171.94 , 534.97
183.33 , 554.83
196.46 , 573.98
209.79 , 591.81
223.36 , 608.46
236.33 , 624.55
250.22 , 643.65
264.47 , 660.77
279.43 , 674.64
296.83 , 689.9
314.16 , 705.05
330.15 , 718.73
346.51 , 731.81
366.49 , 744.03
385.21 , 752.98
406.86 , 763.48
426.68 , 766.62
448.81 , 762.49
470.07 , 756.59
491.47 , 750.64
514.43 , 746.51
531.76 , 735.13
547.58 , 718.97
554.17 , 699.18
563.72 , 677.84
573.58 , 659.68
584.19 , 638.6
594.04 , 620.21
604.51 , 600.38
613.72 , 579.89
621.94 , 559.13
629.6 , 538.53
636.9 , 518.31
644.63 , 497.91
653.31 , 477.82
661.9 , 455.4
449.44 , 427.75
447.92 , 446.5
434.4 , 462.72
424.17 , 480.13
424.38 , 500.7
433.3 , 518.18
453.18 , 526.75
473.41 , 527.69
493.08 , 532.76
515.39 , 533.94
534.81 , 533.52
549.7 , 518.04
563.82 , 502.72
564.95 , 482.85
554.98 , 465.35
544.45 , 446.5
540.89 , 425.9
402.8 , 618.34
411.78 , 609.37
421.95 , 603.68
432.88 , 600.09
444.48 , 597.85
455.88 , 595.08
467.35 , 592.59
479.1 , 590.59
491.08 , 589.09
503.3 , 588.09
515.5 , 587.09
527.98 , 587.59
539.45 , 590.06
548.8 , 598.09
547.07 , 609.91
540.61 , 619.79
531.42 , 628.22
521.98 , 635.93
511.78 , 641.6
501.38 , 646.77
490.05 , 649.59
477.45 , 649.84
465.38 , 648.59
453.98 , 645.86
443.48 , 641.03
433.2 , 635.58
422.6 , 631.1
412.73 , 624.74
415.3 , 615.34
424.18 , 612.82
433.32 , 610.84
442.73 , 609.34
452.15 , 607.84
461.68 , 606.59
471.08 , 605.09
480.6 , 603.84
490.6 , 604.09
500.38 , 603.34
509.43 , 601.07
518.6 , 599.1
528.25 , 598.09
538.25 , 598.34
548.27 , 598.59
538.83 , 598.34
528.83 , 598.59
519.3 , 599.84
510.23 , 602.1
501.08 , 604.09
491.05 , 604.34
481.05 , 604.59
471.27 , 605.34
462.23 , 607.59
453.18 , 609.83
443.4 , 610.59
433.62 , 611.35
424.48 , 613.35
543.5 , 346.85
548.19 , 337.18
553.63 , 327.73
561.28 , 319.07
570.17 , 312.12
579.9 , 307.38
590.45 , 304.6
601.58 , 303.1
613.3 , 302.84
624.2 , 304.83
634.02 , 308.98
633 , 320.35
628.47 , 330.15
620.65 , 338.72
611.08 , 343.84
600.83 , 347.1
589.08 , 347.35
577.35 , 347.6
565.85 , 348.35
554.25 , 348.85
417.98 , 340.56
411.12 , 330.24
401.44 , 321.44
390.32 , 316.69
378.3 , 313.94
365.57 , 312.69
352.85 , 313.94
340.75 , 316.51
329.42 , 320.6
318.57 , 326.19
308.82 , 334.69
317.52 , 344.38
327.87 , 351.23
339.07 , 355.69
351.19 , 358.22
364.39 , 357.94
377.14 , 356.69
389.75 , 355.19
401.77 , 352.48
414.72 , 351.69
553.15 , 312.73
555.76 , 300.08
566.55 , 292.86
577.88 , 286.99
589.3 , 281.48
601 , 276.88
612.95 , 272.94
625.35 , 269.75
638.42 , 267.98
651.62 , 268.98
663.25 , 274.07
663.28 , 283.99
649.72 , 283.2
636.33 , 284.3
623.6 , 286.77
611.27 , 290.1
599.3 , 293.95
587.3 , 297.83
575.33 , 301.8
564.25 , 308.14
446.91 , 279.38
431.76 , 269.4
414.09 , 265.67
395.31 , 264.14
376.19 , 263.39
357.19 , 262.39
338.31 , 261.14
319.09 , 260.61
300.94 , 263.43
284.62 , 270.01
269.74 , 280.64
288.14 , 282.89
306.92 , 281.39
325.79 , 280.14
345.14 , 280.39
363.54 , 282.66
381.79 , 285.18
400.09 , 287.62
418.37 , 290.15
436.89 , 292.11
