2529559836_2
259.19 , 513.55
261.24 , 531.39
263.4 , 549.23
264.67 , 567.42
267.58 , 585.53
272.51 , 603.43
278.1 , 620.75
283.72 , 636.44
290.77 , 653.21
300.06 , 670.69
308.11 , 685.77
318.02 , 701.44
328.15 , 716.86
338.56 , 732.11
349.31 , 747.03
360.03 , 762.18
370.49 , 775.41
386.22 , 786.21
404.37 , 790.25
422.48 , 791.59
440.54 , 791.07
456.63 , 786.14
473.86 , 779.23
490.15 , 769.95
504.4 , 758.71
519.92 , 747.83
533.66 , 737.75
545.86 , 724.32
558.65 , 711.67
571.94 , 698.04
583.43 , 684.21
593.41 , 668.69
602.29 , 652.51
607.7 , 636.05
614.22 , 619.01
619.89 , 601.71
624.05 , 583.74
629.22 , 566.05
631.1 , 547.45
634.92 , 529.24
635.45 , 510.95
330.4 , 539.44
326.69 , 551.3
322.97 , 563.18
321.66 , 575.61
321.66 , 589.59
328.26 , 599
338 , 608.94
350 , 606.79
363 , 606.28
376.23 , 606.67
388.33 , 606.74
400.01 , 600.13
408.73 , 591.86
407.47 , 578.7
401.83 , 567.18
392.51 , 558.28
390.5 , 546.1
332.05 , 651.02
336.21 , 643.11
344.5 , 639.52
354.3 , 639.77
362.48 , 635.75
371.25 , 638.23
379.2 , 642.76
387.5 , 646.2
394.87 , 652.35
400.8 , 659.77
405.98 , 667.44
413.05 , 673.99
413.43 , 683.64
410.56 , 692.17
406.33 , 700.25
400.58 , 707.74
393.28 , 714.04
384.95 , 717.53
375.73 , 719.02
366.15 , 718.3
357.7 , 715.2
350.48 , 709.19
347.3 , 700.77
345.62 , 691.69
348.55 , 683.39
344.35 , 675.32
338.78 , 667.75
334.83 , 659.6
346.05 , 664.77
348.46 , 659.57
353.6 , 656.73
358.93 , 654.52
365.28 , 654.52
371.28 , 653.77
377.12 , 654.84
382.62 , 656.58
387.5 , 659.99
392.4 , 663.38
397.1 , 667.28
402.25 , 669.99
407.1 , 673.52
412.22 , 675.84
408.64 , 680.66
403.88 , 684.44
399.33 , 688.76
394.08 , 691.26
388.85 , 693.75
383.23 , 695.27
377.23 , 696.02
371.1 , 695.55
365.95 , 692.77
361.18 , 689.12
356.33 , 685.54
352.31 , 680.87
350.28 , 675.5
348.55 , 670.02
423.5 , 492.41
427.74 , 484.44
432 , 476.41
436.98 , 468.69
444.45 , 462.92
453 , 460.16
462.52 , 459.41
470.98 , 462.42
479.23 , 465.9
487.1 , 470.52
494.31 , 476.96
498.41 , 484.75
491.05 , 490.85
483.65 , 496.76
475.5 , 500.66
467.05 , 503.66
457.38 , 504.15
448.32 , 502.43
439.9 , 499.44
431.77 , 495.42
336.66 , 493.28
333.46 , 487.63
328.65 , 482.58
323.2 , 478.87
317.4 , 476.08
311.07 , 474.55
304.27 , 474.08
298.02 , 475.71
292.63 , 479.61
289.14 , 485.13
287.4 , 491.33
289.28 , 497.45
293.16 , 502.86
298.43 , 506.58
304.75 , 508.11
311.67 , 508.33
318.07 , 506.9
324.17 , 505.06
330.4 , 503.33
335.9 , 499.83
382.5 , 441.47
385.41 , 429.05
395.85 , 421.09
407.4 , 416.32
420.25 , 414.22
433.95 , 413.97
447.27 , 414.99
460.18 , 416.97
472.15 , 420.62
483.48 , 426.2
494.4 , 432.84
496.8 , 440.51
484.43 , 437.48
472.02 , 434.49
459.38 , 432.09
445.95 , 431.22
432.35 , 431.74
419.6 , 434
407.5 , 437.47
395.1 , 440.47
309.09 , 435.54
305.43 , 428.59
298.46 , 424.98
291.29 , 421.99
283.44 , 420.49
275.36 , 421.5
267.76 , 423.49
260.04 , 425.24
253.03 , 428.77
247.69 , 435.09
244.28 , 442.12
241.31 , 449.24
248.86 , 447.95
255.56 , 443.74
262.49 , 440.06
269.94 , 437.71
277.88 , 436.49
286.09 , 437.24
294.44 , 437.74
302.26 , 439.24
