2530880920_1
495.6 , 684.95
503.48 , 713.71
508.81 , 742.71
512.96 , 774.88
515.09 , 804.57
517.12 , 834.52
519.06 , 864.92
524.04 , 898.06
533.72 , 926.82
549.34 , 952.79
570.51 , 975.7
591.2 , 996.01
616.16 , 1015.85
641.51 , 1034.28
666.5 , 1052.39
691.06 , 1070.66
716.12 , 1087.32
745.26 , 1101.25
773.03 , 1108.1
805.1 , 1113.55
836.2 , 1116.35
866.71 , 1115.42
897.28 , 1111.69
923.56 , 1099.63
948.85 , 1081.99
973.7 , 1064.64
1001.03 , 1045.4
1025.88 , 1027.45
1047.7 , 1008.82
1068.13 , 985.62
1085.94 , 957.83
1100.4 , 930.57
1112.52 , 902.23
1121.51 , 875.68
1127.41 , 843.95
1129.72 , 813.46
1130.76 , 782.92
1130.54 , 752.13
1130.74 , 721.44
1130.22 , 690.72
1129.2 , 657.8
803.7 , 743.85
792.07 , 760.38
772.14 , 767.56
757.3 , 784
758.08 , 803.52
771.74 , 820.58
792.45 , 827.72
813.05 , 832.55
833.97 , 839.88
856.71 , 841.88
877.39 , 839.78
898.46 , 830.62
915.31 , 819.14
922.5 , 798.6
915.56 , 779.4
901.1 , 761.18
893.2 , 740.5
720.71 , 917.38
735.36 , 909.72
750.19 , 902.37
765.41 , 896.43
781.46 , 892.13
798.74 , 890.38
816.11 , 891.88
834.11 , 891.63
851.61 , 892.88
869.24 , 893.88
886.61 , 895.37
902.66 , 899.63
918.06 , 905.16
933.66 , 910.15
933.97 , 927.33
923.33 , 940.76
909.38 , 950.44
894.29 , 956.81
877.99 , 960.61
861.21 , 963.38
843.96 , 965.13
826.21 , 964.38
809.79 , 960.95
793.63 , 956.81
778.16 , 951.58
763.29 , 944.44
748.69 , 936.6
735.46 , 924.88
733.46 , 910.63
745.41 , 907.42
758.84 , 907.63
771.91 , 908.63
784.51 , 910.63
796.96 , 912.88
809.81 , 914.38
822.99 , 915.15
836.44 , 915.38
849.86 , 915.13
862.94 , 914.13
875.79 , 912.65
888.74 , 911.38
902.06 , 910.88
900.84 , 916.51
889.46 , 921.13
878.16 , 925.86
866.74 , 930.36
854.86 , 933.73
842.46 , 936.13
829.24 , 936.4
816.06 , 935.66
803.56 , 933.48
791.46 , 930.38
779.86 , 926.53
768.36 , 922.29
756.94 , 917.87
745.16 , 914.34
906.64 , 637.94
911.74 , 628.06
920.87 , 620.72
930.62 , 615.21
940.74 , 610.66
951.31 , 607.43
962.56 , 605.42
974.76 , 605.44
986.01 , 607.46
996.74 , 610.44
1006.28 , 616.54
1008.34 , 627.45
998.66 , 633.18
988.46 , 637.44
977.46 , 639.94
965.62 , 640.69
953.66 , 640.19
942.07 , 638.94
930.46 , 637.69
918.62 , 638.44
757.75 , 629.03
749.02 , 621.07
740.05 , 613.83
730.32 , 608.6
719.65 , 605.82
708.45 , 604.08
696.65 , 603.59
685.35 , 605.06
675.17 , 608.96
665.7 , 614.69
657.05 , 622.83
666.27 , 629.31
676.15 , 634.17
686.3 , 638.08
697.12 , 640.61
708.67 , 641.58
720.6 , 641.83
732.4 , 641.33
744.07 , 640.58
755.4 , 639.05
898.2 , 587.29
905.83 , 569.05
924.6 , 562.51
944.2 , 557.54
963.93 , 552.81
984.6 , 550.14
1005.95 , 548.79
1027.58 , 548.04
1047.88 , 551.54
1065.05 , 562.42
1076.7 , 579.04
1076.77 , 597.07
1058.53 , 589.05
1040.2 , 581.04
1020.35 , 576.54
998.73 , 575.78
977.83 , 578.04
958.23 , 583.05
939.25 , 589.04
918.23 , 591.05
790.13 , 567.25
770.08 , 556.98
748.3 , 551.13
726.38 , 545.49
702.95 , 543.01
678.43 , 543.26
654.98 , 545.72
633.18 , 551.51
612.65 , 560.28
592.98 , 571.42
585.18 , 592.26
607.61 , 588.51
628.28 , 580.17
649.13 , 572.53
672.11 , 569.08
695.86 , 570.76
718.11 , 575.76
739.58 , 582.17
761.68 , 587.51
785.8 , 587.01
