2530880990_1
605.19 , 705.85
608.54 , 730.52
612.05 , 758.3
616.37 , 785.55
620.25 , 813.94
625.67 , 841.37
635.06 , 865.35
647.09 , 889.4
661.74 , 912.49
678.55 , 935.58
694.65 , 956.69
715.23 , 974.58
739.25 , 990.88
761.83 , 1006.16
783.39 , 1023.24
803.65 , 1039.52
828.9 , 1054.17
854.61 , 1061.6
882.2 , 1060.76
909.01 , 1057.94
937.21 , 1056.45
963.33 , 1056.12
991.8 , 1054.2
1015.4 , 1040.53
1039.69 , 1031.01
1062.35 , 1015.72
1085.95 , 998.78
1109.3 , 985.55
1130.74 , 967.33
1147.75 , 948.54
1165.38 , 927.28
1179.85 , 904.32
1199.77 , 882.7
1209.87 , 859.29
1218.48 , 832.06
1225.71 , 804.81
1226.52 , 777.48
1226.65 , 752.07
1227.31 , 724.27
1227.66 , 696.83
1228.05 , 667.6
847.95 , 722.1
827.67 , 725.98
813.24 , 743.92
814.01 , 767.5
832.88 , 775.69
856.5 , 780.06
871.16 , 798.46
892.29 , 803.74
915.29 , 800.42
936.79 , 793.6
957.83 , 782.94
975.14 , 769.41
988.55 , 749.77
986.57 , 727.2
970.01 , 712.83
946.33 , 712.24
940.85 , 692.35
787.4 , 856.56
804.9 , 849.06
823.6 , 844.05
842.52 , 839.57
862.42 , 837.06
883.15 , 836.31
903.9 , 835.56
923.9 , 833.31
943.55 , 830.32
963.42 , 827.81
983.8 , 826.31
1004.9 , 826.31
1025.25 , 827.81
1031.9 , 844.91
1019.65 , 860.81
1005.25 , 875.81
989.58 , 888.62
972.98 , 898.8
955.7 , 907.28
937.88 , 914.07
919.08 , 918.79
899.33 , 921.56
878.22 , 921.56
858.02 , 919.68
839.33 , 914.75
822.63 , 904.78
808.06 , 889.73
796.27 , 873.71
801.9 , 859.06
816.38 , 854.08
830.95 , 849.27
847.12 , 847.56
863.88 , 847.06
880.88 , 847.06
897.75 , 846.81
914.5 , 846.31
930.9 , 845.06
946.58 , 842.3
961.77 , 838.54
977.2 , 835.29
993.35 , 833.56
1010.1 , 833.56
1009.55 , 844.44
996.08 , 852.41
982.67 , 860.54
968.9 , 867.81
954.77 , 873.94
940.25 , 879.03
924.92 , 882.56
908.65 , 884.06
891.9 , 884.56
875.38 , 883.55
859.22 , 881.81
844.15 , 877.81
829.92 , 872.07
815.95 , 865.34
954.39 , 601.71
958.26 , 593.31
964.37 , 585.73
971.64 , 578.71
979.72 , 573.9
988.37 , 570.73
997.72 , 568.93
1007.54 , 568.21
1017.51 , 568.71
1026.99 , 570.24
1035.94 , 572.69
1036.29 , 581.81
1027.96 , 585.95
1019.41 , 589.44
1010.62 , 592.23
1001.49 , 594.43
992.14 , 596.21
982.66 , 597.71
973.19 , 599.21
963.71 , 600.71
812.6 , 612.32
805.02 , 606.5
797.5 , 600.47
789.32 , 596.28
780.67 , 593.5
771.35 , 592.01
761.65 , 591.26
751.85 , 591.77
742.65 , 593.48
734.32 , 597.25
726.3 , 601.76
733.55 , 608.51
740.97 , 614.71
749.3 , 618.51
758.38 , 620.5
768.05 , 621.26
777.4 , 619.77
786.6 , 617.99
795.8 , 616.26
805.47 , 615.51
932.25 , 555.66
944.57 , 542.07
959.98 , 534.67
976.25 , 529.66
993.08 , 525.66
1010.02 , 521.9
1027.1 , 518.56
1045.17 , 517.19
1063.45 , 517.66
1080.25 , 521.66
1095.4 , 529.65
1084.55 , 535.41
1066.2 , 535.2
1048.65 , 537.67
1031.1 , 540.16
1013.33 , 542.14
996.6 , 546.32
980.7 , 552.14
964.7 , 557.7
947.98 , 561.89
822.56 , 555.7
807.65 , 546.54
789.4 , 545.04
770.8 , 544.29
752.08 , 543.79
733.36 , 544.29
715.73 , 547.05
698.58 , 550.77
682.38 , 556.33
667.61 , 565.87
654.93 , 579.54
673.05 , 577.78
689.18 , 572.04
705.4 , 566.56
723.5 , 564.79
741.63 , 566.54
759.75 , 568.29
778.23 , 569.29
796.36 , 571.04
814.96 , 570.29
