2532979343_2
430.5 , 588.05
432.73 , 604.48
438.1 , 622.12
443.75 , 638.67
449.89 , 654
458.38 , 670.08
465.77 , 685.86
473.39 , 701.41
483.64 , 716.66
492.75 , 731.11
503.7 , 746.02
513.24 , 759.93
524.39 , 772.42
536.19 , 786.63
546.68 , 800.25
559.25 , 812.36
576.19 , 819.38
593.09 , 821.2
611 , 820.6
629 , 819.17
645.19 , 816.19
662.6 , 811.9
680.01 , 805.76
695.5 , 797.12
710.26 , 787.84
724.59 , 777.07
738.06 , 766.82
750.56 , 754.16
761.54 , 739.79
772.14 , 727.84
783.87 , 712.49
791.31 , 698.24
797.72 , 680.61
801 , 663
806.3 , 647.12
807.56 , 629.89
808.09 , 611.23
808.32 , 593.45
808.45 , 575.84
808.49 , 558.62
808.5 , 540.6
539.69 , 565.35
532.69 , 577.25
526.43 , 591.24
519.48 , 603.92
524.65 , 616.41
538.99 , 622.24
551.07 , 631.09
563.26 , 639.01
577.45 , 640.19
590.65 , 632.39
603.6 , 625.05
616.7 , 618.14
625.81 , 607.68
630.52 , 594.25
627.25 , 579.7
615.81 , 569.98
602.6 , 562.1
511.54 , 657.61
523.62 , 648.09
539.24 , 647.11
554.41 , 649.11
570.04 , 650.11
586.07 , 650.36
600.72 , 647.36
616.01 , 645.61
631.64 , 646.61
647.66 , 646.36
663.16 , 647.58
675.81 , 655.44
677.03 , 670.96
673.79 , 685.54
667.77 , 698.88
658.93 , 711.21
647.34 , 722.05
634.44 , 729.37
620.77 , 734.36
605.97 , 737.11
590.22 , 737.86
574.94 , 736.13
560.94 , 731.79
549.09 , 721.66
538.59 , 709.91
529.2 , 697.79
522.03 , 684.84
516.07 , 671.46
518.29 , 659.61
531.39 , 660.87
543.66 , 663.86
555.51 , 667.61
567.82 , 670.61
581.29 , 671.11
594.89 , 670.86
607.64 , 668.85
620.01 , 666.11
631.87 , 662.38
643.87 , 658.86
656.16 , 655.87
669.38 , 654.84
676.54 , 665.36
670.16 , 676.24
661.94 , 686.46
651.84 , 695.05
641.19 , 702.12
629.47 , 706.09
617.32 , 709.36
603.97 , 710.11
590.84 , 708.86
578.57 , 705.86
566.97 , 701.54
555.79 , 695.86
545.29 , 688.36
535.95 , 678.54
528.46 , 668.04
619.44 , 500.67
623.34 , 493
628.74 , 485.87
635.52 , 479.58
642.77 , 474.57
650.49 , 470.66
658.57 , 467.93
667.87 , 468.17
676.47 , 469.92
684.52 , 472.68
692.11 , 476.83
695.66 , 484.43
688.29 , 489.08
680.54 , 492.82
672.39 , 495.41
663.92 , 497.41
655.22 , 498.92
646.52 , 500.42
637.57 , 501.42
628.24 , 501.67
539.38 , 510.8
536.94 , 503.38
530.6 , 497.05
523.75 , 492.17
516.6 , 488.05
509.05 , 485.06
500.83 , 483.55
491.98 , 483.77
484.1 , 486.05
476.75 , 489.64
469.96 , 494.71
465.1 , 501.55
471.98 , 506.43
479.62 , 509.05
487.98 , 510.3
496.35 , 511.55
504.95 , 512.3
513.68 , 511.8
522.15 , 510.8
530.75 , 511.55
597.19 , 449.49
601.94 , 436.56
614.37 , 430.31
627.27 , 425.48
640.57 , 421.47
654.39 , 418.48
668.42 , 416
682.49 , 413.5
697.14 , 413.75
710.24 , 418.22
722.29 , 425.5
719.79 , 433.33
706.79 , 428.59
692.79 , 425.99
677.89 , 426.73
663.87 , 429.31
650.04 , 432.21
636.44 , 435.74
623.77 , 441.39
611.94 , 449.24
531.1 , 452.25
521.98 , 446.99
511.73 , 444.49
501.25 , 442.49
490.41 , 441.24
479.33 , 440.49
468.36 , 439.49
456.91 , 439.47
447.31 , 443.4
439.08 , 451.11
433.23 , 459.99
444.33 , 459.24
455.31 , 458.24
466.5 , 457.74
477.71 , 458.24
488.68 , 459.24
499.53 , 460.49
509.78 , 462.98
520.03 , 465.48
530.08 , 462.64
