2533685677_1
300.65 , 358
303.34 , 371.34
306.3 , 385.96
310.54 , 401.03
314.18 , 415.76
318.85 , 430.16
324.56 , 443.07
331.18 , 456.99
338.75 , 469.65
346.82 , 481.61
356.02 , 494.65
365.2 , 505.88
376.14 , 516.31
387.78 , 524.56
399.63 , 535.18
412.35 , 542.9
424.77 , 549.99
438.86 , 556.61
452.23 , 561.85
467.17 , 565.12
482.46 , 566.19
497.43 , 567.43
511.89 , 570.09
525.74 , 568.64
538.3 , 559.91
547.32 , 548.61
552.04 , 534.67
550.45 , 518.66
552.83 , 505.26
559.46 , 490.47
561.17 , 476.27
562.38 , 460.95
569.03 , 447.99
573.76 , 434.33
578.51 , 419.55
585.48 , 406.19
591.36 , 393.27
597.56 , 379.97
600.6 , 364.46
601.22 , 349.51
599.4 , 334.23
501.5 , 332.85
499.25 , 340.95
494.75 , 348.97
494.5 , 357.15
501.62 , 363.09
510.61 , 362.65
518.83 , 362.78
528.68 , 363.48
536.86 , 364.35
545.63 , 366.84
555.07 , 366.56
563.01 , 363.96
571.27 , 358.93
576.44 , 351.73
577.27 , 343.02
574.07 , 334.47
570.4 , 326.25
450.4 , 432.25
454.47 , 420.13
466.07 , 414.32
479.1 , 412
491.4 , 408.25
504 , 404.97
516.62 , 401.77
529.8 , 399.75
543.6 , 399
557.5 , 398.5
571.17 , 399.5
573.82 , 411.83
563.64 , 421.3
557.93 , 432.88
555.4 , 445.82
557.08 , 459.17
560.15 , 471.85
559.46 , 485.7
550.67 , 495.98
538.85 , 501
525.17 , 502
512.1 , 499.74
500.45 , 494.28
489.78 , 486.12
480.66 , 475.77
472.66 , 465.02
464.5 , 454.38
456.9 , 443.48
455.65 , 424
465.07 , 420.23
474.88 , 417.25
484.95 , 414.76
495.4 , 413
505.72 , 411
516.88 , 410.75
527.2 , 408.75
537.5 , 406.75
548.17 , 408
559.1 , 408.76
568.37 , 413.05
560.93 , 421.23
555.39 , 430.08
551.66 , 439.55
550.15 , 450.12
550.91 , 461.05
547.66 , 470.69
538.72 , 475.93
527.95 , 477
517.27 , 475.74
507.7 , 472.23
498.3 , 468.16
489.2 , 463.32
480.38 , 457.72
472.05 , 450.65
464.43 , 442.52
458.67 , 433.77
544.35 , 284.21
547.48 , 282.08
551 , 280.94
554.7 , 280.22
558.52 , 279.71
562.48 , 279.46
566.52 , 279.46
570.35 , 279.96
574.05 , 280.68
577.28 , 282.62
579.76 , 285.61
578.1 , 288.71
574.15 , 288.96
570.2 , 288.71
566.25 , 288.45
562.55 , 287.71
558.73 , 288.21
554.9 , 287.7
551.45 , 286.47
547.62 , 285.97
481.1 , 280.71
476.58 , 278.97
471.52 , 278.47
466.25 , 278.44
461.32 , 279.29
456.62 , 280.49
452.07 , 281.96
447.25 , 282.97
442.07 , 283.22
437.15 , 283.97
432.65 , 285.47
437.32 , 286.74
442.5 , 286.47
447.8 , 286.47
452.72 , 285.72
457.65 , 284.97
462.6 , 284.21
467.52 , 283.44
472.7 , 283.22
478 , 283.22
543.94 , 245.44
545.45 , 240.59
547.94 , 236.16
550.59 , 231.79
553.84 , 227.7
558.39 , 225.43
563.69 , 224.94
568.77 , 225.94
573.34 , 228.07
577.33 , 231.84
579.69 , 236.34
580.97 , 241.29
580.93 , 246.85
576.94 , 244.44
572.32 , 242.44
567.59 , 240.69
562.24 , 240.65
557.57 , 242.45
553.22 , 245.17
548.49 , 246.96
489.31 , 231.28
478.66 , 227.3
467.16 , 225.06
454.84 , 225.06
442.99 , 226.57
431.51 , 228.79
420.54 , 232.12
410.16 , 236.77
400.19 , 242.73
391.24 , 251.41
385.86 , 261.56
396.36 , 257.31
406.74 , 252.44
417.38 , 248.57
428.36 , 245.31
439.71 , 242.81
451.44 , 241.06
463.41 , 239.81
475.74 , 239.81
488.31 , 239.81
