2533795622_1
481.55 , 490.65
478.17 , 510.51
474.32 , 532.15
472.54 , 553.83
471.93 , 575.93
475.66 , 597.29
480.22 , 618.36
486.98 , 637.71
496.64 , 657.56
506.69 , 676.44
517.57 , 695.53
528.81 , 714.5
540.94 , 731.06
556.15 , 748.61
569.78 , 765.63
586.82 , 779.57
602.84 , 792.89
620.94 , 806.13
639.64 , 816.8
657.84 , 825.31
680.97 , 828.24
702.39 , 830.91
722.65 , 826.67
743.61 , 823.74
764.63 , 816.81
784.65 , 807.29
801.31 , 795.6
817.3 , 779.54
829.6 , 762.19
841.81 , 744.29
853.88 , 725.98
864.37 , 708.3
875.19 , 688.38
883.59 , 669.52
891.76 , 647.82
897.83 , 628.01
903.21 , 606.11
906.58 , 585.13
908.83 , 564
909.96 , 542.69
909.5 , 519.21
676 , 498.9
668.51 , 510.51
661.41 , 523.48
656.81 , 537.83
663.86 , 550.77
677.66 , 557.96
691.93 , 562.21
706.4 , 565.32
721.21 , 567.89
735.44 , 567.94
750.9 , 563.85
765.29 , 560.8
779.29 , 554.8
786.29 , 543.18
786.2 , 527.75
783.03 , 513.45
775.59 , 499.44
635.1 , 622.72
646.15 , 614.96
658.48 , 610.69
671.95 , 608.72
685.65 , 607.22
699.73 , 607.97
713.93 , 608.47
728.35 , 608.47
742.68 , 608.72
756.75 , 609.47
769.75 , 612.44
780.98 , 619.82
791.14 , 630.05
786.88 , 642.37
781.1 , 654.22
773.1 , 665.22
764.55 , 676.02
753.7 , 684.46
741.48 , 688.96
727.88 , 690.72
713.92 , 689.71
700.7 , 687.24
688.28 , 683.16
677.23 , 675.34
666.62 , 666.25
656.15 , 656.77
646.85 , 646.22
640.34 , 634.67
645.85 , 624.47
654.5 , 618.07
664.8 , 615.72
675.05 , 613.22
685.5 , 611.23
696.45 , 612.22
707.62 , 612.72
718.95 , 612.97
730.12 , 612.47
740.83 , 610.97
751.9 , 610.22
762.98 , 610.98
772.38 , 615.48
778.6 , 624.22
774.01 , 633.57
767.94 , 642.39
759.53 , 649.56
750.28 , 654.48
740.58 , 657.97
730.1 , 659.97
719.05 , 660.72
707.73 , 660.46
697.4 , 658.22
687.15 , 655.72
677.6 , 651.72
668.25 , 647.13
659.25 , 641.61
651.35 , 633.47
781.1 , 439.09
787.43 , 437.59
794.12 , 436.84
801.18 , 436.84
808.12 , 437.09
814.7 , 438.09
821.05 , 439.59
827.12 , 441.6
833.1 , 443.84
839 , 446.24
844.79 , 449.04
839.1 , 450.59
832.03 , 450.59
825.2 , 450.09
818.5 , 449.33
812.05 , 448.09
805.7 , 446.61
799.65 , 444.62
793.77 , 442.11
787.55 , 440.34
665.8 , 432.74
660.95 , 430.49
655.72 , 429.1
650.29 , 428.27
644.77 , 427.5
639.02 , 427.25
633.39 , 427.75
628.02 , 428.73
622.77 , 430.1
618.02 , 432.6
613.62 , 436
618.89 , 437.25
624.39 , 438
630.14 , 438.25
635.89 , 438.5
641.67 , 438.75
647.3 , 438.25
652.92 , 437.75
658.54 , 437.25
664.17 , 436.75
772.07 , 395.92
775.45 , 381.8
789.15 , 377.4
804.07 , 379.42
818.65 , 382.17
833.82 , 383.67
849.25 , 384.68
863.8 , 387.42
877.1 , 392.93
888.54 , 403.64
895.22 , 416.57
897.32 , 431.45
882.67 , 429.49
870.95 , 419.55
858.32 , 412.17
844.27 , 408.42
828.97 , 407.17
813.67 , 408.42
798.12 , 407.71
784.57 , 402.92
697.59 , 375.99
684.33 , 367.45
669.46 , 363.11
653.51 , 360.97
637.48 , 358.96
620.83 , 358.21
604.31 , 359.21
588.98 , 362.72
575.16 , 369.87
562.61 , 380.41
552.06 , 392.96
568.23 , 394.71
583.78 , 391.7
599.11 , 388.22
615.13 , 386.21
631.91 , 386.71
647.71 , 389.23
663.43 , 391.83
679.78 , 393.21
695.66 , 390.86
