1238488784_1
556.15 , 874
562.06 , 896.75
568.1 , 919.1
575.32 , 941.25
583.6 , 962.78
592.12 , 986.62
603.74 , 1006.89
616.71 , 1026.38
631.58 , 1043.36
649.32 , 1060.63
665.87 , 1076.55
683.5 , 1092.52
701.76 , 1107.54
720.77 , 1121.98
740.29 , 1135.75
760.28 , 1150.31
781.24 , 1161.33
803.11 , 1167.07
827.45 , 1170.34
849.8 , 1168
872.99 , 1164.06
896.69 , 1158.5
919.52 , 1149.54
938.72 , 1138.05
957.04 , 1123.31
972.92 , 1106.55
989.3 , 1087.96
1004.86 , 1068.58
1017.57 , 1050.64
1030.94 , 1030.23
1042.39 , 1009.14
1054.12 , 989.89
1065.92 , 968.01
1075.29 , 947.16
1081.55 , 923.46
1086.21 , 899.49
1088.35 , 877.7
1089.56 , 854.12
1088.55 , 830.56
1086.71 , 807.1
1084.64 , 781.19
763.1 , 809.85
758.06 , 829.15
744.91 , 847.33
736 , 866.6
744.25 , 886.32
764.32 , 896.12
784.42 , 898.37
806.77 , 898.11
828.69 , 897.24
850.14 , 890.79
869.12 , 882.53
890.41 , 872.55
906.32 , 858.5
912.65 , 838.95
903.11 , 819.8
886.8 , 802.9
870.95 , 787.75
708.94 , 968.82
728.02 , 960.34
747.17 , 951.81
766.39 , 943.55
786.37 , 937.31
807.29 , 932.83
827.99 , 927.82
848.89 , 923.32
870.29 , 919.82
892.67 , 918.32
915.64 , 918.07
938.62 , 918.32
959.5 , 922.81
966.4 , 942.37
957.6 , 961.42
944.76 , 979
928.79 , 995.46
911.62 , 1009.41
893.54 , 1020.81
874.14 , 1028.56
853.44 , 1033.57
832.74 , 1038.57
810.74 , 1040.82
788.49 , 1039.09
768.89 , 1032.03
750.94 , 1020.32
735.14 , 1003.77
721.22 , 986.6
717.94 , 969.07
736.39 , 966.56
753.92 , 962.09
771.99 , 958.8
791.42 , 958.32
810.47 , 959.57
829.04 , 957.33
846.24 , 952.34
862.94 , 946.32
879.84 , 940.79
897.94 , 937.57
916.27 , 934.84
934.12 , 931.08
952.44 , 928.32
951.69 , 945.07
940.09 , 959.64
925.62 , 971.88
909.87 , 980.64
893.09 , 986.55
875.89 , 991.56
858.32 , 995.95
840.04 , 998.82
821.09 , 1000.32
801.79 , 1001.06
783.14 , 999.03
765.24 , 995.36
748.54 , 989.35
732.52 , 981.15
873.85 , 704.49
877.6 , 697.24
882.63 , 690.47
888.6 , 683.99
895.58 , 679.51
903.27 , 677.02
911.52 , 675.56
920.08 , 674.74
928.9 , 674.99
937.45 , 675.84
945.25 , 678.14
945.57 , 685.51
938.27 , 689.25
930.93 , 692.73
923.62 , 696.47
915.83 , 698.74
907.73 , 700.5
899.62 , 702.24
891.28 , 703.49
882.8 , 704.49
720.28 , 727.68
713.25 , 723.6
705.98 , 720.13
698 , 718.34
689.53 , 717.59
681.18 , 718.59
673.1 , 720.16
665.35 , 722.4
658.3 , 726.47
651.99 , 732.54
646.68 , 739.09
654.38 , 741.35
662.98 , 741.84
671.45 , 741.09
679.93 , 740.34
688.4 , 739.59
697 , 739.09
705.61 , 738.59
713.78 , 737.24
721.43 , 734.84
835.06 , 685.56
833.56 , 666.08
842.07 , 649.71
854.75 , 634.88
870.43 , 624.49
887.13 , 617.01
904.16 , 610.48
922.03 , 605.6
941.96 , 605.08
960.71 , 608.05
978.31 , 613.33
987.18 , 624.08
968.21 , 626.58
948.73 , 628.11
930.01 , 631.07
911.73 , 635.09
894.93 , 642.21
879.08 , 652.08
863.22 , 661.91
850.53 , 676.6
740.29 , 669.06
728.83 , 656.84
714.92 , 649.67
699.55 , 645.91
682.9 , 644.91
665.75 , 644.91
649.35 , 646.45
634.48 , 651.1
620.78 , 658.79
609.56 , 671.24
601.15 , 684.66
616.05 , 680.13
631.12 , 675.93
646.08 , 671.48
661.12 , 667.18
677.52 , 665.66
692.97 , 669.18
707.4 , 674.91
721.33 , 682.09
737.48 , 684.15
