1240101737_1
990.04 , 1222.54
999.73 , 1261.76
1009.27 , 1298.57
1022.79 , 1338.79
1033.44 , 1375.53
1043.62 , 1415.78
1057.27 , 1455.14
1072.89 , 1492.88
1090.13 , 1528.99
1111.33 , 1562.46
1133.49 , 1595.43
1160.37 , 1629.76
1185.05 , 1661.47
1211.62 , 1691.19
1243.29 , 1718.4
1275.81 , 1737.4
1312.55 , 1755.94
1351.43 , 1769.71
1390.61 , 1780.78
1430.48 , 1785.9
1470.29 , 1783.55
1513.16 , 1777.62
1550.27 , 1770.34
1589.96 , 1758.07
1628.03 , 1741.98
1662.53 , 1720.77
1695.28 , 1694.1
1721.2 , 1663.89
1744.47 , 1633.01
1771.09 , 1600.42
1795.61 , 1566.83
1813.63 , 1530.23
1825.04 , 1491.86
1836.43 , 1454.64
1847.24 , 1414.42
1853.64 , 1374.16
1858.05 , 1335.35
1864.13 , 1294.61
1873.08 , 1255.2
1881.64 , 1214.38
1890.4 , 1173.35
1250.87 , 1166.71
1240.59 , 1193.71
1233.37 , 1222.47
1225.25 , 1250.39
1238.51 , 1278
1265.06 , 1292.2
1291.37 , 1299.96
1322.65 , 1298.81
1353.2 , 1295.9
1378.33 , 1283.17
1405.88 , 1269.52
1432.56 , 1254.06
1454.89 , 1235.73
1461.73 , 1207.77
1451.3 , 1179.11
1436.19 , 1154.02
1417.01 , 1128.65
1211.95 , 1411.77
1230.78 , 1385.18
1257.35 , 1366.11
1286.83 , 1355.25
1317.88 , 1347.5
1351.55 , 1345.27
1383.9 , 1340.26
1412.38 , 1326.25
1442.15 , 1316.31
1473.3 , 1308.78
1506.38 , 1305.27
1539.2 , 1309.27
1568.43 , 1320.75
1586.63 , 1347.37
1572.27 , 1375.72
1553.2 , 1402.27
1529.72 , 1427.24
1506.05 , 1452.17
1480.62 , 1474.36
1453.4 , 1491.53
1424.93 , 1505.51
1394.72 , 1514.78
1362.53 , 1520.02
1327.88 , 1520.29
1298.05 , 1510.4
1272.08 , 1489.65
1247.18 , 1466
1227.17 , 1439.74
1216.45 , 1412.77
1241.98 , 1405.51
1267.03 , 1397.45
1294.62 , 1394.27
1321.6 , 1389.87
1349.12 , 1386.59
1376.9 , 1383.81
1401.25 , 1373.51
1425.25 , 1362.23
1450.05 , 1353.49
1475.33 , 1345.75
1501.33 , 1339.27
1529.25 , 1336.77
1557.4 , 1338.27
1562.15 , 1361.82
1540 , 1378.2
1517.1 , 1392.28
1493.6 , 1404.86
1470 , 1417.23
1446.05 , 1428.67
1421.78 , 1438.95
1396.8 , 1447.26
1370.25 , 1452.5
1342.7 , 1455.77
1313.7 , 1456.02
1286.88 , 1451.25
1261.28 , 1444.08
1237.38 , 1432.47
1456.11 , 1000.6
1468.28 , 990.67
1479.68 , 979.03
1492.16 , 969.82
1505.03 , 961.91
1518.56 , 955.64
1533.26 , 952.08
1548.81 , 950.35
1565.08 , 950.6
1580.13 , 953.36
1593.31 , 960.59
1590.73 , 975.34
1577.51 , 982.44
1563.76 , 987.95
1549.86 , 993.1
1534.93 , 996.1
1519.51 , 998.1
1503.61 , 999.1
1487.68 , 998.1
1472.16 , 999.85
1219.07 , 1025.66
1206.3 , 1015.9
1192.28 , 1009.62
1177.25 , 1005.75
1161.05 , 1004.25
1144.6 , 1005.24
1129.45 , 1008.98
1115.12 , 1014.24
1101 , 1020.16
1087.62 , 1028.28
1077.15 , 1040.75
1091 , 1047.53
1105.7 , 1052.02
1121.28 , 1054.78
1137.48 , 1056.25
1154.05 , 1055.5
1170 , 1053.51
1185.3 , 1050.1
1200.03 , 1045.63
1214.15 , 1039.75
1410.95 , 922.12
1409.2 , 888.64
1436.58 , 873.14
1464.8 , 859.8
1495.1 , 851.49
1528.25 , 849.1
1561.03 , 845.89
1594.85 , 846.39
1628.78 , 845.64
1659.88 , 852.39
1686.23 , 870.92
1693.3 , 894.92
1663.48 , 885.89
1631 , 882.14
1596.8 , 882.39
1563.83 , 885.14
1530.97 , 888.14
1498.85 , 892.64
1468.25 , 900.38
1439.47 , 911.88
1195.39 , 943.14
1183.87 , 922.66
1162.17 , 912.41
1137.17 , 909.66
1111.32 , 908.66
1086.42 , 905.66
1060.94 , 903.91
1038.87 , 912.91
1017.87 , 924.91
998.64 , 941.88
984.63 , 962.13
979.87 , 986.16
1001.77 , 978.69
1023.82 , 969.65
1047.82 , 964.91
1072.94 , 962.41
1097.85 , 959.41
1122.12 , 955.16
1147.12 , 952.41
1173.22 , 951.91
