2536681755_1
792.6 , 1122.6
794.65 , 1154.44
797.61 , 1189.12
805.1 , 1218.59
813.35 , 1253.99
823.21 , 1284.89
835.28 , 1315.79
850.8 , 1345.12
869.39 , 1372.94
889.99 , 1398.49
914.55 , 1423.04
940.88 , 1442.82
969.85 , 1457.96
997.46 , 1475.83
1024.02 , 1497.18
1051.32 , 1516.6
1079.73 , 1534.62
1109.28 , 1551.17
1142.24 , 1560.75
1173.52 , 1565.14
1208.44 , 1564.56
1239.5 , 1556.9
1271.18 , 1546.23
1299.67 , 1529.68
1327.15 , 1509.32
1354.48 , 1487.57
1381.39 , 1467.5
1407.68 , 1450.6
1436.51 , 1432.72
1465.34 , 1413.47
1490.17 , 1392.8
1514.51 , 1366.79
1534.58 , 1340.88
1552 , 1312.02
1565.85 , 1281.53
1576.44 , 1250.23
1583.58 , 1216.58
1588.04 , 1183.58
1589.93 , 1151.21
1591.28 , 1118.85
1591.79 , 1083.1
1091.75 , 1108.5
1078.3 , 1129.94
1064.7 , 1154.6
1053.37 , 1179.86
1060.38 , 1207.52
1085.44 , 1215.16
1114.72 , 1213.67
1140.2 , 1216.25
1168.31 , 1217.86
1196.98 , 1216.24
1223.49 , 1214.68
1253.14 , 1212.8
1275.32 , 1198.9
1277.87 , 1171.4
1262.67 , 1149.41
1245.28 , 1126.06
1230.97 , 1101.48
1020.37 , 1336.85
1040.64 , 1321.32
1062.27 , 1309.44
1084.92 , 1300.62
1108.67 , 1294.11
1134.74 , 1292.35
1160.55 , 1294.6
1186.62 , 1292.85
1211.47 , 1288.6
1236.19 , 1293.1
1262.24 , 1294.85
1287.1 , 1299.1
1310.57 , 1306.12
1333.08 , 1315.34
1324.63 , 1338.05
1308.19 , 1358.03
1288.19 , 1374.28
1267.97 , 1390
1246.42 , 1402.06
1223.64 , 1410.6
1199.39 , 1416.1
1173.2 , 1417.6
1147.99 , 1414.09
1124.24 , 1407.57
1101.72 , 1398.36
1080.42 , 1385.67
1059.89 , 1370.88
1039.87 , 1354.6
1034.87 , 1333.6
1053.14 , 1329.1
1073.37 , 1328.6
1093.22 , 1329.85
1113.57 , 1329.6
1133.52 , 1330.6
1153.99 , 1330.6
1174.1 , 1329.85
1194.3 , 1329.35
1214.39 , 1328.6
1233.87 , 1326.6
1253.02 , 1323.86
1272.37 , 1321.6
1291.62 , 1319.1
1299.75 , 1327.63
1282.47 , 1334.25
1264.52 , 1339.33
1246.45 , 1344.28
1228.07 , 1348.6
1208.95 , 1351.35
1189.07 , 1352.6
1168.8 , 1352.78
1148.89 , 1351.6
1129.27 , 1349.85
1110.14 , 1347.1
1091.27 , 1343.86
1072.39 , 1340.61
1053.39 , 1337.61
1261.6 , 993.85
1271.7 , 979.73
1283.32 , 966.12
1297.35 , 955.6
1312.3 , 947.61
1328.25 , 942.44
1345.75 , 940.36
1363.77 , 941.35
1379.9 , 946.14
1395.12 , 953.36
1409.93 , 961.66
1414.05 , 977.39
1399.38 , 986.08
1383.8 , 992.14
1367.07 , 995.85
1349.17 , 997.1
1331.27 , 995.85
1313.72 , 993.88
1296.92 , 990.35
1279.62 , 992.85
1055.15 , 983.05
1042.06 , 971.9
1027.86 , 963.77
1012.78 , 958.18
996.33 , 955.39
979.15 , 956.71
963.08 , 960.29
948 , 965.87
933.56 , 973.35
919.88 , 983
908.23 , 995.89
922.56 , 1003.7
937.63 , 1009.3
954.03 , 1012.16
971.36 , 1013.14
988.43 , 1011.64
1004.75 , 1008.62
1020.38 , 1004.14
1036.38 , 1000.42
1053.36 , 998.61
1200.6 , 880.24
1225.7 , 854.15
1255.7 , 839.65
1287.7 , 830.39
1321.77 , 825.24
1358.07 , 824.74
1392.57 , 828.98
1423.65 , 840.22
1452.35 , 857.99
1478.85 , 881.99
1497.92 , 910.09
1485.4 , 934.25
1455.67 , 918.97
1425.45 , 905.28
1395.15 , 891.76
1363.57 , 881.74
1329.1 , 877.99
1294.85 , 882.74
1261.9 , 890.25
1229.32 , 897.97
1115.06 , 892.01
1099.05 , 862.21
1067.34 , 849.72
1032.74 , 843.22
996.69 , 839.72
959.29 , 840.47
923.49 , 844.48
890.36 , 853.97
861.21 , 873.71
837.61 , 901.47
823.6 , 932.75
816.36 , 966.97
846.88 , 952.45
875.86 , 932.22
904.34 , 910.48
935.56 , 896.21
971.49 , 892.47
1008.88 , 893.22
1045.41 , 895.72
1081.11 , 899.97
