2538980825_1
299.78 , 388.95
298.78 , 402.09
298.18 , 416.81
298.29 , 430.15
299.97 , 445.03
303.53 , 458.31
308.24 , 471.94
313.73 , 484.95
320.35 , 496.43
328.53 , 508.69
337.52 , 520.28
345.96 , 530.29
355.99 , 540.51
366.41 , 549.74
377.55 , 558.43
389.48 , 566.37
401.71 , 574.03
414.1 , 581.69
425.99 , 587.63
438.8 , 593.18
452.38 , 597.69
466.66 , 598.1
481.01 , 596.04
494.49 , 593.76
508.92 , 589.6
520.54 , 582.98
528.89 , 571.6
534.22 , 558.97
538.02 , 544.43
541.04 , 531.62
545.93 , 517.19
549.68 , 504.68
555.6 , 490.83
561.82 , 479.19
569.85 , 466.49
577.25 , 455.19
583.09 , 442.66
586.66 , 428.43
589.55 , 414.2
589.17 , 400.49
587.28 , 385.78
474.15 , 384.95
467.07 , 394.36
459.66 , 404.07
454.78 , 415.56
456.8 , 427.36
466.04 , 436.01
477.43 , 442.37
488.9 , 447.1
501.02 , 450.75
513.36 , 452.29
524.73 , 448.36
534.85 , 441.75
541.25 , 431.19
542.44 , 418.6
536.5 , 407.81
529.53 , 397.25
526.19 , 384.95
413.39 , 469.6
423.79 , 467.11
435.19 , 466.6
446.69 , 466.35
457.94 , 465.6
469.56 , 465.6
480.84 , 464.85
492.21 , 465.35
503.24 , 464.1
513.79 , 461.86
524.91 , 460.85
535.81 , 462.35
537.13 , 472.93
532.35 , 482.4
527.6 , 491.9
522.65 , 501.33
516.64 , 510.35
508.16 , 517.84
498.51 , 522.09
487.49 , 523.35
476.12 , 522.85
465.21 , 521.38
455.46 , 517.42
446.64 , 510.85
437.84 , 504.3
429.07 , 497.53
421.58 , 489.05
416.39 , 479.73
416.64 , 472.35
425.91 , 471.35
435.06 , 470.1
444.46 , 470.85
453.89 , 471.6
463.51 , 471.85
473.04 , 472.35
482.69 , 472.6
491.99 , 471.57
500.89 , 469.85
509.81 , 468.09
518.74 , 466.34
527.44 , 464.08
531.23 , 470.53
525.61 , 477.88
520.54 , 485.43
515.29 , 492.95
508.62 , 499.61
500.41 , 503.1
490.76 , 503.35
481.12 , 503.1
471.71 , 502.34
463.16 , 499.86
455.12 , 496.08
447.24 , 491.86
439.46 , 487.39
431.54 , 483.22
423.69 , 478.91
529 , 343.77
532.8 , 342.52
536.92 , 341.77
541.4 , 341.77
545.75 , 341.52
550.23 , 341.52
554.6 , 341.27
559.08 , 341.27
563.3 , 341.77
567.3 , 342.79
570.44 , 344.32
566.65 , 345.75
562.55 , 346.53
558.42 , 347.27
553.95 , 347.27
549.7 , 346.77
545.7 , 345.77
541.6 , 345.01
537.48 , 344.27
533.38 , 343.52
457.46 , 349.52
451.43 , 348.3
445 , 347.55
438.9 , 349.04
432.82 , 350.56
426.5 , 351.55
419.93 , 352.05
413.5 , 351.31
407.68 , 349.33
401.95 , 347.08
396.3 , 344.8
401.9 , 347.27
407.55 , 349.8
413.12 , 352.58
419.2 , 354.04
425.88 , 353.8
432.45 , 353.3
438.65 , 352.05
445.2 , 352.55
451.9 , 352.32
526.42 , 315
531.17 , 309
537.92 , 306.25
545.5 , 305.25
553.42 , 305.5
561.22 , 306
569.02 , 306.5
577.07 , 306.5
585 , 306.74
591.01 , 311.57
591.32 , 319.38
586.47 , 325.26
578.79 , 326
571.12 , 325.25
563.19 , 325
555.62 , 324
548.07 , 324.98
541.12 , 327.24
533.35 , 327.69
527.45 , 322.55
482.32 , 323.74
471.44 , 317.12
458.94 , 314.35
445.94 , 312.64
432.49 , 311.89
418.89 , 312.39
405.54 , 313.4
392.62 , 315.27
380.29 , 318.36
368.84 , 323.54
358.24 , 330.89
369.76 , 335.65
383.59 , 335.64
397.06 , 334.89
410.64 , 334.39
424.12 , 333.64
437.72 , 333.14
451.17 , 333.89
464.39 , 335.13
477.74 , 334.14
