2540009576_1
699.44 , 1174.55
696.19 , 1213.62
693.74 , 1257
695.3 , 1300.65
698.28 , 1342.99
706.45 , 1384.9
718.94 , 1426.29
734.37 , 1467.25
750.49 , 1507.24
767.81 , 1546
785.21 , 1583.91
803.44 , 1622.54
826.74 , 1658.14
854.65 , 1690.21
885.92 , 1719.87
916.85 , 1745.96
951.39 , 1772.72
986.95 , 1797.05
1023.55 , 1820.08
1060.98 , 1842.82
1098.82 , 1862.63
1134.97 , 1878.97
1177.82 , 1891.95
1221.43 , 1894.84
1263.15 , 1889.8
1304.29 , 1874.31
1338.31 , 1851.44
1368.1 , 1820.74
1392.19 , 1787.63
1415.35 , 1751.16
1438.88 , 1716.15
1465 , 1677.96
1487.36 , 1643.01
1508.99 , 1607.85
1530.02 , 1571.52
1552.63 , 1530.99
1572.63 , 1494.2
1591.63 , 1456.43
1610.08 , 1419.05
1625.9 , 1380.25
1644.07 , 1338.02
1297.15 , 1312.89
1276.6 , 1336.69
1260.77 , 1366.51
1255.38 , 1398.17
1262.38 , 1433.38
1286.14 , 1454.75
1317.91 , 1466.39
1351.31 , 1475.2
1381.27 , 1485.2
1415.81 , 1487.67
1446.62 , 1481.37
1477.37 , 1463.23
1501.14 , 1441.36
1509.64 , 1411.09
1496.91 , 1379.73
1489.15 , 1347.2
1479.95 , 1312.25
1129.14 , 1577.55
1152.59 , 1570.79
1179.27 , 1571.05
1205.82 , 1571.55
1231.17 , 1574.55
1256.52 , 1577.55
1283.19 , 1577.3
1309.17 , 1579.05
1332.27 , 1586.43
1356.29 , 1592.2
1382.47 , 1591.05
1408.64 , 1589.8
1431.17 , 1598.81
1429.13 , 1623.67
1414.71 , 1644.2
1402.91 , 1665.77
1384.79 , 1684.81
1362.79 , 1695.53
1337.57 , 1698.8
1311.87 , 1696.53
1287.77 , 1690.92
1265.59 , 1680.76
1244.62 , 1667.54
1223.64 , 1654.3
1202.54 , 1641.42
1181.29 , 1628.92
1160.24 , 1615.89
1140.42 , 1599.33
1149.64 , 1580.05
1169.09 , 1584.55
1188.07 , 1589.98
1208.34 , 1592.8
1228.74 , 1595.3
1249.04 , 1598.04
1268.64 , 1602.3
1287.84 , 1607.28
1307.19 , 1612.09
1327.14 , 1615.55
1348.42 , 1616.3
1368.97 , 1614.02
1389.39 , 1611.55
1410.42 , 1610.3
1429.59 , 1611.07
1409.29 , 1613.83
1388.89 , 1616.3
1368.22 , 1618.3
1346.94 , 1619.05
1325.84 , 1618.01
1305.62 , 1615.05
1286.49 , 1609.9
1267.99 , 1603.65
1249.12 , 1598.05
1228.44 , 1596.05
1207.54 , 1594.55
1187.47 , 1591.29
1167.66 , 1587.56
1470.9 , 1129.39
1478.4 , 1113.14
1491.78 , 1098.99
1507.78 , 1090.64
1524.78 , 1085.14
1542.68 , 1081.39
1561.55 , 1079.64
1580.18 , 1081.89
1596.95 , 1087.93
1612.33 , 1097.8
1621.16 , 1113.62
1623.33 , 1132.22
1613.2 , 1147.38
1596.6 , 1153.89
1577.12 , 1153.39
1559.35 , 1149.35
1542.2 , 1144.16
1524.78 , 1139.42
1507.8 , 1133.9
1488.2 , 1134.16
1278.66 , 1081.82
1265.42 , 1064.84
1249.32 , 1049.27
1232 , 1037.1
1213.57 , 1027.81
1194.12 , 1021.6
1173 , 1018.59
1151.27 , 1020.37
1131.8 , 1026.59
1113.72 , 1036.79
1096.92 , 1050.34
1111.07 , 1066.98
1128.39 , 1079.08
1147.14 , 1087.33
1167.2 , 1092.59
1188.2 , 1095.84
1209.77 , 1097.94
1231.92 , 1097.34
1254.12 , 1096.59
1275.02 , 1100.12
1515.66 , 1072.65
1526.76 , 1054.76
1547.19 , 1049.65
1567.21 , 1043.88
1586.26 , 1035.86
1605.19 , 1027.38
1624.49 , 1020.12
1644.91 , 1015.15
1667.76 , 1015.16
1687.16 , 1022.15
1701.9 , 1038.62
1704.67 , 1060.14
1682.71 , 1058.42
1662.26 , 1053.4
1639.91 , 1054.4
1619.14 , 1058.67
1599.26 , 1064.65
1578.71 , 1069.41
1557.93 , 1073.65
1536.56 , 1076.64
1328.57 , 1005.9
1301.8 , 985.04
1273.3 , 968.85
1244.77 , 952.79
1215.82 , 937.75
1185.17 , 927.74
1152.12 , 922.28
1117.42 , 920.78
1084.85 , 927.15
1055.12 , 939.79
1027.47 , 958.03
1063.14 , 958.03
1098.7 , 957.78
1133.02 , 960.57
1166.52 , 965.03
1198.62 , 972.53
1229.3 , 982.56
1258.7 , 996.26
1287.77 , 1011.07
1316.02 , 1027.78
