254040505_1
251.71 , 397.62
258.06 , 411.6
265.62 , 426.92
273.05 , 440.49
281.11 , 453.75
290.27 , 468.31
298.42 , 481.41
307.68 , 495.67
317.46 , 509.29
327.5 , 520.43
340.64 , 530.65
354.43 , 539.24
367.96 , 547.62
383.15 , 555.17
398.55 , 561.48
412.11 , 567.94
427.51 , 573.82
443.36 , 578.49
459.09 , 581.33
475.25 , 582.78
491.3 , 583.01
507.91 , 577.28
521.09 , 569.54
533.86 , 560
546.01 , 547.37
555.5 , 534.83
564.54 , 521.45
573.64 , 507.12
582.81 , 493.68
591.37 , 480.14
596.74 , 466.07
602.79 , 450.23
606.5 , 434.11
608.84 , 419.11
607.66 , 402.05
608.05 , 386.57
606.06 , 369.74
603.73 , 353.61
600.47 , 337.75
597.39 , 322.14
595.08 , 304.98
420.55 , 418.19
418.6 , 428.95
413 , 439.75
413.8 , 451.31
419.52 , 461.77
430.41 , 465.67
442.16 , 464.55
453.65 , 466.25
465.25 , 466.5
476.08 , 460.91
484.63 , 453.26
495.28 , 447.44
501.25 , 437.19
500.6 , 425.58
495.25 , 415.36
483.95 , 411.26
478.6 , 401.1
420.09 , 513.25
426.74 , 507.84
433.29 , 502.06
440.51 , 498.1
447.66 , 493.99
455.19 , 490.97
463.44 , 489.51
471.66 , 488
479.41 , 485.47
487.29 , 483.29
495.41 , 481.51
503.89 , 480.5
512.62 , 481
520.48 , 483.25
524.24 , 490.38
519.53 , 497.3
513.21 , 503.65
506.39 , 508.73
499.21 , 512.75
491.81 , 516.27
483.94 , 518.5
475.81 , 520.25
467.31 , 521.25
459.09 , 522.75
450.84 , 524.25
442.34 , 523.25
434.74 , 520.53
427.29 , 517.21
425.59 , 510
432.69 , 508.77
439.44 , 506.72
446.56 , 505.5
453.46 , 503.73
460.49 , 502.26
467.49 , 500.76
474.49 , 499.25
481.24 , 497.22
487.84 , 495
494.59 , 493
501.51 , 491.32
508.39 , 489.48
515.29 , 487.79
522.25 , 486.33
517.32 , 491.77
510.79 , 494.24
503.76 , 495.73
496.76 , 497.23
489.76 , 498.76
482.76 , 500.23
475.76 , 501.73
468.87 , 503.5
461.96 , 505.25
454.84 , 506.5
447.46 , 507.25
440.21 , 508.25
432.84 , 509
485.4 , 336.5
487.78 , 331.35
491.7 , 326.7
496.25 , 322.63
501.27 , 319.75
506.45 , 317.27
511.67 , 315.01
517 , 312.98
522.8 , 312.01
529.1 , 312
534.52 , 313.76
533.71 , 319.44
528.95 , 322.98
523.8 , 325.59
518.62 , 328.02
513.17 , 329.75
507.5 , 330.97
501.92 , 332.51
496.35 , 333.98
490.92 , 335.75
380.22 , 365.24
374.58 , 361.76
368.65 , 358.99
361.95 , 357.98
355.43 , 359.38
349.07 , 360.99
342.78 , 362.77
336.7 , 364.97
330.65 , 367.41
324.93 , 370.63
320.05 , 375.75
326.62 , 376.99
333.18 , 378.24
340.23 , 378.5
347.02 , 377.75
353.73 , 376.75
360.4 , 375.76
367.1 , 374.76
373.77 , 373.74
379.95 , 371.78
454.44 , 315.32
459.94 , 304.57
470.37 , 298.17
481.12 , 292.58
491.92 , 287.09
502.59 , 281.33
513.51 , 276.31
525.32 , 273.34
538.09 , 273.82
550.12 , 276.3
559.84 , 284.72
549.16 , 287.57
536.29 , 288.32
523.59 , 289.42
511.72 , 292.3
501.44 , 299.07
491.34 , 306.42
481.47 , 314.3
471.62 , 322.32
460.29 , 325.96
392.33 , 327.93
381.31 , 323.68
368.62 , 322.94
355.66 , 322.69
343.09 , 323.69
331.09 , 325.94
319.44 , 328.85
308.76 , 334.21
299.41 , 343.11
293.83 , 353.71
291.59 , 365.69
301.14 , 360.14
310.91 , 352.35
321.24 , 346.2
332.16 , 341.7
344.99 , 341.19
357.59 , 342.19
369.91 , 343.69
382.74 , 344.19
393.73 , 339.79
