2541112439_1
590.75 , 983.75
597.76 , 1011.89
603.25 , 1040.15
610.55 , 1068.69
620.5 , 1095.82
633.15 , 1122.87
646.43 , 1148.41
660.81 , 1174.76
674.7 , 1199.23
691.01 , 1224.65
708.66 , 1245.85
731.54 , 1266.69
754.79 , 1282.57
779.4 , 1300.62
802.29 , 1319.5
824.2 , 1334.63
850.19 , 1348.97
877.29 , 1362.63
903.17 , 1374.79
933.43 , 1381.94
960.89 , 1384.05
989.99 , 1383.32
1020.73 , 1377.58
1048 , 1369.36
1072.27 , 1356.06
1095.56 , 1337.7
1115.01 , 1313.6
1125.51 , 1288.4
1137.2 , 1259.79
1148.23 , 1233.98
1160.34 , 1205.82
1171.79 , 1180.47
1184.83 , 1154.8
1194.99 , 1126.14
1204.63 , 1098.67
1213.36 , 1069.24
1219.58 , 1042.08
1221.38 , 1012.64
1220.58 , 982.59
1216.67 , 953.47
1213.55 , 923.75
891.85 , 908.45
887.4 , 933.03
866.6 , 949.99
855.88 , 974.52
856.07 , 999.36
870.93 , 1022.42
897.7 , 1025.35
923.97 , 1024.61
948.21 , 1034.04
974.23 , 1038.63
999.71 , 1028.09
1020.47 , 1008.7
1042.29 , 997.02
1050.9 , 970.7
1036.82 , 949.15
1017.87 , 931.05
1005.8 , 904.89
804.8 , 1118.46
827.95 , 1107.19
853.47 , 1101.46
879.72 , 1097.21
906.3 , 1093.71
933.75 , 1091.96
961.57 , 1092.96
987 , 1087
1010.32 , 1075.95
1034.5 , 1067.73
1061.22 , 1064.44
1088.65 , 1062.71
1111.48 , 1071.26
1096.64 , 1093.11
1086.81 , 1116.74
1079.29 , 1141.31
1069.93 , 1165.09
1055.97 , 1187.22
1034.62 , 1203.45
1010.97 , 1213.28
985.2 , 1218.46
957.88 , 1220.46
929.8 , 1220.46
905.62 , 1212.21
883.65 , 1197.8
863.17 , 1179.08
843.17 , 1159.09
823.35 , 1139.01
816.05 , 1124.46
837.07 , 1120.46
859.6 , 1121.46
882.47 , 1121.21
905.35 , 1120.96
928.22 , 1120.71
950.12 , 1118.46
971.2 , 1114.44
991.52 , 1108.98
1010.52 , 1100.23
1028.85 , 1089.67
1048.6 , 1083.17
1069.72 , 1079.28
1091.35 , 1076.44
1077.77 , 1092.74
1064.08 , 1109.93
1050.02 , 1126.99
1034.62 , 1143.45
1017.1 , 1156.19
998.35 , 1165.69
977.65 , 1170.46
955.38 , 1171.96
933.35 , 1169.95
912.4 , 1165.7
891.35 , 1161.7
870.75 , 1156.72
851.72 , 1148.15
833.77 , 1136.68
996.05 , 815.95
1000.05 , 805.78
1007.85 , 796.9
1017.1 , 790.17
1026.8 , 784.7
1036.85 , 780.19
1047.4 , 776.92
1058.88 , 775.63
1070.8 , 775.2
1082.33 , 776.45
1092.75 , 779.91
1092 , 788.49
1080.95 , 790.68
1069.9 , 792.92
1059.08 , 795.7
1048.12 , 798.13
1036.75 , 799.69
1025.33 , 801.18
1014.9 , 804.61
1005.27 , 810.23
843.01 , 835.7
840.63 , 829.26
829.36 , 824.98
818.08 , 820.71
806.68 , 816.69
794.66 , 813.94
782.03 , 812.94
769.51 , 814.71
758.13 , 818.68
747.23 , 824.23
736.83 , 830.93
726.56 , 837.94
739.43 , 836.94
752.56 , 836.44
765.66 , 835.94
779.03 , 835.94
792.13 , 835.44
805.01 , 834.44
817.76 , 833.19
830.51 , 833.94
960.55 , 712.23
984.05 , 705.48
1007.45 , 698.46
1032.12 , 693.99
1057.77 , 691.48
1084.4 , 691.98
1109.05 , 696.48
1131.3 , 706.48
1151.67 , 721.63
1168.17 , 741.33
1177.96 , 763.63
1155.03 , 769.21
1131.72 , 761.98
1108.05 , 755.48
1081.67 , 754.48
1055.55 , 755.98
1029.42 , 757.45
1004.88 , 762.22
980.68 , 756.65
967.8 , 735.48
878.87 , 780.76
870.93 , 756.42
850.73 , 736.7
824.65 , 731.92
797.95 , 735.42
772.8 , 742.2
748.11 , 749.7
723.58 , 757.45
700.1 , 768.18
678.21 , 783.14
659.59 , 803.75
646.18 , 826.17
674.11 , 827.17
699.95 , 821.92
723.55 , 811.64
747.03 , 800.89
772.75 , 795.43
800.08 , 793.17
828.36 , 793.42
856.38 , 794.19
