2541112439_2
650.79 , 886.57
652.22 , 911.13
653.63 , 938.34
656.59 , 965.16
660.94 , 989.09
670.87 , 1012.87
685.16 , 1037.41
698.04 , 1059.77
712.85 , 1081.06
727.68 , 1102.5
741.98 , 1124.89
756.09 , 1148.3
769.79 , 1168.87
786.5 , 1191.07
803.3 , 1209.7
824.37 , 1226.8
847.98 , 1239.05
873.84 , 1244.88
898.05 , 1245.95
924.75 , 1246.44
951.44 , 1246.92
977.28 , 1244.36
1004.03 , 1235.92
1026.52 , 1222.4
1045.23 , 1206.07
1063.58 , 1186.03
1080.4 , 1166.9
1099.9 , 1148.89
1118.47 , 1131.32
1135.58 , 1108.82
1149.02 , 1089.2
1165.15 , 1065.31
1182.09 , 1046.6
1193.63 , 1021.94
1201.64 , 999.34
1209 , 973.42
1215.23 , 947.34
1220.41 , 921.19
1221.25 , 896.23
1220.67 , 868.84
1218.64 , 841.37
785.2 , 850.15
779.31 , 868.71
772.58 , 890.38
772.77 , 910.97
788.39 , 925.06
808.63 , 932.5
828.7 , 937.9
850.83 , 938.73
870.18 , 929.29
889.22 , 922.29
909.91 , 922.02
930.77 , 918.99
947.21 , 905.26
949.83 , 883.99
942.35 , 864.6
926.75 , 850.89
920.15 , 829.65
763.21 , 989.14
783.31 , 979.86
804.96 , 974.14
827.29 , 969.86
851.46 , 970.39
874.91 , 972.39
897.86 , 969.37
920.59 , 965.86
944.63 , 965.14
968.69 , 965.89
993.09 , 965.89
1016.66 , 964.13
1036.37 , 970.21
1022.61 , 988.76
1006.79 , 1006.57
991.02 , 1024.34
975.93 , 1042.41
958.49 , 1059.11
939.96 , 1072.89
920.01 , 1082.9
898.54 , 1088.89
875.21 , 1090.64
853.09 , 1086.01
833.49 , 1075.15
814.61 , 1062.52
796.46 , 1047.64
783.22 , 1028.94
773.87 , 1008.79
788.71 , 995.64
805.94 , 992.14
824.29 , 990.89
842.38 , 992.64
861.36 , 992.64
879.84 , 991.64
897.56 , 989.14
914.34 , 984.61
931.96 , 981.89
950.44 , 980.89
968.91 , 979.89
986.63 , 977.39
1004.01 , 974.15
1011.14 , 983.73
997.06 , 995.27
982.88 , 1006.48
968.41 , 1016.96
953.71 , 1026.64
938.79 , 1035.88
923.24 , 1043.37
906.99 , 1048.89
889.71 , 1052.39
871.24 , 1053.4
853.09 , 1051.76
836.31 , 1047.14
821.38 , 1038.06
807.95 , 1025.11
797.71 , 1010.62
922.7 , 739.92
930.53 , 735.88
938.35 , 731.8
946.08 , 727.54
954 , 723.63
962.28 , 720.85
971 , 718.9
980.03 , 717.64
989.43 , 718.17
998.12 , 720.15
1006.05 , 724.01
1005.65 , 732.4
997.4 , 735.21
988.68 , 737.17
979.28 , 737.67
969.62 , 737.67
959.98 , 737.67
950.33 , 737.67
940.78 , 737.42
931.62 , 738.42
790.4 , 745.07
782.08 , 742.02
773.4 , 739.8
764.43 , 738.06
754.98 , 737.28
745.48 , 737.91
736.33 , 739.29
728.18 , 742.77
720.5 , 747.65
713.23 , 753.66
706.85 , 760.78
716.55 , 760.53
725.88 , 761.53
735.45 , 761.03
744.78 , 760.01
753.73 , 758.3
762.58 , 756.28
771.52 , 754.54
780.48 , 752.79
789.8 , 751.77
918.11 , 675.1
921.14 , 653.79
938.61 , 641.35
958.06 , 634.64
978.49 , 629.73
999.49 , 625.98
1021.74 , 626.35
1041.54 , 632.32
1060.34 , 641.09
1078.11 , 652.6
1094.38 , 667.88
1088.98 , 679.01
1071.31 , 667.32
1053.36 , 656.35
1034.31 , 648.11
1013.56 , 644.35
991.68 , 646.28
972.68 , 654.3
955.56 , 667.65
938.21 , 679.83
763.45 , 680.26
751.82 , 670.88
738.82 , 665.12
724.12 , 663.55
709.4 , 665.39
695 , 667.9
681.9 , 673.25
670.12 , 682.27
661.1 , 694.04
653.73 , 706.42
647.3 , 719.12
659.15 , 710.26
670.2 , 699.22
682.02 , 690.38
695 , 684.63
708.8 , 680.87
724.17 , 680.87
737.67 , 685.15
751.12 , 689.44
765.22 , 692.61
