2541125327_1
570.05 , 785.8
569.14 , 809.19
566.44 , 832.45
564.74 , 857.99
564.07 , 881.57
566.49 , 905.87
576.06 , 925.73
590.94 , 945.8
605.39 , 966.24
619.76 , 984.66
635.85 , 1001.63
652.9 , 1019.39
670.81 , 1037.82
687.69 , 1054.64
703.61 , 1071.87
722.82 , 1085.88
742.94 , 1098.85
765.59 , 1110.81
786.15 , 1120.45
809.53 , 1131.5
829.06 , 1141.59
852.51 , 1151.82
876.08 , 1156.95
898.7 , 1155.98
923.74 , 1150.11
945.88 , 1140.95
966.89 , 1130.25
987.39 , 1115.91
1009.71 , 1106.63
1028.54 , 1094.23
1048.16 , 1080.51
1068.51 , 1063.73
1082.58 , 1044.85
1094.11 , 1024.32
1107.1 , 1004.17
1117.82 , 981.69
1124.82 , 958.59
1131.3 , 936.53
1139.86 , 913.06
1149.06 , 890.13
1157.45 , 867
931.35 , 817.7
917.66 , 829.69
905.75 , 843.37
895.45 , 860.89
896.37 , 878.95
906.14 , 894.5
924.27 , 897.48
943.37 , 898.9
961.95 , 901
980.82 , 906.73
999.04 , 910.7
1017.7 , 914.35
1034.5 , 904.8
1041.8 , 887.6
1039.71 , 869.52
1030.62 , 851.72
1026.1 , 833.35
857.27 , 984.24
868.72 , 976.28
881.42 , 971.71
893.94 , 966.72
906.57 , 962.01
919.52 , 957.99
932.32 , 953.75
946.42 , 951.99
959.89 , 954.98
973.75 , 957.24
988.32 , 957.99
1001.42 , 961.74
1012.01 , 972.22
1017.29 , 984.66
1018.52 , 998.99
1018.54 , 1013.94
1008.32 , 1024.48
995.5 , 1028.74
981.67 , 1030.99
967.22 , 1031.99
953.12 , 1030.23
939.64 , 1027.26
927.02 , 1022.49
914.5 , 1017.5
901.87 , 1012.78
889.42 , 1007.52
876.97 , 1002.2
864.88 , 995.86
863.77 , 986.99
873.27 , 984.24
883.22 , 982.24
893.39 , 980.74
903.92 , 979.99
914.47 , 979.24
925.27 , 978.99
935.79 , 979.74
946 , 981.24
956.17 , 982.76
966.47 , 984
976.29 , 986.24
985.07 , 991.03
993.1 , 997.82
999.92 , 1005.86
992.25 , 1008.73
983.54 , 1003.76
974.87 , 998.74
965.62 , 995.34
955.72 , 993.24
945.42 , 991.99
934.87 , 991.24
924.22 , 990.7
914.14 , 988.99
903.6 , 988.24
893.17 , 987.24
883 , 988.74
872.94 , 990.51
1032.1 , 760.41
1036.2 , 750.78
1043.67 , 742.32
1052.9 , 736.87
1062.55 , 732.68
1072.42 , 729.17
1083.67 , 728.41
1094.3 , 730.39
1104.22 , 733.79
1113.43 , 739.24
1121.1 , 747.66
1122.53 , 758.48
1116.08 , 767.18
1106.5 , 771.67
1095.62 , 773.16
1084 , 773.16
1073 , 771.9
1062.38 , 769.91
1051.72 , 767.9
1041.1 , 765.91
896.82 , 730.54
892.35 , 719.13
885.75 , 708.52
875.78 , 700.05
864.6 , 694.86
852.8 , 691.36
839.98 , 689.86
826.83 , 690.63
814.5 , 693.2
802.93 , 697.08
791.85 , 702.36
801.78 , 711.03
812.08 , 718.6
823.15 , 724.15
834.48 , 728.73
846.2 , 732.33
858.33 , 735.35
871.03 , 737.13
883.85 , 738.61
895.62 , 742.12
1053.28 , 709.4
1057.31 , 695.1
1068.23 , 683.43
1081.56 , 676.91
1095.73 , 672.69
1111.25 , 671.15
1126.53 , 673.15
1140.78 , 677.15
1154.58 , 682.13
1167.81 , 688.92
1177.31 , 700.95
1181.53 , 715.2
1168.45 , 712.34
1155.43 , 705.12
1141.31 , 700.9
1126.26 , 698.4
1111.23 , 695.9
1095.83 , 697.63
1082.03 , 702.65
1068.15 , 707.43
964.46 , 667.8
954.96 , 648.71
937.38 , 635.14
917.75 , 627.46
897.05 , 621.96
877.68 , 613.43
854.8 , 612.44
833.4 , 616.43
813.53 , 623.42
794.87 , 633.99
783.18 , 652.18
802.86 , 644.66
822.73 , 637.69
845.11 , 635.68
866.5 , 639.68
886.3 , 646.96
905.48 , 656.19
923.68 , 667.93
941.25 , 681.53
960.71 , 689.32
