2542834954_1
520.79 , 1536.45
538.85 , 1572.25
557.94 , 1611.93
576.42 , 1651.5
597.96 , 1689.54
622.29 , 1728.32
646.55 , 1764.21
669.58 , 1798.03
694.6 , 1833.8
725.25 , 1866.08
756.88 , 1898.13
785.84 , 1931.62
813.59 , 1961.44
844.81 , 1995.97
875.42 , 2025.24
914.18 , 2047.38
954.01 , 2057.33
997.97 , 2057.02
1042.4 , 2050.79
1083.38 , 2043.35
1126.19 , 2028.02
1162.93 , 2004.27
1197.09 , 1977.74
1227.72 , 1949.21
1261.34 , 1918.64
1291.82 , 1889.86
1323.94 , 1858.2
1355.51 , 1827.92
1384.01 , 1794.65
1408.7 , 1759.51
1428.71 , 1720.02
1442.06 , 1680.3
1450.98 , 1635.66
1453.95 , 1594.55
1453.31 , 1548.53
1448.83 , 1503.43
1444.19 , 1463.52
1440.55 , 1417.51
1435.46 , 1373.78
1429.01 , 1333.11
1421.2 , 1286.89
832.85 , 1393.45
817.05 , 1427.91
810.31 , 1465.91
796.62 , 1504.55
794.34 , 1543.51
820.57 , 1571.49
856.65 , 1584.23
898.46 , 1590.16
936.35 , 1586.65
973.12 , 1573
1011.39 , 1558.09
1042.34 , 1533.78
1067.96 , 1505.18
1066.66 , 1466.25
1047.04 , 1432.03
1016.07 , 1407.05
982.39 , 1383.75
768.24 , 1725.93
797.22 , 1699.69
832.19 , 1689.47
866.34 , 1677.83
900.84 , 1666.83
939.16 , 1663.43
976.26 , 1657.42
1009.62 , 1643.3
1044.07 , 1632.15
1081.72 , 1627.44
1119.91 , 1623.75
1158.34 , 1620.58
1197.06 , 1617.94
1209.24 , 1650.68
1192.49 , 1683.18
1172.17 , 1714.28
1147.59 , 1743.86
1118.39 , 1769.56
1087.09 , 1789.34
1053.89 , 1803.9
1019.82 , 1815.86
982.87 , 1822.06
946.22 , 1828.93
907.47 , 1831.43
870.01 , 1826.19
836.57 , 1812.53
806.56 , 1789.03
785.67 , 1758.13
791.24 , 1715.93
823.44 , 1713.93
855.19 , 1710.93
884.47 , 1702.93
915.12 , 1697.67
946.74 , 1694.43
977.51 , 1689.43
1005.44 , 1678.44
1034.39 , 1669.78
1064.39 , 1663.19
1094.77 , 1657.43
1124.62 , 1650.45
1152.72 , 1639.94
1181.04 , 1630.14
1178.42 , 1655.26
1156.09 , 1678.83
1131.32 , 1698.64
1105.57 , 1715.67
1078.41 , 1729.2
1049.12 , 1737.21
1018.87 , 1743.15
988.22 , 1748.43
957.32 , 1753.18
926.91 , 1758.92
896.54 , 1764.69
864.91 , 1767.41
835.07 , 1760.48
810.15 , 1741.08
1012.37 , 1243.18
1027.27 , 1227.53
1041.64 , 1211.65
1056.57 , 1195.98
1073.05 , 1183.28
1091.3 , 1175.69
1111.27 , 1171.78
1132.87 , 1171.18
1153.24 , 1174.3
1171.94 , 1180.71
1189.69 , 1189.94
1193.1 , 1208.69
1175.94 , 1219.37
1158.42 , 1229.2
1139.64 , 1235.43
1118.87 , 1237.68
1097.6 , 1238.93
1075.72 , 1238.93
1053.94 , 1238.68
1033.3 , 1241.18
767.11 , 1278.87
749.11 , 1271.55
730.38 , 1265.89
710.99 , 1261.52
690.21 , 1260.01
670.41 , 1263.55
652.11 , 1270.01
634.81 , 1279.47
618.61 , 1291.92
605.23 , 1307.8
595.76 , 1325.02
615.31 , 1329.01
636.09 , 1330.52
657.21 , 1329.77
677.51 , 1327.27
696.76 , 1322.52
715.24 , 1316.53
733.88 , 1310.8
753.21 , 1306.29
770.79 , 1297.5
935.21 , 1135.45
956.31 , 1102.38
988.66 , 1079.48
1022.71 , 1060.7
1057.76 , 1044.67
1093.93 , 1032.22
1133.16 , 1025.7
1173.38 , 1028.7
1210.71 , 1038.95
1245.88 , 1054.64
1277.88 , 1079.13
1257.18 , 1095.94
1220.29 , 1084.98
1180.66 , 1080.2
1140.11 , 1083.93
1103.61 , 1096.04
1069.49 , 1114.67
1036.99 , 1137.69
1001.63 , 1152.68
965.61 , 1164.35
758.99 , 1181.61
730.99 , 1165.54
697.99 , 1161.29
663.76 , 1159.54
630.29 , 1156.29
596.91 , 1153.29
563.16 , 1156.06
534.22 , 1169.26
509.07 , 1192.69
490.44 , 1219.66
478.69 , 1249.04
508.1 , 1252.66
526.36 , 1226.33
554.54 , 1210.79
587.66 , 1206.79
622.02 , 1208.32
654.54 , 1213.57
686.94 , 1219.04
721.64 , 1218.78
751.71 , 1209.34
