2544906205_1
435.7 , 608.69
439.2 , 626.31
443.78 , 645.36
449.3 , 664.34
456.45 , 682.86
465.4 , 700.67
474.37 , 716.27
485.65 , 732.43
496.86 , 748.3
508.69 , 763.61
521.37 , 778.25
534.35 , 793.11
549.81 , 807.21
565.8 , 818.62
580.86 , 828.01
598.28 , 836.86
618.25 , 843.74
637.13 , 846.96
656.63 , 847.16
676.3 , 845.1
694.25 , 842.81
713.17 , 836.96
731.68 , 830.83
749.41 , 823.42
765.06 , 812.43
778.29 , 798.36
789.52 , 782.45
799.12 , 764.95
807.56 , 746.29
813.15 , 728.04
816.46 , 708.78
819.73 , 689.87
822.78 , 670.47
824.79 , 651.98
827.01 , 631.5
828.53 , 612.76
829.48 , 593.94
829.51 , 573.04
829.27 , 554.13
828.31 , 535.2
825.64 , 514.25
609.1 , 558.85
613.14 , 571.42
601.41 , 581.56
596.29 , 595.6
596.16 , 611.27
604.76 , 624.36
619.97 , 630.21
634.58 , 630
650.94 , 633.56
664.63 , 629.26
680.34 , 625.23
695.35 , 621.41
703.7 , 608.11
703.06 , 592.3
699.59 , 577
687.14 , 568.28
679.1 , 555
591.5 , 703
599.65 , 696.85
607.8 , 690.69
616.38 , 685.63
626.6 , 684.5
636.55 , 682.75
645.85 , 679.72
656.15 , 678.75
666.33 , 677.5
676.52 , 676.25
687.2 , 676.5
697.5 , 677.5
707.55 , 679
717.25 , 681.25
718.28 , 691.42
712.15 , 699.62
703.52 , 704.49
694.67 , 708.82
685.05 , 711.25
674.88 , 712.51
664.92 , 714.26
655.1 , 716.22
645.5 , 718.75
635.92 , 721.24
625.85 , 722.75
615.55 , 721.74
606.4 , 718.43
598.78 , 710.77
601.25 , 702.75
609.92 , 702.99
617.77 , 701.01
625.45 , 698.74
633.75 , 697.75
642.08 , 696.75
650.12 , 695.26
658.08 , 693.5
665.9 , 691.48
673.85 , 689.76
681.92 , 688.26
689.98 , 686.75
698.4 , 686
706.6 , 687.25
714.35 , 688.78
706.52 , 686.75
698.33 , 685.5
689.77 , 686
681.6 , 687.22
673.77 , 689.25
665.92 , 691.23
658.1 , 693.25
650.15 , 695
641.85 , 696
633.55 , 697
625.35 , 698.25
616.67 , 698.5
608.75 , 700.25
677.69 , 503.18
681.41 , 497.45
686.44 , 492.18
691.79 , 487.31
697.49 , 483.42
703.52 , 480.42
709.92 , 478.43
717.17 , 478.68
723.82 , 480.18
730.02 , 482.74
735.68 , 486.34
737.98 , 492.61
732.72 , 497.65
726.77 , 500.86
719.89 , 501.93
712.77 , 502.43
705.39 , 502.43
698.14 , 502.68
691.37 , 503.93
684.34 , 504.67
569.3 , 518.27
563.63 , 515.53
557.8 , 513.23
551.5 , 512.01
544.95 , 511.26
538.4 , 512.01
532.48 , 514
526.8 , 516.86
521.75 , 521.18
517.77 , 526.38
514.93 , 532.01
520.85 , 533.77
527.15 , 535.01
533.7 , 535.76
540.38 , 536.26
546.8 , 535.27
552.61 , 532.83
558.3 , 530.14
564.15 , 528.02
569.53 , 524.51
639.35 , 480.53
651.5 , 467.13
664.22 , 453.91
677.77 , 442.11
692.43 , 433.47
708.52 , 428.51
726.28 , 427.03
744.43 , 427.78
762.33 , 429.03
777.52 , 436.44
787.86 , 450.5
788.13 , 468.53
769.75 , 468.3
753.98 , 462.78
737.05 , 459.53
718.67 , 459.28
700.9 , 460.76
685.33 , 466.8
670.53 , 475.13
656.05 , 484.3
594.96 , 480.63
581.61 , 471.52
566.71 , 466.61
551.38 , 462.54
535.73 , 459.04
518.63 , 458.54
502.15 , 460.27
487.33 , 465.31
473.86 , 474.07
463.63 , 487.04
460.38 , 502.79
462.81 , 518.96
478.93 , 518.99
491.5 , 507.64
505.08 , 499.08
519.75 , 493.66
535.28 , 489.89
551.93 , 488.54
568.53 , 490.06
585.38 , 491.04
