2546411220_1
1004.79 , 1226.29
1018.17 , 1259.02
1034.73 , 1295.05
1052.63 , 1327.13
1071.34 , 1359.32
1090.69 , 1395.45
1108.74 , 1427.93
1126.6 , 1460.4
1143.96 , 1492.87
1163.46 , 1528.17
1180.23 , 1559.54
1197.51 , 1594.46
1214.16 , 1628.88
1227.1 , 1664.16
1240.27 , 1702.12
1252.88 , 1734.95
1267.87 , 1773.62
1288.14 , 1804.79
1310.9 , 1834.36
1341.98 , 1854.93
1380.7 , 1863.17
1418.07 , 1866.13
1454.86 , 1857.56
1490.46 , 1842.83
1520.7 , 1824.21
1552.62 , 1799.33
1580.87 , 1775.81
1608.88 , 1751.59
1636.62 , 1725.55
1664.86 , 1696.47
1690.11 , 1670.44
1717.21 , 1642.79
1743.95 , 1613.04
1765.72 , 1584.4
1786.69 , 1550.61
1802.83 , 1518.86
1819.47 , 1482.84
1834.02 , 1450.14
1850.71 , 1414.09
1869.03 , 1381.75
1888.1 , 1345.8
1102.2 , 1213.7
1089.2 , 1239.14
1075.6 , 1266.89
1067.39 , 1295.59
1077.63 , 1323.41
1101.64 , 1345
1130.55 , 1357.41
1161.31 , 1357.94
1191.28 , 1360.67
1221.42 , 1362.59
1250.75 , 1357.95
1278.6 , 1345.11
1285.6 , 1317.3
1276.38 , 1288.28
1257.58 , 1263.52
1234.05 , 1242
1222.2 , 1213.14
1120.43 , 1454.86
1150.98 , 1449.9
1179.56 , 1458.83
1208.56 , 1467.08
1236.63 , 1477.08
1263.9 , 1489.59
1291.13 , 1502.33
1318.48 , 1514.59
1345.51 , 1527.92
1371.43 , 1544.11
1390.92 , 1568.84
1396.68 , 1599.06
1394.43 , 1630.98
1389.18 , 1661.46
1380.19 , 1690.01
1361.68 , 1715.11
1333.76 , 1725.63
1301.11 , 1726.38
1273.03 , 1716.36
1249.94 , 1692.98
1236.43 , 1665.98
1226.96 , 1637.71
1216.71 , 1609.71
1205.16 , 1582.16
1194.71 , 1554.26
1182.19 , 1526.96
1163.5 , 1501.94
1139.75 , 1479.69
1157.68 , 1479.36
1182.33 , 1479.86
1206.98 , 1480.35
1229.11 , 1486.13
1249.51 , 1496.09
1269.98 , 1505.84
1291.18 , 1513.36
1311.93 , 1522.11
1331.48 , 1534.18
1351.66 , 1544.83
1371.65 , 1555.83
1382.66 , 1575.84
1384.18 , 1599.98
1381.92 , 1623.81
1372.65 , 1644.41
1355.96 , 1662.35
1335.45 , 1672.11
1312.08 , 1669.01
1292.84 , 1656
1278.18 , 1637.36
1268.7 , 1616.81
1259.68 , 1596.11
1250.46 , 1575.48
1241.17 , 1554.88
1231.17 , 1534.48
1216.43 , 1515.86
1197.91 , 1500.83
1177.98 , 1489.68
1309.35 , 1062.62
1315.98 , 1049.47
1327.47 , 1038.25
1340.47 , 1031.12
1355 , 1027.72
1370.72 , 1026.87
1386.27 , 1028.12
1401.7 , 1029.65
1416.3 , 1032.88
1429.95 , 1038.15
1442.97 , 1045.12
1446.8 , 1057.62
1432.3 , 1061.14
1417.72 , 1064.34
1402.4 , 1066.12
1386.25 , 1066.12
1370.35 , 1066.62
1355.02 , 1064.87
1340.1 , 1062.37
1324.67 , 1060.87
1119.75 , 1041.97
1111.23 , 1038.47
1102.4 , 1035.71
1092.85 , 1034.36
1083.15 , 1033.42
1073.42 , 1032.46
1063.48 , 1031.96
1053.83 , 1033.08
1044.6 , 1035.06
1036.2 , 1038.96
1028.95 , 1045.96
1037.53 , 1049.23
1046.75 , 1051.23
1056.58 , 1051.96
1066.62 , 1051.71
1076.2 , 1050.46
1085.8 , 1049.23
1095.38 , 1047.95
1104.95 , 1046.71
1114.65 , 1045.71
1231.5 , 993.8
1258.17 , 964.37
1294.78 , 956.05
1330.58 , 946.23
1367.7 , 939.04
1407.92 , 938.3
1445.1 , 945.4
1479.88 , 957.18
1514.4 , 969.46
1548.2 , 984.02
1580.33 , 1003.12
1558.35 , 1013.3
1522.17 , 1004.02
1486.2 , 994.56
1449.33 , 986.79
1410.3 , 984.05
1370.9 , 986.55
1333.83 , 993.81
1297.6 , 1002.95
1263.08 , 1014.4
1112.89 , 994.85
1100.94 , 982.15
1086.57 , 973.25
1071.04 , 967.5
1054.41 , 964.02
1038.14 , 959.8
1022.87 , 953.29
1007.47 , 947.24
990.62 , 944.78
974.97 , 950.18
961.09 , 960.52
972.02 , 974.21
988.77 , 977.45
1006.19 , 979.26
1023.41 , 981.5
1040.02 , 985.04
1056.12 , 989.51
1071.94 , 994.49
1087.64 , 999.79
1103.52 , 1004.7
