2546515404_1
440.34 , 677.25
449.05 , 693.04
459.56 , 707.56
471.63 , 722.93
483.35 , 738.51
493.48 , 754.12
502.25 , 769.1
513.35 , 784.26
528.42 , 796.61
544.83 , 806.31
559.31 , 816.6
576.31 , 826.58
593.94 , 833.87
610.35 , 839.48
629.55 , 845.33
647.06 , 850.05
665.96 , 854.65
683.74 , 858.7
701.65 , 860.64
721.56 , 859.5
738 , 850.9
753.07 , 841.77
767.05 , 827.91
778.51 , 813.05
788.23 , 798.19
798.51 , 781.31
808.26 , 766.16
818.42 , 750.51
826.55 , 732.7
833.24 , 716.18
840.8 , 698.66
845.09 , 680.58
848.99 , 661.96
850.92 , 642.39
849.76 , 623.8
846.22 , 605.84
843.19 , 587.28
840.29 , 568.22
837.51 , 549.76
834.17 , 531.32
828.6 , 513.3
601.9 , 635.15
600.77 , 649.01
600.24 , 664.55
602.68 , 678.14
614.09 , 688.84
628.56 , 690.19
643.55 , 688.63
657.96 , 685.27
671.83 , 680.48
684.84 , 674.77
697.88 , 667.91
710.34 , 659.75
722.78 , 651.64
726.01 , 636.56
718.73 , 624.45
707.67 , 613.65
696.75 , 603.05
627.56 , 764.19
636.26 , 756
645.63 , 749.64
654.66 , 742.33
663.38 , 734.11
672.56 , 727.19
682.76 , 723.22
692.63 , 718.13
702.78 , 713.96
713.13 , 710.37
723.41 , 706.59
733.83 , 703.17
744.63 , 700.37
756.06 , 698.94
762.75 , 707.52
756.93 , 717.07
751.3 , 726.72
744.18 , 735.81
735.53 , 744.22
726.81 , 752.44
717.51 , 758.98
707.48 , 763.68
696.56 , 766.19
685.03 , 767.44
672.88 , 767.44
660.88 , 767.69
649.46 , 769.19
637.58 , 768.69
637.56 , 761.69
647.13 , 759.45
656.63 , 756.94
666.33 , 754.94
675.41 , 751.72
684.41 , 748.22
693.48 , 744.92
702.56 , 741.69
711.33 , 737.42
719.86 , 732.62
728.28 , 727.47
736.76 , 722.51
745.23 , 717.54
753.56 , 712.19
762.28 , 707.73
754.08 , 713.16
745.76 , 718.51
737.26 , 723.51
728.73 , 728.29
720.26 , 733.26
712.01 , 738.95
703.08 , 742.68
693.76 , 745.42
684.56 , 748.44
675.66 , 752.22
666.33 , 754.95
657.43 , 758.72
648.26 , 761.68
678.94 , 541.02
681.71 , 532.25
686.69 , 524.27
692.76 , 516.7
700.27 , 510.43
708.19 , 505.27
716.62 , 501.5
725.79 , 499.53
735.84 , 499.27
745.39 , 500.52
754.47 , 502.78
756.56 , 511.67
749.74 , 518.96
742.24 , 525.24
734.19 , 530.02
725.69 , 533.52
717.02 , 536.52
707.94 , 538.77
698.37 , 540.02
688.22 , 540.02
568.5 , 573.9
560.7 , 570.18
552.38 , 567.87
543.6 , 566.39
534.23 , 566.61
525.6 , 568.43
517.73 , 571.83
510.22 , 576.31
503.13 , 581.91
497.5 , 589.01
493.4 , 596.64
501.3 , 599.91
510.42 , 600.64
519.55 , 599.89
528.42 , 598.64
537.17 , 597.14
545.33 , 594.45
553.12 , 590.64
560.62 , 586.16
568.42 , 582.37
647.49 , 499.67
654.5 , 485.8
664.96 , 473.22
675.73 , 460.69
687.94 , 449.22
701.04 , 440.14
715.29 , 434.38
731.39 , 432.42
747.22 , 434.4
762.12 , 438.64
776.07 , 445.44
775.54 , 454.65
760.51 , 450.68
744.44 , 449.66
729.09 , 453.16
715.04 , 459.6
701.76 , 468.15
689.09 , 478.42
675.99 , 487.42
662.62 , 495.79
566.56 , 536.2
560.38 , 523.21
546.62 , 518.93
531.5 , 517.43
515.75 , 517.68
500.37 , 518.68
484.75 , 519.18
470.32 , 522.2
457.87 , 529.93
448.77 , 541.78
443.47 , 555.08
440.87 , 569.68
452.97 , 562.84
464.57 , 552.71
477.19 , 545.37
490.47 , 539.93
506 , 539.18
521.37 , 540.18
537 , 540.68
552.37 , 539.68
