2547802012_1
389.7 , 528.3
393.28 , 547.49
398.62 , 566.11
404.4 , 583.7
408.79 , 604.78
416.38 , 621.72
425.87 , 639.33
436.08 , 657.38
447.33 , 672.11
460.75 , 687.81
474.21 , 703.22
487.67 , 717.14
502.32 , 730.87
517.62 , 744.04
531.87 , 755.37
548.85 , 766.97
565.98 , 776.29
585.19 , 783.12
605.08 , 787.31
623.29 , 787.98
643.14 , 786.66
662.6 , 783.03
679.68 , 773.5
697.46 , 763.51
713.63 , 751.25
730.02 , 742.12
746.66 , 731.24
763.91 , 719.77
779.96 , 709.62
794.18 , 694.12
802.34 , 675.95
809.33 , 657.48
814.09 , 639.36
818.74 , 619.21
822.54 , 600.18
826.38 , 581.19
830.3 , 562.31
833.97 , 542.01
837.22 , 521.94
840.05 , 501.87
842.6 , 482.19
634.76 , 528.88
627.49 , 540.97
621.72 , 554.58
621.35 , 569.45
627.72 , 583.08
640.59 , 590.95
654.18 , 596.33
668.32 , 600.31
683.04 , 601.21
699.07 , 601.51
711.96 , 596.03
724.12 , 586.13
731.95 , 574.44
734.85 , 559.54
729.25 , 545.49
722.53 , 532.01
714.93 , 519.04
585.31 , 661.99
596.41 , 652.87
608.18 , 645.61
620.46 , 639.46
632.96 , 634.22
646.48 , 631.24
661.23 , 631.74
675.73 , 632.74
689.76 , 630.74
703.76 , 628.74
718.03 , 630.24
731.21 , 633.89
744.03 , 638.22
756.81 , 642.74
768.06 , 648.74
755.93 , 655.11
743.23 , 659.81
730.61 , 664.7
718.53 , 671.24
706.33 , 677.48
693.76 , 682.49
679.48 , 683.99
665.36 , 682.24
650.73 , 681.49
636.71 , 679.51
624.28 , 674
611.43 , 669.77
598.28 , 666
596.31 , 661.99
606.63 , 659.74
616.46 , 656.46
626.58 , 653.73
637.16 , 652
648.48 , 651.74
659.46 , 652.74
670.41 , 653.74
681.26 , 652.49
691.61 , 650.22
701.86 , 647.75
712.48 , 646.06
723.78 , 646.24
734.86 , 646.99
746.19 , 647.24
737.11 , 646.99
725.78 , 647.24
714.48 , 647.56
703.76 , 649.03
693.26 , 650.98
682.68 , 652.72
671.96 , 654.24
660.63 , 654.49
649.56 , 653.74
638.11 , 653.74
627.38 , 655.21
617.28 , 657.98
607.16 , 660.73
705.55 , 443.68
710.05 , 434.68
718.27 , 427.94
726.82 , 422.17
735.9 , 417.67
745.17 , 413.96
754.9 , 411.18
765 , 409.19
774.72 , 411.95
783.92 , 415.94
790.82 , 424
791.7 , 434.53
786.1 , 443.15
777.25 , 448.21
767.05 , 449.93
756.1 , 449.68
745.75 , 448.18
735.77 , 445.93
726.32 , 442.68
715.5 , 442.18
606.39 , 444.25
598.13 , 437.23
588.9 , 432.76
579.38 , 429.23
569.46 , 426.58
558.58 , 425.8
548.31 , 427.81
538.78 , 431.3
529.43 , 435.37
520.28 , 440.01
511.23 , 444.83
518.63 , 452.97
527.81 , 457.64
537.75 , 460.34
548.38 , 461.58
559.48 , 461.83
570.13 , 460.58
580.28 , 458.31
590.28 , 455.79
599.78 , 452.28
684.82 , 393.64
695.27 , 381.44
707.62 , 371.36
721.32 , 365.14
736.7 , 362.66
753.07 , 362.14
769.42 , 362.64
785.9 , 362.89
802.15 , 363.67
816.77 , 367.6
828.97 , 378.04
817.75 , 382.11
803.27 , 377.9
787.27 , 377.14
771.77 , 379.39
756.52 , 382.18
741.97 , 386.36
727.75 , 391.15
713.85 , 396.88
698.57 , 399.64
635.65 , 385.17
619.53 , 375.17
600.42 , 372.17
580.12 , 371.67
560.58 , 373.67
541.35 , 376.43
522.98 , 380.91
504.73 , 385.65
486.62 , 390.64
469.33 , 397.41
455.55 , 412.17
473.95 , 407.68
492.78 , 404.17
511.28 , 399.92
530.48 , 397.17
550.4 , 395.92
569.98 , 397.92
588.67 , 401.7
608.38 , 403.42
627.95 , 401.43
