12425820_1
291.45 , 370.9
296 , 382.14
300.28 , 393.51
304.84 , 406.38
308 , 418.17
312.61 , 430.77
317.68 , 441.6
324.41 , 452.82
331.57 , 463.53
339.24 , 472.96
348.09 , 482.97
357.45 , 491.28
367.03 , 500.14
375.91 , 508.25
385.68 , 517.32
394.74 , 525.97
404.24 , 533.88
414.18 , 540.68
427 , 545.9
438.97 , 547.97
451.3 , 548.19
463.6 , 543.3
474.57 , 536.23
484.44 , 529.33
493.26 , 519.65
500.94 , 510.04
508.27 , 499.2
514.75 , 489.11
522.19 , 477.97
529.31 , 467.98
536.5 , 456.55
542.27 , 446.35
547.5 , 434.55
551.93 , 421.97
555.19 , 410.23
557.38 , 396.94
558.57 , 384.86
558.87 , 371.47
557.65 , 358.79
557.15 , 346.13
556.65 , 333.34
379.9 , 365.5
375.3 , 375.75
371.49 , 386.31
368.56 , 396.32
373.42 , 406.51
383.38 , 411.06
395.4 , 412.6
405.87 , 412.77
418.01 , 411.68
427.98 , 407.37
439.1 , 403.15
446.55 , 394.85
445.94 , 384.05
439.66 , 374.2
432.02 , 367.4
422.93 , 358.9
414.43 , 351.36
359.45 , 456.36
368.02 , 452.8
376.38 , 448.42
384.88 , 444.34
393.85 , 441.59
403.1 , 439.37
413.05 , 438.61
422.77 , 437.35
431.73 , 434.6
441.7 , 433.86
451.9 , 433.61
461.62 , 432.36
471.1 , 430.61
479.97 , 428.33
475.6 , 436.69
470.7 , 444.86
464.5 , 452.56
457.2 , 459.86
449.25 , 465.35
440.6 , 468.83
431.88 , 472.11
422.4 , 473.86
412.55 , 474.86
402.48 , 475.36
392.88 , 473.88
384.45 , 469.61
376.6 , 463.85
368.17 , 459.6
367.95 , 455.11
375.85 , 455.86
383.77 , 456.61
391.8 , 456.11
399.6 , 455.11
407.4 , 454.11
415.43 , 453.61
422.98 , 452.11
430.02 , 449.63
436.98 , 446.87
443.93 , 444.11
451.38 , 442.38
458.7 , 440.36
465.65 , 437.59
472.43 , 434.66
465.77 , 438.29
458.62 , 440.59
451.68 , 443.35
444.52 , 445.63
437.7 , 448.86
430.65 , 451.36
423.1 , 452.85
415.32 , 453.86
407.4 , 454.61
399.6 , 455.61
391.7 , 456.36
383.65 , 456.86
375.5 , 456.61
432.57 , 314.77
435.32 , 309.52
439.92 , 304.92
444.52 , 300.3
449.89 , 297.79
455.42 , 295.75
461.34 , 294.52
467.5 , 293.77
473.89 , 294.02
479.8 , 295.25
484.86 , 298.4
483.06 , 304.04
478.99 , 308.86
474.04 , 312.52
468.69 , 315.14
462.94 , 316.8
456.92 , 317.76
450.54 , 318.02
444.14 , 317.77
438 , 317.02
362.82 , 326.4
359.05 , 321.93
354.12 , 319.28
348.5 , 318.31
342.62 , 317.8
336.62 , 317.55
330.62 , 317.79
325.47 , 319.79
320.8 , 323.16
316.4 , 327.3
312.65 , 331.8
317.62 , 334.28
322.62 , 336.78
327.67 , 339.05
333.55 , 339.55
339.55 , 339.8
345.17 , 338.8
350.25 , 336.58
355.33 , 334.31
360.15 , 331.3
411.98 , 296.84
414.73 , 288.09
423.08 , 283.83
431.5 , 279.82
439.83 , 275.53
448.06 , 271.03
456.43 , 266.88
466.53 , 266.59
476.41 , 267.34
485.78 , 269.13
493.9 , 273.82
493.18 , 282.08
483.36 , 282.97
473.78 , 284.3
464.61 , 286.62
455.73 , 289.34
447.06 , 292.52
438.16 , 295.16
429.46 , 298.34
420.28 , 300.61
366.57 , 311.33
362.52 , 304.24
355.6 , 299.69
347.32 , 298.46
338.92 , 297.46
330.65 , 296.21
322.12 , 295.46
313.97 , 296.96
306.3 , 299.4
299.4 , 304.01
295.21 , 311.06
293.22 , 318.96
300.2 , 316.46
308.37 , 314.96
316.77 , 313.96
325.17 , 312.96
333.8 , 312.46
342.2 , 311.46
350.6 , 312.46
359 , 313.46
