2547890471_1
449.05 , 360.19
441.73 , 381.03
436.02 , 405
432.48 , 426.89
430.53 , 450.7
430.2 , 473.44
434.18 , 496.47
439.64 , 520.33
446.85 , 542.71
455.06 , 563.97
464.21 , 585.88
476.05 , 607.85
489.8 , 625.43
506.06 , 643.83
523.8 , 658.92
543.56 , 668.59
567.7 , 671.77
591.06 , 672.01
616.05 , 672.81
639.26 , 673.13
661.05 , 670.86
683.92 , 663.92
705.73 , 653.43
726.42 , 643.68
748.6 , 635.52
770.53 , 626.66
790.87 , 616.74
813.82 , 604.94
833.9 , 593.37
853.42 , 581.46
871.04 , 566.59
883.74 , 547.77
895.83 , 525.84
907.33 , 505.59
912.81 , 481.84
916.4 , 460.25
919.93 , 436.35
922.5 , 412.96
922.36 , 389.79
919.67 , 365.31
918.39 , 341.44
508.5 , 344.6
503.94 , 360.05
500.1 , 376.21
501.04 , 394.32
509.17 , 408.33
525.07 , 415.24
540.66 , 412.82
558.19 , 407.76
575 , 405.05
590.84 , 410.93
607.53 , 413.81
622.77 , 408.05
629.12 , 391.94
624.64 , 376.05
612.85 , 362.86
600.12 , 352.55
590 , 337.85
489.06 , 483.96
494.47 , 470.03
506.31 , 458.71
520.51 , 453.95
536.68 , 454.71
552.88 , 455.46
568.93 , 454.46
585.01 , 455.46
599.88 , 458.99
614.76 , 462.47
628.49 , 468.64
642.13 , 475.02
655.88 , 481.02
669.63 , 487.02
672.91 , 501.21
660.51 , 510.97
646.68 , 516.83
631.56 , 519.71
616.31 , 522.46
600.61 , 524.21
584.79 , 525.71
568.61 , 526.46
552.41 , 525.71
536.11 , 526.21
520.04 , 525.21
503.74 , 525.66
491.56 , 515.86
489.31 , 500.41
500.81 , 501.21
504.61 , 489.88
513.06 , 480.21
524.11 , 475.67
536.86 , 474.71
549.59 , 473.71
562.46 , 472.96
575.06 , 471.71
588.03 , 471.71
600.61 , 473
612.78 , 475.21
624.68 , 477.94
636.03 , 481.69
647.66 , 484.98
659.31 , 488.21
661.33 , 495.96
648.49 , 496.21
635.86 , 495
623.86 , 492.5
611.76 , 490.22
599.01 , 489.21
586.04 , 489.71
573.06 , 490.21
560.09 , 489.71
547.36 , 488.71
534.51 , 489.5
522.76 , 492.51
511.88 , 497.68
636.35 , 280.79
643.82 , 273.06
650.6 , 265.04
657.35 , 257.04
665.3 , 250.07
674.25 , 245.79
684.12 , 243.79
694.25 , 245.3
703.27 , 249.28
711.83 , 254.51
720.16 , 260.35
725.57 , 268.79
716.68 , 273.23
707.62 , 277.05
698.25 , 280.06
688.38 , 282.04
677.98 , 283.04
667.25 , 282.79
656.75 , 283.54
646.12 , 283.04
534.23 , 294.65
530.08 , 289.11
524.3 , 285.33
518.5 , 281.78
512.03 , 279.8
504.65 , 279.8
497.98 , 281.3
491.78 , 283.8
485.85 , 287.21
480.59 , 292.25
477.78 , 298.3
479.02 , 305.1
484.5 , 309.28
490.78 , 311.55
498.05 , 311.8
505.08 , 311.05
511.75 , 309.55
517.95 , 307.03
524.08 , 304.28
529.71 , 300.12
596.46 , 223.38
612.61 , 212.14
630.96 , 206.63
650.04 , 202.62
669.51 , 199.38
690.44 , 199.13
710.01 , 202.15
728.11 , 208.04
744.71 , 218.13
760.66 , 230.07
774.73 , 244.91
767.56 , 256.89
750.26 , 248.64
732.88 , 240.6
714.81 , 234.64
695.59 , 230.89
675.41 , 229.13
654.49 , 229.38
633.94 , 230.38
613.74 , 231.64
527.81 , 255.14
523.51 , 246.76
514.46 , 242.2
505.19 , 238.38
494.94 , 236.58
484.76 , 238.46
475.09 , 241.37
466.33 , 246.63
459.77 , 254.94
453.78 , 263.44
447.24 , 271.74
439.61 , 279.61
450.59 , 279.36
459.96 , 275.86
468.69 , 270.57
477.44 , 265.3
486.84 , 261.88
496.81 , 259.6
507.16 , 258.12
518.24 , 258.11
