2548725859_2
761.15 , 1096.52
765.88 , 1127.71
773.86 , 1158.63
782.05 , 1191.42
789.68 , 1223.73
800.5 , 1255.83
810.95 , 1285.85
824.48 , 1316.83
839.01 , 1343.95
853.15 , 1376.15
871.88 , 1402.9
897.02 , 1419.81
927.31 , 1434.97
958.58 , 1448.68
987.79 , 1463.75
1014.78 , 1478.18
1048.21 , 1487.43
1079.26 , 1492.22
1111.44 , 1497.6
1147.07 , 1495.48
1177.45 , 1487.64
1207.81 , 1476.45
1240.94 , 1466.25
1272.88 , 1457.26
1302.83 , 1446.56
1333.13 , 1434.92
1363.98 , 1424.27
1393.17 , 1409.63
1422.75 , 1390.62
1444.06 , 1369.57
1459.66 , 1340.97
1466.4 , 1308.38
1467.06 , 1274.16
1471.49 , 1240.97
1479.72 , 1210.3
1489.59 , 1178.67
1495.11 , 1144.75
1493.95 , 1113.77
1491.86 , 1081.53
1490.51 , 1045.99
1483 , 1014
1049.95 , 958.25
1040.57 , 978.42
1026 , 998.5
1018.22 , 1022.77
1025.08 , 1046.21
1045.1 , 1060.37
1065.29 , 1071.77
1087.92 , 1083.25
1111.7 , 1087.06
1136.52 , 1082.34
1159 , 1074.54
1182.24 , 1068.31
1204.67 , 1057.59
1214 , 1036.2
1210.15 , 1011.78
1201.66 , 989.33
1192.1 , 964.89
977.25 , 1211.09
988.55 , 1188.79
1005.32 , 1168.5
1027.42 , 1156.65
1050.2 , 1146.83
1075.53 , 1142.59
1102.3 , 1143.84
1129.17 , 1144.84
1155.95 , 1143.59
1182.72 , 1144.84
1207.45 , 1150.35
1229.9 , 1161.34
1248.37 , 1180.96
1260.56 , 1202.91
1267.27 , 1227.07
1255.78 , 1249.31
1236.4 , 1268.59
1213.88 , 1279.34
1189.25 , 1285.09
1163.83 , 1289.09
1138.62 , 1293.59
1112.1 , 1295.34
1085.45 , 1293.84
1059.53 , 1290.84
1034.7 , 1285.6
1011.98 , 1275.58
991.5 , 1259.34
980.49 , 1236.89
981 , 1217.34
988.41 , 1197.17
1005.4 , 1180.66
1023.77 , 1168.07
1043.62 , 1159.6
1066.35 , 1157.34
1089.95 , 1157.84
1112.92 , 1156.09
1136.28 , 1155.09
1159 , 1157.34
1181.12 , 1160.81
1201.65 , 1167.5
1220.55 , 1178.65
1236.68 , 1195.74
1249.02 , 1214.21
1244.17 , 1235.71
1225.65 , 1247.85
1205.2 , 1254.58
1183.88 , 1259.85
1161.85 , 1263.59
1139.47 , 1266.59
1116.15 , 1267.59
1092.3 , 1267.59
1069.83 , 1264.84
1047.08 , 1262.62
1026.62 , 1255.87
1006.48 , 1248.32
987.41 , 1237.99
1225.46 , 887.64
1233.33 , 878.27
1243.46 , 872.39
1253.86 , 867.24
1265.31 , 864.65
1277.06 , 862.61
1289.06 , 861.15
1301.41 , 861.89
1312.18 , 865.88
1322.34 , 871.65
1331.56 , 879.99
1331.78 , 892.07
1320.84 , 895.64
1308.86 , 897.14
1296.63 , 898.14
1284.29 , 897.38
1272.41 , 895.64
1260.56 , 893.89
1248.56 , 892.39
1236.71 , 890.64
1028.54 , 886.8
1014.26 , 883.05
999.12 , 881.04
983.94 , 879.05
967.94 , 879.29
952.54 , 880.8
937.87 , 883.8
923.06 , 886.53
908.51 , 889.81
894.69 , 894.4
881.04 , 899.3
895.96 , 896.8
911.14 , 894.77
926.21 , 892.62
941.06 , 890.05
956.46 , 888.58
972.49 , 888.3
988.37 , 887.8
1004.14 , 888.58
1019.41 , 890.33
1192.72 , 805.61
1209.32 , 791.75
1227 , 780.86
1246.25 , 774.37
1266.52 , 769.87
1287.05 , 765.86
1307.57 , 761.83
1328.47 , 758.61
1349.12 , 761.37
1366.24 , 773.89
1376.91 , 791.54
1367.97 , 803.11
1352.07 , 788.11
1333.5 , 779.36
1311.74 , 780.87
1291.95 , 786.37
1272.32 , 792.13
1252.49 , 797.59
1233.3 , 804.12
1213.39 , 809.29
1026.18 , 798.11
1002.48 , 789.17
975.86 , 786.49
948.16 , 786.99
921.21 , 788.99
895.08 , 792.72
870.16 , 799.11
848.21 , 812.59
828.51 , 832.07
812.81 , 853.26
800.06 , 875.49
822.63 , 863.45
844.06 , 848.49
864.93 , 831.84
887.58 , 819.98
913.11 , 814.97
939.83 , 812.49
967.28 , 811.49
994.76 , 812.45
1020.76 , 816.45
