2550744227_1
741.61 , 965.33
741.7 , 998.28
741.67 , 1031.45
741.39 , 1064.74
740.95 , 1101.66
739.56 , 1134.99
737 , 1169.1
740.76 , 1204.27
748.04 , 1236.6
757.47 , 1267.58
775.76 , 1297.43
799.07 , 1322.18
824.83 , 1344.4
850.78 , 1366.32
878.09 , 1387.38
906.24 , 1407.79
935.71 , 1425.7
965.86 , 1442.41
997.25 , 1456.94
1032.25 , 1462.55
1064.49 , 1466.72
1097.55 , 1468.88
1132.09 , 1466.7
1168.19 , 1471.89
1199.64 , 1469.21
1233.12 , 1459.73
1265.62 , 1449.21
1294.25 , 1428.36
1321.1 , 1407.15
1342.83 , 1379.96
1360.58 , 1350.4
1374.1 , 1321.5
1386.33 , 1288.17
1397.61 , 1256.37
1407.53 , 1221.6
1413.06 , 1190.37
1421.02 , 1156.17
1431.01 , 1123.52
1444.16 , 1089.81
1454.34 , 1058.82
1461.09 , 1023.57
1119.55 , 1014.64
1102.94 , 1030.56
1080.13 , 1040.62
1061.26 , 1054.47
1053.72 , 1077.1
1067.03 , 1095.77
1089.86 , 1105.99
1111.33 , 1116.35
1133.8 , 1123.52
1159.44 , 1129.91
1183.1 , 1130.41
1206.82 , 1122.99
1227.8 , 1110.95
1243.88 , 1094.53
1248.18 , 1070.24
1235.5 , 1049.85
1231.64 , 1026.25
1008.4 , 1228.19
1025.72 , 1218.93
1043.5 , 1210.91
1062.4 , 1205.69
1081.35 , 1200.43
1101.72 , 1198.19
1122.72 , 1199.19
1144.08 , 1198.94
1165.2 , 1198.19
1185.58 , 1200.44
1204.5 , 1205.72
1223.33 , 1211.12
1242.25 , 1216.28
1259.88 , 1224.93
1273.22 , 1240.74
1262.95 , 1257.45
1242.92 , 1260.44
1222.9 , 1263.44
1202.4 , 1265.44
1182 , 1267.69
1161.03 , 1268.69
1139.9 , 1269.44
1120.58 , 1264.94
1100.55 , 1261.94
1080.3 , 1259.43
1060.88 , 1255.19
1041.95 , 1249.92
1024.3 , 1241.37
1022.4 , 1228.19
1039.75 , 1226.94
1056.88 , 1228.69
1074.38 , 1229.69
1091.88 , 1230.69
1109.47 , 1229.94
1125.88 , 1233.19
1142.25 , 1236.43
1160.12 , 1236.69
1178.1 , 1236.69
1194.75 , 1239.44
1211.97 , 1240.94
1228.28 , 1244.43
1246.12 , 1244.69
1263.12 , 1242.69
1247.03 , 1245.44
1229.3 , 1244.94
1212.17 , 1243.19
1195.28 , 1240.94
1178.03 , 1239.44
1160.42 , 1238.69
1142.8 , 1237.93
1126.62 , 1234.19
1110.1 , 1231.19
1092.38 , 1230.69
1074.65 , 1231.19
1057.28 , 1229.94
1040.28 , 1227.94
1236.35 , 896.95
1246.5 , 887.31
1257.47 , 879.96
1269.2 , 874.61
1282 , 871.8
1295.65 , 870.7
1309.35 , 871.7
1322.55 , 873.7
1334.57 , 878.21
1346.17 , 883.96
1356.7 , 892.54
1355.18 , 903.95
1341.35 , 903.2
1327.88 , 904.68
1314.67 , 906.63
1301.47 , 908.7
1287.32 , 908.68
1274.02 , 906.88
1261.2 , 904.05
1248.95 , 900.23
1060.05 , 882.16
1049.97 , 872.71
1039.58 , 864.19
1028.2 , 858.31
1016.12 , 854.46
1003.1 , 852.46
989.83 , 850.96
976.05 , 851.45
963.45 , 854.37
952.08 , 860.24
941.85 , 869.21
952.1 , 878.21
962.98 , 885.34
974.65 , 890.24
987 , 893.61
999.88 , 895.97
1013.15 , 897.46
1027.03 , 897.21
1040 , 895.06
1052.6 , 892.21
1200.85 , 809.87
1205.21 , 784.5
1225.9 , 768.6
1251.07 , 763.87
1276.7 , 767.65
1300.6 , 774.87
1324.05 , 782.85
1347.35 , 791.37
1369.67 , 802.88
1390.25 , 819.12
1406.63 , 839.39
1414.39 , 863.17
1394.99 , 859.27
1376.22 , 840.25
1354.05 , 828.37
1328.17 , 825.62
1301.55 , 827.37
1274.32 , 827.37
1248.55 , 823.87
1223.95 , 817.84
1099.46 , 765.48
1073.63 , 754.73
1043.26 , 754.46
1014.34 , 758.23
984.69 , 760.48
956.49 , 765.74
930.16 , 774.53
904.09 , 783.98
878.36 , 794.49
854.92 , 811.03
847.21 , 837.98
871.94 , 825.49
899.06 , 818
927.38 , 812.97
954.29 , 805.16
980.69 , 796.5
1008.99 , 791.47
1038.38 , 788.73
1068.41 , 789.71
1098.66 , 790.73
