2551002855_1
178.09 , 502.8
178.08 , 526.01
178.48 , 549.46
180.18 , 572.44
183.59 , 595.33
189.29 , 617.99
195.91 , 641.88
196.55 , 664.58
199.53 , 687.83
204.11 , 711.11
211.84 , 734.39
221.49 , 755.85
230.39 , 775.46
241.63 , 796.96
252.36 , 817.38
269.14 , 834.7
288.63 , 846.21
313.63 , 846.32
335.18 , 842.35
358.68 , 840.8
383.5 , 840
406.01 , 837.53
429.46 , 831.93
452.1 , 823.51
473.35 , 813.22
494.18 , 802.08
513.19 , 791
533.68 , 777.88
552.06 , 764.83
570.12 , 748.63
584.59 , 731.17
597.61 , 710.94
607.84 , 688.41
615.23 , 666.77
621.29 , 644.83
626.15 , 621.29
630.58 , 597.9
635.3 , 574.39
639.43 , 551.16
641.51 , 527.38
639.95 , 503.61
259.8 , 514.1
253.95 , 529.45
244.65 , 545
235.85 , 559.49
234.91 , 577.32
245.8 , 590.31
260.69 , 601.61
277.11 , 604.62
294.43 , 605.91
313 , 609.4
330.08 , 610.08
344.52 , 600.08
357.17 , 587.25
360.9 , 571.23
355.6 , 554.26
347.05 , 539.55
338.55 , 522.6
231.3 , 706.52
237.18 , 694.87
247.4 , 684.93
258.32 , 677
270.05 , 671.27
283.45 , 669.37
297.62 , 669.52
311.33 , 668.27
324.43 , 665.8
338.53 , 665.27
351.62 , 667.75
364.98 , 669.78
378.45 , 671.53
391.33 , 674.53
403.68 , 678.55
402.77 , 689.54
390.43 , 693.49
377.95 , 697.3
365.55 , 701.27
353.8 , 707.02
341.2 , 710.52
327 , 710.77
313.18 , 711.77
299.23 , 712.52
285.25 , 713.27
271.43 , 712.27
257.7 , 711.02
243.78 , 710.25
241.8 , 697.02
251.33 , 694.01
260.95 , 691.11
270.85 , 688.73
281 , 686.81
291.93 , 686.52
302.52 , 685.52
312.73 , 683.8
322.7 , 681.55
333.28 , 680.52
344.1 , 681.02
354.93 , 681.52
366 , 681.52
376.7 , 682.29
386.8 , 684.27
379.35 , 685.52
368.53 , 685.02
357.65 , 685.42
347.1 , 686.48
336.65 , 687.76
326.45 , 689.5
315.88 , 690.52
305.18 , 691.27
294.23 , 691.02
283.65 , 691.99
273.43 , 693.77
262.85 , 694.77
252.15 , 695.52
368.3 , 443.23
372.15 , 435.36
379.1 , 428.92
386.78 , 424.49
394.78 , 420.99
403.35 , 418.74
412.5 , 417.73
421.4 , 419.21
429.68 , 421.95
437.53 , 425.95
444.94 , 431.08
444.4 , 440.41
437.23 , 446.23
429.5 , 450.46
420.83 , 452.48
411.55 , 453.23
402.5 , 451.98
393.12 , 451.47
384.23 , 449.91
376.05 , 446.98
260.81 , 443.76
258.33 , 437.43
253.59 , 431.73
247.92 , 426.81
241.72 , 423.48
234.59 , 422.23
227.24 , 421.48
220.14 , 422.74
213.72 , 425.6
208.37 , 430.95
205.32 , 437.25
203.34 , 443.98
207.7 , 449.82
213.69 , 453.83
220.44 , 455.83
227.94 , 455.73
235.54 , 455.48
242.64 , 454.21
249.17 , 451.67
255.67 , 449.17
317.69 , 376.67
325.7 , 358.8
345.34 , 354.9
366.24 , 353.42
386.89 , 355.43
406.31 , 360.04
424.62 , 366.85
442.74 , 374.18
461.24 , 380.4
479.17 , 388.41
495.39 , 401.11
493.47 , 415.69
475.49 , 407.95
457.49 , 400.15
439.14 , 393.38
419.94 , 388.42
400.06 , 384.79
379.24 , 383.17
357.62 , 383.17
336.46 , 382.19
277.99 , 377.72
271.14 , 366.3
259.49 , 359.8
246.38 , 356.79
232.56 , 355.29
218.28 , 355.78
206.44 , 361.89
195.38 , 369.95
183.76 , 376.54
172.14 , 383.15
165.01 , 394.54
165.74 , 408.74
179.38 , 410.04
190.96 , 403.33
202.88 , 397.42
214.86 , 391.81
228.08 , 389.04
242.51 , 389.29
256.94 , 389.54
271.23 , 389.05
