2551040213_1
835.43 , 1138.68
837.79 , 1173.69
842.23 , 1208.37
849.45 , 1243
859.01 , 1277.53
869.51 , 1311.13
880.4 , 1343.43
888.47 , 1377.55
895.76 , 1411.38
906.8 , 1444.93
923.13 , 1478.77
942.21 , 1506.27
967.46 , 1533.31
994.49 , 1553.61
1026.86 , 1570.94
1059.45 , 1580.7
1092.78 , 1588.33
1129.26 , 1591.67
1163.68 , 1591.94
1201.34 , 1589
1235.07 , 1583.17
1269.63 , 1577.82
1304.24 , 1568.72
1338.5 , 1560.31
1373.1 , 1553.55
1406.7 , 1542.5
1436.99 , 1525.58
1465.16 , 1505
1491.49 , 1481.75
1516.58 , 1453.89
1538.81 , 1425.73
1556.53 , 1395.01
1567.93 , 1362.18
1576.5 , 1328.79
1583.29 , 1292.93
1584.24 , 1259.05
1588.92 , 1225.23
1590.75 , 1186.7
1593.87 , 1154.01
1598.51 , 1119.25
1599.15 , 1081.05
1037.45 , 1082.55
1026.94 , 1102.33
1021.8 , 1124
1021.31 , 1149.31
1022.76 , 1170.67
1038.11 , 1188.61
1059.08 , 1195.67
1083.11 , 1199.93
1107 , 1197.14
1129.15 , 1197.38
1153.85 , 1197.75
1175.13 , 1194.41
1194.94 , 1182.24
1198.12 , 1158.06
1193.11 , 1135.21
1185.2 , 1113.39
1169.55 , 1095.89
979.1 , 1350.11
1000.43 , 1340.58
1023.48 , 1334.83
1046.85 , 1329.86
1071.45 , 1327.37
1096.28 , 1329.36
1121.95 , 1329.61
1147.4 , 1328.86
1172.7 , 1329.86
1198.4 , 1329.61
1222.92 , 1332.18
1246.35 , 1337.11
1269.72 , 1342.14
1292.05 , 1349.13
1298 , 1369.45
1276.95 , 1380.11
1254.5 , 1386.85
1229.9 , 1389.32
1205.2 , 1391.61
1181.93 , 1396.86
1158.88 , 1402.59
1134.65 , 1405.86
1109.22 , 1405.1
1084.78 , 1402.29
1061.2 , 1397.71
1039.25 , 1390.01
1018.15 , 1379.4
998.08 , 1366.33
1006.6 , 1356.61
1026.05 , 1354.86
1045.42 , 1352.86
1064.9 , 1354.61
1084.47 , 1353.11
1104.8 , 1353.11
1123.92 , 1355.61
1144 , 1356.11
1163.7 , 1354.86
1183.55 , 1355.86
1203.28 , 1357.11
1223.6 , 1357.11
1243.08 , 1358.86
1263.28 , 1359.11
1283.6 , 1359.11
1263.3 , 1359.11
1243.1 , 1358.86
1222.88 , 1359.11
1202.8 , 1359.61
1182.6 , 1359.36
1163.12 , 1357.61
1143.05 , 1358.11
1123.1 , 1357.36
1103.62 , 1355.61
1083.9 , 1354.36
1063.83 , 1354.86
1044.83 , 1357.61
1025.47 , 1359.61
1225.39 , 946.7
1236.66 , 935.43
1247.04 , 923.8
1258.87 , 913.98
1271.74 , 907.11
1285.59 , 902.74
1300.92 , 901.45
1315.67 , 903.95
1329.39 , 908.45
1341.94 , 916.23
1352.67 , 927.73
1356.2 , 941.68
1343.12 , 948.21
1329.52 , 952.93
1314.99 , 955.95
1299.89 , 957.7
1284.04 , 957.45
1269.04 , 955.44
1254.42 , 952.7
1240.02 , 949.44
1004.71 , 953.01
995.5 , 945.54
985.4 , 940.39
975.25 , 935.4
964.3 , 932.38
952.27 , 931.63
941.07 , 934.13
930.7 , 938.38
920.97 , 944.45
912.76 , 953.43
909.32 , 964.13
918.42 , 971.51
928.6 , 976.4
939.55 , 979.36
950.97 , 981.4
963.25 , 981.13
974.25 , 978.2
984.57 , 973.88
995.17 , 970.28
1005.07 , 964.63
1156.01 , 866.32
1169.76 , 843.67
1192.61 , 830.48
1216.56 , 820.28
1241.01 , 811.57
1267.06 , 806.03
1294.88 , 807.1
1320.31 , 813.86
1344.68 , 822.79
1368.56 , 833.33
1389.74 , 851.3
1375.11 , 867.91
1351.46 , 856.56
1327.68 , 845.75
1303.24 , 836.82
1276.46 , 833.36
1250.21 , 838.61
1226.71 , 850.34
1203.88 , 863.7
1180.38 , 875.19
1051.12 , 877.59
1049.26 , 850.94
1028.17 , 836.13
1004.39 , 828.59
979.32 , 823.59
953.02 , 821.09
926.25 , 822.6
902.82 , 830.86
879.57 , 839.6
857.07 , 850.87
837.31 , 869.39
830.87 , 893.84
856.3 , 890.37
879.37 , 881.09
901.8 , 869.66
926.37 , 863.59
953.89 , 863.59
979.47 , 867.6
1003.55 , 874.61
1026.6 , 883.84
