2551040609_1
675.19 , 911.85
679 , 939.65
681.66 , 967.61
684.46 , 995.83
687.68 , 1023.67
694.91 , 1052.66
702.88 , 1078.29
712 , 1106.03
723.18 , 1132.65
733.91 , 1156.78
747.48 , 1182.12
764.72 , 1204.85
788.01 , 1223.08
814.45 , 1235.63
841.2 , 1246.14
866.26 , 1256.21
894.2 , 1266.49
920.59 , 1275.69
947.58 , 1284.22
975.07 , 1290.06
1002.74 , 1292.94
1032.27 , 1292.14
1060 , 1290.58
1087.66 , 1283.75
1114.49 , 1271.62
1135.05 , 1254.39
1156.8 , 1234.09
1176.52 , 1212.87
1195.55 , 1191.39
1213.09 , 1168.9
1226.15 , 1146.19
1240.36 , 1119.51
1250.13 , 1094.11
1257.12 , 1065.51
1261.68 , 1038.41
1266.77 , 1009.24
1270.13 , 982.62
1273.71 , 952.72
1270.35 , 924.47
1269.2 , 896.87
1264.75 , 867.1
898.85 , 861.6
885.04 , 881.88
873.17 , 903.95
865.67 , 925.92
863.89 , 950.97
884.97 , 963.28
908.7 , 964.95
933.11 , 970.56
958.29 , 972.29
981.8 , 968.25
1006.05 , 959.85
1028.8 , 955.95
1048.39 , 938.89
1044.2 , 916.55
1032.5 , 895.1
1018.1 , 872.35
1002.7 , 852.29
889.21 , 1105.88
898.71 , 1093.63
911.19 , 1084.66
923.84 , 1076.25
937.24 , 1069.64
951.19 , 1064.88
966.06 , 1061.89
981.66 , 1060.38
996.31 , 1063.87
1010.29 , 1059.1
1026.01 , 1057.88
1041.61 , 1059.38
1057.09 , 1061.13
1071.63 , 1064.87
1084.52 , 1072.66
1090.43 , 1085.9
1075.88 , 1089.64
1060.63 , 1091.88
1044.68 , 1092.63
1028.34 , 1092.63
1012.74 , 1091.13
996.54 , 1091.38
980.94 , 1092.88
965.81 , 1095.39
950.94 , 1098.38
935.46 , 1100.13
920.09 , 1102.1
905.56 , 1105.87
897.96 , 1103.63
909.74 , 1099.39
921.21 , 1094.13
933.13 , 1090.2
945.71 , 1087.38
958.63 , 1085.38
971.34 , 1082.86
984.29 , 1080.89
997.94 , 1080.38
1011.49 , 1079.63
1025.04 , 1080.38
1038.46 , 1081.38
1052.13 , 1080.88
1065.56 , 1081.88
1077.13 , 1087.06
1066.24 , 1084.9
1053.43 , 1082.63
1039.63 , 1082.38
1025.74 , 1082.38
1012.19 , 1081.63
998.38 , 1081.38
985.21 , 1082.88
971.66 , 1083.63
958.59 , 1085.35
945.76 , 1087.64
933.29 , 1090.6
921.56 , 1095.1
909.84 , 1099.6
1014.87 , 776.85
1023.07 , 767.65
1032.17 , 759.04
1041.8 , 751.95
1051.67 , 745.59
1062.17 , 740.85
1073.62 , 738.35
1086.17 , 738.1
1097.97 , 739.86
1108.55 , 744.34
1118.35 , 750.82
1120.27 , 762.47
1110.82 , 770.1
1100.27 , 774.59
1088.32 , 776.1
1076.02 , 776.85
1063.97 , 778.1
1051.8 , 777.1
1039.49 , 776.35
1027.3 , 777.35
864.03 , 790.85
854.5 , 784.57
844.9 , 778.48
835.38 , 772.19
825 , 768.21
813.58 , 766.45
801.8 , 767.47
790.7 , 769.86
780.38 , 773.93
771.03 , 780.78
763.1 , 789.7
769.01 , 799.37
778.8 , 804.94
789.78 , 807.63
801.65 , 808.45
813.42 , 807.46
824.98 , 805.98
836.15 , 803.7
847.1 , 800.95
858.05 , 798.22
985.13 , 731.04
992.64 , 712.26
1009.46 , 699.5
1027.95 , 690.98
1047.06 , 684.27
1066.7 , 678.72
1086.2 , 672.76
1105.26 , 665.92
1125.31 , 661.02
1146.63 , 661.79
1165.58 , 669.53
1162.63 , 683.54
1141.18 , 683.5
1121.18 , 688.56
1102.18 , 695.52
1083.11 , 702.28
1063.78 , 708.55
1045.01 , 716.17
1026.61 , 725.06
1007.15 , 731.04
869.46 , 731.08
851.29 , 720.62
830.39 , 716.62
807.79 , 716.62
786.54 , 719.87
766.16 , 725
746.59 , 731.58
727.81 , 740.59
710.32 , 752.84
694.72 , 769.2
680.79 , 786.12
699.44 , 776.84
718.19 , 767.72
737.69 , 761.15
758.01 , 755.87
778.69 , 751.35
800.19 , 748.62
822.79 , 748.12
845.62 , 748.12
867.84 , 749.37
