2551561993_1
71.04 , 178.15
69.66 , 192.01
70.15 , 205.96
72.21 , 221.37
74.51 , 235.28
78.17 , 249.98
81.34 , 263.23
84.95 , 278.06
88.73 , 292.67
94.74 , 304.67
104 , 316.65
115.98 , 326.08
128.68 , 333.18
141.11 , 338.41
155.17 , 344.56
168.72 , 348.88
182.19 , 354.03
195.11 , 359.85
209.14 , 365.98
223.08 , 370.41
237.6 , 372.68
252.21 , 374.1
266.68 , 375.66
280.98 , 376.1
295.61 , 374.71
310.07 , 373.89
323.06 , 369.14
334.74 , 359.21
341.25 , 345.77
341.61 , 331.16
343.34 , 317.25
350.32 , 304.24
356.16 , 291.84
360.73 , 277.67
362.66 , 262.57
366.22 , 248.08
370.1 , 235.01
372.29 , 219.79
373.68 , 205.89
374.12 , 191.4
370.83 , 176.27
282 , 170.75
280.11 , 181.69
276.46 , 191.63
275.44 , 203.23
280.05 , 212.9
289.41 , 219.03
299.84 , 219.19
311.35 , 218.8
322.06 , 218.84
333.66 , 218.08
343.05 , 211.59
350.01 , 203.36
355.5 , 193.87
354.88 , 182.88
347 , 175.09
339.71 , 166.28
332.44 , 157.05
250.5 , 272.13
258.23 , 268.15
266.15 , 264.6
274.23 , 261.62
282.52 , 259.14
290.68 , 256.36
298.85 , 253.61
307.43 , 251.63
316.48 , 250.63
325.68 , 251.38
334.85 , 252.13
344.15 , 251.64
352.01 , 255.39
354.77 , 263.56
353.01 , 272.23
351.5 , 281.06
349.01 , 289.36
341.82 , 294.87
333.5 , 297.38
324.2 , 297.88
314.9 , 297.4
306.45 , 295.15
298.38 , 292.16
290.05 , 289.61
281.75 , 287.13
273.68 , 284.15
265.6 , 281.1
257.62 , 277.79
257.5 , 272.38
264.32 , 271.88
271.15 , 271.38
278.23 , 271.38
285.18 , 271.13
292 , 270.63
298.95 , 270.88
305.9 , 271.13
312.85 , 270.88
319.55 , 270.13
326.62 , 270.13
333.45 , 269.63
340.4 , 269.37
346.62 , 267.66
352.41 , 265.36
346.5 , 267.88
340.43 , 269.87
333.85 , 270.88
327.02 , 271.38
319.95 , 271.38
312.88 , 271.38
305.8 , 271.38
298.98 , 270.88
291.9 , 270.88
284.95 , 271.13
278.12 , 271.63
271.18 , 271.88
264.48 , 272.63
319.17 , 127.69
318.44 , 122.84
322.26 , 119.58
326.74 , 118.1
331.69 , 117.59
336.79 , 117.84
341.62 , 118.6
346.21 , 119.83
350.59 , 121.58
354.63 , 124.28
357.39 , 128.29
355.45 , 132.56
351.46 , 135.32
346.84 , 136.58
341.89 , 137.08
337.26 , 138.36
332.31 , 138.84
327.21 , 138.6
323 , 136.4
320.43 , 132.31
259.96 , 129.44
254.91 , 124.68
249.59 , 120.57
244.01 , 117.24
237.89 , 115.46
231.34 , 114.44
224.29 , 114.44
217.59 , 115.2
211.26 , 116.67
205.41 , 119.23
199.71 , 122.19
204.84 , 126.81
210.41 , 130.15
216.21 , 132.94
222.36 , 134.84
228.76 , 136.21
235.69 , 135.94
242.49 , 135.44
249.06 , 134.41
255.61 , 133.42
330.15 , 103.05
332.67 , 98.03
335.77 , 93.17
339.42 , 88.52
343.45 , 84
347.98 , 79.98
352.88 , 77.06
358.38 , 75.57
364.32 , 76.06
369.4 , 78.55
372.15 , 83.55
373.63 , 89.02
373.14 , 94.97
367.4 , 95.05
362.2 , 92.8
356.25 , 93.33
350.9 , 95.05
345.82 , 97.56
340.77 , 100.17
335.47 , 102.03
287.04 , 81.47
275.79 , 70.26
262.64 , 63.81
248.04 , 60.77
232.44 , 59.77
217.12 , 61.26
202.74 , 64.87
189.37 , 70.5
176.27 , 77.12
163.22 , 83.93
150.34 , 91.02
165.57 , 89.27
180.31 , 86.51
194.81 , 83.27
210.02 , 81.52
225.72 , 82.27
240.72 , 84.51
254.91 , 88.34
268.54 , 93.25
283.64 , 95.26
