124787194_1
374.25 , 510.85
377.5 , 526.92
380.51 , 543.08
384.66 , 558.93
390.89 , 576.11
397.25 , 591.24
403.93 , 606.12
412.09 , 622.27
420.7 , 635.95
432 , 650.08
442.92 , 661.22
456.39 , 672.54
470.5 , 683.31
483.31 , 692.94
497.43 , 703.79
510.71 , 713.23
524.75 , 721.62
541.23 , 728.67
556.75 , 732.76
574.11 , 736.03
591.5 , 737.94
607.51 , 733.45
622.79 , 725.59
635.95 , 716.75
649.63 , 705.48
661.29 , 694.66
673.54 , 682.13
684.94 , 668.48
696.01 , 655.54
705.17 , 642.04
715.15 , 627.6
720.82 , 612.58
726.59 , 595.7
729.44 , 580.3
731.52 , 562.78
733.52 , 546.25
734.33 , 529.8
735.56 , 511.98
733.79 , 495.14
732.45 , 477.95
730.7 , 460.75
522.24 , 520.53
517.55 , 534.69
511.51 , 548.6
507.3 , 564.4
510.22 , 579.05
525.2 , 585.45
541.18 , 585.09
556.06 , 587.16
571.14 , 591.07
585.66 , 583.88
599.8 , 577.89
614.53 , 575.01
626.79 , 563.83
626.91 , 549.26
620.65 , 533.69
608.15 , 524.25
598.68 , 512.01
499.05 , 649.36
508.75 , 642.43
518.48 , 635.46
528.15 , 628.48
538.2 , 622.45
548.7 , 617.59
561.27 , 617.86
572.77 , 620.36
584.05 , 617.36
595 , 613.85
607.48 , 614.36
619.48 , 615.86
630.85 , 618.6
641.27 , 623.8
640.83 , 636.24
636.05 , 646.76
628.8 , 656.36
619.48 , 664.45
609.38 , 670.29
598 , 673.11
586.28 , 675.11
574.4 , 676.86
562.3 , 678.11
550.42 , 676.35
539.7 , 672.27
529.6 , 666.43
519.4 , 660.74
509.25 , 655.04
520.05 , 646.11
528.2 , 644.12
536.83 , 643.11
545.58 , 642.36
554.45 , 641.86
563.58 , 641.86
572.7 , 641.86
581.45 , 641.11
590.2 , 640.36
598.48 , 638.62
606.88 , 637.1
615.25 , 635.61
624.02 , 634.86
632.65 , 633.86
640.93 , 632.62
632.55 , 634.11
623.9 , 635.11
615.15 , 635.86
606.75 , 637.35
598.88 , 639.87
590.73 , 641.85
582.2 , 643.11
573.45 , 643.86
564.45 , 644.11
555.45 , 643.86
546.58 , 644.36
537.7 , 644.86
529.17 , 646.11
605.9 , 445.75
607.95 , 438.93
613.5 , 433.38
619.92 , 430.24
626.65 , 428
633.75 , 426.5
641.1 , 425.5
648.82 , 425.75
656.05 , 427
662.67 , 429.51
669.21 , 432.27
670.75 , 438.75
664.77 , 443.13
658.17 , 445.74
651.17 , 447.5
643.7 , 448.25
635.88 , 448.25
628.15 , 448
620.57 , 447.5
612.72 , 447.49
496.56 , 458.88
490.27 , 452.99
483 , 449.71
474.97 , 448.23
466.57 , 447.48
458.3 , 448.46
450.62 , 450.72
443.3 , 453.74
436.25 , 457.61
429.65 , 462.73
423.4 , 468.73
430.55 , 472.23
438.07 , 474.75
446.47 , 475.48
455.12 , 475.73
463.65 , 475.23
471.95 , 474.23
480.1 , 472.97
487.62 , 470.49
494.66 , 466.67
591.69 , 408.48
595.74 , 396.91
606.07 , 389.24
617.94 , 385.73
630.42 , 383.47
642.92 , 381.25
655.12 , 378.3
668.67 , 378.23
681.64 , 379.48
693.99 , 382.02
704.91 , 387.97
702.19 , 398.98
689.59 , 400.99
676.49 , 401.98
663.14 , 401.48
650.14 , 402.75
638.09 , 405.83
626.52 , 409.95
615.02 , 414.23
602.09 , 415.38
502.43 , 416.56
491.13 , 408.79
477.88 , 405.81
463.58 , 406.54
449.88 , 408.56
435.56 , 409.31
421.13 , 408.85
407.68 , 411.31
395.5 , 416.74
384.29 , 424.72
375.93 , 435.81
390.13 , 436.81
404.21 , 438.06
418.63 , 437.56
432.11 , 435.04
445.23 , 431.79
459.18 , 430.31
473.48 , 431.06
488.16 , 431.06
502.23 , 429.82
