2553356442_1
1335.34 , 931.6
1348 , 990.49
1367.8 , 1055.58
1394.7 , 1113.28
1435.87 , 1171.5
1466.73 , 1227.06
1502.08 , 1284.36
1536.55 , 1338.39
1569.03 , 1396.46
1604.77 , 1455.23
1642.29 , 1508.43
1688.41 , 1557.83
1739.49 , 1601.13
1787.55 , 1641.16
1841.22 , 1685.13
1893.78 , 1718.66
1955.75 , 1744.44
2022.59 , 1742.82
2085.27 , 1732.51
2151.5 , 1707.55
2213.8 , 1681.36
2267.86 , 1644.58
2315.29 , 1602.5
2365.55 , 1557.94
2418.07 , 1515.63
2459.44 , 1470.03
2504.96 , 1414.01
2542.2 , 1366.1
2583.48 , 1307.3
2602.46 , 1249.57
2626.12 , 1182.97
2639.1 , 1121.95
2646.52 , 1056.64
2655.79 , 991.16
2664.3 , 920.64
2671.15 , 854.58
2676.55 , 789.36
2671.64 , 724.38
2660.34 , 659.04
2649.35 , 593.95
2641.5 , 525.6
1550.17 , 670.63
1537 , 715.96
1536.09 , 769.22
1546.02 , 823.02
1559.89 , 875.13
1586.12 , 914.83
1634.46 , 931.39
1673.94 , 897.87
1711.73 , 862.1
1765.07 , 849.05
1814.48 , 835.08
1863.51 , 821.08
1901.65 , 787.83
1906.03 , 736.55
1877.84 , 688.34
1843.56 , 654.7
1797.45 , 620.89
1678.43 , 1227.86
1673.93 , 1172.36
1682.17 , 1118.68
1705.23 , 1071.6
1752.58 , 1048.7
1799.05 , 1023.48
1836.73 , 982.12
1889.68 , 972.36
1946.61 , 973.86
2004.18 , 974.11
2059.06 , 979.88
2111.28 , 991.11
2161.18 , 1006.16
2172.68 , 1058.09
2162.34 , 1110.71
2147.44 , 1161.06
2127.16 , 1209.16
2099.98 , 1254.81
2068.42 , 1298.88
2032.23 , 1341.31
1990.73 , 1380.09
1945.41 , 1408.11
1892.73 , 1418.34
1838.33 , 1424.63
1787.48 , 1410.41
1749.17 , 1368.74
1721.77 , 1323.21
1697.09 , 1276.51
1722.43 , 1288.36
1743.3 , 1252.24
1755.64 , 1212.91
1768.42 , 1173.88
1793.69 , 1139.29
1827.81 , 1113.01
1863.86 , 1091.87
1901.31 , 1074.36
1939.93 , 1060.61
1979.16 , 1048.1
2019.53 , 1037.61
2061.93 , 1031.36
2105.33 , 1027.21
2148.66 , 1022.87
2172.93 , 1056.68
2164.95 , 1098.21
2153.44 , 1138.06
2125.38 , 1171.62
2091.88 , 1199.89
2057.98 , 1227.08
2024.06 , 1254.2
1988.86 , 1277.61
1952.01 , 1296.85
1916.66 , 1319.88
1879.41 , 1338.11
1835.28 , 1340.45
1797.43 , 1324.36
1763.18 , 1298.11
1817.63 , 466
1828.11 , 438.95
1839.88 , 412.27
1858.21 , 387.92
1881.41 , 366.48
1907.06 , 351.81
1934.71 , 342.77
1964.66 , 338.23
1996.73 , 338
2027.23 , 341.35
2055.86 , 348.75
2064.26 , 375.13
2040.01 , 393.63
2013.76 , 406.87
1986.93 , 418.22
1959.66 , 428.23
1930.86 , 435.27
1901.13 , 440.25
1871.88 , 446.25
1844.71 , 456.47
1543.74 , 627.06
1526.51 , 606.89
1502.79 , 599.34
1476.93 , 602.61
1453.36 , 610.39
1430.56 , 620.27
1409.29 , 634.35
1389.51 , 652.81
1374.96 , 673.91
1367.58 , 697.74
1365.46 , 724.13
1361.96 , 749.86
1384.51 , 742.13
1407.13 , 731.64
1429.86 , 721.4
1452.41 , 710.59
1474.91 , 699.62
1496.59 , 686.51
1517.09 , 670.23
1535.95 , 650.63
1694.75 , 283.09
1691.75 , 234.06
1728.67 , 201.89
1767.4 , 174.69
1808.33 , 153.25
1851.62 , 138.69
1898.15 , 130.56
1947.75 , 128.81
1996.67 , 131.99
2043.95 , 138.57
2089.07 , 149.56
2086.1 , 172.32
2038.3 , 166.81
1990.5 , 161.31
1941.38 , 160.09
1893.1 , 164.56
1848.08 , 176.05
1806.78 , 196.3
1768.12 , 223.68
1731.8 , 257.55
1442.41 , 407.42
1408.09 , 405.93
1375.79 , 413.67
1346.12 , 427.57
1317.96 , 445.47
1291.32 , 467.64
1266.22 , 493.27
1246.6 , 520.85
1233.05 , 550.64
1225.79 , 583.17
1232.79 , 615.82
1247.58 , 588.62
1261.31 , 558.89
1278.5 , 530.47
1297.04 , 502.55
1321.69 , 476.77
1348.76 , 455.7
1378.49 , 442.2
1412.46 , 437.91
1445.84 , 432.4
