2554718441_1
64.85 , 371
67.34 , 383.64
70.35 , 397.57
73.77 , 410.83
77.18 , 422.97
80.59 , 436.95
83.98 , 449.78
88.73 , 462.06
93.73 , 475.11
99.56 , 487.34
108.13 , 498.92
115.59 , 510.13
123.58 , 520.5
131.36 , 531.95
139.62 , 542.67
148.88 , 553.6
157.81 , 563.75
169.23 , 571.08
181.23 , 574.17
196.03 , 575.62
209.11 , 576.03
222.89 , 576.01
236.19 , 573.8
248.88 , 567.48
259.53 , 559.2
269.88 , 550.09
279.71 , 540.92
289.17 , 530.96
298.69 , 521.76
308.09 , 511.81
316.55 , 501.96
325.86 , 490.88
333.6 , 479.71
339.44 , 467.14
343.96 , 454.73
348.94 , 442.87
353.94 , 429.21
357.69 , 417
360.62 , 402.81
363.18 , 389.18
365 , 375.5
172.12 , 382.67
169.97 , 394.79
162.1 , 404.1
153.85 , 414.89
155.27 , 427.14
166.5 , 433.59
177.96 , 439.37
188.18 , 446.61
200.7 , 447.9
213.18 , 443.57
226.32 , 441.34
237.46 , 437.83
249.32 , 431.42
249.51 , 419.67
243.54 , 407.32
237.32 , 395.9
238.05 , 383
136.34 , 484.35
145.24 , 479.94
154.69 , 476.83
164.54 , 474.59
175.14 , 473.85
185.37 , 475.35
195.59 , 476.85
206.31 , 476.35
216.89 , 475.6
227.24 , 476.85
237.12 , 479.12
246.87 , 481.62
256.64 , 484.09
265.97 , 487.32
260.09 , 495.1
252.16 , 502.3
244.09 , 509.1
235.62 , 514.83
226.69 , 519.38
217.12 , 522.1
206.64 , 523.1
195.81 , 522.85
185.66 , 521.17
176.22 , 518.1
167.59 , 512.85
159.31 , 506.57
151.49 , 499
144.49 , 491.01
138.59 , 484.6
147.91 , 484.83
156.29 , 487.11
165.14 , 488.35
173.99 , 489.6
182.49 , 491.59
191.09 , 493.35
200.54 , 493.35
209.76 , 492.85
218.74 , 491.85
227.81 , 491.1
237.04 , 490.6
246.14 , 489.85
255.34 , 489.35
263.62 , 490.85
254.27 , 491.1
244.94 , 490.85
235.62 , 491.1
226.39 , 491.6
217.29 , 492.34
208.69 , 494.1
199.72 , 495.1
190.77 , 494.1
182.27 , 492.09
173.77 , 490.1
164.79 , 489.1
156.06 , 487.6
147.09 , 486.6
244.4 , 336.31
249.68 , 331.03
255.45 , 327.24
261.55 , 324.15
267.8 , 321.54
274.55 , 320.07
281.9 , 319.81
289 , 320.57
295.65 , 322.31
301.85 , 325.05
307.73 , 328.61
306.1 , 335.15
300.12 , 338.58
293.38 , 340.06
286.4 , 341.06
279.05 , 341.31
272.07 , 340.31
265.2 , 339.06
258.35 , 337.81
251 , 338.09
160.37 , 334.01
154.79 , 329.67
149.01 , 325.91
143.11 , 322.51
136.74 , 320.41
130.01 , 318.91
122.71 , 319.15
115.91 , 320.39
109.64 , 322.79
103.66 , 326.04
97.76 , 329.41
103.16 , 334.3
108.81 , 338.45
115.04 , 340.92
121.73 , 342.41
128.91 , 342.91
135.99 , 342.16
142.91 , 341.17
149.86 , 340.17
156.91 , 339.4
225.53 , 301.66
231.69 , 289
244.78 , 283.41
259 , 280.42
273.08 , 277.12
286.68 , 272.94
300.78 , 269.66
316.46 , 269.63
330.56 , 272.92
343.29 , 279.46
351.29 , 291.63
352.17 , 306.55
339.88 , 298.91
326.15 , 294.92
311.33 , 296.66
296.63 , 298.66
281.46 , 299.66
266.86 , 301.91
252.28 , 304.16
238.28 , 307.66
173.2 , 302.08
168.04 , 291.09
156.96 , 286.4
144.99 , 283.41
132.88 , 280.69
120.81 , 277.93
109.09 , 274.45
96.66 , 272.44
83.99 , 273.94
73.04 , 279.44
66.82 , 290.11
64.06 , 302.18
75.51 , 299.68
87.96 , 297.68
101.13 , 298.18
113.94 , 299.4
125.76 , 302.66
137.61 , 305.92
150.06 , 307.93
162.84 , 309.16
