2554996128_1
416.53 , 580.38
413.47 , 602.11
411.91 , 622.5
412.59 , 644.72
414.02 , 666.8
416.23 , 688.39
421.63 , 709.99
428.96 , 730.81
439.56 , 750.08
445.64 , 770.53
444.4 , 792.05
445.42 , 815.54
453.82 , 835.34
466.78 , 853.57
478.93 , 870.3
497.69 , 884.27
516.72 , 890.99
539.96 , 894.52
561.48 , 892.39
582.74 , 889.35
605.74 , 885.92
626.08 , 883.35
649.33 , 880.39
670.48 , 875.71
691.97 , 869.31
711.09 , 859.94
728.55 , 845.4
746.34 , 833.05
763.59 , 821.74
782.31 , 807.17
798.61 , 793.65
816.4 , 780.43
831.48 , 764.7
843.71 , 746.07
856.91 , 728.1
859.31 , 707.54
862.61 , 684.62
864.34 , 663.06
863.69 , 640.6
862.34 , 619.77
860 , 596.66
515.69 , 583.4
510.43 , 597.95
497.55 , 609.94
488.82 , 623.32
491.93 , 638.96
504.34 , 651.41
517.8 , 662.3
533.7 , 665.62
550.96 , 665.82
566.08 , 658.32
582.05 , 656.35
598.85 , 652.9
613.71 , 646.91
624.4 , 633.79
622.94 , 616.19
616.8 , 600.68
606.85 , 586.85
487.56 , 677.15
503.13 , 680.15
517.61 , 685.42
532.86 , 689.15
547.74 , 693.58
563.91 , 695.4
580.71 , 694.9
597.76 , 694.9
614.46 , 695.65
630.78 , 694.15
646.61 , 691.63
663.43 , 691.15
675.66 , 697.9
663.06 , 708.4
650.01 , 717.7
636.99 , 727
623.51 , 735.19
609.59 , 742.14
595.36 , 748.17
580.54 , 752.66
564.68 , 755.15
547.88 , 755.64
531.81 , 753.65
517.25 , 748.59
507.04 , 735.88
501.06 , 721.65
496.82 , 706.67
492.55 , 691.67
496.06 , 679.15
506.21 , 686.8
516.56 , 693.9
527.46 , 699.56
538.46 , 705.06
550.88 , 707.13
563.74 , 708.33
576.91 , 707.9
589.61 , 706.4
602.21 , 704.66
614.43 , 702.16
626.66 , 699.64
638.88 , 697.16
651.46 , 695.43
654.11 , 701.85
642.86 , 706.36
631.16 , 709.92
619.18 , 712.89
606.96 , 715.39
594.84 , 718.13
582.51 , 720.4
569.68 , 721.65
556.36 , 721.4
543.88 , 719.47
532.43 , 715.4
522.38 , 707.48
512.49 , 699.08
502.97 , 689.58
628.6 , 523.95
634.27 , 520.52
641.12 , 519.7
648.23 , 519.95
655.1 , 520.7
661.77 , 521.88
668.6 , 522.7
675.73 , 522.95
682.95 , 522.95
689.95 , 522.45
697.18 , 522.45
692.78 , 523.45
685.53 , 523.45
678.43 , 523.7
671.43 , 524.2
664.3 , 524.45
657.2 , 524.7
650.2 , 524.2
643.08 , 523.95
635.85 , 523.95
529.54 , 519.6
523.46 , 517.85
517.36 , 516.04
511.41 , 514.08
505.56 , 511.81
499.36 , 510.29
492.99 , 509.08
486.41 , 508.33
479.46 , 508.33
472.89 , 509.07
467.16 , 511.58
473.51 , 512.82
479.84 , 514.1
486.06 , 515.6
492.54 , 516.61
499.24 , 517.08
505.94 , 516.58
512.63 , 517.08
519.11 , 518.09
525.21 , 519.85
594.76 , 479.26
608.61 , 471.42
624.21 , 467.8
641.31 , 468.26
657.49 , 470.74
673.81 , 472.8
689.63 , 476.02
704.96 , 480.22
720.51 , 484.01
735.13 , 489.73
748.76 , 498.26
738.61 , 506.29
722.74 , 503.24
707.03 , 499.77
690.28 , 498.52
673.63 , 497.04
657.01 , 495.51
640.24 , 494.26
623.74 , 492.51
607.63 , 489.91
533.21 , 498.89
528.05 , 488.75
517.95 , 482.62
507.1 , 478.59
496.15 , 474.82
484.9 , 471.57
474 , 467.66
463.17 , 463.57
450.6 , 463.11
439.35 , 466.35
429.9 , 474.32
431.88 , 486.19
442.57 , 489.64
452.9 , 484.07
465.25 , 485.05
476.72 , 487.89
488 , 491.04
498.95 , 494.82
510.47 , 497.56
522.08 , 500.09
