2558572603_1
147.7 , 390.25
146.25 , 403.95
145.46 , 418.95
146.16 , 434.4
147.51 , 449.64
149.09 , 463.75
151.86 , 478.86
157.49 , 493.13
164.42 , 506.1
172.78 , 518.85
181.16 , 530.24
191.42 , 541.76
203.03 , 551.3
215.4 , 559.26
228.47 , 566.28
242.77 , 572.82
257.1 , 578.09
271.49 , 582.21
285.72 , 586.55
300.22 , 590.02
315.42 , 590.13
329.48 , 591.64
344.63 , 591.66
359.06 , 589.55
374.48 , 584.44
388.04 , 578.21
400.91 , 570.8
410.96 , 560.05
420.42 , 548.11
427.91 , 536.03
435.69 , 523.56
443.8 , 509.76
450.27 , 497.19
457.42 , 484.2
462.79 , 470.28
467.32 , 454.63
470.03 , 439.98
471.35 , 425.19
472.73 , 410.62
472.6 , 396.03
471.35 , 380
288.4 , 370.14
279.25 , 378.8
272.3 , 390.44
270.19 , 402.71
275.55 , 415.6
286.53 , 422.76
299.81 , 422.96
312.64 , 420.63
326.25 , 421.66
339.42 , 421.91
352.82 , 425.52
365.28 , 425.19
375.5 , 416.53
379.73 , 403.6
376.9 , 390.8
368 , 381.05
360.19 , 369.94
255.78 , 486.75
262.76 , 478.77
271.03 , 472.5
279.98 , 468.07
288.43 , 462.34
297.4 , 457.97
307.48 , 456.25
317.7 , 457.75
327.65 , 459.74
338.11 , 458.75
348.43 , 460.01
357.68 , 463.49
366.5 , 468.22
374.42 , 475.4
379.78 , 484
381 , 494.3
374.13 , 502.24
364.53 , 505
354.21 , 506.25
343.63 , 507
333.31 , 508.25
322.38 , 508.25
312.06 , 507
301.48 , 506.26
291.88 , 503.47
282.31 , 500.74
273.28 , 496.5
264.23 , 492.46
262.78 , 486.5
269.83 , 483.22
276.93 , 479.84
284.18 , 477.09
291.93 , 475.23
300.31 , 474.75
308.93 , 474.75
317.31 , 475.25
325.45 , 476.27
333.56 , 477.27
341.65 , 478.37
349.9 , 479.13
358.15 , 479.88
366 , 481.5
373.78 , 483.25
368.4 , 483.25
360.11 , 482.57
351.78 , 482
343.4 , 481.5
334.96 , 481.68
326.78 , 480.75
318.63 , 479.74
310.38 , 479
302 , 478.5
293.38 , 478.47
285.61 , 480.23
278.11 , 482.47
270.81 , 485.25
360.75 , 332.92
365.73 , 329.95
370.55 , 326.6
375.7 , 323.96
381.05 , 321.93
386.9 , 320.93
393.07 , 321.17
399.02 , 321.91
404.6 , 323.51
409.58 , 326.5
413.5 , 331.17
412.42 , 336.92
407.22 , 339.42
401.4 , 340.42
395.2 , 340.17
389.38 , 339.19
383.77 , 337.67
378.05 , 336.42
371.73 , 336.42
365.9 , 335.44
281.77 , 327.97
276.85 , 324.03
271.5 , 321.19
265.88 , 319.18
259.75 , 318.19
253.65 , 317.17
247.65 , 318.42
241.85 , 320.1
236.5 , 322.94
231.32 , 326.18
226 , 328.94
231.38 , 331.56
236.78 , 334.2
242.7 , 335.65
248.9 , 336.44
255.38 , 336.19
261.73 , 335.69
267.98 , 334.94
274.1 , 333.91
280.22 , 332.96
343.5 , 292.74
346.75 , 282.24
356.1 , 275.98
366.88 , 273.25
378.73 , 273.74
390.07 , 275.24
401.2 , 277.25
412.07 , 279.73
422.82 , 282.55
432.5 , 287.99
439.26 , 297.19
437.1 , 307.96
426.1 , 310.27
415.23 , 307.75
404.25 , 305.49
393.35 , 303.02
382.25 , 300.99
370.65 , 301.97
359.65 , 304.23
348.35 , 302.64
308.76 , 281.5
307.7 , 267.28
294 , 264.76
279.1 , 264.76
264.68 , 265.76
250.38 , 267.02
236.68 , 269.49
224.15 , 274.52
212.57 , 282.17
201.93 , 292.34
195.41 , 304.36
191.75 , 317.51
204 , 312.76
215.93 , 306.05
228.12 , 300.01
240.93 , 295.77
254.85 , 293.76
269.05 , 292.26
282.98 , 290.26
296.55 , 287.52
