2559502581_1
253.65 , 464.45
254.67 , 480.42
258.71 , 496.31
263.3 , 512.06
269.5 , 528.6
275.03 , 544.22
280.62 , 559.36
282 , 576.95
286.29 , 592.79
293.45 , 608.1
300.09 , 623.09
305.32 , 638.07
311.31 , 654.16
317.07 , 668.82
324.67 , 685.42
335.9 , 695.65
351.86 , 701.12
368.04 , 703.94
385.85 , 702.55
402.12 , 701.22
418.57 , 699.39
434.2 , 693.97
450.04 , 686.4
464.77 , 681.44
480.97 , 675.39
495.15 , 668.27
511.96 , 661.4
527.6 , 656.25
541.65 , 648.12
553.46 , 635.97
563.67 , 623.84
573.24 , 609.46
583.05 , 595.12
590.11 , 581.08
593.59 , 564.68
598.08 , 548.23
601.96 , 531.96
605.34 , 515.67
608.31 , 499.14
610.61 , 482.42
612.39 , 465.4
327.45 , 484.85
321.4 , 494.85
313.75 , 505.1
310.2 , 517.22
312.09 , 530.44
318.65 , 540.5
329.09 , 547.94
341.64 , 549.6
354.51 , 548.51
367.27 , 546.74
380.37 , 544.37
391.93 , 538.95
400.35 , 529.75
401 , 517.86
398.72 , 504.87
390.76 , 494.68
382.85 , 484.15
310.7 , 583.1
319.18 , 579.59
329.25 , 579.35
338.82 , 580.6
348.43 , 581.85
358.5 , 582.1
367.82 , 583.84
377.55 , 584.85
387.62 , 584.6
397.7 , 584.85
407.15 , 586.35
416.4 , 588.36
425.05 , 591.45
433.47 , 595.37
426.57 , 600.72
418.05 , 604.26
409.57 , 607.98
400.77 , 610.78
391.7 , 613.1
382.73 , 615.6
373.5 , 617.6
363.55 , 618.1
353.95 , 616.85
344.6 , 615.12
335.62 , 612.56
328.11 , 606.25
321.82 , 598.73
314.98 , 591.38
318.45 , 586.85
325.68 , 586.35
332.8 , 587.1
339.6 , 588.5
346.5 , 589.64
353.4 , 590.83
360.4 , 591.83
367.5 , 592.64
374.62 , 593.37
381.88 , 593.78
389.23 , 594.1
396.57 , 594.35
404.05 , 594.35
411.4 , 594.1
413.83 , 595.87
407.05 , 597.26
400.23 , 598.6
393.23 , 599.6
386 , 600.08
378.75 , 600.6
371.5 , 600.64
364.4 , 599.86
357.4 , 598.86
350.92 , 596.84
344.65 , 594.33
338.1 , 592.5
331.5 , 590.64
324.92 , 588.83
412.75 , 430.77
416.66 , 424.84
421.72 , 419.29
427.2 , 414.08
433.02 , 409.76
439.35 , 406.77
446.3 , 405.27
453.95 , 405.27
460.9 , 406.77
467.45 , 409.01
473.26 , 413.3
474.92 , 420.09
471.14 , 426.02
464.82 , 429.04
457.52 , 429.77
450 , 430.02
442.7 , 430.77
435.02 , 430.77
427.73 , 430.02
420.3 , 430.52
335.45 , 414.8
332.59 , 409.93
328.25 , 405.55
323.5 , 402.26
318.4 , 399.98
312.94 , 398.5
307.02 , 398.01
301.37 , 398.99
296.1 , 400.82
291.15 , 403.53
287.17 , 408
289.47 , 413.09
294.17 , 416.5
299.45 , 418.25
305 , 419.5
311.14 , 419.5
317.32 , 419.5
323.1 , 418.75
328.9 , 419.5
334.7 , 420.25
381.32 , 389.44
388.43 , 380.35
397.92 , 374.34
407.87 , 369.4
418.3 , 365.96
429.6 , 364.19
441.37 , 364.94
452.89 , 366.18
463.92 , 368.54
474.1 , 372.7
483.2 , 379.79
484.19 , 390.19
472.47 , 390.84
461.1 , 389.21
450.17 , 386.68
438.64 , 385.44
426.87 , 386.17
415.69 , 388.2
404.39 , 389.94
392.75 , 390.94
312.47 , 389.15
309.55 , 383.85
304.6 , 380.06
299.25 , 377.32
293.72 , 375.05
287.65 , 374.05
281.2 , 373.8
275.15 , 374.87
269.65 , 377.11
264.62 , 380.65
259.72 , 384.55
261.46 , 390.24
266.45 , 393.78
272.3 , 392.27
277.8 , 390.02
283.75 , 388.79
290.32 , 388.8
296.1 , 390.43
302 , 391.81
308.07 , 392.83
