2560341685_1
539.64 , 439.3
534.78 , 460.51
530.31 , 481.93
525.01 , 506.04
524.2 , 528.9
523.62 , 551.61
522.63 , 574.24
522.74 , 597.06
526.26 , 620.05
530.11 , 641.55
536.48 , 663.62
545.1 , 684.13
554.38 , 705.83
563.99 , 727.05
569.65 , 749.55
573.85 , 772.27
581.06 , 793.58
596.3 , 808.75
616.55 , 819.5
638.76 , 827.6
660.87 , 834.89
683.84 , 837.76
706.23 , 840.25
729.25 , 841.7
752.16 , 840.5
774.1 , 835.6
794.85 , 829.6
816.89 , 822.39
837.68 , 811.58
857.06 , 799.34
876.55 , 787.65
896.69 , 774.23
913.79 , 760.64
929.1 , 744.23
943.24 , 724.58
954.45 , 705.75
965.92 , 684.71
975.43 , 665.51
984.34 , 643.25
989.25 , 621.75
993.43 , 597.78
654.15 , 472
640.49 , 485.58
628.1 , 500.85
612.35 , 513.07
611.36 , 533.62
620.47 , 549.55
632.31 , 566.53
646.73 , 579.37
666.96 , 584.55
687.31 , 585.6
707.92 , 584.28
725.59 , 579.66
742.66 , 567.17
748.24 , 547.93
746.11 , 528.44
742.42 , 507.89
744.05 , 487.8
579.75 , 619.58
594.95 , 611.12
612.88 , 608.83
630.67 , 611.34
646.38 , 618.61
662 , 626.08
679.42 , 629.33
697.73 , 630.83
714.12 , 636.11
730.05 , 642.56
746.3 , 648.1
762.23 , 654.57
777.14 , 663.9
768.89 , 679.18
755.65 , 692.7
741.15 , 703.21
725.75 , 711.33
709.58 , 717.08
692.12 , 720.33
673.85 , 721.83
655.2 , 721.08
637.5 , 718.33
621.73 , 711.31
606.73 , 702.3
593.24 , 689.03
587.5 , 672.83
587.25 , 653.96
586.01 , 635.53
591 , 620.08
604.9 , 623.08
617.5 , 629.33
630.3 , 634.84
642.85 , 641.15
654.85 , 648.83
669.15 , 651.1
684.55 , 651.08
698.95 , 653.09
713 , 655.83
726.73 , 659.33
740.75 , 662.08
755.17 , 664.05
765.02 , 672.32
753.02 , 680.06
740.05 , 685.09
726.1 , 687.98
711.6 , 689.8
696.95 , 691.33
682.17 , 692.58
667.27 , 691.58
652.5 , 690.33
639.33 , 685.89
626.77 , 679.61
615.16 , 670.73
605.55 , 659.4
598.74 , 647.06
594.25 , 633.9
776.95 , 449.05
785.8 , 443.45
795.65 , 440.34
805.93 , 438.05
816.68 , 436.8
827.68 , 437.55
837.88 , 439.98
847.3 , 444.31
856.35 , 449.46
865.23 , 455.08
873.4 , 462.75
868.63 , 471.05
857.62 , 470.32
846.9 , 469.01
836.48 , 467.06
826.2 , 464.8
816.1 , 462.2
806.48 , 458.56
796.75 , 455.3
786.23 , 453.56
673 , 413.75
667.35 , 406.5
660.15 , 400.38
652.7 , 394.96
644.77 , 390.77
636.4 , 387.99
627.35 , 386.5
617.92 , 385.75
608.65 , 386.73
600.38 , 389.88
592.5 , 394
598.13 , 401.37
605.62 , 406.63
613.67 , 410.43
622.2 , 412.96
631.23 , 414.5
640.75 , 415
650.05 , 415.99
658.85 , 417.98
667.68 , 419.97
778.85 , 384.01
794.58 , 377.75
812.4 , 379.76
830.83 , 380.51
848.05 , 383.72
863.98 , 389.63
879.35 , 397.26
894.23 , 406.14
908.2 , 417.51
917.82 , 431.99
925.26 , 447.41
911.48 , 440.01
897.55 , 428.48
883.48 , 417.38
868.5 , 408.75
852.88 , 402.03
836.15 , 397.77
818.58 , 400.26
801.1 , 403.01
783.6 , 400.46
664.9 , 372.58
665.01 , 361.44
660.92 , 351.19
654.19 , 341.86
645.12 , 334.3
635.04 , 329.58
623.54 , 328.09
611.92 , 326.84
600.17 , 327.84
589.57 , 331.18
579.87 , 336.9
571.42 , 345.59
582.82 , 343.83
593.6 , 340.82
605.69 , 341.09
616.17 , 344.59
626.04 , 349.94
634.94 , 357.86
644.24 , 364.66
654.35 , 369.27
