2562123281_1
374 , 509.99
379.46 , 525.57
385.37 , 540.44
391.62 , 555
395.9 , 571.69
400.13 , 587.66
403.99 , 604.09
407.84 , 620.32
412.8 , 636.01
418.92 , 651.6
425.61 , 666.44
434.54 , 681.42
444.93 , 692.71
458.33 , 702.46
473 , 710.43
487.5 , 720.04
503.26 , 725.43
517.42 , 731.92
532.7 , 739.68
549.18 , 744.98
564.44 , 748.09
581.53 , 750.01
597.81 , 746.7
612.9 , 741.77
627.94 , 734.77
642.93 , 725.16
655.68 , 714.87
667.4 , 703.04
679.37 , 692.79
692.44 , 681.71
703.87 , 669.55
712.72 , 655.44
719.49 , 639.64
724.34 , 624.84
727.48 , 607.77
731.51 , 591.53
732.8 , 575.87
732.64 , 558.8
736.72 , 542.43
738.66 , 525.53
739.14 , 508.85
542.8 , 497.35
538.29 , 508.55
532.78 , 520.58
528.5 , 533.53
526.43 , 547.48
527.92 , 559.72
538.64 , 567.22
551.42 , 566.39
564.99 , 565.06
578.38 , 564.24
591.81 , 565.37
602.47 , 558.18
607.02 , 546.55
604.8 , 533.33
600.37 , 520.91
593.07 , 508.78
587.55 , 496.64
502.95 , 637.76
510.7 , 630.01
519.2 , 624.26
528.08 , 619.51
537.02 , 614.98
546.67 , 612.28
557.65 , 612.26
568.27 , 613.01
578.3 , 611.02
588.3 , 609.02
599.17 , 609.26
609.67 , 610.26
619.02 , 613.58
627.62 , 619
634.4 , 625.04
626.33 , 631.88
618.4 , 639.27
610.17 , 645.77
601.2 , 650.26
591.73 , 653.25
581.45 , 654.76
570.95 , 655.76
560.23 , 656.27
550.12 , 654.44
540.73 , 651.28
531.67 , 647
522.7 , 642.51
513.58 , 638.52
510.45 , 634.26
519.27 , 634.76
528.02 , 634.01
536.25 , 632.26
545.23 , 632.01
554.08 , 632.51
563.05 , 632.26
572.02 , 632.01
581.1 , 632.01
589.6 , 630.76
597.95 , 629.26
606.45 , 628.01
614.8 , 626.53
622.83 , 624.24
630.86 , 622.48
623.2 , 625.51
614.95 , 627.26
606.48 , 628.51
597.98 , 629.76
589.5 , 631.01
581.02 , 632.26
572.17 , 632.76
563.2 , 632.51
554.23 , 632.76
545.25 , 633.01
536.4 , 633.51
527.67 , 634.26
519.08 , 635.26
604.65 , 448.87
609.76 , 442.02
616.4 , 436.37
623.35 , 431.44
630.73 , 427.61
638.25 , 424.4
646.07 , 421.85
654.52 , 420.62
662.98 , 421.85
670.5 , 425.13
677.1 , 431.05
677.17 , 440.07
670.65 , 446.12
663.58 , 450.63
655.75 , 453.14
647.05 , 453.87
638.6 , 452.62
630.15 , 451.37
622.05 , 449.38
613.22 , 449.87
504.18 , 449.46
497.1 , 445.39
490.45 , 440.2
483.4 , 436.08
475.75 , 433.53
467.48 , 432.3
458.9 , 432.93
451.15 , 435.3
444.03 , 439.3
437.36 , 444.47
431.28 , 450.8
437.83 , 456.35
444.85 , 460.61
452.43 , 463.21
460.9 , 464.05
469.55 , 463.55
477.8 , 462.28
485.35 , 459.57
493.13 , 457.3
501.08 , 455.3
593.59 , 398.28
602.11 , 388
613.87 , 383.51
626.47 , 380.81
639.67 , 379.25
653.22 , 380.03
666.17 , 382.02
678.49 , 385.3
690.27 , 389.72
701.39 , 396.05
711.54 , 404.98
705.54 , 412
694.07 , 406.75
682.91 , 400.59
671.14 , 396.05
658.54 , 393.28
644.87 , 393.77
632.82 , 397.53
620.34 , 400.53
606.41 , 400.56
501.3 , 394.36
489.32 , 390.46
475.4 , 390.46
461.97 , 391.47
448.57 , 392.53
435.62 , 394.47
423.97 , 399.21
413.27 , 406.61
402.97 , 415.14
393.87 , 425.23
387.9 , 436.46
399 , 430.15
409.95 , 423.44
420.7 , 416.2
431.55 , 409.27
443.45 , 405.23
456.75 , 403.96
470.42 , 404.46
484.1 , 404.96
497.65 , 404.21
