2564651638_1
276.65 , 416.64
280.9 , 428.63
285.73 , 441.09
291.32 , 453.65
296.86 , 464.96
302.42 , 476.28
308.45 , 489.11
314.18 , 500.21
321.73 , 511.57
331.54 , 520.29
341.92 , 529.13
353.05 , 537.01
363.01 , 545.66
372.6 , 553.82
384.11 , 560.36
396.84 , 563.51
409.18 , 569.49
421.35 , 576.04
432.4 , 581.37
445.23 , 587.3
456.88 , 591.7
470.63 , 595.14
483.91 , 594.16
495.77 , 589.64
506.52 , 582.59
516.76 , 573.9
526.81 , 564.91
534.04 , 553.82
542.29 , 542.82
552.51 , 534.12
562 , 525.9
570.96 , 515.91
576.47 , 504.02
581.43 , 491.76
587.68 , 479.55
591.36 , 467.76
594.42 , 453.82
598.41 , 441.64
601.61 , 429.18
603.56 , 415.17
602.69 , 401.65
456.25 , 444.55
451.61 , 455.26
446 , 465.69
441.25 , 477.55
442.35 , 489.6
448.69 , 499.31
460.14 , 503.26
472.41 , 502.04
485.21 , 499.55
497 , 497.1
508.77 , 494.44
520.28 , 489.99
527.86 , 480.13
529.78 , 468.1
527.89 , 457.05
518.77 , 448.58
516.8 , 436.55
458.24 , 544.76
462.42 , 541.56
467.34 , 540.23
472.06 , 538.51
477.04 , 537.26
481.99 , 536.01
487.44 , 536.26
492.74 , 535.76
498.29 , 535.72
502.59 , 532.91
507.14 , 530.6
511.74 , 528.51
517.19 , 528.27
521.77 , 530.33
522.64 , 535.36
520.19 , 539.81
516.79 , 543.96
512.64 , 547.26
507.81 , 548.75
502.62 , 549.52
497.67 , 550.76
492.69 , 552.01
487.62 , 553.01
482.06 , 553.01
476.99 , 552.01
472.17 , 550.53
467.47 , 548.77
462.92 , 546.5
460.24 , 544.51
464.72 , 545.01
469.34 , 544.76
473.84 , 544.25
478.09 , 543.26
482.59 , 542.76
487.09 , 542.26
491.72 , 542.01
496.09 , 541.28
500.09 , 539.79
504.01 , 538.01
508.26 , 537.01
512.42 , 535.77
516.16 , 533.57
519.87 , 531.74
516.01 , 533.73
512.29 , 535.97
508.19 , 537.24
504.17 , 538.74
500.04 , 540.03
496.12 , 541.75
491.74 , 542.51
487.12 , 542.26
482.62 , 542.77
478.37 , 543.76
473.87 , 544.26
469.37 , 544.76
464.74 , 545.01
517.49 , 384.97
516.94 , 378.7
521.19 , 373.95
526.09 , 370.05
531.42 , 367.23
536.64 , 364.24
542.32 , 362.45
548.27 , 361.2
554.72 , 361.45
560.64 , 362.67
565.88 , 365.64
568.69 , 370.97
564.42 , 375.72
559.64 , 379.96
554.29 , 382.61
548.47 , 384.21
542.39 , 385.2
536.22 , 385.95
529.89 , 386.45
523.44 , 386.2
425.39 , 398.4
419.57 , 394.16
413.4 , 390.9
406.87 , 388.67
399.85 , 387.41
392.35 , 387.64
385.32 , 388.89
378.9 , 391.43
372.67 , 394.66
366.62 , 398.21
360.92 , 402.66
367 , 406.17
373.32 , 408.93
380.25 , 410.4
387.27 , 411.65
394.64 , 411.16
401.92 , 410.41
408.82 , 408.89
415.55 , 407.04
421.8 , 404.04
518.5 , 331.55
523.7 , 326.6
529.1 , 322.18
535.6 , 320.52
542.88 , 320.55
549.8 , 319.81
556.83 , 319.3
563.73 , 318.55
570.6 , 317.7
577.42 , 318.27
580.05 , 323.07
573.75 , 325.05
567.3 , 326.76
560.77 , 328.29
554.1 , 329.55
547.2 , 330.3
540.15 , 330.8
533.38 , 331.77
527.42 , 334.83
521.5 , 337.46
438.54 , 348.44
432.54 , 342
424.66 , 339.54
416.16 , 340.76
408.64 , 344.27
400.89 , 347.04
391.79 , 347.04
382.79 , 346.79
373.81 , 347.04
365.54 , 348.78
358.09 , 352.29
364.79 , 358.01
373.41 , 359.04
382.16 , 358.29
390.79 , 359.29
399.54 , 358.54
407.91 , 357.05
416.54 , 356.04
425.29 , 356.79
433.66 , 355.31
