2567246289_1
343.45 , 451.25
346.12 , 471.83
348.68 , 492.38
351.32 , 512.61
354.33 , 532
355.54 , 553.4
359.93 , 573.03
365.13 , 595.16
371.74 , 614.28
378.26 , 633.46
386.46 , 653
399.62 , 669.36
410.87 , 686.34
426.75 , 701.2
444.3 , 712.8
461.72 , 721.41
479.7 , 731.29
500.51 , 739.75
520.11 , 745.18
540.28 , 750.16
560.4 , 754.68
580.86 , 758.47
601.81 , 760.01
622.62 , 757.82
642.4 , 750.63
658.49 , 738.75
669.34 , 721.08
675.67 , 701.61
680.73 , 680.96
684.62 , 661.13
691.75 , 640.62
703.07 , 622
712.64 , 604.72
721.61 , 584.61
729.55 , 565.96
738.1 , 547.64
748.82 , 530.28
759.5 , 511.46
764.87 , 492.12
765.38 , 471.77
760.35 , 449.5
616.5 , 450.75
614.43 , 467.85
610.95 , 485.88
597.85 , 500.03
591.32 , 517.5
599.89 , 531.96
617.08 , 541.63
634.3 , 544.96
653.76 , 545.99
673.31 , 547.4
691.46 , 544.75
707.79 , 536.47
720.78 , 524.14
724.54 , 506.43
713.95 , 490.88
707.03 , 473.45
703.7 , 454
551.94 , 601.8
563.07 , 595.93
575.69 , 593.55
589.09 , 592.8
602.02 , 591.04
614.12 , 587.62
626.44 , 584.55
639.12 , 582.28
652.77 , 582.05
666.19 , 582.8
677.97 , 578.78
691.64 , 578.55
703.52 , 581.45
698.15 , 592.85
695.18 , 605.2
693.4 , 618.1
688.64 , 629.6
679.76 , 639.53
668.47 , 645.04
655.77 , 647.3
642.34 , 646.54
629.42 , 644.8
617.12 , 641.73
605.67 , 636.78
594.44 , 631.05
583.32 , 625.14
572.44 , 618.55
561.97 , 610.83
566.19 , 605.55
575.57 , 606.55
584.97 , 607.55
594.49 , 608.3
604.12 , 608.8
613.77 , 608.3
623.52 , 608.55
632.67 , 610.05
641.94 , 611.3
651.22 , 612.55
660.49 , 611.3
669.34 , 609.15
677.62 , 605.86
685.69 , 601.8
693.16 , 598.31
685.32 , 602.93
677.14 , 606.6
668.97 , 610.28
660.72 , 613.8
650.97 , 614.05
641.69 , 612.8
632.67 , 611.05
623.02 , 610.55
613.27 , 610.3
603.52 , 610.05
593.99 , 609.3
584.59 , 608.3
574.97 , 607.8
680.7 , 377.02
682.71 , 369.69
686.77 , 363.19
692.05 , 357.15
698.38 , 352.58
705.18 , 349.28
712.25 , 346.73
719.83 , 345.27
727.65 , 346.24
734.37 , 349.7
739.13 , 355.94
741.45 , 363.09
741.34 , 371.03
734.85 , 375.11
727.85 , 377.78
720.15 , 379.02
712.25 , 379.77
703.95 , 379.77
695.68 , 379.77
687.5 , 379.54
592.53 , 383.2
586 , 375.94
577.16 , 368.32
568.98 , 359.65
560.25 , 351.68
550.2 , 347.22
538.75 , 345.95
527.28 , 347.2
516.63 , 350.11
506.8 , 355.18
497.94 , 362.78
491.28 , 371.95
501.23 , 376.47
511.45 , 380.21
522.23 , 382.91
533.2 , 385.13
545.23 , 385.2
556.7 , 383.93
568.53 , 383.45
580.45 , 383.2
694.5 , 340.17
697.69 , 333.22
703.77 , 327.39
710.27 , 322.89
716.75 , 318.17
723.67 , 314.73
730.75 , 311.67
737.98 , 309.16
745.5 , 307.17
753.5 , 306.17
759.26 , 312.1
759.98 , 319.44
752.23 , 320.94
744.7 , 322.93
737.85 , 326.58
730.73 , 329.44
723.67 , 332.49
716.5 , 335.17
709.6 , 338.67
702.35 , 341.16
632.37 , 321.23
610.66 , 307.09
586.64 , 299.48
560.82 , 295.22
533.94 , 293.23
507.37 , 295.9
482.29 , 301.72
458.32 , 309.46
434.94 , 318.81
412.64 , 331.38
392.29 , 349.22
417.84 , 344.47
441.42 , 335.6
464.54 , 325.47
488.37 , 317.4
513.91 , 312.6
541.34 , 313.22
566.44 , 318.94
589.91 , 328.1
613.62 , 336.5
