2568977268_1
543.68 , 742.66
542.54 , 762.34
549.41 , 783.94
556.87 , 802.87
562.89 , 823.73
568.07 , 844.78
573.49 , 865.49
577.65 , 887.01
580.47 , 907.22
588.46 , 926.24
596.03 , 946.87
603.16 , 967.58
612.98 , 986.52
624.02 , 1004.35
645.2 , 1010.12
665.21 , 1014.49
686.24 , 1014.39
709.11 , 1011.04
729 , 1002.23
747.64 , 993.42
766.8 , 984.63
785.84 , 974.4
803.64 , 964.4
823.93 , 953.15
841.18 , 941.55
859.47 , 928.79
877.48 , 918.34
895.96 , 907.79
914.63 , 896.68
933.03 , 885.46
950.29 , 874.29
965 , 859.33
982.08 , 843.68
994.15 , 826.95
1001.17 , 807.14
1008.83 , 787.54
1015.75 , 767.85
1023.24 , 745.44
1029.6 , 726.69
1036.87 , 706.72
1042.5 , 684.05
586.05 , 664.9
574.9 , 680.35
565.62 , 695.8
559.44 , 715.6
564.5 , 734.3
576.34 , 749.69
592.81 , 755.36
613.64 , 758.71
631.14 , 753.57
650.56 , 753.74
669.9 , 750.55
687.19 , 741.9
694.05 , 723.25
690.12 , 704.82
679.86 , 687.96
671.27 , 671.25
664.25 , 651.94
597.05 , 842.26
599.14 , 831.16
602.58 , 820.74
611.55 , 813.26
622.47 , 810.76
634.47 , 811.02
645.72 , 812.73
656.9 , 814.77
668.15 , 816.49
679.07 , 819
690.22 , 820.99
701.02 , 823.76
712.67 , 824.77
723.72 , 826.95
733.05 , 832.99
730.92 , 844.01
721.65 , 850.66
711.32 , 854.25
700.82 , 857.5
689.9 , 859.98
678.88 , 862.26
667.12 , 863.01
655.25 , 863.51
643.25 , 863.26
631.25 , 863.01
619.12 , 863
608.22 , 860.46
599.51 , 853.21
598.3 , 845.76
606.6 , 841.72
614.47 , 836.33
623.65 , 834.27
633.47 , 833.51
643.45 , 833.01
653.52 , 832.76
663.7 , 832.76
673.65 , 833.26
683.25 , 834.51
692.95 , 835.51
703.02 , 835.76
713.1 , 836.01
722.95 , 835.26
732.05 , 837.51
722.82 , 836.51
712.75 , 836.76
702.8 , 837.26
692.85 , 836.78
683.5 , 835.01
673.92 , 833.76
663.85 , 833.51
653.77 , 833.76
643.82 , 834.26
633.97 , 835.01
624.52 , 836.51
615.4 , 838.73
607.1 , 842.97
701.65 , 592.72
703.66 , 581.7
707.7 , 571.64
714.6 , 562.73
723.7 , 555.94
733.98 , 552.47
745.52 , 551.85
756.5 , 554
767.17 , 556.73
777.02 , 561.48
786.15 , 567.87
792.4 , 576.95
785.9 , 585.97
776.38 , 591.49
766.33 , 595.54
755.6 , 598.22
744.45 , 599.98
733.2 , 601.47
721.8 , 600.21
710.75 , 598.31
610.25 , 606.42
608.23 , 599.62
603.45 , 593.86
597.42 , 589.89
590.5 , 588.17
583.33 , 586.92
575.58 , 586.93
569 , 589.42
562.7 , 592.74
556.5 , 596.17
558 , 603.22
559.48 , 610.25
562.5 , 616.67
567.98 , 622.16
574.55 , 624.66
582.2 , 624.92
589.73 , 624.42
596.1 , 621.33
602.25 , 617.67
608 , 613.07
662.8 , 530.77
677.42 , 518.37
694.6 , 512.98
713.65 , 511.27
733.02 , 512.27
752.3 , 513.52
770.57 , 516.77
787.6 , 522.54
803.75 , 530.76
818.2 , 543.67
827.68 , 559.37
814.27 , 556.01
798.57 , 546.54
781.95 , 539.67
764.22 , 535.27
744.95 , 534.03
725.82 , 535.52
706.97 , 537.59
689.25 , 542.06
671.68 , 546.68
597.32 , 548.54
591.04 , 540.77
582.84 , 535.32
573.49 , 532.87
563.99 , 530.59
554.01 , 529.34
543.66 , 529.83
534.56 , 532.85
526.32 , 538.14
521.05 , 546.44
518.64 , 555.84
525.22 , 563.66
533.26 , 558.68
540.47 , 551.27
549.14 , 547.09
559.01 , 545.56
569.59 , 545.59
579.32 , 547.35
588.24 , 550.84
596.44 , 556.37
