2569659822_1
322.35 , 502.05
325.73 , 524.1
331.11 , 544.86
336.88 , 567.33
342.68 , 589.33
349.51 , 610.41
356.93 , 630.64
365.6 , 650.6
380.36 , 670.01
395 , 686.66
410.61 , 701.97
427.96 , 718.38
443.36 , 732.61
460.9 , 747.65
477.6 , 760.7
496.9 , 774.92
513.58 , 787.94
533.52 , 801.96
553.16 , 812.9
571.4 , 822.64
593.33 , 830.06
615.78 , 833.92
637.73 , 831.32
661.1 , 825.97
680.94 , 818.14
698.67 , 805.26
714.44 , 787.64
725.56 , 769.5
735.11 , 748.34
743.34 , 728.03
754.1 , 708.06
766.69 , 687.73
779.91 , 669.57
791.84 , 650.49
803.46 , 631.49
813.39 , 612.25
822.01 , 590.31
828.9 , 569.85
834.81 , 548.95
839.56 , 527.16
842.8 , 502.9
622.45 , 515.1
611.64 , 532.22
599.97 , 550.14
592.78 , 571.05
590.52 , 591.33
599.43 , 610.53
619.77 , 621.47
639.65 , 620.75
660.2 , 628.79
681.59 , 630.71
701.78 , 621.84
718.76 , 608.07
735.14 , 594.32
737.47 , 574.52
732.39 , 553.79
724.42 , 534.04
715.8 , 511.9
547.12 , 693.48
564.92 , 691.98
583.35 , 692.23
600.79 , 689.96
618.97 , 689.23
636.67 , 687.49
654.47 , 685.95
671.89 , 683.71
687.72 , 678.14
703.64 , 672.96
720.3 , 669.05
735.82 , 662.49
750.2 , 652.9
748.94 , 666.65
743.35 , 682.43
736.36 , 697.75
726.95 , 712.15
714.32 , 725.28
700.47 , 736.35
685.75 , 745.01
669.89 , 750.48
651.69 , 750.73
634.62 , 747.73
618.57 , 742.69
603.27 , 735.64
588.37 , 727.48
574.1 , 717.7
560.25 , 706.61
561.12 , 692.23
574.42 , 693.98
587.62 , 695.98
600.57 , 698.48
614.37 , 699.23
627.92 , 700.48
641.62 , 701.48
655.55 , 701.98
669.22 , 700.97
682.05 , 698.23
694.17 , 694.18
705.55 , 687.83
716.39 , 680.2
727 , 671.86
737.5 , 664.09
727.3 , 673.57
716.55 , 681.58
705.5 , 688.73
693.82 , 694.26
681.85 , 698.73
669.12 , 701.73
655.32 , 702.48
641.52 , 701.73
627.82 , 700.73
614.14 , 699.73
600.47 , 698.73
587.27 , 696.72
574.19 , 694.49
706.35 , 405.23
709.39 , 394.93
714.43 , 385.41
722.6 , 376.98
731.95 , 371.47
741.6 , 366.73
751.35 , 362.23
761.68 , 359.24
772.75 , 357.73
783.73 , 359.36
793.11 , 364.76
795.09 , 375.58
790.85 , 385.41
782.33 , 393.01
772.83 , 398.24
762.5 , 401.26
751.9 , 403.73
740.25 , 403.48
728.58 , 403.23
717.15 , 403.98
570.16 , 424.23
560.4 , 415.26
550.06 , 407.87
539.15 , 402.03
527.23 , 398.81
513.73 , 398.81
501.5 , 401.54
489.98 , 405.56
479 , 411.28
468.98 , 419.56
460.73 , 429.56
471.48 , 435.81
482.53 , 441.33
494.61 , 444.34
507.75 , 445.06
520.81 , 444.06
533.36 , 442.04
545.53 , 439.27
557.86 , 436.84
570.88 , 435.81
705.24 , 348.16
712.06 , 334.56
724.12 , 323.54
737.32 , 315.62
750.76 , 308.4
764.32 , 301.39
777.44 , 293.41
790.62 , 285.53
805.62 , 282.04
820.34 , 285.76
829.44 , 298.35
813.89 , 296.42
798.16 , 298.42
785.49 , 307.66
772.84 , 317.09
759.22 , 323.94
745.82 , 331.32
734.59 , 343.31
722.99 , 355.16
709.74 , 362.58
579.63 , 363.8
564.63 , 353.27
547.83 , 347.8
529.73 , 344.81
510.9 , 343.3
491.48 , 343.57
473.28 , 346.3
456.48 , 351.84
441.08 , 361.25
427.13 , 374.67
416.28 , 389.55
432.35 , 382.04
448.1 , 373.49
464.93 , 368.08
483.4 , 365.77
502.7 , 366.3
520.78 , 369.3
538.63 , 372.79
557.2 , 374.81
575.06 , 378.31
