2579350496_1
210.95 , 438.65
212.25 , 455.73
215.99 , 471.49
220.87 , 488.7
225.65 , 504.13
231.2 , 521.25
234.59 , 537.4
237.61 , 555.69
240.74 , 571.6
247.12 , 587.55
253.86 , 604.03
259.59 , 620.22
265.99 , 636.59
273.73 , 652.4
281.34 , 667.5
292.69 , 680.04
305.35 , 692.32
321.89 , 697.14
339.06 , 697.08
354.82 , 699.81
372.36 , 694.76
387.89 , 691.58
404.24 , 685.49
419.5 , 676.59
431.87 , 665.78
444.88 , 654.2
455.11 , 640.24
463.93 , 624.9
474.62 , 610.43
486.74 , 597.99
496.36 , 585.55
504.8 , 569.51
512.6 , 554.06
518.87 , 538.31
524.88 , 521.82
530.7 , 506.27
533.83 , 488.52
537.42 , 471.5
538.96 , 454.55
539.81 , 437.61
541.29 , 419.8
289.55 , 463.1
286.32 , 475.98
284.37 , 489.66
276.37 , 502.04
279.96 , 516.52
286.91 , 528.75
297.39 , 537.81
312.2 , 539.28
326.92 , 539.39
338.74 , 532.48
349.51 , 523.1
363.32 , 519.52
377.07 , 517.87
380.43 , 503.83
375.92 , 490.7
367.06 , 479.18
361.5 , 464.9
280.82 , 590.09
285.79 , 581.85
294.52 , 578.07
303.5 , 575.07
313.27 , 576.6
322.39 , 579.34
331.8 , 581.59
341.67 , 582.84
351.42 , 584.32
360.42 , 587.33
370.39 , 588.34
380.77 , 588.59
391.12 , 588.84
401.02 , 590.08
408.8 , 596.34
400 , 599.82
391.02 , 602.84
381.5 , 604.84
371.62 , 606.09
361.87 , 607.59
352.35 , 609.59
343.07 , 612.09
333.19 , 613.34
323.07 , 612.59
314.1 , 609.58
305.22 , 606.37
296.5 , 602.53
288.32 , 597.34
284.07 , 592.84
291.37 , 593.08
297.94 , 594.86
304.72 , 596.08
311.42 , 597.58
318.19 , 598.83
324.89 , 600.33
331.67 , 601.58
338.72 , 600.84
345.39 , 599.31
352.44 , 598.59
359.85 , 598.59
367 , 598.09
374.17 , 597.59
380.22 , 597.74
373.52 , 596.38
366.72 , 597.59
359.32 , 597.59
352.02 , 597.33
345.35 , 598.84
338.55 , 600.09
331.52 , 600.84
324.47 , 600.08
317.8 , 598.6
311 , 597.35
304.44 , 595.6
297.52 , 594.6
291.22 , 592.35
393.1 , 403.59
395.88 , 399.07
400.15 , 395.54
404.78 , 392.91
409.73 , 391.21
415.33 , 390.84
420.85 , 391.34
426.05 , 392.55
430.9 , 394.63
435.6 , 397.09
440.15 , 399.85
438.28 , 404.1
433.45 , 406
428.3 , 407.34
422.88 , 408.09
417.48 , 408.84
412.05 , 409.59
406.4 , 409.34
400.6 , 409.34
395.34 , 408.31
294.38 , 396.25
290.93 , 392.05
287.51 , 387.85
283.63 , 383.97
278.96 , 381.79
274.19 , 379.97
269.01 , 378.95
263.49 , 378.7
258.09 , 379.22
253.19 , 380.67
248.61 , 382.95
252.76 , 386.6
256.94 , 390.03
261.26 , 393.11
265.94 , 395.23
270.94 , 396.52
276.13 , 397.45
281.34 , 398.43
286.59 , 399.2
291.88 , 399.96
369.95 , 371.57
378.75 , 363.06
389.62 , 360.05
401.12 , 358.32
412.62 , 356.57
423.75 , 354.05
434.82 , 351.45
447 , 351.57
457.2 , 356.32
466 , 364.87
470.95 , 374.97
469.05 , 385.66
458.48 , 382.08
447.1 , 380.07
435.23 , 379.07
423.02 , 378.79
411.65 , 380.82
400.15 , 382.57
388.42 , 383.8
377.57 , 380.72
280.96 , 368.1
274.72 , 360.81
266.72 , 356.55
257.89 , 354.24
249.07 , 351.97
240.5 , 349.32
231.79 , 346.88
222.79 , 348.53
214.79 , 352.76
209.18 , 360.18
206.92 , 369
208.9 , 377.98
213.68 , 385.77
223.12 , 385.99
231.64 , 383.25
241.07 , 382.25
250.75 , 381.75
260.29 , 381
269.34 , 379.24
277.81 , 376.34
