2579685145_1
779.1 , 866.3
786.06 , 896.77
791.32 , 927.25
798.34 , 955.2
810.72 , 986.93
820.12 , 1015.13
831.78 , 1044.51
844 , 1072.85
858.26 , 1101.98
872.02 , 1130.57
885.23 , 1156.34
900.79 , 1183.03
921.45 , 1210.2
944.84 , 1227.07
973.43 , 1241.57
1004.66 , 1249.98
1033.28 , 1259.39
1062.25 , 1271.7
1091.45 , 1281.97
1121.08 , 1291.63
1151.03 , 1299.03
1184.05 , 1300.52
1215.18 , 1293.85
1245.23 , 1287.76
1274.1 , 1277.35
1303.56 , 1266.38
1332.43 , 1252.26
1356.39 , 1235.5
1383.5 , 1218.09
1406.74 , 1197.03
1427.34 , 1173.35
1442.15 , 1145.91
1457.28 , 1118.89
1469.39 , 1089.3
1477.74 , 1058.67
1484.81 , 1029.73
1492.3 , 997.11
1498.57 , 966.76
1504.07 , 936.55
1509.15 , 905.1
1511.45 , 873.1
1117.45 , 830.55
1099.39 , 849.5
1080.98 , 870.52
1068.56 , 897.95
1068.07 , 925.49
1087.66 , 944.9
1115.15 , 955.74
1143.15 , 962.94
1170.27 , 962.26
1199.43 , 958.5
1226.34 , 949.63
1252.45 , 941.78
1275.76 , 926.29
1279.73 , 899.5
1263.75 , 875.35
1244.71 , 852.31
1225.29 , 830.89
1027 , 1061.68
1046.75 , 1056.18
1066.83 , 1051.15
1087.15 , 1046.78
1108 , 1043.43
1128.78 , 1039.91
1149.55 , 1036.44
1171.78 , 1036.43
1192.92 , 1033.71
1212.62 , 1028.05
1233.95 , 1025.67
1255.8 , 1026.43
1276.95 , 1029.18
1297.33 , 1033.5
1309.77 , 1047.92
1292.17 , 1058.99
1273.62 , 1067.56
1254.33 , 1073.86
1234.03 , 1078.43
1213.4 , 1082.17
1192.58 , 1085.61
1171.12 , 1087.68
1148.92 , 1088.11
1127.62 , 1085.66
1107.45 , 1080.91
1088.08 , 1074.75
1068.4 , 1069.08
1048.4 , 1063.94
1042.25 , 1060.18
1061.22 , 1061.43
1080.17 , 1062.68
1099.62 , 1062.93
1119.17 , 1062.93
1138.38 , 1062.18
1157.33 , 1060.93
1176.53 , 1060.18
1195 , 1057.93
1212.75 , 1054.18
1230.72 , 1050.93
1248.9 , 1048.03
1267.3 , 1045.69
1285.2 , 1042.22
1301.5 , 1036.68
1284.67 , 1042.25
1266.8 , 1045.68
1248.33 , 1047.9
1230.22 , 1050.93
1212.22 , 1054.18
1194.15 , 1057.28
1175.65 , 1059.44
1156.83 , 1060.93
1137.88 , 1062.18
1118.42 , 1062.43
1099.7 , 1060.68
1080.53 , 1059.93
1061.33 , 1059.18
1247.63 , 717.15
1256.16 , 703.88
1266.01 , 691.02
1278.26 , 679.53
1291.73 , 671.39
1305.93 , 665.38
1321.51 , 662.41
1338.08 , 663.4
1353.66 , 666.4
1367.68 , 673.16
1380.3 , 683.57
1389.08 , 696.77
1375.88 , 705.65
1361.66 , 711.64
1346.53 , 715.65
1330.81 , 718.4
1314.01 , 717.9
1297.21 , 717.4
1280.53 , 716.65
1263.96 , 715.65
1083.72 , 714.16
1074.47 , 699.92
1064.87 , 685.79
1050.83 , 675.95
1035.4 , 669.94
1019.02 , 665.94
1002.17 , 662.94
984.73 , 664.69
969.02 , 669.93
954.78 , 679.16
945.15 , 693.29
938.5 , 708.44
952.85 , 717.01
967.65 , 724.85
983.27 , 730.2
1000.73 , 731.94
1018.42 , 730.69
1035.4 , 727.95
1051.9 , 724.17
1068.5 , 720.69
1237.39 , 613.56
1258.22 , 595.23
1280.52 , 580.94
1303.99 , 569.8
1328.77 , 562.06
1356.22 , 559.81
1382.24 , 564.54
1405.42 , 576.58
1425.74 , 595.41
1440.39 , 617.58
1450.64 , 641.31
1438.89 , 649.66
1423.58 , 627.76
1405.64 , 607.56
1383.12 , 593.81
1357.32 , 588.06
1329.69 , 590.02
1306.24 , 601.3
1283.66 , 614.8
1260.47 , 625.88
1097.06 , 617.35
1077.09 , 601.84
1053.93 , 594.85
1031.43 , 586.48
1007.33 , 581.35
980.98 , 580.83
956.73 , 585.67
934.96 , 596.42
915.59 , 613.58
901.4 , 634
893.31 , 656.6
909.51 , 637.4
927.59 , 618.32
948.91 , 606.51
972.98 , 601.33
998.01 , 604.6
1021.01 , 611.81
1042.76 , 622.56
1063.96 , 634.76
1088.73 , 638.53
