2583400257_1
438.25 , 189.75
437.82 , 213.2
436.81 , 240.76
436.47 , 265.74
436.2 , 290.32
436.87 , 316.75
437.37 , 342.3
438.4 , 368.01
441.67 , 392.85
447.25 , 419.29
456.18 , 442.15
467.28 , 466.75
479.87 , 488.1
496.02 , 507.98
512.46 , 528.24
530.44 , 545.25
550.84 , 563.25
568.89 , 579.61
591.32 , 593.05
613.64 , 606.8
636.62 , 616.08
662.65 , 620.42
688.17 , 624.62
712.16 , 626.08
737.37 , 624.86
763 , 613.96
785.09 , 603.04
808.41 , 590.44
827.38 , 573.16
845.18 , 556.6
864.37 , 538.23
879.74 , 519.26
894.24 , 498.62
905.95 , 476.08
918.08 , 450.76
929.45 , 429.09
940.2 , 404.98
948.27 , 381.9
956.73 , 357.41
962.51 , 330.64
968.89 , 305.75
694.64 , 225.9
682.7 , 243.73
671.85 , 262.5
666 , 284.85
668.7 , 306.3
686.02 , 319.23
707.9 , 318.73
730.49 , 318.75
754.5 , 320.22
774.07 , 327.57
796.82 , 334.26
817.26 , 332.93
831.19 , 314.01
833.39 , 292.17
831.09 , 271.26
825.05 , 248.18
814.3 , 228.09
609.09 , 405.72
624.32 , 396.99
641.39 , 392.73
659.19 , 389.97
677.47 , 388.22
694.79 , 384.47
713.09 , 382.72
730.64 , 385.96
748.57 , 388.47
766.97 , 389.97
784.39 , 393.47
800.59 , 399.47
815.99 , 407.85
828.06 , 421.92
825.68 , 439.87
814.91 , 454.39
801.24 , 467.56
785.02 , 473.46
767.32 , 476.47
748.67 , 477.47
729.91 , 476.71
712.24 , 473.74
695.41 , 469
679.69 , 461.56
664.57 , 452.44
649.66 , 442.79
635.82 , 430.19
621.17 , 419.81
620.09 , 407.22
633.29 , 410.47
647.19 , 412.22
661.97 , 412.22
675.99 , 413.72
689.52 , 416.22
703.66 , 417.47
717.34 , 419.72
731.02 , 421.97
744.66 , 424.22
758.34 , 426.47
772.02 , 428.72
785.67 , 430.97
798.62 , 434.73
810.34 , 440.22
798.27 , 434.16
785.52 , 430.15
772.57 , 426.47
759.27 , 423.47
745.12 , 422.22
730.97 , 420.97
717.19 , 418.97
703.27 , 417.22
689.24 , 415.71
675.82 , 412.97
661.92 , 411.22
647.42 , 411.72
633.37 , 410.22
822.6 , 192.91
829.9 , 186.91
837.98 , 182.88
846.62 , 180.4
855.75 , 178.92
865.5 , 178.66
874.5 , 180.43
882.9 , 183.43
891.3 , 186.37
898.75 , 192.04
904.35 , 199.51
902.87 , 208.16
893.73 , 209.66
883.88 , 209.66
874.25 , 209.16
864.88 , 208.16
855.73 , 206.65
846.85 , 204.66
838.35 , 201.91
830.3 , 197.84
671.93 , 156.93
664 , 150.76
655.77 , 145.56
647.15 , 141.36
638.22 , 138.01
628.77 , 135.81
618.82 , 134.58
608.8 , 135.58
599.1 , 137.29
590.2 , 140.67
581.8 , 145.33
590.38 , 149.61
599.82 , 151.84
609.27 , 154.06
618.82 , 156.1
628.67 , 157.45
638.77 , 158.33
648.97 , 159.01
658.97 , 160.08
668.28 , 162.59
809.68 , 150.04
815.68 , 133.89
830.03 , 122.91
845.8 , 115.67
862.2 , 110.3
879.7 , 107.04
897.7 , 108.81
914.98 , 112.54
931.25 , 118.3
946.28 , 127.54
958.85 , 140.97
964.64 , 157.24
951.38 , 152.79
936.11 , 144.22
918.9 , 140.29
899.93 , 140.04
880.83 , 140.04
862.23 , 141.02
844.45 , 143.78
827.28 , 147.79
731.08 , 97.99
716.06 , 81.72
697.31 , 72.78
677.88 , 65.78
657.04 , 61.78
635.76 , 58.53
614.26 , 55.76
592.41 , 53.74
571.38 , 57.5
552.71 , 66.88
535.61 , 80.26
556.76 , 83.76
578.51 , 81.51
600.86 , 82.51
621.88 , 86.27
642.49 , 90.88
661.91 , 97.81
680.49 , 107.39
699.21 , 116.52
721.68 , 116.27
