2583560347_1
321.8 , 368.64
318.33 , 382.83
316.32 , 396.68
314.92 , 411.41
315.28 , 425.72
320.32 , 439.37
330.83 , 450.22
340.82 , 461.18
349.47 , 472.89
358.91 , 485.16
367.33 , 496.93
377.12 , 506.74
385.85 , 518.46
394.93 , 531.09
399.64 , 544.72
407.74 , 557.63
417.15 , 567.95
431.84 , 571.16
446.09 , 570.9
460.57 , 568.87
474.68 , 564.2
488.09 , 557.86
500.73 , 551.25
513.25 , 543.75
526.78 , 535.48
538.68 , 528.18
550.88 , 520.34
563.33 , 512.31
576.42 , 504.16
587.28 , 495.89
598.56 , 484.8
609 , 474.69
618.96 , 463.53
623.52 , 449.98
624.71 , 435.96
626.07 , 420.66
626.53 , 405.6
626.12 , 390.83
625.09 , 376.98
624.06 , 362.16
623.25 , 346.55
350.55 , 385.8
346.77 , 394.74
343.44 , 404.61
341.25 , 415.47
343.31 , 425.63
352.03 , 430.55
363.11 , 433.19
373.01 , 435.3
383.65 , 434.37
389.36 , 426.31
399.28 , 424.13
410.14 , 422.91
417.03 , 415.42
420.02 , 404.86
416.69 , 395.73
409.3 , 387.19
405.55 , 377.35
362.12 , 457.81
370.97 , 453.82
380.75 , 455.8
390.17 , 453.07
400.19 , 451.56
410.69 , 452.06
421.22 , 451.56
431.97 , 451.56
442.5 , 451.06
453.02 , 450.56
463.64 , 450.81
472.9 , 453.84
470.13 , 463.26
465.49 , 471.94
458.24 , 479.69
450.44 , 486.73
442.25 , 492.68
434.1 , 498.84
425.8 , 504.41
417.17 , 509.27
407.92 , 512.32
397.32 , 512.52
388.87 , 507.45
384.87 , 498.53
383.12 , 488.63
379.83 , 479.49
373.67 , 471.34
364.88 , 467.18
376.87 , 472.31
384.8 , 472.31
392.02 , 470.81
399 , 468.78
405.62 , 466.06
412.35 , 463.58
419.32 , 461.6
426.27 , 459.53
433.22 , 457.53
440.35 , 455.8
447.44 , 454.03
454.89 , 453.06
462.59 , 453.56
466.87 , 459.31
462.2 , 465.26
456.1 , 469.58
449.6 , 472.83
443.19 , 476.27
436.72 , 479.55
430.22 , 482.8
423.6 , 485.55
416.62 , 487.56
409.8 , 489.81
402.69 , 491.56
395.22 , 492.56
388.02 , 491.08
382.37 , 485.56
379.65 , 478.91
406.92 , 330.59
406.67 , 324.84
407.92 , 319.59
409.55 , 314.49
412.95 , 310.08
417.8 , 307.85
423.55 , 307.6
429.05 , 308.31
434.05 , 310.06
439.02 , 311.81
443.82 , 314.21
448.31 , 317.44
446.97 , 322.3
441.75 , 323.6
436.6 , 325.11
431.37 , 326.38
426.12 , 327.63
421.12 , 329.39
416.27 , 331.56
411.27 , 333.36
353.82 , 343.23
351.37 , 339.76
348.18 , 336.59
344.86 , 333.77
341.19 , 331.83
337.54 , 329.95
333.51 , 328.94
328.99 , 328.96
324.91 , 329.87
321.84 , 332.94
320.31 , 336.71
321.65 , 340.56
324.07 , 344.04
327.54 , 346.2
331.49 , 347.39
335.71 , 346.97
340.11 , 347.21
344.49 , 346.96
348.89 , 347.21
353.16 , 346.68
382.5 , 283.75
389.88 , 278.91
397.18 , 273.85
404.57 , 268.96
412.23 , 264.76
420.68 , 262.57
429.68 , 261.48
438.7 , 262.51
447.1 , 264.72
454.93 , 268.44
460.85 , 272.5
451.7 , 271.75
443.15 , 269.73
434.25 , 271
425.8 , 273.24
418.07 , 277.24
410.8 , 282.45
403.73 , 288.25
395.68 , 291.24
386.28 , 291.52
347.76 , 309.31
346.5 , 304.73
343.77 , 300.7
339.94 , 297.62
335.99 , 294.68
332.01 , 291.96
328.09 , 289
323.47 , 287.93
319.02 , 289.42
315.27 , 292.88
313.25 , 297.13
309.99 , 300.93
314.19 , 303.14
319.31 , 303.18
324.12 , 303.94
328.39 , 305.96
332.81 , 307.46
337.24 , 308.93
341.09 , 312.05
345.61 , 313.47
