1263447841_1
251.55 , 688.45
259.82 , 710.86
268.86 , 735.82
276.57 , 761.12
283.84 , 786.53
291.8 , 811.89
299.85 , 836.27
309.86 , 863.27
319.49 , 885.47
332.31 , 908.67
347.61 , 930.69
362.19 , 953.21
375.7 , 974.02
392.37 , 996.45
411.5 , 1014.53
432.02 , 1029.45
455.79 , 1040.32
482.75 , 1046.57
508.68 , 1050.4
534.25 , 1053.01
560.39 , 1053.9
586.33 , 1049.88
611.14 , 1040.01
634.32 , 1025.03
653 , 1009.35
674.36 , 995.11
696.98 , 977.22
718.06 , 961.8
738.09 , 944.48
751.5 , 923.77
766.56 , 901.49
779.83 , 877.38
789.17 , 854.13
796.12 , 827.37
798.81 , 802.35
799.23 , 776.81
798.92 , 751
799.1 , 722.37
797.11 , 696.88
796.94 , 671.25
796.45 , 643.05
449.75 , 667.81
442.81 , 686.91
435.25 , 707.13
427.93 , 728.23
425.29 , 750.11
432.73 , 768.69
452.85 , 779.7
472.57 , 783.68
494.9 , 783.5
515.85 , 780.39
536.84 , 773.7
555.6 , 763.57
567.17 , 743.42
563 , 724.36
552.91 , 703.3
542.72 , 683.76
532.11 , 664.54
420.04 , 870.52
431.47 , 862.36
442.77 , 853.79
453.74 , 844.33
465.89 , 837.99
480.84 , 838.02
494.34 , 841.02
507.87 , 838.02
521.97 , 836.27
536.44 , 837.24
549.72 , 840.74
562.26 , 845.78
574.74 , 851.01
586.31 , 858.63
586.57 , 873.25
578.02 , 884.54
566.84 , 893.49
555.26 , 901.28
542.62 , 906.02
529.12 , 909.03
515.37 , 911.52
501.49 , 913.77
486.67 , 913.52
472.67 , 911.51
459.27 , 908.27
446.99 , 902.25
435.69 , 893.67
426.23 , 882.72
428.29 , 871.52
437.74 , 866.81
447.37 , 862.49
457.67 , 859.74
468.82 , 858.77
480.32 , 859.02
491.69 , 859.52
503.07 , 859.02
513.97 , 857.52
524.99 , 856.27
536.24 , 855.52
547.64 , 855.02
559.14 , 854.77
570.64 , 855.02
581.22 , 857.2
571.99 , 859.78
562.59 , 864.75
552.07 , 867.02
540.44 , 867.02
529.04 , 866.52
517.66 , 867.03
506.77 , 868.52
495.64 , 869.52
484.37 , 870.27
472.87 , 870.52
461.37 , 870.27
450.09 , 871.02
439.31 , 872.77
560.39 , 568.33
565.04 , 556.66
573.06 , 546.15
583.19 , 537.02
594.29 , 530.59
606.06 , 526.08
619.26 , 524.58
633.09 , 524.34
645.72 , 527.06
657.16 , 532.59
667.4 , 541.36
670.89 , 553.33
660.64 , 562.08
649.24 , 567.83
637.32 , 571.83
624.69 , 574.58
611.46 , 576.08
598.01 , 577.08
584.57 , 576.08
571.59 , 574.09
408.64 , 557.29
401.28 , 548.77
391.63 , 544.27
381.78 , 540.52
371.06 , 538.52
359.63 , 538.02
348.9 , 540.02
339.28 , 544.61
330.43 , 551.22
323.29 , 559.87
316.13 , 568.52
324.78 , 575.7
334.33 , 580.48
344.68 , 583.26
355.5 , 585.02
366.45 , 583.52
377.06 , 581.27
387.4 , 578.53
397.18 , 574.5
405.97 , 567.69
531.18 , 507.74
531.18 , 486.77
547.6 , 476.59
565.55 , 470.5
584.3 , 465.9
603.65 , 462.54
623.4 , 460.02
644.36 , 460.02
664.48 , 461.77
682.86 , 467.02
699.48 , 476.81
708.53 , 492.02
687.93 , 492.27
668.05 , 490.02
647.45 , 490.77
627.38 , 492.56
607.78 , 495.42
588.9 , 499.79
570.11 , 504.34
551.38 , 509.02
411.3 , 517.71
408.47 , 501.94
393.22 , 495.44
375.82 , 493.69
358.05 , 492.68
340.77 , 490.71
323.97 , 487.69
305.85 , 487.41
289.57 , 491.6
275.16 , 500.25
265.76 , 514.39
261.22 , 530.44
276.17 , 524.17
291.12 , 516.79
307.72 , 513.44
325.47 , 514.44
342.9 , 516.19
360.3 , 517.94
377.45 , 520.19
394.97 , 521.69
