2584224650_1
85.36 , 343.57
85.07 , 360.64
84.52 , 379.67
85.46 , 396.88
87.59 , 415.77
89.7 , 433.55
94.15 , 452.23
100.79 , 468.59
110.33 , 485.81
120.65 , 501.09
130.13 , 516.19
142.47 , 528.55
159.67 , 538.56
173.44 , 548.87
188.46 , 559.04
204.57 , 568.26
222.15 , 575.81
239.89 , 579.52
257.52 , 581.67
275.19 , 585.06
294.98 , 587.67
313.54 , 588.42
330.43 , 587.87
350.16 , 585.25
368.09 , 581.36
383.87 , 575.36
401.01 , 566.53
415.7 , 556.47
429.33 , 544.53
442.75 , 529.98
453.09 , 515.68
461.11 , 500.08
469.98 , 483.99
477.75 , 466.62
484.49 , 449.99
489.2 , 431.93
493.87 , 413.66
498.85 , 395.66
503.31 , 377.98
506.8 , 360.55
509.3 , 341.15
285.4 , 251.25
270.17 , 263.91
259.1 , 279.04
253.38 , 297.93
250.45 , 317.55
256.79 , 336.03
274.7 , 343.61
294.94 , 339.97
312.14 , 334.4
333.43 , 335.34
351.54 , 338.85
369.93 , 349.68
381.64 , 336.87
386.85 , 317.5
381.37 , 297.32
373.6 , 279.15
367.35 , 260
210.3 , 419.47
224.35 , 416.43
236.45 , 408.59
247.5 , 397.75
261.1 , 393.7
273.93 , 387.69
287.05 , 382.72
302.38 , 383.22
316.58 , 385.97
330.7 , 382.98
344.43 , 386.72
356.45 , 394.84
368.25 , 403.66
379.58 , 413.74
390.22 , 424.87
387.97 , 439.22
375.08 , 444.98
360.12 , 446.23
345.9 , 448.97
330.6 , 449.47
316.5 , 452.47
302.28 , 455.23
288.55 , 451.47
275.35 , 446.74
261.75 , 442.74
248.62 , 437.75
235.5 , 432.74
222.75 , 426.43
226.55 , 420.47
238.2 , 419.72
249 , 417.22
259.82 , 414.72
270.38 , 411.69
282.27 , 411.97
294.3 , 411.97
305.83 , 412.97
317.1 , 414.47
328.28 , 416.22
339.8 , 417.22
350.62 , 419.75
360.2 , 425.22
369.5 , 431.46
380.66 , 433.21
369.77 , 432.46
360.18 , 427.09
350.3 , 422.22
340.03 , 418.72
328.98 , 416.72
317.45 , 415.71
306.18 , 414.22
294.75 , 412.97
282.85 , 413.22
270.95 , 412.98
259.93 , 414.95
249.5 , 418.21
238.32 , 419.97
382.65 , 237.87
388.5 , 232.87
395 , 229.58
401.6 , 226.61
408.72 , 224.88
416.1 , 223.62
424.05 , 223.63
431.05 , 225.65
437.65 , 228.62
443.74 , 232.94
448.27 , 238.97
447.62 , 246.36
440.5 , 248.12
433.02 , 249.12
425.17 , 248.87
417.7 , 247.87
410.57 , 246.14
403.57 , 244.14
396.92 , 241.36
389.2 , 240.86
258.32 , 210.74
252.01 , 205.67
245.27 , 201.71
238.31 , 198.27
230.69 , 196.55
222.69 , 195.52
214.44 , 195.03
206.56 , 196.27
199.04 , 198.28
192.09 , 201.77
185.34 , 205.52
192.27 , 208.96
199.31 , 212
206.81 , 214
214.67 , 215.26
223.04 , 215.52
231.39 , 215.27
239.77 , 215.02
248.02 , 215.52
256.11 , 216.29
381.82 , 178.44
391.14 , 171.87
401.47 , 168.03
412.69 , 166.07
424.25 , 164.76
436.05 , 165.44
447.64 , 166.69
458.22 , 169.97
468.39 , 174.2
478.25 , 179.42
487.55 , 186.16
483.89 , 192.75
473.62 , 188.67
462.89 , 185.71
451.89 , 183.17
440.32 , 181.94
428.62 , 180.94
416.54 , 180.69
404.6 , 181.19
392.52 , 181.45
297.41 , 157.31
285.67 , 145.38
271.51 , 138.64
256.14 , 134.88
239.54 , 133.64
222.84 , 132.64
206.27 , 131.39
189.09 , 131.36
173.39 , 134.49
159.34 , 141.51
146.49 , 151.64
162.22 , 148.64
178.79 , 147.39
194.89 , 149.66
210.84 , 152.24
226.89 , 154.54
242.81 , 157.12
258.22 , 160.89
273.01 , 165.66
288.62 , 168.88
