2584226946_1
419.6 , 402.55
420.31 , 423.82
421.98 , 445.96
424.42 , 467.91
426.1 , 487.98
427.92 , 510.93
431.93 , 532.88
437.08 , 554.18
444.7 , 575.43
454.47 , 593.07
465.88 , 613.1
480.58 , 629.88
495.58 , 646.38
510.67 , 661.68
527.04 , 676.77
543.85 , 689.96
562.91 , 701.78
581.52 , 710.33
603.86 , 717.4
624.07 , 721.82
645.75 , 726.31
666.88 , 731.31
689.01 , 732.54
711.96 , 728.69
732.08 , 723.85
752.53 , 714.18
770.95 , 701.24
786.31 , 687.82
801.79 , 671.95
816.35 , 654.19
829.3 , 638.02
843.22 , 620.33
856.24 , 601.95
867.22 , 582.65
876.47 , 562.58
884.21 , 542.75
891.35 , 522.59
897.16 , 502.03
902.59 , 481.02
908 , 459
911.82 , 435.87
641.55 , 371.5
635.1 , 389.19
629.44 , 407.3
628.63 , 426.18
638.06 , 442.45
656.39 , 445.44
673.64 , 438.84
692.63 , 436.48
712.76 , 441.2
732.24 , 440.96
749.58 , 447.47
767.98 , 450.57
779.29 , 436.47
786.48 , 418.67
784.91 , 399.13
781.61 , 379.83
770.95 , 363.05
592.05 , 535.45
605.38 , 526.94
619.47 , 520.43
633.9 , 514.92
648.4 , 509.67
662.9 , 504.43
678.42 , 501.21
694.52 , 503.2
709.12 , 508.22
723.62 , 502.92
739.75 , 500.96
753.75 , 507.89
765.82 , 519.98
777.17 , 532.33
785.03 , 545.92
779.5 , 560.29
765.57 , 567.44
751.72 , 574.71
737.47 , 580.68
722.3 , 584.7
705.82 , 585.95
689.35 , 584.69
674.05 , 580.95
659.45 , 575.98
644.75 , 571.22
630.62 , 564.71
617.22 , 556.35
603.98 , 547.62
594.8 , 533.7
607.67 , 531.95
620.92 , 530.95
634.3 , 530.2
647.8 , 529.7
661.42 , 529.95
674.55 , 531.2
687.82 , 530.2
700.6 , 532.22
712.57 , 535.69
725.6 , 537.19
738.38 , 539.18
750.55 , 542.45
762.15 , 546.8
773.7 , 551.42
764 , 548.71
751.82 , 545.45
739.42 , 542.68
727 , 539.93
714.47 , 537.45
701.35 , 536.2
687.97 , 535.47
675.07 , 533.7
662.3 , 531.7
648.55 , 531.7
635.07 , 532.2
621.45 , 531.95
608.07 , 532.7
777 , 313.42
782.8 , 306.36
790.08 , 301.16
797.98 , 297.67
806.75 , 296.17
816.02 , 296.67
824.95 , 297.93
833.38 , 300.2
841.35 , 303.49
848.45 , 309.12
853.89 , 316.3
851.4 , 324.42
843.1 , 326.92
834.55 , 328.92
825.27 , 329.42
816.23 , 328.42
807.2 , 327.42
797.92 , 326.94
789.5 , 324.67
781.69 , 320.89
633.3 , 298.66
633.75 , 289.53
625.62 , 283.38
617.12 , 278.14
608.38 , 273.64
599.02 , 270.79
589.05 , 269.16
578.38 , 269.41
568.45 , 271.14
559.45 , 274.87
550.9 , 279.91
542.65 , 285.66
552.05 , 288.44
561.62 , 290.92
571.08 , 293.59
580.85 , 295.67
591.02 , 296.9
601.58 , 297.41
612.23 , 297.66
622.62 , 298.41
767.32 , 259.22
778.47 , 249.79
790.9 , 243.66
803.67 , 238.69
817.22 , 235.32
831.85 , 234.22
846.4 , 235.47
860.72 , 237.21
874.47 , 240.12
886.72 , 246.62
892.93 , 258.84
879 , 260.49
864.57 , 258.97
850.25 , 257.22
835.7 , 255.98
821.6 , 258.2
808.17 , 261.73
794.1 , 263.96
780.77 , 267.76
768.56 , 273.79
679.82 , 231.7
661.52 , 215.68
640.1 , 208.45
617.25 , 203.95
592.92 , 202.45
568.27 , 201.7
544.19 , 203.72
521.89 , 209.38
500.6 , 216.93
479.94 , 226.57
460.32 , 238.7
482.72 , 233.21
505.12 , 227.68
528.25 , 223.77
552.77 , 222.7
577.19 , 223.95
600.62 , 227.24
622.35 , 233.96
643.17 , 242.96
665.57 , 248.45
