2584389682_1
352.95 , 461.2
355.09 , 474.78
358.74 , 489.33
363.57 , 503.42
369.04 , 517.28
375.77 , 530.62
383.06 , 543.86
389.24 , 555.84
397.63 , 568.88
407.08 , 579.29
417.58 , 591
429.28 , 600.26
442.18 , 607.4
455.07 , 613.53
469.03 , 617.33
483.59 , 619.83
498.2 , 621.73
512.82 , 623.16
527.35 , 624.21
542.17 , 624.45
556.89 , 623.58
571.56 , 619.74
585.1 , 613.38
597.67 , 605.27
609.79 , 596.74
621.78 , 588.85
634.38 , 580.59
645.46 , 570.74
656.73 , 561.73
667.35 , 552.51
677.4 , 540.62
684.61 , 528.63
689.11 , 513.19
691.04 , 498.57
691.97 , 484.91
692.71 , 469.86
693.79 , 454.81
694.7 , 439.8
695.05 , 424.89
694.19 , 410.11
691.79 , 395.5
479.94 , 428.25
475.36 , 438.13
471.94 , 448.62
470.96 , 460.7
477.8 , 469.19
489.35 , 469.55
500.35 , 470.3
512.1 , 469.75
523.56 , 470.15
534.59 , 466.75
545.29 , 463.15
556.21 , 457.4
566.24 , 452.61
569.29 , 442.16
565.06 , 430.98
557.03 , 422.8
545.6 , 421.85
458.44 , 522.19
468.17 , 513.45
479.49 , 509.19
491.67 , 506.69
503.19 , 502.94
515.49 , 500.7
527.79 , 498.44
539.59 , 495.16
551.41 , 491.96
564.32 , 490.94
577.47 , 491.44
590.74 , 491.69
603.78 , 492.44
608.46 , 503.37
603.04 , 514.34
596.34 , 524.79
588.34 , 534.79
578.87 , 544.2
568.57 , 551.31
557.32 , 555.82
545.44 , 558.94
533.26 , 561.44
519.99 , 561.69
507.56 , 559.72
496.17 , 555.67
485.44 , 549.69
475.36 , 541.87
466.26 , 532.26
464.44 , 524.69
473.87 , 521.42
484.46 , 520.44
495.06 , 519.44
505.31 , 517.66
515.29 , 515.35
525.59 , 513.67
536.19 , 512.69
546.07 , 510.21
555.44 , 506.69
564.91 , 503.43
574.66 , 500.69
584.66 , 498.44
595.07 , 497.06
598.61 , 505.01
590.64 , 512.5
582.12 , 518.45
573.24 , 523.4
564.01 , 527.41
554.51 , 530.62
544.59 , 533.04
534.34 , 534.79
524.26 , 536.94
513.79 , 538.19
502.94 , 537.69
492.22 , 536.94
482.09 , 534.96
472.94 , 530.69
549 , 356.15
550.59 , 350.55
553.97 , 345.67
558.65 , 341.72
563.65 , 338.66
568.95 , 336.39
574.83 , 335.41
581.05 , 335.65
586.8 , 336.9
592.27 , 338.66
597.5 , 341.15
598 , 346.9
593.32 , 350.85
588.23 , 353.67
582.88 , 355.78
577.35 , 357.37
571.7 , 358.89
565.95 , 360.15
559.73 , 360.4
553.5 , 360.15
462.44 , 380.42
460.61 , 374.86
455.34 , 370.91
449.79 , 367.62
443.97 , 365.11
437.44 , 364.11
430.82 , 363.37
424.54 , 364.85
418.75 , 367.38
413.27 , 370.86
408.33 , 375.81
404.52 , 381.11
410.39 , 383.39
416.52 , 385.11
423.27 , 385.61
430.14 , 385.86
436.77 , 385.11
443.27 , 384.11
449.77 , 383.11
456.29 , 382.11
529.76 , 314.96
529.76 , 304.21
537.16 , 296.56
545.31 , 290.45
553.93 , 285.72
562.84 , 281.7
571.99 , 278.47
582.11 , 277.2
592.13 , 278.2
601.63 , 280.68
610.56 , 284.72
612.01 , 289.71
602.51 , 287.21
592.13 , 286.93
582.34 , 288.89
572.96 , 291.75
564.36 , 296.58
556.06 , 302.2
547.88 , 308.12
539.61 , 313.86
462.35 , 320.76
454.07 , 315.59
444.88 , 312.85
435.27 , 310.84
425.57 , 309.1
415.15 , 308.85
405.45 , 310.6
396.82 , 314.93
390.09 , 322.65
385.21 , 331.03
380.9 , 339.6
388.82 , 333.43
396.88 , 327.62
406.55 , 325.86
416.62 , 326.85
426.32 , 328.6
435.52 , 331.38
444.85 , 333.86
454.8 , 335.09
463.42 , 330.79
