2584392198_1
266.5 , 369.25
265.94 , 382.05
266.03 , 394.72
267.39 , 407.34
269.49 , 419.73
272.93 , 432.69
276.82 , 444.04
281.89 , 457.06
287.27 , 468.35
293.43 , 479.25
300.64 , 490.19
310.7 , 499.13
320.51 , 506.47
331.34 , 513.91
341.88 , 520.33
354.84 , 524.74
365.7 , 529.45
378.94 , 534.23
390.86 , 537.49
403.3 , 539.42
416.55 , 539.4
429.84 , 538.52
442.44 , 538.42
455.01 , 538.35
467.6 , 535.83
478.68 , 528.81
486.8 , 519.15
492.65 , 508.08
498.13 , 496.35
503.79 , 483.84
509.24 , 473.24
515.98 , 461.53
522.04 , 449.66
526.93 , 438.3
530.54 , 425.97
533.26 , 413.58
535.87 , 400.45
537.72 , 387.48
538.38 , 375.13
537.05 , 362.85
533.86 , 349.21
427.45 , 386.44
422.47 , 394.25
417.9 , 403
414.36 , 412.07
415.14 , 420.96
422.16 , 427.44
431.89 , 426.42
441.02 , 423.58
450.03 , 424.08
460.39 , 424.23
469.25 , 421.11
476.85 , 414.86
480.84 , 406.41
477.36 , 397.51
472.61 , 389.36
468.32 , 381.07
463.5 , 372
402.06 , 469.59
408.31 , 466.34
414.69 , 463.31
421.21 , 460.82
428.33 , 459.59
435.96 , 459.34
443.21 , 458.34
450.59 , 457.59
458.21 , 457.34
465.11 , 455.57
472.11 , 454.09
478.69 , 451.71
486.33 , 451.64
486.59 , 459.24
483.74 , 465.66
480.46 , 471.91
476.28 , 477.86
470.81 , 483.34
464.88 , 487.57
458.46 , 490.44
451.91 , 492.84
444.88 , 494.34
437.51 , 493.6
430.69 , 491.71
424.41 , 488.41
418.28 , 484.81
412.34 , 480.62
406.81 , 475.34
403.06 , 469.59
408.51 , 471.1
414.38 , 471.84
420.61 , 471.84
426.61 , 471.34
432.74 , 471.59
438.96 , 471.59
444.96 , 471.1
450.91 , 470.49
456.31 , 468.84
461.59 , 466.82
466.69 , 464.34
471.81 , 461.84
476.89 , 459.28
479.26 , 460.65
474.51 , 464.13
469.29 , 466.36
463.76 , 467.83
458.11 , 469.07
452.59 , 470.57
446.76 , 471.38
440.94 , 472.22
435.11 , 473.09
429.11 , 473.59
423.19 , 474.21
417.49 , 475.34
411.63 , 476.12
406.16 , 474.49
465.99 , 339.02
465.73 , 333.88
467.75 , 329.58
470.35 , 325.51
473.53 , 321.62
477.68 , 319.14
482 , 317.11
486.68 , 315.88
491.78 , 315.67
496.2 , 317.36
500 , 320.41
502 , 324.75
500.54 , 329.3
498.3 , 333.58
494.25 , 336.37
489.91 , 338.38
485.16 , 339.38
480 , 339.63
475 , 340.13
470.13 , 340.9
403.74 , 350.39
403.12 , 345.35
399.51 , 341.23
395.2 , 338.16
390.61 , 335.84
385.68 , 334.4
380.41 , 333.65
375.25 , 334.62
370.58 , 336.74
366.2 , 339.62
362.03 , 343.05
358.43 , 347.15
362.56 , 350.8
367.28 , 352.67
372.33 , 353.92
377.58 , 354.65
383.23 , 354.65
388.61 , 354.15
393.66 , 352.92
398.71 , 351.64
458.69 , 304.93
461.19 , 298.93
465.91 , 293.71
471.49 , 289.9
477.29 , 286.67
482.74 , 282.62
488.46 , 279.16
494.47 , 276.66
501.49 , 276.18
507.87 , 277.86
513.51 , 281.51
509.22 , 283.19
502.84 , 282.4
496.76 , 284.83
491.22 , 288.65
486.12 , 293.75
480.89 , 298.48
475.62 , 303.22
470.06 , 307.05
464.01 , 308.99
415.9 , 311.16
411.72 , 305
404.55 , 303.26
397.27 , 301.76
390 , 300.26
382.6 , 299.02
374.85 , 298.51
367.57 , 299.98
361.07 , 303.41
354.91 , 307.62
350 , 313.51
357.52 , 312.52
364.32 , 310.02
371.82 , 309.01
379.1 , 310.49
386 , 312.76
392.77 , 315.25
399.48 , 318.01
406.85 , 319.26
414.39 , 318.28
