2584536815_1
40.95 , 243.9
40.21 , 263.66
39.85 , 283.41
40.8 , 303.12
43.31 , 322.81
46.91 , 341.6
53.14 , 362.07
59.95 , 380.15
67.76 , 397.77
76.48 , 416.95
86.99 , 432.41
100.61 , 447.74
115.92 , 462.13
129.47 , 474.37
146.22 , 487.64
162.65 , 497.4
178.35 , 508.55
196.47 , 519.77
216.09 , 525.14
235.47 , 530.52
253.9 , 535.36
274.51 , 534.01
293.16 , 531.86
312.65 , 530.19
330.57 , 521.87
343.62 , 506.79
355.49 , 489.67
367.59 , 472.75
379.48 , 458.29
392.98 , 444.39
406.45 , 428.74
418.1 , 412.94
428.99 , 396.64
439.18 , 378.17
447.83 , 360.36
455.45 , 342.25
461.55 , 322.45
465.96 , 303.84
469.3 , 282.92
470.37 , 263.91
470.25 , 242.75
269.94 , 267.44
261.44 , 280.21
251.84 , 295.24
246.31 , 309.98
248.64 , 327.86
260.08 , 339.36
276.51 , 344.15
292.39 , 344.12
309.77 , 345.84
325.9 , 345.5
342 , 341.4
358.57 , 334.39
374.54 , 329.8
380.69 , 314.65
378.57 , 298.23
373.64 , 282.7
368 , 265.25
196.28 , 394.88
209.98 , 397.38
223.25 , 400.86
237.33 , 402.63
251.66 , 401.38
265.86 , 399.89
280.65 , 399.63
295.23 , 400.38
309.81 , 399.63
324.03 , 398.13
338.33 , 396.84
352.43 , 395.16
365.9 , 392.11
370.71 , 402.96
363.08 , 414.58
354.35 , 425.8
343.88 , 436.12
332.13 , 443.29
319.4 , 447.91
305.33 , 449.63
290.86 , 448.7
276.88 , 446.73
263.53 , 443.38
250.93 , 438.63
238.68 , 432.62
227.03 , 425.13
215.88 , 416.23
205.19 , 406.03
202.53 , 399.63
213.91 , 403.16
225.38 , 406.48
237.25 , 409.11
249.66 , 410.62
262.31 , 411.63
274.58 , 413.42
286.78 , 415.38
299.68 , 415.88
312.48 , 415.13
325.18 , 414.23
337.43 , 412.39
348.81 , 408.86
359.43 , 403.26
370.03 , 398.16
359.88 , 405.04
348.93 , 409.73
337.46 , 413.13
325.15 , 414.91
312.5 , 415.88
299.61 , 416.38
286.81 , 415.65
274.3 , 414.39
261.93 , 412.78
249.58 , 411.15
237.28 , 409.38
225.23 , 407.14
213.41 , 404.41
366.3 , 184.35
372.35 , 177.3
379.28 , 170.88
386.6 , 165.53
394.1 , 160.78
401.98 , 156.86
410.1 , 153.86
419 , 152.35
428 , 153.58
435.8 , 157.6
440.05 , 165.35
440.81 , 174.57
436.05 , 182.1
428.8 , 187.6
420.15 , 189.59
410.9 , 190.35
401.68 , 189.6
392.77 , 188.1
383.77 , 186.85
374.4 , 187.34
249.41 , 178.38
241.46 , 169.93
233.06 , 161.78
223.64 , 156.57
213.06 , 154.05
201.54 , 154.55
190.64 , 156.28
180.19 , 159.02
170.27 , 162.86
160.77 , 167.9
151.84 , 174.55
161.24 , 179.92
170.66 , 185.11
180.27 , 189.98
190.29 , 193.51
201.41 , 194.8
212.81 , 194.05
223.84 , 192.55
234.39 , 190.01
244.94 , 187.46
396.85 , 130.98
405.3 , 122.76
415.2 , 118.44
425.18 , 114.45
435.33 , 111
446.38 , 109.23
457.53 , 107.73
468.33 , 105.48
479.75 , 104.48
491.02 , 105.74
492.27 , 116.49
483.15 , 122.97
473.23 , 127.11
463.43 , 131.7
453.35 , 135.48
442.43 , 137.48
430.78 , 136.98
419.5 , 138.24
408.58 , 140.23
397.83 , 142.4
277.62 , 130.08
263.08 , 117.45
244.83 , 113.85
226.04 , 111.34
206.36 , 110.59
186.46 , 110.34
166.81 , 109.59
146.91 , 109.34
127.38 , 110.34
108.94 , 113.59
91.71 , 119.09
108.08 , 127.12
126.53 , 130.34
145.94 , 131.59
165.36 , 132.84
184.16 , 135.34
202.86 , 138.09
222.01 , 139.84
241.91 , 139.59
261.21 , 138.09
