2588017894_1
411.09 , 581.54
409.37 , 599.12
409.13 , 618.08
410.35 , 636.65
412.49 , 654.65
415.61 , 674.06
417.58 , 692.05
418.19 , 710.33
424.71 , 728.13
435.05 , 744.68
446.28 , 759.37
457.98 , 772.04
476.5 , 778.75
495.23 , 781.18
512.85 , 779.51
531.47 , 778.02
550.15 , 777.47
568.74 , 774.15
587.98 , 770.63
604.77 , 763.54
620.86 , 755.51
639.53 , 748.94
656.99 , 741.94
673.59 , 734.79
691.94 , 729.51
708.6 , 725.25
727.62 , 720.24
744.98 , 714.37
762.34 , 706.83
777.29 , 697.3
791.43 , 682.95
801.97 , 667.44
807.72 , 649.71
808.78 , 631.13
808.5 , 612.69
810.18 , 594.01
813.04 , 575.55
816.02 , 556.84
818.63 , 539.63
819.08 , 519.68
815.62 , 501.16
500.44 , 542.15
494.64 , 553.69
486.32 , 564.5
484.2 , 577.2
486.04 , 590.86
496.3 , 599.09
509.68 , 593.58
520.58 , 585.89
532.2 , 578.58
545.11 , 574.67
558.34 , 572.64
572 , 570.83
580.19 , 561.19
578.01 , 546.91
566.3 , 540.11
554.85 , 534.99
545.44 , 523.69
484.32 , 659.94
489.7 , 648.32
495.67 , 636.87
502.7 , 625.82
512.14 , 615.62
522.77 , 607.47
534.32 , 601.69
547.02 , 598.69
560.89 , 598.19
574.89 , 598.44
588.17 , 600.17
600.75 , 603.41
612.67 , 607.91
624.44 , 612.91
636.58 , 616.85
633.35 , 629.42
623.52 , 639.45
612.57 , 646.69
601.12 , 652.67
589.55 , 658.46
577.92 , 663.85
565.57 , 667.44
553.14 , 670.91
541.17 , 675.35
528.52 , 678.43
515.5 , 680.71
502.75 , 677.87
491.7 , 670.83
502.07 , 647.19
506.63 , 638.38
514.89 , 632.34
523.29 , 626.72
532.07 , 621.94
541.17 , 618.19
550.85 , 615.68
560.85 , 613.94
571.37 , 613.19
582 , 613.69
592.5 , 614.44
602.75 , 615.69
613.02 , 616.94
622.92 , 618.97
622.92 , 628.59
614.64 , 634.63
605.8 , 639.21
596.87 , 643.43
587.8 , 647.18
578.37 , 650.15
568.37 , 651.96
559 , 654.97
549.62 , 657.9
540.19 , 660.82
531.19 , 664.82
521.44 , 667.22
511.8 , 664.66
504.83 , 656.72
584.85 , 495.1
586.5 , 488.45
588.84 , 482.12
593.17 , 476.51
598.88 , 472.33
604.95 , 469.26
611.35 , 467.1
618.7 , 466.85
626.02 , 467.11
632.77 , 468.57
638.85 , 471.6
642.12 , 477.09
636.45 , 481.25
629.98 , 483.22
623.58 , 485.37
617.35 , 488.1
610.55 , 489.39
603.9 , 491.07
597.62 , 493.58
591.43 , 496.34
505.42 , 525.34
504.04 , 519.32
499.33 , 514.45
493.75 , 511.67
487.65 , 510.17
481.2 , 510.95
475.25 , 512.71
469.57 , 515.18
464.3 , 518.69
459.35 , 523.14
455.42 , 528.29
453.05 , 533.94
457.88 , 538.28
464.25 , 539.19
470.58 , 538.19
476.8 , 536.94
483.12 , 535.94
489.23 , 534.43
495.33 , 532.94
500.95 , 530.31
574.9 , 435.27
578.46 , 424.48
589.32 , 420.77
600.8 , 418.26
612.4 , 416.02
624.5 , 414.77
637.2 , 414.77
649.77 , 414.52
661.25 , 416.99
671.55 , 422.4
680.9 , 430.27
677.29 , 440.74
665.92 , 443.04
654.83 , 439.76
644.47 , 434.55
632.97 , 432.02
620.3 , 432.02
608.1 , 433.06
596.85 , 436.06
585.58 , 439.03
490.13 , 460.87
480.83 , 460.12
472.71 , 463.37
464.61 , 466.62
456.71 , 470.61
448.93 , 474.89
441.5 , 480.05
435.6 , 487.21
430.43 , 494.64
425.05 , 502.01
421.18 , 509.89
429.58 , 508.01
436.02 , 501.04
441.95 , 493.87
449.11 , 487.97
456.68 , 483.14
464.53 , 479.05
472.43 , 475.14
481.06 , 473.02
489.21 , 469.88
