258914311_1
140.47 , 549.81
145.21 , 570.47
150.89 , 592.04
158.2 , 615.51
164.93 , 636.8
171.45 , 658.32
177.77 , 679.82
184.23 , 701.59
190.94 , 724.06
197.97 , 745.45
207.07 , 766.77
219.44 , 786.16
235.1 , 800.9
254.15 , 813.6
274.24 , 825.16
296.11 , 833.63
318.91 , 836.75
342.03 , 836.01
363.22 , 833.82
386.5 , 830.8
409.56 , 827.85
432.15 , 823.74
452.41 , 814.31
471.87 , 804.61
493.95 , 795.63
515.38 , 789.27
537.22 , 781.92
558.63 , 772.29
576 , 760.96
593.37 , 743.01
605.52 , 723.86
614.93 , 703.28
621.96 , 681.58
626.92 , 659.09
629.63 , 638.53
631.19 , 615.46
631.24 , 592.33
630.47 , 569.17
629.01 , 546
627.55 , 522.79
626.35 , 499.78
291.4 , 501.35
280.35 , 515.22
269.25 , 530.37
262.54 , 548.91
265.27 , 566.8
277.68 , 579.78
294.31 , 590.29
312.9 , 591.11
330.47 , 588.11
349.51 , 585.64
368.34 , 582.97
386.92 , 583.38
400.6 , 571.3
406.38 , 552.9
402.47 , 535.34
394.37 , 517
383.5 , 501.35
261.6 , 699.65
266.32 , 687.93
276.75 , 679.51
287.33 , 671.41
298.28 , 664.41
309.8 , 658.9
322.38 , 655.9
335.55 , 654.15
348.58 , 652.15
361.18 , 655.13
372.7 , 660.62
384.43 , 665.38
396.15 , 670.18
408.08 , 674.41
419.54 , 680.09
425.57 , 691.17
415.5 , 700.65
404.45 , 707.31
392.78 , 712.39
379.98 , 714.9
366.2 , 715.4
352.3 , 715.15
338.43 , 714.9
324.4 , 714.9
310.88 , 713.9
297.95 , 711.64
285.28 , 708.89
272.45 , 706.49
269.1 , 699.15
276.55 , 690.68
286.03 , 685.97
296.2 , 683.06
305.95 , 679.31
316.78 , 677.72
327.88 , 678.65
339.35 , 678.4
350.33 , 677.16
361.3 , 675.92
372.55 , 676.15
383.78 , 676.92
395 , 677.62
405.53 , 679.83
416.13 , 681.92
408.33 , 682.15
397.45 , 680.63
386.23 , 679.93
375 , 679.15
363.65 , 678.63
352.65 , 679.86
341.68 , 681.16
330.58 , 682.15
319.68 , 683.58
309 , 685.5
298.43 , 687.58
288.25 , 690.5
278.43 , 694.09
391.6 , 428.89
395.76 , 420.96
401.8 , 413.69
409.03 , 407.47
416.68 , 402.57
424.9 , 399.12
434.23 , 398.14
443.45 , 399.4
452.08 , 401.88
459.8 , 406.63
466.19 , 413.74
470.39 , 421.69
464.42 , 428.84
455.68 , 431.13
446.58 , 432.64
437.12 , 433.39
427.9 , 432.13
419.15 , 429.88
409.93 , 428.64
400.83 , 430.14
280.14 , 439.28
272.9 , 434.52
265.5 , 428.33
257.77 , 423.05
249.6 , 418.94
240.77 , 416.55
231.47 , 415.03
222.17 , 416.54
213.7 , 419.78
206.35 , 426.13
201.29 , 433.9
199.45 , 443.03
206.32 , 449.43
215.57 , 451.02
225.57 , 451.03
235.1 , 450.03
244.27 , 448.25
253.55 , 446.79
263.07 , 445.78
272.12 , 443.76
380.48 , 366.56
386.46 , 353.09
398.38 , 343.19
411.66 , 336.38
426.23 , 332.81
441.33 , 330.32
456.53 , 328.07
472.21 , 326.81
487.41 , 328.57
500.91 , 334.75
513.16 , 344.3
506.5 , 350.8
491.78 , 347.55
476.71 , 345.06
460.91 , 345.05
446.5 , 349.04
432.75 , 354.29
419.31 , 360.48
406.73 , 369.06
393.18 , 374.27
293.34 , 398.92
280.44 , 385.42
265.64 , 375.94
250.19 , 368.01
234.31 , 361.42
216.79 , 358.42
198.17 , 357.68
180.99 , 361.4
165.52 , 369.27
151.09 , 379.92
139.34 , 393.92
157.97 , 393.16
173.52 , 385.49
191.24 , 382.93
208.64 , 386.16
225.59 , 390.42
241.91 , 395.74
257.66 , 402.68
273.31 , 409.91
289.69 , 415.14
