2589513472_1
250 , 520.94
252.18 , 538.03
255.34 , 556.78
258.89 , 576.91
264.01 , 594.79
268.42 , 612.78
274.3 , 631.78
280.46 , 648.38
286.9 , 667.38
294 , 684.65
301.48 , 700.96
310.32 , 718.91
320.88 , 733.84
333.63 , 749.24
344.36 , 764.08
354.26 , 779.99
370.14 , 792.56
385.02 , 802.87
403.62 , 809.93
420.98 , 811.04
440.23 , 809.29
458.09 , 804.07
476.07 , 797.93
493.6 , 789.95
510.8 , 779.78
526.26 , 770.18
542.89 , 761.53
560.42 , 753.92
576.87 , 742.97
591.49 , 730.25
605.33 , 719.01
619.07 , 705.11
630.32 , 689.12
639.37 , 673.23
647.95 , 656.82
656.42 , 639.49
663.91 , 621.47
669.79 , 604.4
675.94 , 585.64
681.44 , 566.81
686.14 , 548.1
377.65 , 528.44
374.21 , 546.11
368.02 , 563.35
357.36 , 576.05
356.37 , 593.9
373.98 , 600.27
387.01 , 611.71
403.73 , 619.98
420.84 , 618.02
437.55 , 608.25
455.65 , 609.66
472.28 , 609.93
479.96 , 592.79
478.24 , 574.63
464.34 , 563.81
456.22 , 548.79
451.1 , 529.4
340.72 , 650.62
353.55 , 649.37
366.5 , 650.37
379.2 , 651.87
391.42 , 654.37
403.87 , 656.37
416.95 , 657.12
429.9 , 656.12
443.22 , 655.87
456.65 , 655.87
469.47 , 657.12
481.47 , 660.12
492.62 , 665.02
499.82 , 675.07
488.95 , 680.87
477.97 , 686.37
467 , 691.86
455.9 , 696.94
444.5 , 701.12
432.27 , 703.62
418.85 , 703.62
406.25 , 701.87
394.25 , 698.88
382.82 , 694.9
371.8 , 689.47
361.64 , 681.8
353.08 , 671.97
345.47 , 661.77
344.22 , 650.37
353.97 , 654.62
363.77 , 658.9
373.72 , 662.62
384.2 , 665.35
395.02 , 667.36
405.72 , 669.62
416.8 , 671.11
428.57 , 671.12
440.25 , 670.87
452.05 , 670.87
463.72 , 671.12
475.52 , 671.12
487.07 , 671.62
496.94 , 672.37
485.27 , 672.62
473.85 , 671.87
462.52 , 672.87
450.97 , 672.37
439.17 , 672.37
427.75 , 673.12
416.8 , 671.37
405.12 , 671.12
393.62 , 670.53
383.42 , 667.32
373.62 , 663.15
363.65 , 659.39
354 , 654.61
488 , 467.57
495.68 , 460.4
503.93 , 454.92
512.25 , 449.57
521.15 , 445.8
530.98 , 444.07
541.52 , 443.82
551.83 , 444.57
561.65 , 446.32
570.4 , 450.57
577.02 , 458.39
575.17 , 468.16
567.12 , 474.31
557.95 , 477.31
547.65 , 476.56
537.95 , 474.57
528.25 , 472.57
518.55 , 470.57
508.62 , 469.07
498.68 , 467.57
385.02 , 454.18
382.73 , 445.47
378.01 , 437.5
371.44 , 430.17
363.59 , 425.16
355.24 , 421.42
346.26 , 419.17
336.19 , 419.17
326.87 , 420.65
318.39 , 423.96
310.41 , 428.7
303.69 , 435.92
309.71 , 443.45
317.34 , 449.08
325.99 , 451.91
335.56 , 452.92
345.14 , 453.92
355.09 , 454.17
365.14 , 454.17
375.09 , 454.42
491.75 , 407.49
504.8 , 400.21
519.55 , 396.97
534.38 , 393.87
549.35 , 391.14
564.42 , 388.56
580 , 386.99
595.73 , 388.24
609.55 , 393.5
621.8 , 403.04
628.46 , 416.19
614.6 , 417.21
600.7 , 412.25
585.35 , 410.24
569.15 , 410.52
553.88 , 412.62
538.67 , 414.99
522.73 , 415.75
508.38 , 419.72
493.74 , 422.86
375.02 , 400.97
370.94 , 392.12
362.97 , 385.63
354.31 , 380.96
345.87 , 375.81
336.89 , 372.14
327.51 , 369.4
318.29 , 366.37
308.64 , 364.12
298.29 , 364.85
290.69 , 372.37
298.41 , 379.59
306.91 , 384.6
315.72 , 388.89
324.94 , 391.87
334.16 , 394.85
343.34 , 398.02
352.31 , 401.74
361.44 , 404.87
370.32 , 408.98
