2593505397_1
348.55 , 551.45
354.81 , 580.1
360.73 , 612.01
365.39 , 642.04
370.04 , 671.61
375.62 , 703.6
381.56 , 733.01
389.21 , 761.55
401.21 , 791.98
416.12 , 817.14
437.33 , 840.82
459.82 , 859.47
486.43 , 877.44
513.25 , 895.47
535.72 , 913.26
559.6 , 935.24
582.24 , 954.38
610.83 , 969.41
642.17 , 971.64
671.2 , 969.9
702.62 , 970.38
732.78 , 967.82
762.8 , 960.34
790.63 , 946.52
816.07 , 927.6
838.55 , 908.93
863.42 , 889.21
887.95 , 869.32
910.4 , 849.15
929.81 , 826.63
946.94 , 798.77
958.58 , 769.76
966.42 , 739.09
970.42 , 710.85
973.13 , 679.95
974.47 , 648.06
974.65 , 615.64
975.59 , 587.24
978.17 , 555.26
981.44 , 523.76
986.84 , 492.71
614.35 , 538.25
614.28 , 564.17
593.05 , 581.68
588.14 , 612.75
591.74 , 640.82
611.99 , 660.11
635.82 , 641.45
664.48 , 639.06
686.58 , 655.56
714.83 , 657.06
737.52 , 635.01
765.27 , 632.83
792.2 , 622.02
788.58 , 593.96
776.45 , 568.14
748.29 , 558.66
747.75 , 531.54
538.86 , 745.78
559.28 , 740.78
581.03 , 738.53
602.29 , 735.28
624.29 , 733.53
647.01 , 733.78
668.51 , 731.04
691.34 , 731.03
713.59 , 729.78
734.36 , 725.53
756.09 , 723.28
778.46 , 722.28
800.43 , 724.03
821.04 , 728.71
813.45 , 747.18
797.18 , 763.02
779.81 , 775.79
761.13 , 785.01
740.99 , 790.54
719.84 , 794.03
698.09 , 796.28
675.99 , 794.81
654.96 , 791.06
634.84 , 785.51
615.68 , 777.81
597.01 , 768.44
578.38 , 759.05
559.53 , 750.28
544.36 , 744.53
563.66 , 746.78
583.24 , 748.53
603.03 , 749.78
622.74 , 751.28
642.41 , 752.78
661.86 , 754.78
681.41 , 756.52
701.59 , 757.03
721.16 , 755.26
739.76 , 751.53
758.11 , 747.28
776.29 , 742.6
793.71 , 736.52
809.84 , 735.05
792.71 , 741.93
774.81 , 747.02
756.54 , 751.52
738.06 , 755.55
718.61 , 757.53
698.94 , 759
679.36 , 760.78
659.43 , 759.81
640.13 , 757.54
620.91 , 755.03
601.49 , 753.03
581.56 , 752.04
562.84 , 748.53
764.89 , 431.99
773.66 , 424.71
782.81 , 418.34
792.26 , 412.86
802.01 , 408.12
812.26 , 404.86
823.51 , 403.49
834.91 , 404.49
845.84 , 406.45
856.01 , 409.96
865.49 , 415.33
866.32 , 426.02
856.14 , 429.49
845.09 , 431.23
833.91 , 432.74
822.29 , 433.24
810.64 , 432.74
799.24 , 431.74
787.59 , 432.24
776.19 , 433.24
574.39 , 445.05
573.03 , 434.09
563.24 , 427.61
552.78 , 422.86
541.61 , 419.89
529.81 , 418.12
517.41 , 417.59
505.74 , 419.6
494.46 , 422.47
484.04 , 427.38
474.69 , 435.22
467.81 , 444.87
478.69 , 448.39
490.24 , 450.64
502.03 , 452.37
514.68 , 452.37
526.61 , 450.88
538.63 , 449.63
550.93 , 448.87
562.84 , 447.36
727.2 , 346.02
734.95 , 326.27
752.73 , 312.74
772.05 , 303.43
792.53 , 297.29
813.4 , 291.76
833.95 , 285.77
855.2 , 281.02
878 , 279.5
899.58 , 283.5
917.85 , 295.65
909.02 , 311.59
887.8 , 306.8
865.3 , 305.92
845.18 , 312.78
825.83 , 322.05
805.53 , 328.45
785.15 , 334.81
765.88 , 344.28
746.8 , 353.85
594.81 , 373.17
592.5 , 349.88
575.78 , 332.65
557.03 , 319.67
537.1 , 309.73
516.42 , 302.3
494.93 , 296.43
470.88 , 296.11
449.6 , 302.39
431.05 , 315.93
417.06 , 334.33
407.05 , 354.18
427.73 , 346.74
447.6 , 336.67
468.88 , 330.4
492.62 , 331.66
513.3 , 339.18
532.73 , 350.33
551.5 , 363.17
571.08 , 373.94
