2595390660_2
445.45 , 617.9
451.03 , 635.62
456.47 , 653.72
462.5 , 670.71
469.87 , 688.3
478.26 , 706.53
484.84 , 724.08
492.8 , 740.06
503.14 , 756.54
515.93 , 771.37
528.84 , 785.44
543.31 , 796.63
558.12 , 807.38
573.49 , 820.15
586.62 , 832.73
601.55 , 844.74
617.75 , 854.42
635.9 , 862.06
654.53 , 866.44
672.93 , 868.49
691.7 , 865.08
709.83 , 861.89
728.75 , 856.45
746.11 , 848.55
761.73 , 839.05
777.77 , 827.65
793.37 , 815.74
808.29 , 804.01
822.41 , 793.49
837.77 , 780.22
850.69 , 768.09
861.81 , 752.8
871.6 , 735.33
879.97 , 718.31
887.05 , 700.73
893.27 , 682.83
898.26 , 664.36
902.63 , 645.56
906.68 , 627.15
909.45 , 609.2
912.64 , 589.5
612.19 , 635.69
604 , 647.6
599.09 , 661.48
594.29 , 676.36
598.06 , 691.26
610.67 , 700.1
625.6 , 700.25
640.45 , 696.7
656.49 , 694.56
671.62 , 694.54
686.75 , 696.44
701.79 , 697.48
717.11 , 693.76
725.31 , 682.03
724.42 , 665.45
718.46 , 652.33
707.9 , 639.8
588.35 , 752.93
601 , 751.68
613.77 , 750.68
625.83 , 748.18
637.5 , 744.91
650.65 , 744.68
663.18 , 746.18
675.12 , 743.42
688.03 , 744.18
700.3 , 746.18
712.98 , 747.43
725.88 , 748.18
738.65 , 747.18
751.07 , 748.93
744.15 , 758.61
733.85 , 765.43
723.62 , 772.41
712.83 , 777.95
701.88 , 782.93
690.08 , 785.95
677.65 , 787.68
665 , 788.95
652.6 , 787.18
641.08 , 783.66
630.12 , 778.7
619.67 , 772.26
609.78 , 764.34
599 , 758.8
600.6 , 753.43
611.05 , 754.18
620.9 , 756.17
630.4 , 758.95
639.88 , 761.69
649.35 , 764.43
659.83 , 765.18
670.4 , 765.68
680.25 , 763.69
690.48 , 762.43
700.23 , 760.19
709.98 , 757.93
719.62 , 755.42
729.48 , 753.44
739.76 , 752.69
730.03 , 754.94
720.05 , 756.68
710.05 , 758.42
700.73 , 761.46
690.62 , 762.93
681 , 765.42
670.4 , 765.93
659.95 , 765.18
649.48 , 764.43
639.38 , 762.94
630.42 , 758.91
620.55 , 756.93
610.58 , 755.18
711.35 , 557.77
716.98 , 550.65
724.52 , 546.12
732.15 , 541.76
740.48 , 539.24
749.77 , 538.77
759.2 , 539.02
768.62 , 539.27
778.18 , 539.27
787 , 540.79
794.8 , 544.34
788.95 , 551.41
781.8 , 557.06
773.7 , 559.99
765.23 , 562.26
756.3 , 563.52
746.98 , 563.01
738.3 , 561.27
729.6 , 559.52
720.17 , 559.27
605.31 , 558.77
601.17 , 551
593.22 , 547.01
584.67 , 544.5
575.17 , 544
565.67 , 544.5
556.27 , 545.25
546.77 , 545.75
537.37 , 546.5
528.25 , 547.72
520.42 , 552
528.37 , 555.93
535.92 , 561
543.82 , 565.16
552.14 , 568
561.39 , 569
570.92 , 568.5
579.82 , 566.75
588.5 , 564.47
596.52 , 560.72
690.85 , 520.6
697.2 , 508.45
709.52 , 502.42
723.1 , 499.35
737.38 , 497.85
751.8 , 496.59
766.25 , 497.75
779.83 , 500.83
793.62 , 503.35
806.3 , 508.32
815.85 , 518.85
813.08 , 529.32
801.25 , 522.01
788.9 , 516.14
775.8 , 512.31
761.35 , 511.1
746.33 , 511.1
732.15 , 512.81
718.58 , 515.87
705.53 , 519.85
590.2 , 517.53
580.28 , 509.85
568.96 , 506.02
556.61 , 504.25
543.88 , 503.25
530.65 , 503.25
517.68 , 503.75
505.08 , 504.98
493.2 , 507.74
482.5 , 513.43
473.18 , 522.75
484.96 , 525.76
496.96 , 523.25
509.68 , 522.25
522.78 , 522
535.63 , 521.25
548.48 , 522
561.21 , 523
573.43 , 525
585.81 , 526.72
