1265969136_1
242.34 , 275.5
242.26 , 290.95
241.67 , 308.27
241.49 , 323.89
241.86 , 341.15
242.8 , 358.35
244.37 , 373.71
246.59 , 390.71
249.69 , 407.46
253.54 , 422.29
258.89 , 437.86
266.52 , 452.53
276.57 , 467.05
288.52 , 479.07
300.61 , 489.1
312.58 , 501.14
326.55 , 509.94
340.74 , 517.42
357.59 , 520.91
374.06 , 523.95
390.73 , 521.94
405.86 , 521.14
422.46 , 519.55
438.89 , 516.57
455.62 , 510.54
470.55 , 503.8
484.25 , 496.72
499.85 , 488.25
513.09 , 478.03
523.85 , 466.5
536.5 , 455.05
544.53 , 440.21
550.96 , 425.68
556.14 , 409.53
559.09 , 393.16
561.48 , 377.07
564.44 , 360.93
567.25 , 344.03
569.43 , 327.52
571.74 , 312.45
573.75 , 294.5
329.26 , 274.12
327.32 , 285.91
320.29 , 296.94
317.13 , 308.89
319.33 , 321.87
328.29 , 329.79
339.98 , 333.52
352.8 , 339.3
365.32 , 338.75
376.43 , 332.39
389.23 , 331.76
400.12 , 327.07
406.98 , 316.11
407.11 , 303.42
403.17 , 291.06
393.63 , 283.23
386.78 , 271.93
292.15 , 382.22
297.45 , 372.43
307.62 , 367.74
317.27 , 361.6
327.67 , 357.47
339.77 , 356.97
351.75 , 357.72
363.97 , 357.47
375.82 , 356.47
387.92 , 355.97
399.55 , 357.44
410.75 , 359.81
421.2 , 363.73
431.02 , 369.34
438.59 , 378.27
429.67 , 386.46
419.55 , 391.32
409.3 , 395.82
399.05 , 400.45
387.92 , 402.96
376.55 , 404.98
365.05 , 406.72
352.95 , 407.22
341.2 , 405.99
330.25 , 403.06
319.82 , 399.15
309.27 , 395.59
298.89 , 391.64
304.15 , 384.97
311.52 , 381.22
319.15 , 378.22
327.25 , 376.19
335.85 , 375.22
344.55 , 375.97
353.02 , 377.21
361.97 , 377.47
370.45 , 376.23
379.15 , 375.47
387.88 , 376.22
396.47 , 377.25
405.17 , 377.97
413.88 , 378.72
422.13 , 380.47
415.35 , 380.47
406.5 , 379.97
397.67 , 379.47
388.97 , 378.72
380.02 , 378.44
371.55 , 379.7
363.07 , 380.97
354.38 , 381.72
345.77 , 380.75
337.55 , 378.97
328.62 , 379.24
320.6 , 381.45
312.62 , 383.72
414.5 , 242.9
418.83 , 236.06
425.62 , 231.52
432.77 , 227.88
440.3 , 225.38
448.23 , 223.65
456.75 , 224.15
465.18 , 224.9
472.7 , 227.36
479.93 , 230.84
486.62 , 235.65
489.6 , 242.37
481.55 , 243.9
473.4 , 245.15
464.98 , 245.9
456.32 , 245.65
447.55 , 245.65
439.27 , 244.65
431.45 , 242.66
423.05 , 243.4
332.15 , 240.58
331.34 , 234.13
326.24 , 229.28
320.38 , 226.63
314.36 , 224.35
307.99 , 222.85
300.88 , 222.85
294.01 , 223.34
287.76 , 225.08
281.94 , 227.95
276.78 , 232.63
273.81 , 238.35
279.16 , 242.48
285.11 , 244.87
292.11 , 245.1
299.09 , 245.35
306.06 , 245.6
313.03 , 245.35
319.53 , 244.1
326.28 , 243.35
389.78 , 193.83
398.31 , 184.55
410.13 , 182.3
422.25 , 180.83
434.43 , 179.43
447.13 , 179.58
459.5 , 180.58
471.4 , 182.57
482.53 , 186.08
492.6 , 192.43
502.18 , 200.24
494.05 , 201.09
483.23 , 196.59
471.45 , 194.86
459.15 , 195.96
446.9 , 197.21
434.8 , 198.83
422.93 , 200.81
411.03 , 202.83
398.53 , 203.08
336.85 , 199.08
335.98 , 189.46
328.59 , 182.85
319.56 , 180.32
309.96 , 179.09
300.09 , 178.34
289.99 , 178.59
279.99 , 179.09
270.61 , 180.82
262.21 , 184.84
255.34 , 192.19
250.71 , 200.34
260.21 , 198.84
269.61 , 197.1
279.84 , 197.09
289.69 , 197.84
299.56 , 198.59
309.41 , 199.34
318.69 , 201.34
328.29 , 202.61
