2595847708_1
73.75 , 650.64
84.82 , 673.66
98.29 , 695.41
114.91 , 715.12
131.72 , 733.68
148.49 , 752.4
166.38 , 772.68
182.38 , 791.68
196.99 , 812.6
210.45 , 835.31
224.33 , 857.89
240.29 , 879.18
257.51 , 896.87
275.44 , 914.75
295.75 , 933.83
315.68 , 949.24
337.42 , 960.77
363.46 , 967.07
388.79 , 968.84
414.7 , 967.26
439.08 , 962.07
464.02 , 954.44
486.61 , 941.05
505.01 , 922.5
523.74 , 905.16
542.82 , 887.8
560.95 , 868.22
576.39 , 848.65
592.54 , 828.11
605.81 , 804.5
617.46 , 781.27
628.22 , 758.89
635.81 , 734.46
643.08 , 708.4
650.71 , 685.64
660.04 , 660.16
668.49 , 636.68
677.38 , 610.56
682.58 , 585.53
683.44 , 560.06
681.45 , 533.2
258.84 , 591.6
257 , 614.36
250.3 , 638.8
251.5 , 663.24
266.51 , 682.64
284.12 , 697.12
306.32 , 710.44
329.83 , 717.88
352.52 , 711.7
371.6 , 696.1
384.57 , 676.14
403.71 , 659.56
418.18 , 639.9
418.75 , 614.69
403.76 , 595.73
387.17 , 579.55
368.6 , 560.6
210.09 , 732.63
236.74 , 729.38
263.99 , 731.38
291.24 , 733.38
319.49 , 733.38
346.49 , 730.89
371.87 , 724.88
397.64 , 719.88
422.29 , 712.65
446.22 , 703.88
470.07 , 694.9
494.59 , 687.38
509.83 , 706.68
501.36 , 730.71
491.09 , 754.13
477.39 , 776.31
461.12 , 797.61
441.81 , 817.66
420.87 , 834.89
397.17 , 844.37
371.47 , 849.63
344.22 , 851.14
318.29 , 846.34
295.22 , 834.88
274.1 , 818.15
257.08 , 797.11
241.17 , 775.71
224.14 , 754.71
222.34 , 731.38
245.37 , 734.63
268.19 , 738.41
290.74 , 742.6
313.29 , 746.88
336.24 , 750.38
360.37 , 749.88
381.76 , 743.45
402.19 , 734.29
422.37 , 724.37
442.69 , 715.04
463.09 , 705.88
483.54 , 696.92
505.42 , 698.8
490.93 , 717.28
475.36 , 735.36
459.07 , 753.15
441.87 , 770.35
423.51 , 785.14
404.09 , 796.88
383.47 , 805.63
360.19 , 808.38
335.89 , 807.67
313.82 , 802.36
293.74 , 792.13
274.69 , 779.38
256.32 , 764.6
238.12 , 749.4
378.19 , 453.45
384.37 , 441.25
390.95 , 429.17
400.64 , 418.25
411.99 , 409.69
424.12 , 403.26
436.87 , 398.73
450.67 , 396.21
465.29 , 396.45
478.87 , 399.43
491.54 , 404.23
495.94 , 416.45
484.62 , 425.04
472.56 , 431.7
459.97 , 436.7
446.54 , 439.94
432.62 , 442.2
418.12 , 443.2
403.37 , 442.7
389.81 , 445.73
212.95 , 470.98
202.43 , 461.93
190.82 , 455.86
178.78 , 451.1
166.05 , 447.87
152.45 , 446.37
138.35 , 446.87
125.12 , 449.12
113.15 , 454.11
102.73 , 463.47
98.35 , 475.62
109.28 , 483.06
121.25 , 488.02
134.17 , 490.9
147.9 , 492.12
161.6 , 490.87
175 , 488.97
188.08 , 486.38
201.17 , 483.89
214.9 , 482.63
325.6 , 379.95
342.55 , 358.01
365.62 , 344.19
390.58 , 335.71
416.25 , 328.45
442.03 , 321.45
467.85 , 314.45
495.2 , 310.69
522.58 , 313.95
546.6 , 325.45
564.79 , 346.65
540.35 , 352.45
513.6 , 347.45
485.03 , 348.69
458.25 , 353.73
432.08 , 359.96
407.1 , 368.45
383.68 , 381.37
361.55 , 397.97
335.61 , 404.34
217.75 , 409.88
202.33 , 401.98
187.65 , 392.33
172.28 , 384.3
154.58 , 381.83
136.25 , 383.08
117.45 , 382.83
99.25 , 381.33
81.17 , 383.08
65.58 , 390.35
52.15 , 403.58
66.4 , 414.58
83.15 , 410.08
101.45 , 408.83
120.38 , 408.83
138.58 , 410.33
156.05 , 413.35
172.95 , 417.6
189.25 , 422.86
207.55 , 424.07
