2599011432_1
211 , 384.75
215.41 , 395.35
219.76 , 406.22
223.62 , 417.24
228.36 , 427.15
232.01 , 438.7
235.83 , 449.76
240.19 , 460.52
244.44 , 470.63
250.7 , 481.18
257.26 , 490.63
264.69 , 500.13
272.23 , 508.24
280.89 , 516.3
288.7 , 524.73
296.85 , 532.84
306.43 , 539.23
317.74 , 543.12
329.72 , 545.46
340.73 , 546.06
352.18 , 543.91
363.27 , 540.3
374.32 , 535.57
384.76 , 529.44
394.19 , 523.14
404.1 , 517.35
413.82 , 510.63
422.49 , 503.52
430.69 , 495.07
437.89 , 485.47
445.46 , 476.09
452.51 , 466.71
458.91 , 457.11
465.22 , 448.3
471.28 , 438.31
475.91 , 427.67
478.89 , 415.35
480.43 , 403.88
481.46 , 392.18
481.42 , 381.44
480.69 , 368.8
282.8 , 377.55
283.74 , 386.13
277.35 , 393.5
273.02 , 401.74
274.4 , 411
279.9 , 419.04
289.26 , 417.58
297.74 , 414.79
307.78 , 415.69
316.91 , 417.83
326.26 , 419.93
335.54 , 421.29
339.47 , 412.34
339.37 , 403.02
335.66 , 393.9
332.14 , 385.81
328.4 , 376
271.23 , 474.28
274.54 , 467.7
277.7 , 461.05
282.32 , 454.93
287.2 , 449.04
294 , 446.28
301.98 , 446.03
309.61 , 445.03
317.13 , 446.19
323.5 , 450.06
329.75 , 454.31
336.08 , 458.41
342.33 , 462.66
348.61 , 466.9
353.98 , 471.76
349.55 , 477.93
344.93 , 484.08
339.68 , 489.81
333.5 , 494.26
326.53 , 496.51
319.16 , 498.03
311.56 , 499.03
303.68 , 499.53
295.88 , 498.93
288.78 , 496.82
282.26 , 493.3
276.49 , 488.06
273.17 , 481.45
279.48 , 473.78
281.23 , 468.78
285.5 , 465
290.16 , 462.26
295.43 , 461.03
301.16 , 461.28
306.91 , 461.03
312.63 , 460.78
318.13 , 461.54
323.06 , 463.56
327.88 , 465.77
332.66 , 468.21
337.75 , 469.77
342.88 , 471.31
348.01 , 472.79
349.05 , 477.52
344.38 , 480.13
339.06 , 481.28
333.46 , 481.78
327.58 , 481.78
321.96 , 482.28
316.23 , 482.53
310.36 , 482.52
304.88 , 481.8
299.61 , 480.55
294.61 , 478.78
289.36 , 477.53
283.91 , 476.71
336.19 , 335.36
339.44 , 331.61
343.14 , 328.17
347.31 , 325.99
351.89 , 324.86
357.01 , 324.86
362.01 , 325.11
366.92 , 325.61
371.56 , 326.63
376.12 , 327.79
380.47 , 329.37
377.56 , 332.85
373.34 , 334.83
368.87 , 336.18
364.44 , 337.61
359.79 , 338.61
354.76 , 338.86
349.89 , 339.36
344.76 , 339.36
339.89 , 338.83
273.95 , 334.7
269.95 , 332.42
265.82 , 330.39
261.55 , 328.9
257 , 327.92
252.2 , 327.42
247.3 , 327.67
242.75 , 328.67
238.45 , 330.17
234.5 , 332.6
230.7 , 335.42
234.4 , 338.61
238.3 , 341.18
242.75 , 342.41
247.65 , 342.67
252.55 , 342.42
257.35 , 341.92
262.02 , 341.16
266.55 , 340.19
270.78 , 338.37
315.69 , 301.55
315.45 , 290.49
324.52 , 285.96
333.97 , 282.48
343.75 , 279.7
353.98 , 277.73
364.4 , 276.28
374.95 , 274.99
386.1 , 274.99
396.55 , 276.47
406 , 279.97
407.7 , 287.74
396.77 , 288.24
385.75 , 287.97
375.12 , 289.06
364.62 , 290.51
354.55 , 292.77
345.12 , 296.26
335.38 , 299.06
326.05 , 302.98
292.01 , 298.94
286.76 , 291.77
278.81 , 288.29
270.72 , 285.24
262.22 , 283.01
253.49 , 281.26
244.64 , 279.75
235.94 , 278.01
226.96 , 279.27
220.37 , 286.11
215.49 , 293.51
224.84 , 293.01
234.29 , 292.75
242.64 , 295.29
250.64 , 298.54
258.67 , 301.78
266.69 , 305.03
274.62 , 308.54
282.74 , 311.51
290.61 , 307.75
