2600292591_2
341.75 , 499.3
342.45 , 509.94
343.66 , 520.64
346.04 , 531.16
348.38 , 541.8
351.41 , 552.52
355.64 , 562.68
360.59 , 572.6
366.74 , 582.77
373.64 , 591.51
380.46 , 599.69
387.57 , 607.52
396.17 , 614.36
404.72 , 621.22
413.6 , 628.88
422.68 , 634.65
432.37 , 639.06
442.97 , 642.72
453.99 , 646.52
464 , 649.45
474.77 , 652.2
486.45 , 653.11
496.85 , 652.68
508.25 , 652.21
519.16 , 651.27
529.91 , 649.8
541.16 , 648.11
552.32 , 645.59
561.87 , 642.07
571.62 , 636.19
580.74 , 629.46
588.9 , 622.33
595.53 , 614.12
602.44 , 604.47
608.03 , 595.64
613.6 , 585.44
619.07 , 575.69
624.6 , 566.94
629.05 , 556.65
633.4 , 546.63
636.6 , 535.35
470.94 , 438.19
465.09 , 447.27
458.4 , 456.75
457.14 , 467.14
466.28 , 473.52
477.63 , 474.38
488.1 , 478.13
496.6 , 486.58
504.37 , 493.28
516.39 , 494.15
526.04 , 489.13
535.93 , 483.9
547.63 , 482.75
557.75 , 478.06
558.4 , 467.94
553 , 457
546.3 , 447.55
420.74 , 531.65
425.59 , 520
436.76 , 513.64
448.56 , 509.16
462.19 , 508.4
475.19 , 510.38
487.47 , 513.91
499.37 , 518.14
513.09 , 518.65
526.22 , 516.9
539.84 , 517.66
552.59 , 520.13
564.41 , 524.55
574.75 , 532.87
577.42 , 545.47
571.54 , 556.84
560.99 , 564.9
549.69 , 570.93
537.57 , 574.65
523.94 , 575.4
510.22 , 574.9
496.72 , 573.9
484.06 , 571.18
471.59 , 568
459.34 , 564.49
447.87 , 558.89
437.24 , 551.15
426.74 , 542.9
425.24 , 527.4
433.56 , 521.06
443.39 , 523.42
453.74 , 524.9
463.64 , 527.3
473.62 , 529.68
483.72 , 531.63
494.04 , 533.14
504.64 , 534.15
515.47 , 534.65
526.54 , 534.65
537.49 , 534.4
548.44 , 534.15
559.14 , 534.9
564.76 , 542.64
556.26 , 548.65
546.41 , 551.15
535.69 , 551.9
524.62 , 551.9
513.79 , 551.4
503.22 , 550.4
492.62 , 549.43
482.39 , 547.67
472.29 , 545.65
461.97 , 544.15
451.87 , 542.18
442.56 , 538.46
433.69 , 533.58
554.72 , 403.5
558.07 , 398.88
562.82 , 395.74
567.82 , 393.22
573.17 , 391.74
578.67 , 390.5
584.52 , 391
590.14 , 392
595.52 , 393.51
600.35 , 396.35
604.87 , 400.12
605.42 , 405.54
600.17 , 407.24
594.45 , 408
588.7 , 408.75
582.6 , 408.75
576.62 , 408.5
570.64 , 408.27
565.42 , 406.52
560.07 , 405.03
460.47 , 385.88
455.83 , 381.51
450.75 , 378.43
445.18 , 376.69
439.2 , 375.68
433 , 375.18
427.05 , 376.18
421.57 , 378.2
416.27 , 380.67
411.18 , 383.78
406.25 , 387.18
411.8 , 388.93
417.65 , 390.18
423.23 , 391.93
429.05 , 393.18
435.02 , 394.18
441.35 , 394.43
447.8 , 394.43
454 , 393.93
459.37 , 391.67
552.24 , 354.29
562.84 , 350.51
573.91 , 347.53
585.24 , 345.04
597.51 , 344.54
609.29 , 346.04
619.89 , 350.03
629.61 , 356.39
637.36 , 365.67
643.08 , 375.67
648.48 , 385.76
638.97 , 380.77
629.99 , 372.29
620.72 , 364.52
610.04 , 360.79
597.64 , 361.05
586.44 , 363.79
575.14 , 366.27
564.22 , 369.54
553.27 , 366.3
488.95 , 367.06
487.44 , 355.17
481.55 , 345.24
471.93 , 338.23
460.77 , 335.23
449 , 333.49
436.75 , 332.74
424.62 , 331.81
413.6 , 335.08
403.62 , 341.07
394.45 , 349.24
386.45 , 358.49
397.75 , 361.25
408.8 , 357.96
420.1 , 355.25
432.48 , 354.74
444.38 , 356.23
455.43 , 359.47
466.62 , 362.42
477.25 , 366.53
