26041966_2
551.74 , 684.35
551.09 , 704.75
549.49 , 726.8
548.63 , 747.01
548.38 , 769.17
547.92 , 791.13
547.43 , 813.86
547.06 , 835.49
549.18 , 856.42
555.45 , 876.23
563.24 , 897.13
571.71 , 916.74
578.39 , 937.45
588.78 , 955.1
601.46 , 974.4
614.12 , 992.25
630.12 , 1006.65
649.31 , 1016.14
669.87 , 1021.82
691.13 , 1026.1
711.59 , 1030.82
732.85 , 1033.25
754.65 , 1031.71
776.18 , 1024.89
795.02 , 1015.47
813.25 , 1005.27
832.81 , 994.22
851.7 , 983.94
870.69 , 974.8
890.84 , 964.32
908.43 , 953.71
925.13 , 941.12
941.47 , 925.98
951.86 , 906.56
959.39 , 886.98
966.46 , 866.73
975.38 , 845.39
982.73 , 825.77
990.77 , 805.1
999.38 , 785.42
1009.05 , 765.55
735.94 , 705.85
722.56 , 715.13
707.64 , 725.74
694.74 , 737.87
691.26 , 756.31
699.92 , 770.22
715.16 , 781.22
731.04 , 790.61
746.41 , 798.41
763.4 , 800.45
781.29 , 803.04
798.95 , 803.75
817.69 , 803.11
831.25 , 791.6
833.8 , 774.45
825.35 , 759.75
820.6 , 741.44
639.69 , 841.39
653.14 , 835.12
667.24 , 830.64
681.94 , 827.14
697.47 , 825.39
712.47 , 828.16
725.72 , 835.15
740.99 , 837.38
754.97 , 842.13
768.79 , 847.42
782.22 , 853.91
794.84 , 862.51
807.39 , 871.33
819.3 , 881.99
814.87 , 896.01
802.14 , 904.39
788.79 , 911.13
775.04 , 916.61
760.02 , 919.39
743.77 , 919.14
728.62 , 916.66
713.94 , 913.14
699.84 , 908.55
686.59 , 901.54
674.36 , 891.82
664.07 , 879.79
655.66 , 867.12
648.12 , 854.09
652.94 , 839.89
664.94 , 842.64
677.04 , 845.13
689.79 , 846.39
701.89 , 848.89
713.67 , 852.15
725.02 , 856.17
736.37 , 860.16
747.99 , 863.66
759.24 , 867.92
770.52 , 872.17
782.42 , 875.12
794.37 , 878.07
806.12 , 881.32
817.85 , 884.57
805.47 , 885.14
793.09 , 883.13
780.97 , 880.64
768.12 , 879.64
754.92 , 879.39
742.42 , 877.64
730.17 , 875.39
718.07 , 872.91
706.59 , 869.17
695.72 , 863.67
685.17 , 857.36
674.47 , 851.41
663.57 , 846.02
861.25 , 665.9
869.3 , 662.63
878.02 , 660.65
886.98 , 659.15
896.42 , 658.65
905.5 , 659.9
914.33 , 661.65
922.6 , 664.5
930.33 , 668.91
937.68 , 674.31
942.73 , 681.8
936.55 , 688.4
927.58 , 689.9
917.95 , 689.86
909.2 , 687.86
901.17 , 684.33
893.2 , 680.6
885.23 , 676.88
877.3 , 672.91
869.33 , 669.18
723.1 , 626.45
716.5 , 620.1
709.77 , 614.12
702.75 , 608.94
695.3 , 604.94
687.68 , 601.44
679.45 , 599.3
670.9 , 597.95
661.9 , 598.46
653.7 , 600.61
646.6 , 605.45
650.38 , 613
657.38 , 618.23
664.92 , 622.01
673.1 , 624.2
681.62 , 625.72
690.62 , 626.2
699.73 , 626.45
708.73 , 626.95
717.12 , 628.7
839.08 , 602.64
856.08 , 594.39
874.58 , 589.64
894.98 , 588.89
914.31 , 591.9
932.91 , 596.46
951.43 , 601.12
969.11 , 607.38
985.48 , 617.38
998.05 , 632.59
1004.09 , 650.41
993.08 , 664.89
976.18 , 656.14
959.76 , 646.33
942.56 , 638.63
924.78 , 632.6
905.81 , 628.89
886.36 , 626.14
866.81 , 623.64
848.08 , 619.39
768.28 , 600.71
771.28 , 581.29
758.76 , 565.43
742.27 , 554.46
724.89 , 545.63
707.34 , 537.32
689.37 , 530.43
670.02 , 526.42
648.82 , 526.14
629.47 , 530.16
612.09 , 539.03
598.69 , 554.67
619.89 , 554.42
640.72 , 555.42
659.87 , 559.92
678.62 , 565.19
696.82 , 571.45
715.27 , 577.2
732.97 , 584.94
750.52 , 593.2
