2616752441_1
268.56 , 789.31
275.37 , 810.34
283.23 , 830.98
293.29 , 851.39
303.73 , 872.37
314.33 , 893.65
324.02 , 912.36
335.98 , 932.57
349.28 , 951.76
363.47 , 968.25
379.28 , 984.75
395.15 , 1001.88
413.77 , 1014.77
433.49 , 1025.57
455.35 , 1032.76
478.06 , 1038.44
497.78 , 1049.61
519.21 , 1053.62
543.28 , 1050.35
564.38 , 1045.39
585.59 , 1036.55
606.64 , 1025.79
626.93 , 1015.54
645.54 , 1003.62
664.34 , 990.38
681.22 , 976.41
697.22 , 960
711.41 , 942.45
723.77 , 921.02
732.6 , 900.1
741.02 , 879.73
749.06 , 858.12
754.97 , 835.06
759.86 , 813.47
764.6 , 792.43
769.3 , 768.1
771.28 , 745.44
771.45 , 722.83
771.73 , 700.82
770.75 , 678.69
767.5 , 654.25
399.1 , 771.39
398.43 , 788.8
396.16 , 805.68
396 , 823.66
402 , 841.04
415.61 , 851.88
432.56 , 856.23
449.07 , 852.84
466.51 , 848.99
483.42 , 840.41
498.31 , 833.38
514 , 825.58
522.79 , 810.9
513.8 , 794.43
505.08 , 778.89
496.9 , 764.01
487.65 , 747.39
409.25 , 932.76
418.03 , 923.48
428.62 , 918.14
440.18 , 915.24
452.9 , 914.76
465.62 , 915.26
477.85 , 913.77
489.18 , 910.54
501.02 , 908.24
513.27 , 906.76
525.35 , 904.91
537.5 , 903.26
550.48 , 903.26
562.55 , 905.05
559.85 , 915.38
551.8 , 924.96
543.18 , 934.27
533.42 , 941.82
523.2 , 948.04
512.23 , 952.02
500.57 , 954.77
488.6 , 956.76
475.75 , 957.01
463.93 , 954.69
453.15 , 950
442.85 , 944.07
432.45 , 938.25
421.25 , 934.76
426 , 931.01
435.75 , 929.51
445.4 , 927.77
455.3 , 926.51
465.55 , 926.01
475.57 , 925.01
485.1 , 923
494.75 , 921.26
503.9 , 918.49
513.3 , 916.26
522.85 , 914.25
532.5 , 912.51
542.25 , 911.01
551.77 , 909.01
560.94 , 906.25
552.33 , 910.03
542.9 , 912.27
533.25 , 914.01
523.6 , 915.75
514.08 , 917.75
504.55 , 919.76
494.9 , 921.49
485.6 , 924.03
475.82 , 925.51
465.82 , 926.51
455.93 , 927.76
445.55 , 928.01
435.9 , 929.76
496 , 673.48
505.6 , 667.14
516.95 , 664.97
528.5 , 663.23
540.17 , 661.71
551.98 , 660.48
564.02 , 659.73
575.62 , 658.11
586.5 , 654.98
597.45 , 651.97
606.38 , 654.08
597.3 , 661.96
587.55 , 667.94
577.17 , 672.29
566.67 , 676.25
555.48 , 678.73
543.2 , 678.48
531.27 , 677.49
519.98 , 675.23
508.05 , 674.23
379.47 , 699.36
373.07 , 705.04
365.27 , 708.33
357.02 , 710.58
348.68 , 712.67
340.75 , 715.6
332.32 , 717.6
323.35 , 718.35
314.1 , 718.6
305 , 718.1
296.75 , 715.85
305.35 , 714.36
314.6 , 714.1
323.48 , 715.1
332.35 , 716.1
340.73 , 714.09
348.02 , 709.34
355.4 , 704.86
363.05 , 701.07
370.98 , 698.11
472.05 , 608.75
481.37 , 591.63
498.82 , 582.99
515.8 , 573.25
532.67 , 563.25
550.35 , 555.49
569.58 , 551.23
590.42 , 550.25
609.7 , 554.5
626.85 , 563.79
640.93 , 578.88
644.87 , 596.32
626.98 , 589.27
608.85 , 583.21
589.1 , 586.46
569.15 , 589.22
549.23 , 592.07
529.83 , 595.99
510.23 , 599.48
491.07 , 604
370.22 , 646.75
365.22 , 631
349.55 , 625.25
331.57 , 624.25
313.82 , 625.75
295.97 , 627
279.32 , 630.72
264.14 , 638.01
250.02 , 648.19
238.63 , 661.83
232.97 , 677.5
236.48 , 694.27
244.95 , 680.55
253.04 , 665.68
266.77 , 654.46
282.77 , 649.51
300.27 , 647.5
318.25 , 648.5
336.22 , 649.5
354.22 , 650.5
