126968967_1
588.75 , 969.85
596.21 , 1009.71
603.28 , 1049.64
608.57 , 1094.32
610.45 , 1135.19
613.06 , 1176.03
618.23 , 1216.44
628.11 , 1260.53
641.9 , 1298.37
660.87 , 1338.71
679.73 , 1372.4
704.95 , 1409.1
730.58 , 1440.53
763.17 , 1470.87
795.58 , 1494.43
833.09 , 1517.29
867.72 , 1537.84
906.67 , 1559.53
943.32 , 1577.55
981.13 , 1593.81
1020.25 , 1607.85
1063.47 , 1610.6
1106.77 , 1606.97
1145.86 , 1597.93
1185.78 , 1579.99
1218.39 , 1554.35
1244.4 , 1521.06
1265.89 , 1488.6
1293.59 , 1451.52
1319.21 , 1421.87
1345.08 , 1388.84
1368.07 , 1350.08
1387.36 , 1313.83
1403.88 , 1276.1
1415.01 , 1236.16
1425.1 , 1193.01
1426.87 , 1150.55
1428.01 , 1108.54
1433.36 , 1069.96
1438.9 , 1026.39
1444.04 , 982.85
1041.29 , 1004.5
1034.7 , 1031.84
1008.8 , 1047.79
991.18 , 1072.25
988.69 , 1103.81
1007.3 , 1128.76
1036.72 , 1137.58
1067.13 , 1145.86
1094.44 , 1160.02
1123.37 , 1160.18
1154.57 , 1164.95
1184.49 , 1155.48
1207.24 , 1134.14
1231.25 , 1113.04
1224.18 , 1083.56
1219.52 , 1054.63
1212.35 , 1021.8
888.14 , 1261.13
916.81 , 1252.86
944.76 , 1243.11
975.01 , 1237.89
1007.07 , 1236.38
1038.99 , 1234.63
1071.79 , 1234.63
1103.59 , 1236.63
1136.14 , 1237.13
1168.09 , 1235.38
1199.89 , 1233.38
1232.44 , 1233.88
1260.06 , 1244.56
1260.89 , 1276.56
1243.89 , 1301.91
1228.59 , 1327.93
1208.34 , 1352.14
1182.41 , 1367.62
1153.69 , 1375.89
1123.09 , 1380.38
1091.99 , 1383.88
1061.04 , 1380.15
1032.89 , 1370.88
1006.06 , 1357.57
979.79 , 1343
954.24 , 1326.45
929.39 , 1307.88
905.61 , 1286.35
900.64 , 1261.88
923.19 , 1250.6
946.97 , 1242.85
974.14 , 1241.88
1001.66 , 1241.63
1028.59 , 1243.13
1056.14 , 1242.88
1082.46 , 1240.14
1109.39 , 1241.63
1136.66 , 1242.38
1163.71 , 1241.13
1190.89 , 1240.13
1218.07 , 1239.13
1245.71 , 1239.13
1238.94 , 1262.1
1217.49 , 1276.29
1194.54 , 1286.47
1171.32 , 1295.61
1147.49 , 1303.28
1122.62 , 1309.15
1096.76 , 1312.88
1069.62 , 1313.88
1043.32 , 1311.06
1017.91 , 1306.4
993.22 , 1300.2
969.22 , 1292.91
945.29 , 1285.41
921.89 , 1276.63
1185 , 893.33
1198 , 879.58
1212.62 , 868.99
1227.42 , 858.93
1242.67 , 850.14
1258.72 , 843.6
1277.05 , 841.83
1295.38 , 843.58
1312.12 , 848.45
1328.08 , 855.39
1342.63 , 866.23
1342.62 , 884.57
1327.08 , 892.76
1310.78 , 898.57
1293.4 , 902.33
1275.08 , 904.08
1256.15 , 904.58
1237.95 , 902.58
1219.97 , 900.08
1201.53 , 898.58
967.35 , 876.67
949.55 , 863.87
931.4 , 852.21
912.25 , 843.05
891.15 , 838.56
868.98 , 836.8
847.25 , 840.05
827.45 , 847.06
808.58 , 856.96
790.83 , 869.76
773 , 882.3
793.02 , 888.81
813.92 , 893.73
835.1 , 898.03
856.42 , 902.05
878.85 , 903.83
901.77 , 903.05
923.58 , 900.06
945.27 , 896.78
967.73 , 895.05
1199.42 , 808.53
1203.34 , 782.33
1224.02 , 764.75
1248.22 , 757.01
1273.95 , 752.26
1299.95 , 748.01
1325.97 , 743.78
1352.45 , 740.55
1377.8 , 746.16
1400.72 , 757.6
1421.66 , 774.01
1432.72 , 796.27
1409.27 , 805.51
1383.87 , 799.99
1357.85 , 795.78
1330.64 , 797.55
1304.75 , 802.05
1280.42 , 809.53
1253.45 , 811.78
1225.87 , 810.78
1025.36 , 828.05
1024.06 , 789.5
994.44 , 760.28
958.43 , 748.03
919.13 , 742.32
879.01 , 738.3
837.16 , 738.81
799.61 , 748.3
763.84 , 761.07
729.49 , 778.46
697.54 , 802.13
673.11 , 833.8
711.31 , 825.79
748.59 , 815.82
786.44 , 807.02
827.19 , 804.3
868.91 , 803.55
909.09 , 807.53
947.49 , 815.06
984.79 , 824.98
