2619325600_1
186.4 , 431.75
192.5 , 455.3
198.71 , 476.66
206.69 , 500.11
215.46 , 522.88
224.4 , 545.55
233.11 , 568.14
242.89 , 592.69
252.98 , 614.18
264.9 , 634.51
279.65 , 655.33
294.78 , 672.18
312.36 , 689.07
325.87 , 710.15
341.76 , 728.49
362.53 , 739.45
385.13 , 752.1
405.98 , 761.65
430.32 , 769.69
454.84 , 774.77
477.03 , 779.5
503.44 , 780.61
526 , 773.14
546.26 , 762.97
568.36 , 750.65
586.88 , 735.16
601.4 , 715.57
613.35 , 694.05
625.57 , 672.29
630.21 , 649.03
635.29 , 624.5
640.61 , 600.43
644.34 , 577.08
651.55 , 553.11
658.96 , 531.25
663.17 , 507.45
664.28 , 482.89
665.4 , 458.81
665.52 , 432.28
663 , 408.13
658.78 , 383.93
437.9 , 479.44
432.1 , 494.35
428.19 , 510.85
425.38 , 527.68
425.68 , 543.39
436.71 , 555.53
452.05 , 559.09
468.57 , 564.91
483.9 , 573.05
499.5 , 575.66
514.49 , 569.94
527.97 , 559.22
539.97 , 547.12
548.84 , 533.41
545.74 , 516.91
536.83 , 503.62
525.7 , 490.15
405 , 625.76
415.62 , 621.27
427.55 , 619.51
439.5 , 617.76
452.18 , 617.51
464.85 , 617.76
476.65 , 619.75
489.1 , 619.01
501.02 , 617.26
512.98 , 615.51
525.15 , 614.26
537.7 , 613.76
550.38 , 614.01
561.6 , 616.64
556.22 , 627.03
547.2 , 636.07
537.12 , 642.26
526.52 , 647.01
515.05 , 649.76
503.57 , 652.49
492.38 , 655.75
480.55 , 657.76
468.6 , 656.01
456.77 , 654.01
444.48 , 653.01
433.27 , 649.77
423.9 , 641.67
414.4 , 633.91
412.75 , 623.51
423.02 , 622.26
432.85 , 624.5
442.77 , 626.51
453.07 , 627.76
463.62 , 628.51
474.15 , 629.26
484.93 , 629.01
495.6 , 629.51
506.12 , 628.76
516.2 , 627
525.9 , 624.48
535 , 620.76
544.15 , 617.11
553.11 , 614.89
544.02 , 618.74
534.88 , 622.39
525.8 , 626.24
516.08 , 628.76
505.8 , 630.01
495.25 , 630.76
484.95 , 632.01
474.3 , 631.51
463.88 , 630.51
453.7 , 629.01
443.77 , 627.01
433.73 , 625.26
423.55 , 623.76
512.66 , 390.09
520.46 , 383.28
529.16 , 378.84
537.63 , 373.87
546.09 , 368.91
555.16 , 365.59
564.21 , 362.32
573.91 , 360.34
584.11 , 361.35
593.15 , 364.47
595.93 , 373.79
592.09 , 382.69
585.66 , 390.59
577.34 , 395.94
568.71 , 400.58
559.71 , 404.1
549.06 , 404.08
539.46 , 401.87
530.76 , 397.47
522.56 , 391.75
395.35 , 411.19
388.35 , 408.54
380.7 , 407.19
372.75 , 406.44
364.82 , 405.69
357 , 406.69
349.55 , 408.42
342.23 , 410.46
335.25 , 413.19
329.25 , 418.69
325.25 , 425.19
332.05 , 428.44
339.5 , 430.19
347.32 , 429.19
354.9 , 427.67
362.57 , 426.45
370.27 , 425.19
377.65 , 423.29
384.52 , 420.18
391.35 , 416.85
501.53 , 398.85
500.75 , 380.07
513 , 366.07
525.62 , 352.19
539.83 , 340.49
555.23 , 332.1
570.88 , 324.23
585.9 , 314.91
601.73 , 307.59
619.62 , 305.08
635.31 , 312.84
639.27 , 329.97
630.59 , 345.27
614.27 , 351.07
595.75 , 352.32
577.67 , 354.57
561.27 , 360.06
545.8 , 368.26
531.52 , 379.79
517.4 , 391.69
439.13 , 400.56
425.94 , 386.52
407.69 , 382.27
388.99 , 379.06
369.72 , 377.06
350.04 , 375.81
330.26 , 374.81
310.37 , 375.53
292.17 , 379.88
274.76 , 385.55
258.74 , 395.06
274.19 , 406.27
290.74 , 414.56
310.64 , 413.8
328.62 , 409.03
346.59 , 404.28
365.51 , 401.56
385.17 , 402.81
403.74 , 406.31
422.67 , 409.08
