2620035751_6
377.7 , 476.25
379.56 , 493.63
381.98 , 510.52
383.54 , 529.52
384.59 , 548.38
386.49 , 565.04
389.97 , 584.12
393.98 , 601.83
401.45 , 617.3
409.08 , 634.22
417.64 , 650.91
427.48 , 665.33
438 , 679.38
450.06 , 694.27
460.48 , 709.41
469.54 , 723.16
483.06 , 735.44
500.4 , 742.2
518.01 , 745.47
536.1 , 746.73
554.34 , 745.74
570.65 , 739.27
587.51 , 730.13
601.7 , 720.65
616.49 , 709.2
629.81 , 697.13
642.74 , 685.12
656.18 , 671.43
667.86 , 658.64
679.77 , 643.4
689.52 , 628.68
698.42 , 613.58
708.04 , 596.7
716.32 , 580.79
723.16 , 564.62
730.07 , 547.17
736.76 , 531.8
743.76 , 513.45
747.44 , 495.98
748.88 , 477.53
749.85 , 459.39
476.35 , 488
473.92 , 500.84
472.54 , 515.85
471.05 , 530.12
470.77 , 545.22
476.32 , 557.68
489.7 , 563.02
503.91 , 565.01
518.12 , 564.03
532.11 , 558.6
545.13 , 554.15
556.77 , 544.67
563.21 , 532.52
561.95 , 518.1
556.35 , 505.59
552.49 , 491.35
547.85 , 476.75
443.49 , 593.56
456.54 , 590.06
470.12 , 587.57
484.31 , 586.31
498.26 , 588.06
511.84 , 590.55
526.54 , 590.81
539.76 , 587.56
554.22 , 586.81
568.41 , 588.06
582.47 , 589.56
596.66 , 590.81
609.84 , 594.16
607.81 , 607.48
598.02 , 618.05
586.76 , 626.3
575.07 , 633.29
563.39 , 640.4
551.32 , 646.49
538.89 , 651.41
526.26 , 655.81
512.31 , 657.55
498.84 , 654.9
486.81 , 648.63
476.15 , 638.71
467.52 , 627.58
460.36 , 615.96
453.24 , 604.31
451.74 , 594.81
463.22 , 592.31
475.56 , 593.06
487.54 , 594.56
499.29 , 596.55
511.51 , 597.56
523.39 , 595.82
534.89 , 593.29
546.76 , 591.56
558.99 , 590.56
571.57 , 590.31
584.29 , 590.31
596.14 , 592.08
605.26 , 598.03
596.29 , 607.03
586.76 , 614.55
576.82 , 620.79
566.62 , 626.43
555.97 , 630.83
544.84 , 634.03
533.34 , 636.56
521.12 , 637.56
509.12 , 636.05
497.74 , 633.31
487.29 , 628.35
477.39 , 621.95
468.27 , 613.34
460.19 , 604.01
565.44 , 442.93
568.47 , 436.88
573.72 , 431.65
579.62 , 428.24
585.69 , 425.18
592.29 , 423.4
599.24 , 422.43
606.67 , 422.43
613.72 , 423.18
620.07 , 425.31
625.91 , 428.92
626.08 , 435.78
620.02 , 438.86
613.57 , 440.8
607.19 , 442.93
600.37 , 444.18
593.32 , 444.93
586.02 , 444.71
579.42 , 442.93
572.24 , 442.43
471.38 , 440.4
466.38 , 435.69
460.83 , 432.61
455.11 , 429.88
449.13 , 427.95
442.56 , 427.2
435.73 , 426.96
429.41 , 428.22
423.5 , 430.38
418.08 , 433.81
413.18 , 438.7
418.86 , 441.47
424.63 , 443.97
430.71 , 445.7
436.93 , 447.2
443.63 , 447.7
450.46 , 447.95
457.03 , 447.2
463.98 , 447.2
470.55 , 446.44
537.19 , 397.68
546.89 , 386.74
559.27 , 380.87
572.67 , 377.43
586.72 , 375.41
601.32 , 374.43
615.87 , 375.4
629.34 , 378.68
641.94 , 383.93
653.82 , 391.06
664.92 , 400.4
656.07 , 402.77
643.89 , 396.39
630.92 , 392.18
616.62 , 390.68
602.04 , 391.65
588.84 , 395.4
575.92 , 399.69
562.59 , 403.16
548.82 , 405.55
475.07 , 399.36
465.66 , 391.4
455.46 , 385.52
444.76 , 381.13
432.96 , 379.14
420.54 , 378.38
408.94 , 380.8
398.61 , 386.36
390.86 , 395.84
385.68 , 406.29
381.09 , 416.89
391.09 , 411.64
397.56 , 401.67
407.26 , 394.46
419.14 , 392.64
430.41 , 395.71
441.09 , 400.14
451.66 , 404.95
462.26 , 409.63
474.44 , 410.89
