2620035751_7
368.15 , 466.85
368.56 , 483.75
369.09 , 500.47
371.69 , 518.8
374.49 , 535.72
377.72 , 552.73
381.82 , 569.06
386.18 , 586.1
390.9 , 603.37
398.98 , 618.6
408.63 , 633.33
417.66 , 646.79
428.38 , 660.88
440.37 , 674.07
452.16 , 685.7
465.36 , 696.93
480.85 , 707.18
495.09 , 714.91
512.12 , 722.4
527.28 , 727.61
545.19 , 732.83
561.76 , 736.07
578.46 , 737.42
596.07 , 737.89
613.79 , 735.11
629.18 , 728.73
642.73 , 718.16
654.38 , 703.76
662.93 , 689.64
672.48 , 673.49
681.86 , 659.22
691.05 , 645.72
701.67 , 630.68
710.47 , 615.97
717.72 , 600.16
722.42 , 584.4
726.68 , 566.33
729.91 , 550.1
733.37 , 532.09
736.77 , 515.72
739.95 , 497.5
597 , 496.6
592.21 , 509.63
582.6 , 519.99
574.54 , 530.85
570.13 , 543.89
573.28 , 557.64
584.54 , 566.59
598.24 , 569.03
611.85 , 572.85
625.55 , 575
638.7 , 571.33
653.25 , 565.59
663.9 , 558.25
663.72 , 543.96
661.13 , 529.94
655.76 , 516.39
653.62 , 502.3
517.4 , 595.71
530.35 , 595.46
543.07 , 594.71
555.92 , 595.21
568.42 , 596.46
581.02 , 597.46
593.15 , 599.46
605.38 , 601.21
618 , 602.21
630.85 , 601.71
643.2 , 600.19
655.5 , 598.61
661.15 , 608.21
656.31 , 619.06
651.86 , 630.01
646.23 , 640.63
638 , 650.08
627.72 , 656.48
615.95 , 659.21
603.05 , 659.36
590.85 , 657.44
579.65 , 653.71
569.22 , 647.72
558.97 , 641.22
549.1 , 633.66
539.45 , 625.51
530.93 , 616.01
523.9 , 605.96
522.9 , 600.46
531.9 , 595.96
542.85 , 595.71
553.8 , 595.96
564.62 , 596.46
575.48 , 596.96
585.92 , 598.21
596.25 , 599.81
606.55 , 601.36
617.23 , 602.21
628.17 , 601.96
638.77 , 600.99
649.12 , 599.46
658.41 , 602.06
653.9 , 610.71
645.72 , 617.62
637.45 , 624.19
628.62 , 629.23
619.02 , 632.21
608.08 , 632.48
597.47 , 631.49
587.05 , 630.11
576.77 , 628.43
567.2 , 625.49
558.02 , 621.33
548.8 , 617.36
539.75 , 612.81
531.08 , 607.38
655.1 , 455.12
657.54 , 450.43
662.02 , 447.18
666.88 , 445.11
672.12 , 443.87
677.48 , 442.88
683.08 , 442.37
688.93 , 442.37
694.4 , 443.12
699.65 , 444.35
704.19 , 447.42
704.16 , 453.09
699.33 , 455.38
694.2 , 456.86
688.48 , 457.12
682.75 , 456.87
676.93 , 456.86
671.55 , 455.87
666.3 , 454.62
660.6 , 454.37
564.84 , 446.88
559.36 , 443.13
553.59 , 440.08
547.71 , 437.38
541.34 , 435.91
534.59 , 435.14
527.71 , 434.64
520.59 , 434.62
514.09 , 435.87
507.76 , 437.55
502.16 , 440.89
507.46 , 445.21
513.49 , 447.41
519.91 , 448.89
526.54 , 449.92
533.51 , 450.14
540.51 , 450.39
547.63 , 450.39
554.51 , 449.89
561.39 , 450.39
653 , 433.12
655.13 , 424.47
662.15 , 418.19
669.77 , 413.59
677.7 , 409.63
686.1 , 407.02
695.23 , 405.87
704.55 , 405.12
713.98 , 404.62
723.52 , 404.87
731.88 , 407.59
730.05 , 414.37
720.62 , 414.4
711.55 , 415.63
702.75 , 417.37
694.45 , 420.14
686.1 , 422.78
677.45 , 424.92
669.4 , 428.34
661.45 , 432.12
587.59 , 409.43
579.39 , 399.78
568.06 , 395.79
555.74 , 393.8
543.16 , 392.3
530.61 , 390.8
518.16 , 389.05
505.74 , 387.3
492.44 , 387.29
481.21 , 391.54
470.91 , 398.3
483.86 , 399.05
497.13 , 399.05
510.44 , 399.05
522.88 , 400.8
534.61 , 404.01
545.74 , 408.58
556.66 , 413.8
567.76 , 418.39
580.61 , 419.3
