2620035751_8
291.5 , 415.05
295.11 , 428.35
297.47 , 444.37
298.59 , 459.12
299.06 , 473.95
299.69 , 488.99
299.82 , 504.18
303.35 , 519.86
306.56 , 534.04
313.55 , 548.13
321.63 , 561.44
330.72 , 572.87
342.3 , 581.83
353.74 , 593.81
366.76 , 599.47
382.44 , 602.39
396.92 , 606.55
409.39 , 613.01
424.46 , 617.46
439.91 , 621.5
453.76 , 622.68
469.13 , 622.68
483.65 , 619.19
499.81 , 616.33
514.18 , 614.01
528.54 , 607.65
540.49 , 599.58
552.23 , 589.93
562.56 , 579.07
572.96 , 566.91
582.33 , 555.55
590.85 , 542.08
597.84 , 528.65
602.98 , 514.47
606.11 , 500.21
609.04 , 484.09
611.13 , 469.42
612.28 , 455.18
613.32 , 439.62
614.29 , 424.79
616.15 , 408.34
455.44 , 400.9
448.39 , 410.52
441.38 , 419.18
432.73 , 427.67
429.78 , 439.58
436.45 , 448.76
447.41 , 454.78
459.59 , 457.21
470.91 , 458.79
482.8 , 459.36
495.11 , 456.23
506.56 , 455.68
516.98 , 449.5
519.82 , 437.75
514.85 , 427.85
509.76 , 416.92
505 , 404.65
384.17 , 493.97
394.55 , 487.09
405.97 , 482.97
418.17 , 480.47
430.5 , 478.23
443.57 , 478.97
456.02 , 480.97
468.12 , 483.72
481.55 , 483.72
494.72 , 483.22
507.3 , 484.98
519.14 , 488.2
530.6 , 492.16
541.02 , 498.15
531.37 , 507.27
522.8 , 517.1
513.32 , 526.59
503.1 , 534.07
492.2 , 539.73
480.1 , 542.47
466.67 , 542.47
453.5 , 541.97
440.44 , 541.23
429.05 , 537.09
418.15 , 531.44
407.87 , 524.16
399.28 , 514.32
391.27 , 504.32
400.17 , 490.97
409.65 , 489.72
419.5 , 489.22
429.5 , 489.47
439.35 , 489.97
449.2 , 490.47
458.57 , 491.97
467.95 , 493.47
478.05 , 493.47
487.9 , 493.97
497.9 , 494.22
507.75 , 493.72
516.98 , 495.46
518.71 , 504.42
513.6 , 512.3
506.4 , 519.23
498.3 , 523.75
489.27 , 525.96
479.55 , 526.72
469.8 , 527.47
460.07 , 526.71
450.92 , 524.72
441.57 , 523.22
432.07 , 521.99
423.17 , 519.47
415.17 , 514.72
408.77 , 507.35
404.54 , 499.12
509.55 , 367.19
512.71 , 362.77
517.15 , 359.62
521.62 , 356.62
526.35 , 354.17
531.55 , 352.94
537.23 , 353.19
542.52 , 354.2
547.73 , 355.45
552.7 , 357.1
557.35 , 359.72
559.69 , 363.91
554.35 , 364.94
548.92 , 365.69
543.25 , 365.94
537.58 , 366.19
531.77 , 366.19
526.23 , 365.69
520.67 , 366.19
515.25 , 366.94
433.02 , 361.08
428.97 , 358.26
425.03 , 355.08
420.85 , 352.63
416.28 , 351.09
411.23 , 350.59
406.2 , 350.09
400.95 , 350.19
396.18 , 351.22
391.82 , 353.31
388.05 , 356.84
392.38 , 358.9
396.83 , 360.6
401.6 , 361.63
406.38 , 362.66
411.33 , 362.34
416.38 , 361.81
421.53 , 362.09
426.65 , 362.44
431.5 , 363.34
498.85 , 334.49
509.18 , 330.99
519.98 , 328.22
530.98 , 326
542.98 , 325.74
554.85 , 326.24
566.35 , 327.49
577.25 , 329.99
587.23 , 334.75
596.35 , 341.74
602.87 , 351.02
591.98 , 352.37
581.75 , 348.48
572 , 343.15
561.3 , 340.25
550.4 , 337.74
538.4 , 337.97
527.6 , 340.74
516.6 , 342.99
505.01 , 343.94
450.63 , 329.06
441.6 , 320.78
430.8 , 317.46
419.08 , 315.96
406.85 , 315.46
394.38 , 315.46
382.15 , 315.97
370.65 , 317.94
360.03 , 321.71
350.56 , 328.68
343.78 , 338.21
354.75 , 335.2
365.8 , 332.2
377.28 , 330.21
389.4 , 329.46
401.25 , 330.71
412.63 , 332.96
423.43 , 336.36
434.23 , 339.67
446.43 , 339.23
