2622481517_1
366.8 , 373.15
370 , 387.46
373.07 , 401.67
376.23 , 418.28
379.14 , 432.56
384.7 , 447.77
390.52 , 462.01
396.44 , 476.21
403.07 , 489.66
412.21 , 502.38
422.11 , 513.64
433.13 , 523.64
445.91 , 533.91
458.09 , 541.48
471.9 , 549.71
484.78 , 558.28
496.78 , 566.35
510.29 , 574.66
524.67 , 580.26
539.22 , 583.02
555.18 , 583.6
570.63 , 580.45
584.19 , 575.36
598.59 , 567.81
610.72 , 559.77
623.08 , 550.53
634.83 , 539.97
645.56 , 527.75
654.16 , 516.15
663.12 , 504.01
673.28 , 491.82
682.2 , 478.73
688.21 , 464.9
691.26 , 449.76
692.21 , 434.04
692.4 , 419.84
693.24 , 404.3
694.39 , 388.8
693.27 , 373.66
692.37 , 358.37
690.8 , 341.65
494.25 , 359.9
489.9 , 370.65
482.71 , 380.26
484.37 , 392.23
490.84 , 403.5
502.86 , 404.63
516.25 , 405.69
525.86 , 412.34
537.35 , 418.5
549.46 , 415.8
558.5 , 407.11
569.15 , 400.84
581.5 , 397.5
588.83 , 388.68
585.31 , 375.92
579.4 , 366.05
569.19 , 356.94
458.35 , 453.61
468.9 , 448.33
480 , 444.58
491.4 , 441.34
503.18 , 438.83
515.77 , 438.11
528.62 , 437.86
541.25 , 437.11
553.62 , 435.86
565.7 , 434.01
577.7 , 432.01
589.3 , 429.13
601.05 , 426.63
613.8 , 426.11
615.95 , 436.51
606.12 , 443.83
595.95 , 450.27
585.45 , 455.77
574.85 , 461.11
564.15 , 466.13
552.92 , 469.58
540.8 , 471.36
527.95 , 471.61
515.45 , 470.61
503.2 , 469.1
491.08 , 467.36
479.2 , 465.13
467.98 , 461.52
460.35 , 455.11
471.53 , 453.11
483.2 , 452.11
494.43 , 450.08
505.98 , 448.87
517.55 , 450.11
529.23 , 451.1
541.03 , 450.36
552.48 , 448.89
563.45 , 446.36
574.18 , 443.34
584.88 , 440.35
595.55 , 437.38
606.48 , 434.73
615.2 , 433.36
605.05 , 437.65
594.8 , 441.63
584.45 , 445.27
574.15 , 449.07
563.62 , 452.35
553.05 , 455.63
541.7 , 457.26
530.17 , 458.61
518.35 , 459.36
506.3 , 459.61
494.25 , 459.36
482.33 , 459.86
470.65 , 458.88
566.35 , 294.67
569.43 , 289.83
574.25 , 286.55
579 , 283.05
583.98 , 280.29
589.05 , 277.71
594.58 , 276.17
600.43 , 275.42
606.18 , 276.42
611.55 , 278.13
616.72 , 280.49
617.69 , 286.12
612.78 , 289.18
607.43 , 290.92
601.68 , 291.93
595.93 , 292.92
589.83 , 293.17
583.95 , 292.42
577.85 , 292.67
571.98 , 293.43
478.95 , 305.46
473.7 , 302.24
468.27 , 299.54
462.75 , 297.03
456.85 , 295.52
450.55 , 294.78
444.25 , 295.53
438.43 , 297.29
433.05 , 300.23
428.02 , 304.01
423.25 , 308.53
428.68 , 311.21
434.48 , 313.01
440.5 , 314.28
447.15 , 314.28
453.35 , 313.25
459.52 , 312.27
465.8 , 311.54
472.07 , 310.71
478.65 , 310.53
540.2 , 259.34
550.83 , 249.94
563.3 , 245.56
575.62 , 240.82
588.1 , 236.57
601.28 , 233.6
614.93 , 231.59
628.93 , 230.34
641.43 , 234.57
652.78 , 242.1
661.1 , 253.02
659.18 , 266.07
645.98 , 263.11
632.95 , 259.84
618.83 , 258.84
604.33 , 259.09
590.33 , 260.31
577.43 , 263.86
564.5 , 267.34
550.8 , 268.96
485.34 , 261.85
474.88 , 257.34
462.9 , 256.08
450.68 , 255.33
438.23 , 255.08
426.63 , 257.06
415.93 , 260.8
405.4 , 265.2
395.78 , 272.08
388.75 , 281.61
383.53 , 291.83
395.75 , 291.08
406.08 , 286.1
416.7 , 282.06
427.68 , 278.8
438.65 , 275.56
450.13 , 273.34
462.23 , 272.33
473.7 , 274.58
485.9 , 273.85
