2622481519_1
255.95 , 378.9
259.35 , 391.18
262.86 , 403.41
266.42 , 415.65
270.31 , 429.06
273.71 , 440.56
277.75 , 453.33
282.62 , 466.11
288.15 , 477.91
293.74 , 489.25
300.5 , 501.35
309.77 , 510.1
320.12 , 517.85
331.15 , 524.5
342.54 , 530.88
354.41 , 537.59
365.46 , 543.54
378.08 , 548.67
390.14 , 552.2
403.26 , 555.18
415.23 , 556.67
428.45 , 557.07
441.63 , 557.16
454.9 , 556.76
468.15 , 554.89
479.76 , 549.56
488.83 , 540.02
495.04 , 529.17
500.67 , 517.29
506.98 , 505.98
513.75 , 493.7
518.88 , 482.53
524.29 , 470.34
529.4 , 457.84
531.9 , 445.59
533.24 , 432.1
533.88 , 419.73
533.9 , 406.07
533.53 , 393.67
533.56 , 380.17
534.69 , 366.35
387.85 , 370.5
383.06 , 380.29
380.63 , 390.48
381.49 , 401.86
390.74 , 408.49
400.03 , 414.31
409.77 , 418.65
419.78 , 423.55
431.36 , 424.73
441.55 , 422.91
446.55 , 412.44
453.19 , 404.35
463.44 , 399.6
472.5 , 393.65
472.5 , 382.9
466.8 , 372.89
460.35 , 362.89
355.38 , 447.35
365.88 , 443.1
377.36 , 440.85
388.98 , 438.85
401.08 , 437.85
412.93 , 436.35
424.78 , 434.85
437.13 , 434.35
449.36 , 433.6
460.48 , 430.63
470.95 , 426.12
481.68 , 422.35
493.41 , 424.13
490.13 , 435.1
487.88 , 446.6
484.85 , 457.75
479.89 , 468.08
471.38 , 477.1
461.2 , 482.53
450.08 , 485.59
438.36 , 487.35
426 , 487.85
413.56 , 487.6
402.18 , 485.13
391.93 , 479.92
382.23 , 473.22
373.21 , 464.68
364.48 , 455.7
357.38 , 449.1
367.18 , 447.6
377.61 , 447.35
387.68 , 446.35
397.86 , 445.6
408.28 , 445.35
418.7 , 445.6
429.13 , 445.35
438.83 , 443.6
447.86 , 440.59
457.06 , 437.83
465.83 , 434.08
474.56 , 430.08
483.07 , 426.19
476.16 , 433.83
471.63 , 442.35
466.55 , 450.68
458.81 , 457.35
450.18 , 461.62
441.33 , 465.08
431.98 , 467.62
422.15 , 469.1
411.61 , 469.1
401.43 , 468.35
391.86 , 466.35
382.5 , 463.82
373.45 , 460.86
364.98 , 456.2
445.05 , 312.11
448.33 , 307.59
451.8 , 303.11
456.02 , 298.89
460.7 , 295.99
465.53 , 293.38
470.53 , 291.36
475.9 , 290.11
481.62 , 290.61
486.97 , 291.83
491.8 , 294.36
492.97 , 299.71
488.95 , 303.98
484.12 , 306.54
479.02 , 308.36
473.68 , 309.61
467.95 , 310.11
462.1 , 310.36
456.15 , 310.37
450.9 , 311.88
370.96 , 325.2
369.32 , 320.72
364.67 , 317.54
359.71 , 315.11
354.36 , 313.73
348.59 , 313.23
342.91 , 313.99
337.51 , 315.3
332.66 , 317.94
327.86 , 320.7
323.47 , 324.58
320.34 , 329.23
325.76 , 330.48
331.54 , 330.98
337.34 , 330.48
342.99 , 329.73
348.79 , 329.23
354.56 , 328.73
360.12 , 327.72
365.54 , 326.47
440 , 289.61
443.8 , 282.79
449.67 , 276.68
456.15 , 271.86
462.93 , 267.92
469.93 , 264.42
477.23 , 261.85
484.65 , 259.58
492.35 , 257.86
500.4 , 258.38
507.37 , 261.95
506.78 , 268.61
498.57 , 268.29
490.55 , 269.34
483.25 , 271.86
476.15 , 274.95
469.4 , 278.96
462.4 , 282.45
455.4 , 285.95
448.32 , 289.11
386.34 , 286.93
375.52 , 282.97
363.02 , 282.47
350.27 , 282.47
338.12 , 283.72
326.47 , 285.97
314.57 , 287.7
303.42 , 290.96
293.55 , 297.58
284.9 , 306.72
275.9 , 315.72
287.55 , 313.47
298.02 , 308.38
308.22 , 302.66
319.05 , 298.7
331.55 , 298.22
344.17 , 297.97
356.67 , 298.47
369.3 , 298.72
381.08 , 296.7
