2623755106_1
338.4 , 465.35
341.45 , 478.37
345.43 , 492.47
349.25 , 504.98
353.86 , 518.68
358.09 , 532.43
361.9 , 546.25
366.37 , 558.43
372.37 , 571.68
378.78 , 584.86
385.15 , 596.55
393.49 , 608.67
402.58 , 618
414.01 , 626.67
426.25 , 633.97
439.31 , 640.11
451.75 , 644.61
465.73 , 647.96
479.74 , 649.27
494.36 , 649.6
508.43 , 649.62
521.33 , 648.42
536.01 , 645.13
548.67 , 640.64
562.42 , 635.13
574.74 , 629.44
587.52 , 623.4
599.09 , 615.88
609.42 , 605.37
617.69 , 595
625.9 , 583.94
633.5 , 570.98
638.44 , 558.3
641.22 , 545.05
642.24 , 530.1
642.68 , 516.44
643.34 , 502.91
644.05 , 487.91
644.91 , 474.26
645.71 , 460.74
646.12 , 445.73
455.75 , 437.6
452.65 , 448.84
444.93 , 456.87
440.03 , 468.44
439.28 , 480.06
447.55 , 489.39
459.01 , 491.35
471.42 , 490.89
483 , 490.5
495.75 , 490.8
507.15 , 489.63
518.04 , 485.44
524.38 , 475.11
525.19 , 462.6
521.94 , 451.52
511.36 , 445.59
503.35 , 436.35
429.75 , 535.28
435.93 , 527.6
443.4 , 520.85
451.95 , 517.01
460.88 , 514.26
470.95 , 513.78
481.12 , 514.03
490.7 , 512.52
499.35 , 509.06
508.3 , 506.29
518.25 , 505.53
528.42 , 505.78
538.25 , 506.78
546.98 , 510.02
554.5 , 516.56
548.3 , 524.22
540.5 , 530.03
532.17 , 534.54
523.77 , 538.76
515.05 , 542.04
505.8 , 544.28
496.48 , 546.28
486.18 , 546.28
476.1 , 546.78
466.15 , 546.03
456.32 , 545.03
446.62 , 543.77
437.43 , 541.48
432.25 , 537.28
440.02 , 534.29
448.07 , 531.8
456.12 , 529.28
464.45 , 527.28
472.9 , 525.54
481.7 , 524.53
490.98 , 524.53
499.77 , 523.53
508.23 , 521.78
516.67 , 520.04
525.23 , 518.53
534.15 , 517.78
543.45 , 517.78
552.38 , 517.53
543.35 , 518.03
534.17 , 517.78
525.25 , 518.53
516.8 , 520.28
508.38 , 522.04
500.02 , 524.03
491.23 , 525.03
482.18 , 525.53
472.9 , 525.54
464.45 , 527.27
456.52 , 530.04
448.48 , 532.53
440.15 , 534.51
517.9 , 392.69
522.33 , 387.26
527.55 , 382.3
533.3 , 378.78
539.35 , 375.99
545.73 , 374.12
552.23 , 372.41
559.4 , 372.19
566.05 , 373.59
572.57 , 375.17
578.58 , 378.12
579.1 , 384.23
572.55 , 385.79
565.9 , 387.19
559.48 , 388.92
552.88 , 390.44
545.82 , 390.94
539 , 391.94
532.17 , 392.94
524.98 , 393.19
434.21 , 405.54
432.71 , 400.55
427.11 , 397.84
421.41 , 395.4
415.69 , 393.05
409.33 , 392.06
402.74 , 391.56
396.16 , 392.03
390.13 , 393.75
384.56 , 396.56
379.47 , 400.66
375.56 , 405.81
381.36 , 407.83
387.96 , 408.31
394.66 , 408.06
401.26 , 407.56
407.96 , 407.31
414.44 , 406.56
421.13 , 406.31
427.86 , 406.56
492.1 , 358.59
498.76 , 348.92
508.62 , 342.82
519.18 , 338.53
530.43 , 335.77
542.23 , 334.22
554.5 , 333.59
566.98 , 333.34
578.93 , 334.57
589.48 , 338.97
598.88 , 346.37
591.73 , 351.96
581.25 , 347.34
569.8 , 345.13
557.92 , 346.56
547.08 , 350.08
536.25 , 353.62
525.33 , 356.86
514.05 , 359.58
502.8 , 362.35
425.99 , 367.54
423.04 , 357.18
413.88 , 351.18
403.4 , 348.44
391.88 , 348.96
381.52 , 351.96
370.92 , 354.44
360.12 , 356.44
350.23 , 360.44
343.52 , 369.29
339.65 , 379.19
339.64 , 391.01
345.41 , 382.14
352.5 , 373.44
361.42 , 366.67
371.6 , 363.44
383.02 , 364.16
393.7 , 366.48
404.42 , 368.69
415.72 , 369.69
