1269874180_1
1391.1 , 1106.7
1404.18 , 1159.2
1417.37 , 1217.73
1433.37 , 1274.54
1457.2 , 1330.41
1479.59 , 1388.53
1505.18 , 1442.99
1535.68 , 1489.37
1567.51 , 1539.33
1603.21 , 1586.71
1644.53 , 1635.89
1688.25 , 1675.34
1731.69 , 1711.1
1788.09 , 1737.19
1842.17 , 1756.29
1901.35 , 1765.99
1964.19 , 1766
2023.99 , 1770.61
2081.24 , 1774.66
2139.57 , 1775.88
2200.03 , 1775.97
2258.53 , 1759.96
2311.45 , 1740.58
2365.81 , 1715.41
2422.68 , 1695.02
2480.08 , 1668.99
2524.86 , 1634.46
2559.81 , 1582.97
2580.08 , 1527.7
2596.99 , 1474.64
2613.75 , 1418.14
2628.47 , 1357.06
2639.16 , 1301.22
2645.3 , 1243.16
2641.75 , 1181.86
2635.27 , 1121.18
2629.14 , 1062.29
2620.2 , 1003.55
2611.02 , 944.86
2595.09 , 886.46
2571.4 , 829.35
1972.32 , 862.33
1948.15 , 901.55
1915.04 , 942.02
1892.15 , 983.55
1892.35 , 1032.91
1928.91 , 1066.84
1979.28 , 1072.92
2028.78 , 1057.71
2076.4 , 1059.59
2124.88 , 1061.17
2172.76 , 1038.64
2218.07 , 1025.28
2262.65 , 1003.26
2282 , 959.3
2266.91 , 910.87
2231 , 874.8
2189.1 , 843.85
1792.4 , 1311.29
1831.85 , 1272.1
1877.25 , 1248.97
1920.53 , 1220.66
1966.08 , 1197.85
2012.68 , 1178.78
2063.9 , 1169.54
2115.1 , 1178.8
2167.55 , 1172.05
2213.18 , 1149.53
2266 , 1143.54
2318.93 , 1149.29
2369.88 , 1159.05
2410.33 , 1194.62
2395.33 , 1242.87
2380.43 , 1291.16
2362.9 , 1338.29
2325.27 , 1378.17
2279.68 , 1400.77
2232.6 , 1418.54
2180.78 , 1426.54
2127.85 , 1432.29
2072.25 , 1432.04
2019.7 , 1425.53
1969.75 , 1413.56
1922.15 , 1397.29
1876 , 1376.64
1833.33 , 1346.46
1817.65 , 1315.29
1854.53 , 1297.76
1891.35 , 1279.84
1928.75 , 1263.95
1968 , 1252.44
2008.08 , 1242.36
2048.78 , 1233.66
2090.03 , 1226.17
2131.53 , 1219.17
2173.28 , 1212.67
2215.18 , 1206.52
2256.93 , 1200.02
2299.9 , 1196.04
2342.98 , 1199.82
2375.43 , 1225.24
2351.2 , 1259.53
2318.12 , 1287.55
2280.78 , 1303.66
2242.85 , 1318.06
2201.98 , 1326.26
2159.5 , 1331.29
2116.05 , 1334.29
2072.85 , 1337.79
2028.58 , 1339.04
1984.53 , 1337.29
1940.23 , 1338.54
1895.95 , 1339.78
1854.7 , 1332.31
2128 , 682.36
2143.78 , 663.08
2163 , 647.11
2183.47 , 634.61
2204.65 , 623.87
2226.6 , 615.64
2249.7 , 609.61
2273.6 , 605.38
2298.12 , 607.88
2320.6 , 614.89
2341.45 , 626.35
2344.35 , 649.35
2322.95 , 659.4
2300.8 , 667.12
2277.47 , 672.63
2253.4 , 676.59
2229.38 , 680.61
2204.25 , 682.36
2178.88 , 683.61
2153.15 , 684.11
1808.32 , 730.73
1784.55 , 724.46
1761.17 , 717.58
1736.39 , 713.48
1710.19 , 712.74
1684.74 , 715.47
1661.22 , 722.32
1639.24 , 732.83
1618.6 , 746.97
1599.04 , 764.25
1582.32 , 783.98
1608.39 , 782.48
1634.22 , 780.49
1659.55 , 777.48
1685.12 , 774.98
1710.22 , 771.51
1733.82 , 764.98
1756.87 , 757.46
1780.62 , 751.19
1804.77 , 745.77
2067.35 , 493.18
2074.58 , 455.46
2103.6 , 426.68
2137.22 , 409.56
2173.15 , 398.66
2211.38 , 392.43
2251.05 , 389.2
2291.1 , 390.68
2329.07 , 397.41
2363.78 , 411.7
2395.1 , 434.93
2379.1 , 455.43
2340.88 , 449.18
2300.12 , 450.18
2261.97 , 456.55
2225.93 , 467.36
2191.5 , 481.78
2157.52 , 497.74
2123.77 , 514.5
2089.11 , 525.01
1881.37 , 549.71
1862.58 , 517.02
1829.03 , 499.56
1792.56 , 489.54
1755.11 , 481.56
1715.96 , 477.06
1675.33 , 478.55
1636.91 , 484.55
1600.03 , 493.91
1565.66 , 508.78
1540.88 , 539.56
1549.87 , 576.59
1586.88 , 568.31
1626.78 , 565.31
1667.73 , 564.56
1707.38 , 568.06
1746.76 , 572.07
1784.71 , 579.05
1822.26 , 586.8
1861.18 , 581.82
