2632393389_1
354.56 , 1263.62
362.23 , 1306.68
373.31 , 1348.56
381.79 , 1390.38
388.07 , 1435.16
396.35 , 1476.92
410.77 , 1517.63
426.57 , 1559.87
446.03 , 1599.67
468.29 , 1637.2
492.21 , 1672.88
521.39 , 1705.19
551.17 , 1737.71
586.89 , 1765
624.57 , 1783.2
658.66 , 1813.23
693.38 , 1833.82
731.94 , 1854.48
772.01 , 1875.77
811.08 , 1892.2
855.42 , 1900.51
897.99 , 1902.97
942.86 , 1894.01
983.98 , 1879.78
1024.87 , 1867.74
1061.91 , 1844.5
1100.15 , 1822.11
1138.22 , 1798.41
1173.26 , 1772.37
1206.61 , 1747.36
1239.5 , 1713.63
1265 , 1677.52
1289.89 , 1642.68
1306.87 , 1601.5
1321.36 , 1562.43
1329.06 , 1518.39
1337.85 , 1475.72
1348.27 , 1432.31
1357.65 , 1392.06
1367.61 , 1345.8
1375.25 , 1302.04
818.53 , 1197.36
790 , 1215.45
764.3 , 1242.88
751.64 , 1277.49
755.44 , 1312.36
780.68 , 1336.62
817.82 , 1346.92
851.71 , 1355.99
888.73 , 1366.04
922.68 , 1367.64
962.04 , 1360.83
994.06 , 1352.6
1027.26 , 1333.03
1037.45 , 1297.58
1027.79 , 1264.2
1003.24 , 1235.22
990.75 , 1201.64
741.21 , 1556.49
752.28 , 1530.89
771.54 , 1508.16
793.74 , 1487.47
816.36 , 1468.06
840.86 , 1453.71
868.56 , 1447.24
898.54 , 1448.97
926.56 , 1454.75
954.38 , 1460.96
980.04 , 1472.05
1004.04 , 1487.57
1025.66 , 1509.44
1045.81 , 1531.84
1065.95 , 1554.22
1059.48 , 1581.94
1047.41 , 1607.31
1024.88 , 1627.08
1000.54 , 1641.73
974.09 , 1650.48
944.24 , 1652.49
914.13 , 1653.99
885.26 , 1650.01
859.19 , 1640.22
834.96 , 1625.24
809.86 , 1612.38
787.41 , 1592.44
764.41 , 1573.93
794.71 , 1555.49
805.22 , 1540.41
818.07 , 1526.14
833.13 , 1515.54
850.76 , 1511.24
870.19 , 1510.74
889.11 , 1512.24
908.41 , 1511.99
927.38 , 1510.56
946.76 , 1510.49
964.81 , 1513.84
981.41 , 1520.46
997.59 , 1528.12
1013.79 , 1535.75
1030.11 , 1542.9
1024.49 , 1544.24
1005.91 , 1546.02
989.01 , 1551.7
970.94 , 1555.01
951.74 , 1554.99
932.69 , 1553.74
913.41 , 1552.95
895.44 , 1549.47
878.21 , 1544.49
860.49 , 1540.49
842.99 , 1535.99
824.76 , 1533.99
809.36 , 1543.61
1034.92 , 1113.45
1042.77 , 1098.08
1057.8 , 1089.32
1073.67 , 1082.95
1090.2 , 1078.18
1107.12 , 1073.99
1125.05 , 1071.96
1143.95 , 1071.95
1161.89 , 1073.95
1177.97 , 1079.75
1192.74 , 1089.25
1194.97 , 1105.7
1178.5 , 1110.63
1161.32 , 1114.18
1143.5 , 1116.45
1125.3 , 1117.95
1107 , 1119.2
1088.45 , 1119.95
1069.67 , 1119.7
1051.5 , 1118.23
760.36 , 1074.39
747.68 , 1059.94
732.48 , 1048.99
716.25 , 1040.73
699.62 , 1033.65
681.6 , 1029.71
662.62 , 1027.72
643.6 , 1029.57
626.1 , 1034.56
610.78 , 1045.15
599.45 , 1060.22
615.33 , 1069.31
631.58 , 1077.59
648.4 , 1083.93
665.6 , 1089.38
683.45 , 1093.72
702.4 , 1095.72
721.83 , 1096.72
741.53 , 1096.22
760 , 1093.23
1022.3 , 1016.11
1053.38 , 999.05
1086.02 , 986.62
1120.1 , 977.11
1156.5 , 972.35
1195.08 , 972.11
1233.55 , 972.61
1271.4 , 974.39
1306.1 , 982.65
1334.55 , 1007.11
1351.79 , 1038.01
1323.67 , 1029.48
1291.83 , 1014.35
1255.9 , 1008.62
1218.05 , 1006.86
1179.95 , 1005.61
1142.35 , 1007.86
1106.07 , 1012.86
1074.62 , 1029.05
1042.52 , 1043.38
789.69 , 986.76
765.76 , 959.8
737.13 , 940.14
705.36 , 929.38
673.31 , 919.11
640.91 , 909.46
606.99 , 902.86
570.88 , 905.04
538.26 , 914.37
507.96 , 929.74
478.56 , 947.11
511.16 , 956.39
547.71 , 955.11
584.26 , 953.86
620.34 , 956.11
652.93 , 965.34
683.36 , 980.37
713.79 , 995.34
744.21 , 1010.35
778.36 , 1016.61
