2634041063_1
644.75 , 2244
663.65 , 2305.4
692.15 , 2375.81
721.25 , 2440.13
752 , 2503.45
788.3 , 2564.9
827.5 , 2614.94
880.75 , 2668.12
932.9 , 2710.53
993.91 , 2753.44
1048.79 , 2790.08
1115.89 , 2820.14
1183.6 , 2830.51
1255.31 , 2845.25
1325.57 , 2851.65
1396.31 , 2858.51
1463.65 , 2864.37
1533.58 , 2861.09
1605.55 , 2862.12
1678.46 , 2857.86
1741.42 , 2842.58
1813.04 , 2817.53
1870.99 , 2779.84
1936.19 , 2749.03
1992.05 , 2708.8
2047.67 , 2665.8
2108.05 , 2627.42
2157.98 , 2581.94
2210.8 , 2530.51
2252.88 , 2472.74
2283.77 , 2416.46
2315.88 , 2349.96
2339.17 , 2285.16
2350.33 , 2214.67
2357.14 , 2145.51
2360.26 , 2071.09
2362.62 , 2004.89
2362.51 , 1934.87
2339.35 , 1862.56
2322 , 1798.26
2294.95 , 1729.04
1481.54 , 1675.79
1483.65 , 1735.34
1495.13 , 1799.99
1473.93 , 1863.54
1455.41 , 1926.81
1498.6 , 1970.19
1569.31 , 1973.3
1635.13 , 1971.11
1698.01 , 1964.16
1760.12 , 1941.47
1825.37 , 1925.53
1886.75 , 1907.92
1918.64 , 1852.6
1890.22 , 1794.34
1844.96 , 1743.5
1805.4 , 1688.79
1760.5 , 1639.2
1363.35 , 2295.01
1403.55 , 2270.8
1448.1 , 2257.76
1491.67 , 2242.98
1535.27 , 2228.33
1578.75 , 2213.36
1621.92 , 2197.44
1666.22 , 2184.04
1711.72 , 2172.64
1760.57 , 2168.26
1811.17 , 2169.01
1859.1 , 2162.76
1908.57 , 2165.76
1953.1 , 2178.76
1959.1 , 2226.21
1934 , 2266.11
1897.85 , 2301.76
1858.22 , 2327.64
1816.2 , 2347.23
1772.7 , 2362.16
1726.82 , 2372.78
1679 , 2379.26
1629.27 , 2381.76
1579.65 , 2379.03
1532.57 , 2371.02
1486.5 , 2360.91
1443.52 , 2344.53
1401.27 , 2325.72
1367.1 , 2297.26
1405.4 , 2280.73
1444.42 , 2266.23
1484.12 , 2253.49
1524.5 , 2241.73
1566.35 , 2233.01
1608.57 , 2225
1651.52 , 2218.51
1694.72 , 2212.51
1737.8 , 2206.28
1781.2 , 2200.66
1825.9 , 2197.76
1871.55 , 2196.75
1916.67 , 2194.76
1934.72 , 2222.76
1898.17 , 2244.23
1859.38 , 2259.5
1819 , 2271.28
1778.82 , 2283.28
1739.88 , 2298
1701.3 , 2313.78
1661.95 , 2327.51
1620.5 , 2337.26
1576.45 , 2341.02
1531.9 , 2337.8
1490.47 , 2327.99
1450.3 , 2315.99
1408.42 , 2307.29
1770.25 , 1544.7
1774.07 , 1516.65
1789.1 , 1493.33
1811.12 , 1474.61
1834.47 , 1459.72
1859.05 , 1447.93
1884.6 , 1439.2
1913.17 , 1436.45
1942.35 , 1434.95
1970.45 , 1438.67
1994.51 , 1451.73
2005.17 , 1476.55
1987.13 , 1498.82
1964.83 , 1516.68
1940.17 , 1528.2
1913.15 , 1534.19
1884.22 , 1536.2
1854.58 , 1536.7
1825.05 , 1537.45
1798.62 , 1544.57
1311.64 , 1622.87
1289.49 , 1608.21
1265.29 , 1599.12
1237.12 , 1598.89
1210.97 , 1603.88
1185.67 , 1610.6
1161.12 , 1618.63
1137.44 , 1629.08
1114.47 , 1641.61
1092.54 , 1656.96
1071.64 , 1675.12
1098.52 , 1678.61
1126.82 , 1679.12
1155.12 , 1678.62
1182.94 , 1677.12
1209.91 , 1673.87
1235.04 , 1666.9
1259.37 , 1658.39
1285.24 , 1652.89
1311.24 , 1647.63
1709.61 , 1357.06
1725.38 , 1309.04
1765.33 , 1271.09
1811.68 , 1250.49
1861.31 , 1237.35
1913.61 , 1229.81
1968.09 , 1226.81
2023.63 , 1227.06
2075.71 , 1235.09
2121.88 , 1256.82
2163.03 , 1291.99
2154.36 , 1334.56
2104.28 , 1322.31
2053.78 , 1310.99
1999.03 , 1310.07
1948.21 , 1320.53
1898.68 , 1333.78
1850.81 , 1349.85
1803.51 , 1367.54
1754.66 , 1381.1
1351.2 , 1411.62
1287.05 , 1385.13
1212.8 , 1390.13
1142.83 , 1403.88
1075 , 1422.15
1008.02 , 1441.9
942.9 , 1465.29
879.38 , 1493.63
819.02 , 1530.66
764.31 , 1583.05
725.3 , 1642.63
799.08 , 1636.63
863.7 , 1611.72
928.4 , 1587.16
993.85 , 1564.61
1059.12 , 1541.57
1124.4 , 1518.6
1192.67 , 1501.13
1264.25 , 1490.63
1332.2 , 1472.63
