1270609209_1
284.05 , 370.05
284.84 , 382.14
285.72 , 395.48
287.82 , 408.7
291.06 , 422.75
294.56 , 435.18
299.67 , 447.2
306.47 , 459.59
314.15 , 470.75
321.53 , 482.16
329.29 , 492.98
337.22 , 502.63
348.93 , 510.88
359.57 , 517.85
370.64 , 525.21
382.24 , 531.37
395.11 , 537.28
407.23 , 543.28
418.93 , 548.91
430.61 , 553.89
444.09 , 558.49
456.96 , 560.64
470.78 , 560.61
483.24 , 559.04
495.9 , 552.94
505.04 , 544.34
514.03 , 533.18
520.2 , 521.72
526.33 , 509.75
533.95 , 498.39
541.98 , 488.2
551.18 , 479.06
560.51 , 468.79
569.17 , 458.65
576.74 , 447.34
582.01 , 434.66
586.44 , 423.15
590.68 , 410.31
594.1 , 397.35
597.65 , 384.53
599.6 , 370.1
447.25 , 374.87
441.75 , 385.01
433.89 , 393.9
428.79 , 405.71
433.75 , 416.07
445.05 , 422.71
457.13 , 425.27
468.94 , 427.84
480.37 , 429.72
492.87 , 429.36
505.1 , 425.94
516.02 , 421.04
525.58 , 413.02
527.41 , 401.41
521.9 , 390.64
513.68 , 380.76
504.69 , 371.3
400.8 , 451.99
411.18 , 448.96
422.43 , 447.74
434.2 , 447.49
445.95 , 447.24
457.35 , 446.24
469.12 , 446.49
480.4 , 447.74
492.05 , 447.24
503.55 , 446.49
514.95 , 445.49
526.23 , 444.24
526.42 , 455.37
523.32 , 465.72
519.73 , 475.81
514.98 , 485.54
507.8 , 494.24
498.8 , 500.99
488.43 , 504
477.38 , 505.74
465.75 , 506.25
454.83 , 504.25
444.52 , 500.98
434.85 , 496.04
426.12 , 488.56
418.62 , 479.84
412.27 , 470.72
406.27 , 461.47
421.8 , 447.74
429.05 , 447.49
436.28 , 447.74
441.9 , 451.85
447.45 , 456.12
453 , 460.43
458.53 , 464.73
464.1 , 469.02
470.02 , 472.22
476.77 , 473.48
484.02 , 473.74
490.8 , 472.49
497.45 , 471.02
504.2 , 469.77
507.32 , 473.96
501.78 , 478.26
495.38 , 480.24
488.28 , 480.72
481.35 , 479.78
474.7 , 478.21
468.2 , 476.46
461.8 , 474.49
455.55 , 472.24
449.52 , 469.23
443.77 , 465.48
438.18 , 461.36
432.62 , 457.07
427.1 , 452.79
511.4 , 321.29
513.53 , 315.42
516.76 , 309.94
521.65 , 305.04
527.15 , 301.79
532.9 , 299.29
539.23 , 298.04
545.67 , 297.04
552.6 , 297.02
558.35 , 299.53
563.42 , 303.87
563.24 , 310.69
560.17 , 316.27
555.05 , 320.54
549.12 , 322.54
542.9 , 324.04
536.48 , 325.04
529.77 , 324.53
523.48 , 323.29
516.9 , 324.04
429.65 , 325.68
429.82 , 318.43
425.84 , 312.7
420.09 , 308.7
413.99 , 305.73
407.36 , 303.95
400.49 , 302.7
393.51 , 303.68
386.89 , 305.47
380.74 , 308.29
375.06 , 312.48
371.09 , 318.2
376.37 , 323.48
382.46 , 326.57
388.76 , 328.97
395.39 , 330.69
402.49 , 331.45
409.81 , 331.2
416.91 , 330.45
423.54 , 328.68
504.44 , 283.32
511.17 , 277.08
518.89 , 273.55
526.99 , 271.05
535.24 , 268.8
543.37 , 266.39
551.62 , 264.14
559.94 , 262.07
568.91 , 262.32
576.99 , 264.87
584.37 , 269.25
577.91 , 273.09
569.26 , 274.5
560.62 , 275.89
552.19 , 277.82
543.69 , 279.57
535.12 , 281.14
526.87 , 283.39
519.04 , 286.54
511.19 , 289.57
446.13 , 279.2
436.48 , 274.29
426.08 , 271.32
415.53 , 268.54
405.13 , 265.51
394.33 , 263.29
382.88 , 262.64
372.06 , 264.78
362.43 , 269.8
353.33 , 276.22
344.23 , 282.54
354.91 , 285.04
366.53 , 284.54
377.78 , 283.29
389.53 , 283.04
401.03 , 283.79
412.41 , 284.79
423.43 , 286.52
434.11 , 289.04
445.73 , 289.04
