2637859146_1
315.35 , 898.95
332.92 , 937.07
349.22 , 976.2
363.08 , 1013.14
379.25 , 1055.4
394.31 , 1095.21
407.5 , 1136.08
423.65 , 1174.19
446.24 , 1209.57
477.61 , 1238.58
511.85 , 1267.29
544.73 , 1292.33
578.58 , 1318.62
614.28 , 1342.64
654.25 , 1359.71
694.06 , 1375.45
732.58 , 1391.11
771.63 , 1406.5
811.03 , 1420.92
851.75 , 1434.17
895.2 , 1443.61
935.32 , 1447.98
979.54 , 1448.97
1022.17 , 1446.72
1062.49 , 1436.9
1096.82 , 1415.04
1124.37 , 1379.01
1145.48 , 1345.31
1172.03 , 1308.89
1196.66 , 1274.8
1220.26 , 1240.59
1242.11 , 1202.7
1262.25 , 1167.05
1279.51 , 1127.82
1293.3 , 1085.22
1305.37 , 1043.42
1316.38 , 1006.28
1324.96 , 961.49
1330.88 , 921.82
1334.63 , 876.63
1333.1 , 833.35
918.45 , 771.1
907.79 , 800.25
882.5 , 822.71
863.32 , 848.13
866.65 , 880.76
892.12 , 904.42
918.61 , 924.56
948.48 , 936.16
979.64 , 945.31
1011.95 , 949.89
1044.23 , 939.86
1073.2 , 919.7
1094.47 , 896.82
1105.89 , 866.3
1090.59 , 837.55
1081.24 , 805.31
1070.7 , 771.1
768.07 , 1085.53
791.9 , 1062.71
816.9 , 1043.19
843.72 , 1028.62
871.35 , 1016.29
900.22 , 1007.26
931.1 , 1002.28
962.37 , 1006.53
992.32 , 1013.53
1024.8 , 1011.78
1057.39 , 1010.28
1084.7 , 1023.79
1108.62 , 1046.33
1127.78 , 1071.48
1119.85 , 1100.88
1111.1 , 1129.88
1098.27 , 1157.36
1074.47 , 1180.28
1047.1 , 1193.53
1016.82 , 1199.78
983.62 , 1200.02
952.85 , 1194.78
923.72 , 1186.31
895.7 , 1175.31
868.07 , 1163.03
841.32 , 1148.28
815.9 , 1129.87
791.27 , 1109.23
785.07 , 1090.28
806.72 , 1079.75
828.85 , 1070.76
851.55 , 1063.3
875.8 , 1058.78
901.05 , 1056.28
926.9 , 1055.03
953.1 , 1054.53
978.82 , 1056.03
1004.55 , 1057.53
1030.5 , 1058.53
1056.82 , 1058.78
1082.67 , 1060.03
1106.07 , 1066.28
1118.12 , 1086.52
1098.17 , 1101.77
1076.37 , 1112.05
1053.55 , 1119.29
1030.14 , 1125.54
1005.02 , 1128.28
979.17 , 1127.03
953.1 , 1126.28
927.5 , 1124.53
902.87 , 1120.78
878.12 , 1117.28
853 , 1114.53
829.2 , 1109.05
806.52 , 1101.49
1048.59 , 674.98
1056.28 , 660.53
1069.71 , 650.11
1084.14 , 642.22
1099.24 , 636.46
1115.81 , 633.73
1133.59 , 633.98
1149.56 , 637.98
1164.59 , 643.98
1179.26 , 651.17
1192.93 , 661.05
1200.28 , 675.27
1184.99 , 680.48
1168.54 , 683.48
1150.89 , 683.98
1133.46 , 682.98
1116.41 , 681.23
1099.49 , 679.23
1082.57 , 677.23
1065.04 , 677.98
822.99 , 654.89
808.04 , 644.7
792.47 , 636.14
775.92 , 630.43
757.87 , 627.67
738.89 , 627.05
720.67 , 629.39
704.02 , 634.92
688.52 , 643.67
673.82 , 654.62
659.27 , 665.92
676.94 , 669.44
694.29 , 673.68
712.25 , 676.65
730.77 , 678.42
749.42 , 679.94
768.19 , 678.67
786 , 675.42
804.54 , 673.67
822.84 , 671.42
1048.01 , 567.83
1064.33 , 538.96
1094.36 , 525.74
1126.98 , 518.34
1160.11 , 512.1
1193.84 , 507.1
1229.76 , 507.08
1262.34 , 514.6
1288.96 , 537.27
1302.54 , 566.98
1307.5 , 600.73
1305.26 , 632.08
1292.77 , 601.86
1276.06 , 573.39
1247.93 , 554.83
1212.51 , 553.83
1178.84 , 559.01
1145.34 , 564.51
1112.71 , 571.87
1079.38 , 577.46
882.24 , 525.94
844.81 , 504.25
803.78 , 492.09
761.31 , 482.61
716.68 , 477.59
671.18 , 480.82
629.36 , 491.64
590.96 , 511.04
556.48 , 540.99
532.28 , 577.46
518.41 , 617.59
554.28 , 592.74
587.74 , 560.01
621.66 , 528.59
661.06 , 512.6
704.11 , 520.3
743.68 , 535.85
784.11 , 549.11
826.01 , 559.87
870.61 , 564.82
