2639853121_1
500 , 781.54
507.24 , 800.72
515.34 , 821.04
523.76 , 841.7
532.29 , 863.27
543.07 , 882.68
554.67 , 900.68
568.56 , 919.31
584.06 , 935.52
601.97 , 949.54
620.14 , 960.09
639.36 , 972.31
657.45 , 982.95
679.95 , 990.98
699.2 , 1001.08
719.61 , 1010.07
740.45 , 1015.06
762.82 , 1016.71
784.97 , 1017.2
807.66 , 1018.71
830.23 , 1017.06
849.83 , 1006.33
869.32 , 995.92
889.1 , 985.75
907.11 , 973.96
922.16 , 958.14
936.41 , 942.2
951.7 , 923.76
964.54 , 905.05
977.44 , 887.41
992.02 , 870.85
1002.21 , 852.41
1010.23 , 830.21
1014.31 , 809.79
1017.35 , 786.72
1019.07 , 764.43
1018.99 , 742.24
1019.94 , 720.58
1023.46 , 697.64
1026.09 , 676.06
1026.7 , 653.15
695.5 , 716.3
689.58 , 731.32
683.46 , 749.31
680.32 , 766.07
689.15 , 780.54
703.47 , 791.28
720.19 , 793.49
738.37 , 788.18
754.88 , 781.81
771.37 , 777.36
789.11 , 773.45
804.21 , 767.76
819.44 , 756.8
825.18 , 741.47
817.5 , 725.35
804.88 , 713.28
796.79 , 696.65
667.75 , 866.66
682.85 , 859.12
698.38 , 852.88
716.05 , 851.16
733.15 , 848.14
750.08 , 844.92
767.27 , 842.16
784 , 838.41
800.48 , 834.17
816.95 , 829.93
833.27 , 825.39
849.35 , 820.44
865.83 , 816.17
884 , 815.41
888.87 , 830.78
876.62 , 844.04
861.73 , 852.18
846.55 , 859.65
831.08 , 866.1
815.62 , 872.54
800.02 , 878.64
784.12 , 883.89
767.5 , 887.91
749.83 , 889.66
731.9 , 888.4
714.7 , 885.66
697.5 , 882.91
681.8 , 877.17
670 , 868.41
686.88 , 868.41
702.3 , 865.42
717.98 , 862.91
734 , 861.16
749.38 , 858.03
765.6 , 856.66
781.42 , 854.48
795.45 , 848.2
810.15 , 843.76
825.05 , 839.64
839.45 , 834.67
853.6 , 828.88
867.73 , 823.18
879.65 , 819.75
865.75 , 826.41
851.45 , 831.68
836.88 , 836.28
822.38 , 841.03
807.8 , 845.63
793.58 , 851.09
779.33 , 856.59
763.92 , 859.66
747.65 , 860.91
731.25 , 861.91
715.48 , 864.16
700.27 , 867.65
685.3 , 871.65
791.35 , 619.9
795.98 , 610.25
803.75 , 601.75
812.48 , 594.53
821.88 , 589.13
831.75 , 585.25
842.4 , 582.88
853.68 , 581.9
865.33 , 582.15
876.28 , 583.83
886.33 , 587.38
886.1 , 597.4
876.15 , 601.16
865.7 , 603.92
855.3 , 606.69
844.58 , 608.9
833.65 , 610.63
822.85 , 612.65
811.92 , 614.4
800.88 , 615.9
664.37 , 648.09
656.2 , 644.6
647.64 , 642.07
638.37 , 641.1
628.6 , 641.07
619.35 , 642.22
610.5 , 644.08
602.27 , 647.31
594.57 , 652.01
587.45 , 658.37
581.47 , 665.6
590.39 , 667.35
599.8 , 668.1
608.97 , 666.85
617.92 , 665.14
626.72 , 663.1
635.42 , 660.85
644.22 , 658.85
652.92 , 656.59
661.85 , 654.84
774.07 , 565.48
780.37 , 551.15
792.92 , 539.86
807.05 , 532.75
822.17 , 528.39
837.57 , 524.48
852.2 , 518.95
868.37 , 516.71
884.65 , 518.8
899.77 , 523.24
913.9 , 530.29
918.44 , 543.26
901.87 , 544.73
884.82 , 545.23
868.62 , 547.49
852.64 , 550.16
836.67 , 552.88
820.77 , 555.73
804.22 , 557.24
788.72 , 560.96
662.59 , 594.17
648.57 , 584.84
633.22 , 579.1
616.27 , 576.59
598.62 , 577.59
581.69 , 580.09
564.64 , 582.35
549.47 , 588.68
535.59 , 598.56
523.5 , 611.67
513.07 , 625.34
530.37 , 623.6
545.82 , 618.09
562.27 , 614.59
578.94 , 611.59
596.12 , 609.59
613.79 , 610.59
631.57 , 611.34
648.37 , 614.09
665.06 , 611.1
