2642751678_1
206.86 , 537.48
207.06 , 553.55
208.06 , 571.37
210.81 , 588.93
214.28 , 606.29
218.77 , 623.35
224.09 , 640.21
230.43 , 656.67
237.78 , 672.62
246.59 , 687.71
257.59 , 701.1
270.06 , 713.23
282.93 , 725.08
295.59 , 737.36
308.39 , 749.43
323.38 , 760.85
338.69 , 767.24
356.47 , 771.74
372.81 , 773.09
390.92 , 774.41
409.05 , 776.75
426.38 , 775.75
443.87 , 774.85
461.12 , 772.35
477.65 , 766.7
492.48 , 758.37
505.97 , 747.85
520.17 , 735.42
532.02 , 722.69
542.38 , 708.52
551.71 , 693.69
559.77 , 677.95
566.27 , 661.9
572.21 , 645.41
577.23 , 628.55
581.2 , 611.35
585.09 , 594.06
588.96 , 576.68
592.03 , 559.19
592.74 , 541.58
591.99 , 523.82
366.85 , 517.5
360.07 , 529.09
353.8 , 542.44
346.99 , 555.13
345.02 , 568.15
353.64 , 579.58
365.47 , 586.19
379.76 , 591.11
393.21 , 591.97
408.43 , 590.99
421.82 , 586.78
435.09 , 582.4
443.82 , 571.81
444.75 , 557.35
439.16 , 544.13
430.99 , 532.34
422.4 , 520.85
323.5 , 632.31
334.35 , 631.56
344.7 , 629.81
354.95 , 627.81
366.18 , 627.81
376.65 , 629.31
387.62 , 629.81
398.48 , 629.06
409.57 , 629.31
420.55 , 629.81
431.65 , 630.06
442.38 , 631.06
452.73 , 632.82
459.5 , 640.81
451.15 , 647.56
442.27 , 652.8
433.15 , 657.44
424.18 , 662.56
414.98 , 667.07
405.07 , 669.81
394.73 , 671.56
383.75 , 671.06
373.62 , 668.84
364.35 , 664.65
355.35 , 659.63
346.65 , 653.93
337.98 , 648.03
329.78 , 640.83
330.25 , 634.31
339.7 , 635.07
348.3 , 637.58
357.02 , 639.82
365.85 , 641.91
374.65 , 644.08
383.73 , 645.56
393.18 , 644.81
402.52 , 643.81
412.1 , 643.31
421.45 , 642.35
430.77 , 641.3
439.85 , 639.8
448.95 , 638.3
455.85 , 639.09
447.48 , 642.06
438.5 , 643.81
429.38 , 645.19
420.1 , 646.28
410.75 , 647.31
401.3 , 648.07
391.98 , 649.06
382.15 , 649.08
372.95 , 647.77
364.07 , 645.84
355.35 , 643.59
346.6 , 641.34
338.27 , 638.3
448.69 , 456.06
452.47 , 450.54
457.37 , 445.39
462.84 , 441.4
468.84 , 438.81
475.42 , 437.56
482.49 , 437.31
489.31 , 438.07
495.92 , 439.31
502.11 , 441.31
506.66 , 446.51
507.61 , 453.18
501.99 , 456.77
495.89 , 459.04
489.54 , 460.83
482.62 , 460.31
475.54 , 460.06
468.72 , 459.31
461.99 , 458.31
455.54 , 456.82
342.51 , 458.65
336.58 , 454.47
330.46 , 450.89
323.94 , 448.33
316.78 , 447.15
309.41 , 446.4
301.81 , 446.66
294.69 , 447.88
287.81 , 449.62
281.38 , 452.5
275.76 , 457.4
281.88 , 461.03
288.19 , 464.17
295.08 , 465.93
302.44 , 466.65
310.06 , 466.4
317.53 , 465.9
324.91 , 465.16
332.26 , 464.4
339.74 , 463.9
417.29 , 425.89
424.67 , 414.75
436.04 , 407.89
448.59 , 404.1
462.07 , 402.13
475.84 , 400.89
489.77 , 399.89
503.69 , 400.88
516.87 , 403.4
529.26 , 407.38
540.64 , 414.23
537.69 , 424.89
523.54 , 425.39
509.62 , 424.39
495.59 , 425.15
481.92 , 426.61
468.49 , 428.63
455.29 , 431.14
442.24 , 433.89
428.14 , 434.26
362.43 , 421.6
350.15 , 414.68
335.85 , 412.41
321.23 , 410.91
306.57 , 409.44
292.43 , 406.91
277.05 , 406.89
263.52 , 410.64
250.85 , 416.56
238.88 , 424.29
227.75 , 434.41
242.4 , 435.91
256.68 , 433.66
270.95 , 431.41
286.07 , 430.91
300.98 , 431.91
315.6 , 433.41
330.12 , 435.15
344.77 , 436.66
359.03 , 434.39
