2643601988_1
463.95 , 499
466.61 , 520.03
468.97 , 541.06
470.19 , 563.92
473.82 , 584.07
478.95 , 605.32
484.66 , 626.21
490.96 , 646.94
496.87 , 669
503.28 , 690.39
509.54 , 710.68
516.81 , 731.32
525.93 , 751.31
536.24 , 770.51
549.73 , 786.57
570.14 , 793.66
591.56 , 797.61
614.2 , 799.31
634.16 , 799.97
656.74 , 800.7
677.98 , 795.81
697.87 , 789.09
718.06 , 778.89
737.99 , 768.2
755.89 , 759.49
776.83 , 750.16
796.15 , 738.92
812.2 , 725.69
829.68 , 711.34
845.94 , 697.39
859.49 , 680.59
871.92 , 663.01
882.53 , 643.19
892.62 , 623.74
903.2 , 604.95
910.85 , 585.54
917.21 , 564.35
923.72 , 543.8
929.62 , 521.29
932.4 , 501.07
934.89 , 477.94
560.55 , 489.1
555.79 , 505.93
545.75 , 520.72
535.52 , 536.86
541.18 , 555.3
553.5 , 567.96
569.36 , 579.34
587.42 , 581.87
604.53 , 587.88
622.72 , 583.24
639.64 , 576.25
654.67 , 564.46
659.13 , 545.59
656.43 , 528.74
639.52 , 519.95
636.1 , 502.25
635.1 , 482.75
532.3 , 626.33
545.4 , 626.33
557.67 , 628.08
570.07 , 629.58
582.35 , 631.32
594.15 , 634.11
606.3 , 636.08
619.42 , 636.08
632.4 , 636.33
645.4 , 636.08
658.3 , 636.58
670.72 , 638.01
682.95 , 639.8
686.48 , 649.67
676.4 , 656.76
666.07 , 663.07
655.45 , 668.67
644.42 , 673.05
633.2 , 676.83
621.52 , 679.83
608.77 , 680.58
596.02 , 679.83
583.75 , 678.07
572.72 , 673.73
562.96 , 665.75
554.99 , 656.03
547.36 , 646.13
539.55 , 636.33
532.3 , 626.33
541.82 , 630.85
551.85 , 634.1
562.3 , 636.58
572.67 , 639.21
583.1 , 641.85
593.9 , 643.61
605.3 , 644.08
616.57 , 643.33
627.88 , 642.58
639.27 , 643.08
650.8 , 643.33
662.45 , 643.33
673.6 , 642.34
684.08 , 640.83
673.2 , 642.43
661.97 , 643.33
650.45 , 643.58
639.05 , 644.08
627.65 , 644.58
616.22 , 645.08
604.82 , 645.58
593.55 , 644.83
582.75 , 643.04
572.3 , 640.58
561.85 , 638.07
551.3 , 635.83
541.67 , 631.45
668.9 , 432.81
675.9 , 425.81
683.45 , 420.27
691.55 , 416.15
699.98 , 413.04
708.92 , 411.05
718.5 , 410.31
728.05 , 411.06
737.12 , 412.79
745.5 , 416.06
753.5 , 420.4
751.63 , 428.57
743.42 , 432.29
734.77 , 434.78
725.45 , 436.06
715.77 , 435.56
706.08 , 436.06
696.27 , 435.8
687.33 , 433.8
678.35 , 431.81
574.68 , 423.97
568.16 , 419.67
560.79 , 417.52
554.12 , 413.61
547.07 , 410.75
539.39 , 409.23
531.24 , 409.73
523.82 , 411.7
516.82 , 414.7
509.99 , 418.23
503.49 , 422.48
508.89 , 428.62
515.41 , 432.92
522.66 , 435.25
530.69 , 435.98
538.84 , 435.48
546.39 , 433.71
553.79 , 431.69
560.97 , 429.25
568.51 , 427.46
632.94 , 376.07
648.79 , 365.06
665.74 , 356.79
684.09 , 352.05
702.82 , 348.08
722.02 , 345.07
741.82 , 343.32
761.74 , 344.82
779.09 , 351.73
795.11 , 362.31
801.09 , 379.97
791.34 , 396.21
770.97 , 396.82
752.44 , 392.32
733.24 , 389.32
714.42 , 385.56
694.14 , 386.32
674.09 , 387.57
654.77 , 390.34
636.24 , 394.78
564.64 , 383.93
554.69 , 376.45
543.62 , 372.16
532.54 , 367.96
521.47 , 363.71
510.29 , 359.68
498.24 , 357.43
485.94 , 355.68
473.41 , 356.92
462.7 , 362.37
455.64 , 372.43
461.61 , 382.92
472.51 , 387.71
485.06 , 388.93
498.06 , 389.18
511.09 , 389.43
523.76 , 390.43
536.04 , 392.17
547.62 , 395.41
560.38 , 394.82
