2646055201_1
360.9 , 430.5
359.49 , 444.82
358.49 , 459.02
357.53 , 473.18
356.99 , 489.03
357.07 , 503.11
357.5 , 517.04
361.63 , 531.08
367.05 , 544.52
372.9 , 559.59
381.45 , 570.96
391.58 , 580.53
402.48 , 591.07
414.06 , 599.84
426.66 , 606.62
441.6 , 611.96
454.49 , 616.41
468.86 , 621.23
482.71 , 624.51
497.88 , 627.81
511.81 , 630.38
525.77 , 631.74
541.35 , 632.57
555.62 , 633.51
570.89 , 632.39
584.19 , 628.43
596.5 , 620.05
606.69 , 608.95
614.56 , 597.46
622.69 , 584.62
629.3 , 572.49
635.65 , 558.94
640.77 , 544.71
644.67 , 531.07
648.44 , 516.03
650.86 , 502.38
652.81 , 487.31
653.98 , 472.18
654.12 , 458.3
654.42 , 443.25
655.54 , 428.14
500 , 426.25
497.73 , 437.56
493.5 , 449.05
489.49 , 459.79
492.23 , 471.12
502.3 , 476.5
513.86 , 474.36
526.37 , 475.56
538.55 , 477.84
549.41 , 480.16
560.5 , 474.6
572.49 , 473.92
579.96 , 465.16
580.12 , 453.57
573.25 , 443.94
567 , 433.69
560.69 , 423
464.15 , 532.04
472.82 , 526.1
482.1 , 521.52
491.67 , 518.03
501.62 , 515.29
511.85 , 513.04
522.67 , 512.04
533.48 , 513.04
544.77 , 513.04
555.25 , 511.3
566.42 , 511.54
576.75 , 513.54
586.27 , 517.17
595.21 , 522.57
596.04 , 533.14
587.85 , 540.59
579.85 , 548.6
571.47 , 555.49
562.22 , 560.01
552 , 562.29
540.83 , 562.54
529.88 , 561.79
519.42 , 560.04
509.32 , 557.55
499.65 , 554.29
490.32 , 549.98
481.2 , 545.11
472.47 , 539.13
475.4 , 533.79
483 , 531.76
490.77 , 530.04
498.27 , 527.76
505.8 , 525.64
513.65 , 524.04
522.02 , 523.54
530.5 , 523.79
538.88 , 524.29
547.35 , 524.54
555.85 , 524.79
563.85 , 526.05
571.98 , 527.03
580.45 , 527.29
586.6 , 529.07
579.4 , 532.04
571.65 , 533.79
563.4 , 534.54
555.08 , 535.11
547.25 , 536.69
539.5 , 538.54
531.38 , 537.54
523.38 , 536.29
515.38 , 535.04
507 , 535.54
499 , 536.79
490.75 , 537.54
482.62 , 536.55
557.55 , 371.04
560.49 , 365.34
564.57 , 360.01
569.77 , 355.55
575.6 , 352.81
581.55 , 350.54
588.12 , 349.54
594.95 , 350.04
601.3 , 351.54
607.02 , 354.51
612.23 , 358.94
614.33 , 364.99
610.25 , 370.3
604.27 , 372.54
597.82 , 373.79
591 , 374.29
583.95 , 374.29
577 , 374.54
569.92 , 374.53
563.72 , 372.81
476.33 , 374.82
470.9 , 371.16
464.85 , 369.33
458.58 , 367.81
451.95 , 367.06
444.95 , 367.07
438.48 , 368.13
432.38 , 370
426.7 , 372.92
421.74 , 377.86
418.3 , 383.31
423.5 , 387.54
429.5 , 389.57
436.25 , 390.06
443 , 389.56
449.38 , 388.32
455.65 , 386.81
461.65 , 384.78
467.7 , 382.91
473.45 , 380.16
554.76 , 320.44
557.12 , 311.84
564.18 , 305.46
572.13 , 301.41
581.13 , 299.94
590.61 , 300.44
600.11 , 300.94
608.99 , 299.19
618.49 , 298.69
626.68 , 301.93
633.48 , 308.67
631.44 , 316.16
622.18 , 315.19
612.81 , 314.42
603.68 , 315.69
595.16 , 318.22
586.91 , 321.19
578.86 , 324.84
570.41 , 327.44
561.11 , 327.54
492.98 , 333.6
487.64 , 324.23
478.06 , 319.46
467.54 , 316.95
456.06 , 316.45
444.71 , 317.2
433.12 , 317.45
421.74 , 318.18
411.49 , 321.2
401.94 , 326.08
393.34 , 333.45
403.41 , 336.69
413.94 , 334.19
424.69 , 332.2
436.16 , 332.7
446.69 , 335.2
456.59 , 338.95
467.12 , 341.45
477.51 , 344.22
488.77 , 343.22
