2649826959_1
314.4 , 431.44
317.5 , 444.19
320.74 , 456.85
323.97 , 469.5
326.56 , 482.25
328.67 , 495.09
330.33 , 508
332.86 , 520.65
337.93 , 532.97
345.73 , 543.96
355.22 , 553.39
364.5 , 561
376.27 , 569.09
386.77 , 574.92
398.54 , 581.1
410.59 , 588.5
421.14 , 593.97
434.49 , 599.49
446.35 , 604.97
458.4 , 609.34
471.39 , 613.15
483.31 , 616.53
496.65 , 615.62
510.15 , 613.96
522.33 , 612.72
535.19 , 608.74
544.59 , 599.73
549.76 , 587.9
553.13 , 574.6
555.22 , 562.07
557.73 , 549.02
562.5 , 536.53
567.32 , 524.7
571.38 , 512.51
575.14 , 499.1
578.03 , 486.2
581.15 , 473.37
584.85 , 461.09
589.39 , 449.01
593.5 , 436.49
593.9 , 422.85
498.1 , 414.89
495.05 , 425.73
491.98 , 436.53
489.61 , 448.58
492.75 , 459.25
500.2 , 467.47
511.95 , 470.52
522.52 , 469.08
534.74 , 466.63
545.63 , 467.35
557.1 , 464.59
565.4 , 456.8
566.67 , 445.17
563.12 , 434.92
556.46 , 425.02
550.06 , 415.58
546 , 403.9
476.31 , 523.36
482.29 , 516.89
489.51 , 512.9
497.06 , 509.86
504.81 , 507.36
512.36 , 504.32
519.63 , 500.51
526.74 , 496.17
534.13 , 492.62
542.88 , 492.11
551.51 , 491.37
559.05 , 494.21
562.74 , 501.54
562.56 , 510.38
560.56 , 518.43
558.81 , 526.59
555.54 , 534.06
552.74 , 541.68
548.59 , 548.83
541.49 , 553.12
533.59 , 555.36
524.84 , 555.86
516.68 , 554.11
509.26 , 550.57
502.26 , 546.04
495.31 , 541.36
488.63 , 535.93
482.13 , 529.93
488.06 , 520.86
492.36 , 518.6
496.74 , 516.42
501.21 , 514.58
505.96 , 513.33
510.54 , 511.85
515.13 , 510.38
519.74 , 508.84
524.71 , 508.11
529.93 , 507.86
535.16 , 508.11
540.26 , 508.61
545.36 , 509.1
550.08 , 510.41
550.96 , 515.21
548.09 , 519.33
544.51 , 523.16
540.53 , 526.39
536.16 , 528.64
531.31 , 529.61
526.09 , 529.86
520.99 , 530.36
515.63 , 530.36
510.53 , 529.86
505.78 , 528.62
501.38 , 526.59
496.88 , 524.84
492.28 , 523.34
542.65 , 373.58
544.65 , 370.33
547.62 , 367.35
550.7 , 364.77
554.07 , 362.89
557.55 , 361.3
561.12 , 360.08
565.17 , 359.83
568.98 , 360.65
572.32 , 362.49
574.55 , 365.73
575.13 , 369.61
573.07 , 372.9
569.92 , 375.32
566.2 , 376.34
562.15 , 376.58
558.2 , 376.08
554.12 , 375.83
550.17 , 375.33
546.48 , 374.32
477.77 , 369.29
475.38 , 365.14
471.41 , 362.35
466.81 , 361.09
461.99 , 360.34
457.06 , 360.84
452.36 , 361.84
447.91 , 363.31
443.69 , 365.46
439.49 , 367.69
435.56 , 370.59
439.49 , 373.51
443.71 , 375.74
448.34 , 376.84
453.28 , 377.34
458.21 , 377.84
463.41 , 377.84
468.33 , 377.34
472.93 , 376.06
477.2 , 374.08
538.13 , 343.85
541.29 , 337.68
546.13 , 332.1
551.75 , 327.48
557.55 , 323.19
563.38 , 319.1
569.71 , 316.29
576.63 , 314.85
583.63 , 316.1
589.47 , 320.17
591.63 , 326.78
591.88 , 334.27
589.25 , 329.61
583.21 , 326.08
576.11 , 327.12
569.68 , 329.57
563.38 , 332.35
557.18 , 335.54
551.48 , 340
545.63 , 344.1
503.76 , 336.98
495.14 , 328.33
485.04 , 322.79
474.06 , 319.56
462.21 , 318.06
450.04 , 317.35
438.14 , 318.77
426.64 , 321.02
415.94 , 324.72
405.64 , 329.77
395.84 , 336.06
407.56 , 334.31
419.06 , 332.06
429.79 , 328.33
440.91 , 325.32
453.37 , 325.06
465.26 , 326.49
476.06 , 330.04
486.29 , 335.27
496.31 , 341.03
