2651816235_1
1112.79 , 1335.75
1101.24 , 1388.11
1100.72 , 1439.29
1102.73 , 1495.83
1097.94 , 1547.76
1095.51 , 1603.35
1103.91 , 1659.52
1122.04 , 1708.57
1147.81 , 1758.23
1180.17 , 1803.28
1210.27 , 1844.87
1242.16 , 1887.57
1280.36 , 1929.55
1318.61 , 1966.44
1358.04 , 2001.57
1405.53 , 2036.39
1456.32 , 2053.54
1509.06 , 2069.49
1558.14 , 2090.02
1608.75 , 2101.26
1663.69 , 2113.48
1713.11 , 2128.63
1767.6 , 2150.79
1818.89 , 2159.62
1874.52 , 2161.11
1925.74 , 2156.82
1977.67 , 2139.78
2005.69 , 2089.43
2018.28 , 2038.6
2037.15 , 1985.47
2066.98 , 1939.93
2096.69 , 1900.23
2119.3 , 1848.66
2137.23 , 1796.34
2161.77 , 1746.43
2172.91 , 1695.15
2191.33 , 1643.4
2207.2 , 1590.62
2211.96 , 1535.42
2214.95 , 1480.77
2222.65 , 1426.3
2009.84 , 1452
1989.75 , 1489.37
1964.51 , 1525.19
1940.78 , 1559.99
1932.08 , 1604.28
1956 , 1637.14
2002.54 , 1640.35
2043.75 , 1640.85
2089.68 , 1640.62
2132.05 , 1632.63
2174.21 , 1616
2211.35 , 1597.98
2233.48 , 1556.54
2228.95 , 1513.99
2204.66 , 1477.94
2185.46 , 1441.22
2167.64 , 1396.76
1834.65 , 1833.83
1857.75 , 1820.24
1881.75 , 1808.99
1905.68 , 1797.31
1928.85 , 1783.85
1951.58 , 1769.18
1974.23 , 1754.28
1997.33 , 1740.68
2021.28 , 1729.21
2049.9 , 1729.08
2076.4 , 1734.58
2103.75 , 1731.3
2118.15 , 1753.2
2106.22 , 1777
2089.16 , 1798.9
2083.4 , 1825.08
2088.15 , 1851.93
2086.31 , 1880.18
2073.82 , 1903.65
2051.8 , 1920.43
2025.88 , 1927.08
1997.45 , 1928.08
1970.85 , 1922.79
1946.88 , 1911.31
1923.62 , 1898.05
1901.18 , 1882.59
1879.3 , 1865.46
1857.5 , 1848.16
1912.65 , 1817.58
1921.78 , 1814.86
1930.93 , 1812.06
1939.85 , 1808.81
1948.8 , 1805.55
1957.73 , 1802.32
1966.9 , 1799.58
1976.45 , 1797.54
1986.15 , 1795.83
1995.7 , 1793.84
2005.28 , 1791.84
2015.2 , 1791.07
2024.88 , 1792.81
2033.85 , 1796.01
2040.95 , 1802.63
2036.6 , 1810.15
2028.1 , 1814.84
2019.23 , 1818.26
2010.12 , 1821.1
2001 , 1823.98
1991.55 , 1826.18
1981.48 , 1827.05
1971.05 , 1827.33
1960.65 , 1827.58
1950.23 , 1827.33
1940.2 , 1826.35
1930.5 , 1824.61
1921.25 , 1821.92
2106.51 , 1267.64
2111.57 , 1258.13
2121.41 , 1253.86
2131.51 , 1250.39
2142.14 , 1247.9
2153.36 , 1246.64
2165.21 , 1246.64
2176.31 , 1248.13
2186.54 , 1251.4
2195.23 , 1258.84
2196.76 , 1269.94
2193.51 , 1280.14
2187.13 , 1289.13
2177.44 , 1293.88
2165.71 , 1293.64
2154.86 , 1291.67
2144.34 , 1288.87
2134.34 , 1285.15
2124.81 , 1279.96
2115.69 , 1273.79
1915.93 , 1269.58
1915.82 , 1258.36
1901.48 , 1256.6
1886.4 , 1256.85
1871.83 , 1258.1
1857.5 , 1259.85
1843.28 , 1261.84
1829.18 , 1264.11
1815.28 , 1266.73
1801.38 , 1269.37
1787.9 , 1272.85
1799.53 , 1281.09
1812.38 , 1285.86
1825.08 , 1291.09
1838.45 , 1294.89
1852.43 , 1297.35
1867.5 , 1297.6
1881.78 , 1295.72
1894.3 , 1289.73
1904.93 , 1279.57
2132.75 , 1192.3
2140.38 , 1177.4
2152.23 , 1164.08
2166.65 , 1155.18
2181.4 , 1147.14
2196.38 , 1139.68
2211.55 , 1132.77
2227.18 , 1127.37
2242.2 , 1120.1
2257.25 , 1112.8
2272.47 , 1119.53
2271.75 , 1137.1
2259.32 , 1150.25
2244 , 1156.55
2228.78 , 1163.3
2212.38 , 1167.32
2196.65 , 1172.58
2180.53 , 1177.03
2163.43 , 1179.54
2147.65 , 1184.65
2040.93 , 1145.22
2010.8 , 1123.35
1976.52 , 1112.9
1939.42 , 1107.88
1899.9 , 1107.88
1860.97 , 1109.13
1823.02 , 1112.36
1786.55 , 1118.62
1750.17 , 1125.11
1716.4 , 1136.62
1690.1 , 1165.13
1726.6 , 1158.88
1762.57 , 1151.63
1799.92 , 1147.13
1838.95 , 1148.13
1878.12 , 1147.38
1915.1 , 1152.63
1951.6 , 1158.88
1983.85 , 1175.13
2023 , 1175.87
