2651829477_1
373.96 , 492.66
375.2 , 508.3
377.91 , 524.09
379.64 , 539.67
381.2 , 555.64
383.08 , 571.41
385.8 , 587.39
389.86 , 604.12
395.28 , 619.25
402.01 , 633.89
408.79 , 647.31
416.97 , 662.47
425.37 , 675.22
435.62 , 687.1
448.18 , 698.8
461.05 , 708.28
474.74 , 716.14
489.12 , 722.57
504.43 , 726.93
520.31 , 728.95
536.99 , 728
552.75 , 725.92
568.56 , 722.54
583.91 , 718.2
599.03 , 712.79
613.73 , 706.83
628.57 , 701.02
643.55 , 691.93
655.81 , 683.57
670.11 , 673.68
681.25 , 663.85
693 , 651.18
701.73 , 638.37
709.98 , 623.78
716.78 , 610.02
721.88 , 594.83
725.9 , 578.95
728.55 , 563.91
731.31 , 546.7
734.31 , 530.86
737.3 , 514.9
495.25 , 496.4
487.43 , 505.68
480.59 , 514.55
475.69 , 526.5
480.31 , 536.68
491.04 , 542.98
499.66 , 552.1
510.04 , 558.22
522.07 , 557.53
532.61 , 553.63
545.18 , 551.09
556.48 , 546.39
565.27 , 538.33
569.38 , 527.1
566.15 , 515.9
558.65 , 506.29
550.31 , 495.85
449.3 , 602.87
457.45 , 594.73
466.45 , 588.96
475.93 , 584.34
486.62 , 582.62
498.05 , 582.37
508.85 , 583.87
519.55 , 585.62
530.6 , 586.62
541.4 , 588.11
551.75 , 590.63
561.83 , 593.63
571.75 , 596.84
580.68 , 602.87
586.82 , 611.64
578.77 , 618.89
569.23 , 623.19
559.45 , 626.72
549.48 , 629.86
539.12 , 632.37
527.95 , 633.12
516.53 , 632.87
505.6 , 631.64
495.55 , 628.62
485.95 , 624.53
476.68 , 619.46
467.45 , 614.24
458.05 , 609.37
453.3 , 599.12
462.55 , 599.37
471.57 , 600.12
480.35 , 601.37
489 , 602.87
498.38 , 602.87
507.62 , 603.12
516.77 , 603.62
525.92 , 604.12
534.92 , 604.87
543.6 , 606.39
552.35 , 607.61
561.38 , 608.37
570.15 , 609.61
577.69 , 611.87
568.78 , 610.87
560 , 609.63
551.48 , 607.87
542.33 , 607.37
533.08 , 607.62
523.92 , 608.12
514.8 , 607.62
506.15 , 606.11
497.62 , 604.37
488.73 , 603.37
479.45 , 603.12
470.33 , 602.62
461.43 , 601.64
578.35 , 443.9
585.12 , 439.12
592.02 , 434.46
599.33 , 430.92
606.95 , 428.38
614.9 , 426.38
623.18 , 425.16
631.73 , 425.9
639.45 , 428.25
646.73 , 431.77
653.68 , 436.25
654.4 , 444.11
646.5 , 446.13
638.23 , 447.4
629.68 , 448.15
620.78 , 448.15
612.38 , 447.15
603.83 , 446.4
595.05 , 446.15
586.53 , 445.4
491 , 431.35
485.53 , 425.64
479.33 , 421.16
472.73 , 417.64
465.8 , 415.15
458.25 , 413.9
450.45 , 413.15
442.73 , 413.97
435.5 , 415.88
428.88 , 419.32
422.8 , 424.15
429.02 , 428.62
435.65 , 431.99
442.68 , 434.28
450.05 , 435.9
458.2 , 435.9
466.23 , 435.65
474.12 , 436.15
481.9 , 436.9
489.58 , 437.91
571.37 , 404.21
583.04 , 397.22
596.2 , 393.72
610.39 , 392.46
624.75 , 393.45
639.07 , 394.42
652.72 , 396.81
665.47 , 401.05
677.39 , 407.47
688.32 , 416.66
696.47 , 427.79
687.67 , 428.26
676.92 , 418.53
665.14 , 411.72
652.35 , 407.69
639 , 404.84
624.85 , 406.21
611.37 , 408.96
597.39 , 410.71
583.07 , 411.2
509.45 , 403.5
498.93 , 395.03
487 , 390.5
474.98 , 386.26
462.46 , 382.99
449.38 , 380.76
435.98 , 379.26
422.33 , 378.26
408.93 , 379.75
397.31 , 385.26
387.48 , 395.26
400.28 , 392.51
412.23 , 388.01
426.23 , 387.76
439.28 , 390.03
451.81 , 393.33
463.75 , 397.77
475.71 , 402.25
487.63 , 406.75
500.06 , 410.25
