265195892_1
456.62 , 662.65
466.29 , 682.52
477.29 , 701.57
491.76 , 720.72
506.34 , 737.51
521.96 , 754.13
538.5 , 768.15
555.94 , 784.08
572.69 , 800.33
589.87 , 816.5
607.55 , 830.7
625.75 , 842.07
648.04 , 849.95
670.98 , 853.44
692.1 , 855.31
715.44 , 857.06
739.37 , 858.19
762.13 , 860.23
785.16 , 859.47
808.14 , 857.14
830.37 , 853.07
850.95 , 846.45
872.01 , 837.11
891.7 , 823.3
907.51 , 808.11
920.75 , 788.95
929.15 , 769.57
934.98 , 745.86
938.12 , 723.55
939.63 , 700.23
940.19 , 678.82
938.84 , 655.48
939.3 , 633.23
940.36 , 608.76
940 , 586.45
938.81 , 564.09
934.96 , 542.06
927.89 , 520.61
918.97 , 499.6
910.55 , 478.5
902.57 , 454.99
724.85 , 542.25
723.8 , 559.2
717.95 , 577.75
716.75 , 596.52
726.6 , 612.14
743.97 , 618.15
761.4 , 614.42
778.79 , 608.92
797.62 , 602.13
813.3 , 592.17
829.22 , 581.88
844.35 , 571.5
855 , 556.8
852.95 , 538.89
838.04 , 527.02
822.96 , 516.45
810.89 , 501.69
723.13 , 733.07
732.36 , 721.35
744.65 , 713.79
756.33 , 704.37
766.48 , 692.98
778.13 , 683.57
790.13 , 675.07
801.98 , 666.19
814.11 , 658.1
826.11 , 649.6
838.5 , 642.32
851.9 , 637.82
866 , 634.58
880.57 , 636.8
887.09 , 649.52
885.38 , 664.3
879.64 , 677.3
870.77 , 689.17
860.28 , 700.42
848.81 , 710.41
836.2 , 717.26
823.31 , 723.3
810.18 , 728.59
796.36 , 732.32
781.9 , 734.82
766.98 , 736.32
752.06 , 737.82
736.65 , 737.32
730.88 , 723.07
740.55 , 716.42
750.08 , 709.38
759.88 , 703.07
769.78 , 696.95
779.63 , 690.82
788.86 , 682.85
798.55 , 676.17
808.78 , 670.91
819.08 , 665.86
828.98 , 659.75
838.98 , 653.98
849.5 , 649.7
861.06 , 647.55
871.15 , 651.79
864.87 , 661.6
858.18 , 671.27
848.98 , 679.25
838.75 , 684.57
828.31 , 689.14
817.83 , 693.62
807.36 , 698.09
797.31 , 703.67
787.11 , 709.08
776.78 , 714.04
765.65 , 717.07
754.18 , 719.32
743.36 , 722.82
774.2 , 426
776.46 , 417.23
781.77 , 409.67
788.98 , 403.24
796.65 , 398.27
804.5 , 393.71
812.55 , 389.66
821.4 , 387.5
831.03 , 387
840.18 , 388.49
847.49 , 392.95
845.23 , 401.68
841.2 , 409.75
834.97 , 416.99
827.33 , 422.12
819.05 , 425.5
810.15 , 427.5
800.65 , 428.25
790.9 , 428.49
781.88 , 430.27
643.22 , 485.83
632.88 , 482.45
621.1 , 481.95
609.58 , 482.97
599.23 , 486.33
589.45 , 491.38
580.15 , 497.65
571.2 , 504.85
562.88 , 513.42
556.01 , 522.52
550.85 , 532.2
562.03 , 533.95
573.2 , 532.19
583.62 , 528.94
593.83 , 525.22
604.03 , 521.52
614.03 , 517.26
623.48 , 511.45
632.55 , 504.51
641.17 , 496.38
736.78 , 378.04
734.28 , 362.01
742.03 , 348.26
754.48 , 336.81
767.68 , 327.58
781.4 , 319.64
794.95 , 311.28
808.43 , 302.83
823.08 , 297.53
839.36 , 298.54
853.45 , 305.5
861.41 , 316.14
845.78 , 312.76
829.28 , 314.26
814.53 , 319.26
800.95 , 327.52
787.98 , 337.56
775.4 , 348.64
763.4 , 360.88
751.2 , 373.01
644.92 , 397.78
622.75 , 397.11
603.22 , 404.89
584.02 , 413.78
564.19 , 420.8
544.5 , 428.11
525.62 , 437.98
507.64 , 450.22
492.57 , 467.15
482.81 , 486.08
475.57 , 505.8
492.14 , 490.72
508.67 , 474.45
525.97 , 460.3
544.5 , 449.61
563.8 , 441.06
583.27 , 433.1
604.02 , 427.8
625.02 , 423.04
645.32 , 417.05
