2651987281_1
648.35 , 868.25
646.57 , 895.47
645.25 , 925.85
645.57 , 956.17
648.67 , 983.14
654.73 , 1012.73
664.76 , 1041.51
676.62 , 1068.73
688.45 , 1093.27
702.27 , 1121.16
719.3 , 1144.15
740.94 , 1162.41
765.86 , 1179.71
791.23 , 1197.33
814.87 , 1213.45
838.37 , 1229.46
863.65 , 1244.28
890.16 , 1257.04
918.81 , 1268.58
947.36 , 1277.8
973.74 , 1282.94
1005.68 , 1280.55
1034.77 , 1277.5
1063.15 , 1270.12
1089.66 , 1257.23
1111.52 , 1240.42
1133.9 , 1218.91
1153 , 1198.89
1175.85 , 1178.63
1199.47 , 1159.69
1221.46 , 1141.77
1243.07 , 1120.34
1257.25 , 1097.53
1270.73 , 1068.86
1281.38 , 1041.56
1291.56 , 1013.99
1301.28 , 986.28
1309.25 , 957.44
1311.92 , 930.7
1312.39 , 900.45
1305.19 , 870.28
972.1 , 881.35
956.03 , 898.41
942.6 , 916.52
930.55 , 939.86
936.63 , 962.64
957.58 , 973.74
981.01 , 980.01
1002.96 , 987.48
1027.3 , 992.6
1050.64 , 991.1
1071.1 , 976.49
1093.43 , 968.44
1115.77 , 963.8
1120.86 , 941.88
1113.47 , 916.88
1099.75 , 898.89
1081.89 , 879.85
858.6 , 1039.24
880.98 , 1039.24
903.23 , 1039.49
925.1 , 1038.49
946.88 , 1037.24
968.78 , 1036.24
990.43 , 1037.74
1012.2 , 1038.99
1033.85 , 1037.49
1055.03 , 1035.06
1077.15 , 1035.49
1097.67 , 1039.25
1116.65 , 1046.22
1136.75 , 1051.01
1124.63 , 1066.48
1108.33 , 1081
1091.12 , 1092.97
1072.3 , 1100.49
1051.75 , 1104.25
1030.12 , 1105.74
1007.98 , 1105.23
986.58 , 1103.23
966.25 , 1098.96
946.73 , 1093.21
927.73 , 1086.36
909.42 , 1077.24
892.23 , 1065.36
875.95 , 1050.81
889.6 , 1048.74
906.4 , 1051.73
923.23 , 1054.77
940.77 , 1056.24
958.8 , 1056.74
976.6 , 1057.74
993.98 , 1059.62
1011.43 , 1061.31
1029.25 , 1062.24
1047.05 , 1061.23
1064.6 , 1059.74
1082.25 , 1058.52
1100.3 , 1058.49
1118.2 , 1057.76
1134.54 , 1054.98
1117.85 , 1058.24
1099.93 , 1058.99
1082.15 , 1060
1064.45 , 1061.14
1046.68 , 1062.25
1028.9 , 1063.24
1010.78 , 1062.92
993.33 , 1061.22
975.88 , 1059.49
958.08 , 1058.49
939.92 , 1058.24
922 , 1057.49
904.7 , 1055.52
1090.7 , 800.01
1096.83 , 788.11
1107.23 , 777.73
1118.78 , 770.7
1130.88 , 765.08
1143.58 , 761.14
1156.58 , 757.64
1170.58 , 756.26
1184.28 , 758.25
1196.75 , 762.8
1207.84 , 771.14
1211.39 , 784.1
1199.85 , 791.27
1187.78 , 796.98
1175.23 , 801.26
1161.78 , 803.76
1147.35 , 804.26
1133.4 , 802.76
1119.95 , 800.26
1105.38 , 800.01
930.12 , 782.61
918.95 , 773.64
907.25 , 766.21
895.05 , 760.01
882.1 , 755.99
868.23 , 753.71
853.73 , 752.71
839.9 , 755.05
827.27 , 759.94
815.3 , 766.68
803.75 , 774.46
813.8 , 785.27
825.38 , 793.09
837.98 , 797.94
852.1 , 799.71
866.95 , 799.46
881.55 , 798.71
895.8 , 797.22
909.92 , 795.44
923.95 , 793.5
1081.1 , 736.33
1090.36 , 717.31
1108.02 , 704.85
1127.62 , 697.32
1148.2 , 691.8
1169.2 , 687.23
1190.8 , 683.82
1213.07 , 685.33
1233.22 , 691.45
1251.47 , 702.74
1265.96 , 719.18
1265.4 , 735.65
1247.22 , 724.08
1227.95 , 715.43
1207.2 , 710.33
1184.45 , 709.84
1162.82 , 713.1
1141.88 , 717.81
1122.3 , 725.37
1103.7 , 735.82
946.47 , 715.88
926.88 , 703.61
906.23 , 694.15
885.27 , 685.39
862.12 , 681.64
837.6 , 682.66
813.6 , 684.64
790.55 , 688.62
768.9 , 695.48
749 , 706.76
735.5 , 725.89
756.9 , 718.74
778.12 , 711.17
800.6 , 705.89
824.12 , 702.89
847.77 , 705.14
870.7 , 709.37
892.88 , 715.27
914.3 , 722.43
935.68 , 729.66
