2652089249_1
591.32 , 976.57
584.8 , 1012.62
588.16 , 1054.74
596.56 , 1093.87
612.5 , 1130.63
626.59 , 1169.9
635.56 , 1206.13
647.91 , 1246.3
660.61 , 1282.23
671.34 , 1321.99
684.52 , 1361.21
700.63 , 1397.4
712.62 , 1435.5
724.02 , 1474.47
744.12 , 1511.59
763.19 , 1543.85
797.12 , 1564.54
839.17 , 1571.63
878.58 , 1570.24
920.18 , 1569.76
960.48 , 1565.81
999.86 , 1559.18
1036.23 , 1552.31
1079.29 , 1543.37
1114.71 , 1531.04
1153.44 , 1520.41
1192.12 , 1506.94
1230.97 , 1489.81
1266.09 , 1474.76
1301.05 , 1451.61
1331.13 , 1425.06
1354.96 , 1392.28
1373.09 , 1358.52
1390.82 , 1323.64
1409 , 1284.22
1425.92 , 1247.84
1436.75 , 1210.92
1445.37 , 1172.14
1458.43 , 1133.03
1465.83 , 1092.27
1470.41 , 1051.25
768.1 , 988.95
756.75 , 1014.5
743.78 , 1040.13
733.07 , 1068.88
734.82 , 1098.77
750.44 , 1123.11
770.41 , 1145.53
797.04 , 1161.09
822.91 , 1170.69
852.81 , 1173.38
882.88 , 1172.69
911.54 , 1166.22
937.19 , 1150.18
946 , 1123.39
941.04 , 1092.97
920.73 , 1073.5
910.35 , 1044.45
720.5 , 1290.15
735.61 , 1270.31
757.08 , 1259.39
781.77 , 1256.13
804.8 , 1262.42
830.88 , 1262.4
855.38 , 1258.64
880.23 , 1261.14
903.05 , 1268.13
925.52 , 1275.91
947.62 , 1284.53
969.55 , 1293.91
991.75 , 1302.4
1014.33 , 1309.93
1007.55 , 1327.62
985.88 , 1337.78
963.95 , 1347.19
941.12 , 1354.27
917.8 , 1360.38
894.62 , 1366.92
871.05 , 1372.66
846.7 , 1376.64
821.1 , 1377.65
796.5 , 1374.15
773.17 , 1367.86
752.63 , 1354.8
736.01 , 1335.45
726.46 , 1313.6
721.75 , 1288.4
742.42 , 1291.17
761.88 , 1296.4
781.23 , 1301.88
800.38 , 1307.65
821.65 , 1309.12
843.2 , 1310.13
864.6 , 1311.4
885.9 , 1312.9
907.55 , 1313.65
929.45 , 1313.9
950.85 , 1315.13
972.15 , 1316.65
993.8 , 1317.4
1013.87 , 1319.27
992.15 , 1319.4
970.85 , 1317.9
949.83 , 1315.93
928.52 , 1314.4
906.62 , 1314.65
884.73 , 1314.4
863.67 , 1312.4
842.4 , 1310.9
820.75 , 1311.15
800.05 , 1308.39
780.55 , 1303.19
761.67 , 1296.83
741.3 , 1293.44
998.2 , 892
1011.68 , 875.77
1026.25 , 859.95
1042.42 , 846.28
1060.12 , 836.82
1079.67 , 831.77
1100.62 , 833.76
1119.42 , 839.98
1137.65 , 847.96
1155.23 , 857.76
1171.26 , 871.8
1174.4 , 891.54
1156.68 , 901.01
1138.4 , 908.79
1118.38 , 912.75
1097.05 , 914
1075.97 , 912.26
1055.75 , 908.77
1036.5 , 903.27
1017.15 , 897.96
787.23 , 859
776.67 , 845.95
765.93 , 832.93
754.72 , 820.25
741.52 , 810.05
726.75 , 804.28
710.45 , 801.77
693.98 , 804.04
679.12 , 809.53
664.88 , 816.91
651.75 , 827.28
655.99 , 842.75
664.74 , 856.46
678.02 , 866.29
692.88 , 871.75
709.15 , 874.43
726.4 , 874.03
742.73 , 871.54
759.05 , 868.99
776.25 , 869.28
945.89 , 752.63
965.58 , 720.41
1000.62 , 708.63
1041.57 , 708.63
1081.07 , 711.63
1120.41 , 714.88
1159.19 , 719.38
1196.71 , 726.4
1231.74 , 738.23
1264.32 , 757.13
1293.53 , 785.28
1258.04 , 776.13
1224.26 , 760.5
1190.74 , 743.89
1151.87 , 739.65
1114.97 , 748.06
1079.99 , 760.03
1045.32 , 772.87
1008.56 , 781.63
968.77 , 783.8
753.7 , 774.17
753.34 , 756.6
745.1 , 740.79
733.38 , 726.43
718.98 , 714.42
704.3 , 703.13
688.6 , 694.67
671.62 , 689.67
653.62 , 686.66
635.77 , 689.99
620.5 , 699.53
607.1 , 713.42
623.1 , 720.92
639.45 , 727.45
655.48 , 735.04
671.5 , 742.57
687.83 , 749.16
704.15 , 755.68
720.28 , 762.85
736.73 , 769.05
