2652699508_1
839.94 , 778.64
842.58 , 814.18
843.06 , 847.52
839.65 , 883.88
836.44 , 919.94
835.22 , 955.86
847.19 , 990.72
857.53 , 1022.31
862.18 , 1058.26
873.24 , 1093.77
885.97 , 1127.52
896.1 , 1158.73
914.88 , 1190.97
938.14 , 1218.65
962 , 1243.21
990.85 , 1268.37
1022.62 , 1279.38
1058.04 , 1272.1
1094.04 , 1261.86
1127.69 , 1254.99
1163.46 , 1244.86
1195.87 , 1237.93
1231.43 , 1227.31
1265.1 , 1214.42
1299.58 , 1204.48
1332.96 , 1199.9
1368.42 , 1191.74
1401.6 , 1176.64
1434.39 , 1160.63
1465.78 , 1145.52
1499.9 , 1130.39
1531.61 , 1119.46
1560.05 , 1099.01
1587.13 , 1070.99
1608.7 , 1043.43
1617.94 , 1011.61
1621.87 , 974.32
1625.54 , 938.76
1625.52 , 903.22
1627.22 , 868.38
1626.55 , 829.57
977.7 , 708.6
967.08 , 733.1
955.89 , 762.93
947.3 , 790.6
949.06 , 818.83
968.77 , 841.42
994.64 , 851.45
1025 , 856
1053.92 , 854.66
1083.67 , 850.61
1112.35 , 841.17
1140.25 , 833.35
1159.23 , 811.52
1161.6 , 782.8
1147.7 , 759.25
1132.55 , 732.45
1128.5 , 702.2
938.78 , 1026.38
945.25 , 1006.5
953.26 , 987.15
962.49 , 968.18
975.54 , 950.6
994 , 940.4
1015.8 , 942.63
1036.56 , 937.62
1058.01 , 934.13
1077.81 , 940.9
1097.13 , 948.88
1117.78 , 954.13
1138.98 , 958.14
1159.2 , 964.06
1178.61 , 971.91
1197.68 , 980.87
1189.13 , 997.28
1168.7 , 1002.87
1148.15 , 1008.26
1128.33 , 1014.85
1109.01 , 1022.89
1089.28 , 1029.88
1068.45 , 1034.7
1046.61 , 1037.38
1023.9 , 1036.5
1003.15 , 1031.5
983.58 , 1024.13
961.15 , 1025.63
943.28 , 1022.38
957.83 , 1012.1
972.8 , 1002.87
987.3 , 992.37
1001.45 , 980.89
1016.93 , 972.89
1033.81 , 968.38
1052 , 966.65
1070.15 , 968.39
1087.61 , 971.62
1106.38 , 972.13
1124.95 , 971.2
1143.7 , 971.63
1161.65 , 973.91
1179.46 , 976.35
1166.56 , 975.38
1148.38 , 973.63
1129.61 , 973.13
1111.05 , 974.13
1093.18 , 976.48
1077.15 , 982.75
1061.23 , 989.37
1043.3 , 991.63
1024.88 , 992.88
1007.9 , 997.14
989.86 , 999.13
975.28 , 1009.38
959.8 , 1017.37
1168.64 , 638.62
1182.21 , 627.05
1194.89 , 613.87
1208.59 , 602.68
1223.49 , 594.61
1239.19 , 589.08
1256.24 , 586.09
1274.32 , 586.87
1291.02 , 590.5
1306.27 , 597.62
1320.14 , 608.37
1322.86 , 624.36
1307.24 , 630.15
1291.47 , 635.55
1274.52 , 638.62
1256.79 , 640.12
1238.57 , 639.62
1220.84 , 638.13
1203.84 , 635.12
1185.52 , 635.38
1001.95 , 659.06
990.33 , 649.38
977.6 , 642.71
964.2 , 638.12
949.95 , 635.11
934.38 , 635.36
920.12 , 638.36
907.02 , 643.85
895 , 652.36
885.72 , 664.13
882.75 , 678.36
890.19 , 690.79
902.88 , 696.98
918.25 , 697.61
933.1 , 695.87
946.48 , 691.1
959.83 , 686.38
973.17 , 681.59
987.05 , 677.86
1000.5 , 673.36
1109.49 , 503.03
1134.79 , 488.77
1163.32 , 482.29
1191.94 , 476.02
1219.82 , 468.3
1247.12 , 459.56
1277.19 , 456.28
1304.12 , 465.65
1328.22 , 483.27
1351.22 , 504.01
1369.25 , 527.81
1360.74 , 548.53
1335.91 , 532.97
1309.74 , 520.78
1280.64 , 515.55
1249.82 , 514.29
1220.39 , 518.87
1191.79 , 525.24
1161.94 , 528.51
1132.22 , 524.5
1014.24 , 548.33
1000.17 , 531.44
982.62 , 518.93
962.05 , 513.93
939.7 , 512.68
917.25 , 513.69
896.7 , 518.65
878.22 , 528.81
861.02 , 542.29
847 , 559.33
837.62 , 578.06
833.87 , 599.18
853.19 , 594.12
871.12 , 582.68
889.12 , 571.43
908.44 , 563.9
930.3 , 561.68
952.77 , 562.68
974.87 , 560.93
996.25 , 557.66
