2652744317_1
580.69 , 722.25
581.62 , 747.08
581.32 , 773.52
578.62 , 797.58
575.33 , 824.5
577.21 , 849.33
581.92 , 873.87
590.59 , 897.81
602.1 , 920.94
614.37 , 943.78
625.12 , 967.39
636.91 , 990.57
651.72 , 1011.9
667.24 , 1030.04
686.69 , 1047.91
707.05 , 1065.28
724.98 , 1081.76
742.9 , 1098.97
764.05 , 1116.16
785.38 , 1129.74
808.16 , 1140.84
832.67 , 1146.09
859.36 , 1146.43
883.73 , 1143.74
909.85 , 1137.78
933.95 , 1128
955.6 , 1113.71
972.87 , 1098.02
989.93 , 1077.04
1004.14 , 1056.96
1019.43 , 1035.84
1035.07 , 1015.12
1049.21 , 993.74
1060.16 , 971.01
1072.65 , 946.82
1084.56 , 923.79
1094.26 , 901.95
1106.84 , 879.8
1116.1 , 854.39
1124.07 , 829.38
1133.64 , 805.45
843.05 , 797.54
833.14 , 813.29
824.92 , 829.74
819.07 , 846.47
822.84 , 864.85
839.02 , 875.03
856.88 , 883.1
873.75 , 890.3
892.43 , 895.89
910.69 , 893.48
929.35 , 891.8
948.42 , 891.25
963.85 , 881.23
973.29 , 865.36
973.6 , 846.27
965.88 , 829.37
958.2 , 811.75
783.55 , 954.24
797.35 , 950.25
812.92 , 950.74
828.75 , 950.74
844.32 , 950.24
860.15 , 950.25
873.7 , 954.76
888.32 , 957.24
903.65 , 956.24
919.35 , 955.99
933.95 , 958.51
947.52 , 962.97
960.92 , 967.87
973.69 , 974.74
977.4 , 988.23
964.7 , 995.21
950.22 , 997.99
934.9 , 998.99
919.67 , 1000.24
904.35 , 1001.24
888.52 , 1001.24
873.47 , 999.67
859.42 , 996.02
845.42 , 992.27
831.92 , 987.61
819.15 , 980.81
806.7 , 973.11
794.2 , 965.63
796.3 , 955.99
807.4 , 954.24
818.88 , 955.24
830.47 , 955.99
842.32 , 956.24
854.02 , 956.74
865.15 , 958.48
875.88 , 961.06
886.57 , 963.75
898.27 , 964.24
910 , 964.74
921.22 , 966.26
932.32 , 968.01
943.2 , 970.21
954.22 , 972.17
944.62 , 970.81
933.8 , 968.49
922.67 , 966.76
911.45 , 965.24
899.72 , 964.74
887.77 , 964.74
876.3 , 963.74
865.42 , 961.52
854.67 , 958.99
843.3 , 957.74
831.82 , 956.74
819.88 , 956.74
807.9 , 956.74
979.8 , 705.38
986.72 , 702.16
993.92 , 699.61
1001.65 , 698.14
1009.75 , 697.38
1018.2 , 697.38
1026.08 , 698.63
1033.67 , 700.38
1041.02 , 702.64
1048 , 705.88
1050.59 , 713.05
1045.87 , 719.36
1038.75 , 722.12
1030.65 , 722.88
1022.32 , 723.13
1014.22 , 722.38
1006.5 , 720.89
999.15 , 718.6
991.8 , 716.38
985.43 , 711.51
833.18 , 686.78
827.33 , 679.63
819.38 , 674.97
811.13 , 670.96
802.61 , 668.06
793.66 , 665.79
784.61 , 663.77
775.44 , 662.03
765.91 , 661.03
756.36 , 662.01
748.21 , 666.03
752.37 , 674.2
759.51 , 681.09
767.69 , 685.26
776.31 , 688.06
785.74 , 689.28
795.51 , 689.78
805.04 , 690.78
814.81 , 690.28
823.88 , 688.26
972.8 , 669.65
988.17 , 659.65
1005.1 , 653.92
1022.6 , 649.17
1040.25 , 644.64
1058.22 , 640.9
1075.72 , 636.13
1094.08 , 633.15
1113.1 , 634.69
1129.05 , 643.4
1138.06 , 659.17
1136.5 , 678.24
1120.85 , 687.61
1102.17 , 689.9
1083.45 , 687.65
1065 , 684.9
1046.65 , 681.9
1027.22 , 681.15
1007.42 , 681.15
987.88 , 680.68
869.19 , 633.02
850.6 , 617.98
830.32 , 607.48
809.77 , 597.83
789.07 , 588.65
768.6 , 578.67
747 , 571.99
722.39 , 571.73
700.77 , 578.48
681.2 , 590.72
664.67 , 608.74
685.62 , 616.95
708.37 , 612.53
730.89 , 607.5
754.64 , 609.49
775.92 , 616.99
796.62 , 626.2
817.32 , 635.4
838.1 , 644.21
860.2 , 650.24
