2652792032_1
795.5 , 968.39
798.93 , 999.26
801.25 , 1032.97
805.21 , 1066.62
813.56 , 1102.03
824.69 , 1134.62
837.12 , 1165.29
851.38 , 1194.09
869.23 , 1224.07
888.03 , 1252.87
907.91 , 1281.14
927.04 , 1307.26
948.54 , 1333.27
972.51 , 1358.13
997.42 , 1380.78
1025.85 , 1398.36
1055.06 , 1413.41
1085.68 , 1430.96
1115.73 , 1446.06
1148.17 , 1456.86
1180.92 , 1465.81
1216.26 , 1468.55
1249.21 , 1468.09
1281.9 , 1463.06
1313.04 , 1453.27
1345.75 , 1437.04
1371.65 , 1414.21
1393.72 , 1392.63
1418.96 , 1366.57
1439.41 , 1341.39
1459.61 , 1314.74
1479.35 , 1287.15
1498.51 , 1258.65
1513.21 , 1228.18
1526.64 , 1197.02
1537.35 , 1165.33
1549.1 , 1130.99
1560.12 , 1101.39
1568.44 , 1066.03
1572.66 , 1034
1574.2 , 998
1228.95 , 973.6
1215.17 , 994.91
1194.04 , 1013.2
1181.34 , 1036.93
1183 , 1062.8
1204.13 , 1081.23
1227.25 , 1092.14
1251.75 , 1103.8
1277.48 , 1112.27
1305.28 , 1121.25
1330.84 , 1123.54
1354.93 , 1109.95
1371.84 , 1088.37
1390.64 , 1068.3
1397.85 , 1042.85
1382.95 , 1020.05
1374.6 , 995.14
1074.89 , 1192.26
1097.42 , 1176.5
1123.39 , 1169.51
1150.19 , 1164.27
1177.59 , 1160.26
1205.62 , 1157.51
1234.02 , 1155.51
1262.17 , 1158.01
1291.04 , 1159.01
1319.07 , 1156.26
1346.24 , 1160.79
1371.99 , 1168.1
1396.66 , 1177.78
1402.14 , 1204.13
1388.89 , 1227.61
1372.87 , 1250.03
1352.47 , 1270.96
1330.32 , 1287.83
1306.12 , 1299.26
1279.32 , 1304.51
1250.57 , 1305.76
1222.66 , 1302.77
1196.34 , 1296.47
1172.24 , 1284.85
1148.99 , 1271.08
1126.57 , 1254.93
1104.39 , 1238.01
1084.92 , 1216.81
1082.39 , 1197.76
1095.39 , 1178.76
1117.99 , 1174.52
1140.84 , 1170.76
1164.79 , 1169.26
1188.74 , 1170.76
1213.17 , 1170.26
1235.89 , 1174.26
1257.77 , 1179.99
1281.49 , 1178.51
1303.07 , 1172.29
1325.19 , 1166.97
1348.79 , 1164.77
1371.24 , 1169.35
1371.59 , 1193.09
1356.89 , 1211.51
1340.84 , 1229.29
1322.14 , 1243.26
1300.94 , 1250.24
1277.49 , 1252.76
1253.77 , 1254.76
1229.34 , 1255.26
1205.77 , 1253.04
1182.79 , 1249.53
1160.49 , 1244.61
1139.19 , 1237.8
1119.41 , 1226.79
1100.97 , 1212.09
1368.4 , 869.81
1382.12 , 863.05
1396.48 , 858.06
1411.53 , 854.32
1426.58 , 850.55
1441.93 , 847.56
1457.68 , 845.31
1474.25 , 844.81
1490.23 , 846.56
1504.04 , 853.31
1513.4 , 866.06
1508.15 , 880.31
1493.9 , 885.56
1477.55 , 886.56
1461.58 , 884.81
1446.2 , 881.81
1430.58 , 879.31
1415.23 , 876.31
1399.12 , 874.81
1382.53 , 875.34
1197.99 , 866.07
1184.71 , 857.83
1171.24 , 850.23
1157.04 , 844.41
1141.74 , 841.1
1125.41 , 839.92
1109.24 , 841.45
1094.12 , 845.19
1079.89 , 850.67
1065.99 , 857.3
1052.09 , 863.7
1065.71 , 871.07
1080.29 , 875.68
1095.62 , 878.97
1111.29 , 881.43
1128.09 , 881.7
1144.14 , 879.96
1159.46 , 876.67
1175.74 , 875.44
1191.91 , 876.45
1400.89 , 776.62
1410.69 , 760.04
1423.67 , 744.59
1438.89 , 730.87
1455.19 , 720.3
1472.59 , 712.63
1491.17 , 707.61
1511.77 , 706.87
1530.54 , 711.34
1547.17 , 721.13
1559.77 , 736.27
1544.04 , 733.02
1523.89 , 731.87
1504.24 , 734.53
1486.07 , 740.19
1468.99 , 748.86
1453.22 , 761.05
1438.07 , 774.88
1422.22 , 786.82
1405.38 , 795.4
1215.49 , 752.59
1202.49 , 731.09
1182.71 , 713.3
1160.34 , 702.47
1136.57 , 695.42
1112.07 , 689.74
1086.26 , 686.74
1059.12 , 686.49
1034.01 , 690.87
1011.76 , 702.12
994.89 , 722.24
1019.26 , 716.25
1043.87 , 710.74
1071.01 , 710.49
1095.94 , 715.26
1118.96 , 724.05
1141.72 , 733.55
1163.34 , 746.2
1183.47 , 763.07
1205.74 , 774.25
