2652853158_1
532.12 , 717.34
532.91 , 738.54
538.35 , 759.86
545.72 , 781.46
552.44 , 801.7
559.37 , 823.13
565.12 , 846.62
569.47 , 866.71
575.56 , 889.8
582.61 , 910.74
590.86 , 931.85
601.05 , 949.79
616.92 , 967.32
636.46 , 978.77
657.56 , 984.74
679.49 , 990.9
701.18 , 995.4
722.62 , 997.35
744.19 , 998.54
767.34 , 998.75
789.27 , 998.99
812.05 , 999.11
835.49 , 998.33
856.62 , 995.52
878.13 , 989.12
897.75 , 980.43
918.4 , 968.91
937.11 , 955.53
952.24 , 940.98
965.37 , 923.99
976.5 , 902.6
985.58 , 883.64
994.43 , 861.79
999.18 , 840.87
1001.96 , 817.36
1002.16 , 796.88
1003.67 , 774.55
1006.98 , 752.49
1010.73 , 730.44
1014.68 , 708.26
1016.35 , 684.12
728.9 , 646.35
723.35 , 663.65
718.4 , 681.6
711.6 , 698.25
712.6 , 717.15
721.45 , 732.11
738.89 , 732.43
754.72 , 722.77
773.64 , 719.31
792.24 , 717.44
809.93 , 721.48
828.15 , 720.15
834.39 , 703.18
830.48 , 686.17
820.73 , 670.64
809.34 , 656.56
798.1 , 639.85
700.97 , 834.19
709 , 823.42
718.15 , 813.02
728.62 , 804.05
739.87 , 797.28
751.87 , 792.67
764.89 , 790.19
778.3 , 788.44
792.05 , 787.44
805.92 , 786.69
819.8 , 787.44
833.2 , 789.19
846.22 , 791.69
858.27 , 796.21
868.86 , 804.81
866.87 , 817.93
855.12 , 823.41
842.47 , 826.69
830.45 , 831.21
818.75 , 836.92
806.97 , 842.19
794.39 , 845.68
780.89 , 844.19
767.87 , 841.68
755.07 , 838.72
742.37 , 835.45
728.97 , 833.69
714.87 , 833.44
705.72 , 829.19
715.97 , 825.44
726.35 , 821.91
736.47 , 817.69
746.64 , 813.51
757.64 , 811.17
769.67 , 810.94
781.8 , 810.94
793.47 , 809.94
804.5 , 807.67
815.52 , 805.4
826.89 , 803.76
838.62 , 802.94
850.17 , 804.17
860.57 , 807.72
851.05 , 806.51
839.67 , 804.94
827.85 , 805.57
816.47 , 807.19
805.22 , 808.94
793.8 , 810.41
782.37 , 811.92
770.97 , 813.44
759.42 , 814.69
748.02 , 816.17
737.2 , 818.96
726.67 , 822.17
716.52 , 826.44
828.1 , 585.12
830.35 , 574.62
836.9 , 565.82
845.48 , 558.74
855.15 , 554.63
865.65 , 552.37
877 , 552.84
887.23 , 555.75
896.53 , 560.83
905.48 , 567
913.93 , 574.44
920.95 , 582.85
911.45 , 587.53
900.9 , 589.6
890.03 , 591.12
879.05 , 592.37
868.3 , 594.12
857.33 , 595.37
846.2 , 594.37
834.84 , 593.85
703.84 , 597.38
693.92 , 592.63
685.02 , 585
675.62 , 578.84
665.6 , 574.33
654.07 , 573.09
642.45 , 574.09
631.52 , 576.62
621.64 , 581.58
613.02 , 589.94
607.38 , 599.57
605.12 , 610.59
614.92 , 614.83
626.92 , 614.59
638.42 , 613.34
649.69 , 611.59
660.5 , 608.81
671.89 , 607.34
683.64 , 606.59
694.8 , 604.61
809.48 , 515.17
809.25 , 498.25
823.1 , 491.22
839.5 , 490
856.05 , 491
872.33 , 492.5
888 , 495.25
903.1 , 499.28
917.38 , 505
930.75 , 513.25
942.92 , 524.93
950.92 , 538.26
935.65 , 534.65
921.8 , 527.51
907 , 523
891.45 , 520
875.15 , 518.5
858.62 , 517.5
841.73 , 517.25
825.08 , 518
707.35 , 509.33
693.5 , 501.82
678.53 , 497.34
661.33 , 497.33
645.35 , 499.83
630.65 , 504.85
616.58 , 511.86
602.9 , 519.76
589.77 , 529.16
577.54 , 541.13
568.35 , 554.33
583.03 , 549.31
597.1 , 542.33
610.95 , 534.82
625.15 , 528.35
639.5 , 522.31
654.9 , 518.58
671.38 , 517.07
685.58 , 523.59
702.53 , 524.1
