2655475577_1
82.21 , 252.08
84.26 , 263.53
87.81 , 275.67
91.74 , 287.7
96.27 , 299.97
101.39 , 311.94
106.17 , 323.06
111.78 , 334.87
118.55 , 344.92
126.31 , 354.88
134.24 , 365.54
141.8 , 374.41
151.77 , 383.84
160.39 , 392.11
170.21 , 400.55
179.5 , 408.61
188.9 , 417.4
197.96 , 425.32
210.33 , 431.31
221.61 , 434.14
234.24 , 435.28
247.73 , 434.62
259.23 , 430.19
270.31 , 424.72
280.88 , 417.9
291.64 , 410.12
301.01 , 402.58
311.03 , 393.73
320.28 , 385.87
330.24 , 378.54
339.7 , 370.32
349.28 , 361.37
357.73 , 351.93
364.5 , 341.93
370.89 , 330.56
374.33 , 318.42
375.74 , 305.34
376.41 , 293.41
377.25 , 280.9
378.56 , 268.57
380.04 , 254.9
186.9 , 217.2
182.07 , 225.86
176.55 , 233.3
171.7 , 242.59
171.17 , 251.85
178.8 , 257.83
188.15 , 261.43
197.2 , 266.82
206.7 , 267.33
216.9 , 265.52
225.8 , 261.25
235.92 , 259.34
244.75 , 254.8
251.74 , 248.71
253.08 , 238.19
248.34 , 229.75
239.9 , 224.12
151.09 , 310.91
161.14 , 303.84
171.34 , 297.16
182.06 , 291.68
192.89 , 286.64
205.92 , 286.91
218.22 , 288.66
230.87 , 287.66
243.39 , 288.91
255.56 , 290.91
267.74 , 292.91
280.39 , 293.91
293.06 , 294.91
295.58 , 306.44
289.06 , 316.69
281.04 , 326.46
271.76 , 335.73
262.07 , 343.92
251.79 , 350.44
240.59 , 354.41
228.54 , 356.66
216.02 , 357.91
203.12 , 357.41
191.19 , 354.94
180.44 , 349.54
170.64 , 341.71
162.28 , 332.11
155.58 , 321.86
159.34 , 311.91
168.49 , 309.19
177.74 , 306.39
187.59 , 304.91
197.92 , 305.41
208.14 , 306.16
218.59 , 305.91
228.56 , 304.66
238.29 , 302.9
248.74 , 302.66
259.22 , 302.41
269.06 , 300.91
279.39 , 300.41
289.84 , 300.16
284.46 , 308.04
276.72 , 314.81
268.47 , 320.16
259.82 , 324.4
250.74 , 327.38
241.52 , 330.14
232.14 , 332.66
222.41 , 334.41
212.44 , 335.66
201.87 , 335.66
192.02 , 334.18
183.19 , 330.5
174.79 , 325.6
167.04 , 318.86
255.25 , 165.77
259.75 , 162.77
264.55 , 160.5
269.12 , 157.64
273.95 , 155.57
279.1 , 154.17
284.4 , 153.12
289.98 , 153.52
295.18 , 154.75
300.05 , 156.78
304.83 , 159.08
305.78 , 163.26
300.3 , 164.02
294.73 , 164.52
289.02 , 164.77
283.43 , 164.27
277.73 , 164.02
271.9 , 164.02
266.18 , 164.27
260.48 , 164.52
174.15 , 177.68
171.42 , 172.61
166.63 , 168.91
161.41 , 166.43
155.75 , 164.91
149.5 , 164.66
143.13 , 164.64
137.48 , 166.16
131.98 , 167.91
126.85 , 170.79
122.33 , 175.29
118.98 , 180.16
125.13 , 180.66
131.38 , 180.91
137.63 , 181.16
143.5 , 180.16
149.75 , 179.91
155.78 , 179.16
161.66 , 178.16
167.78 , 177.66
235.64 , 131.18
240.63 , 120.73
247.8 , 111
257.54 , 104
268.26 , 99.8
279.79 , 97.19
292.01 , 96.06
304.46 , 96.43
315.69 , 99.47
325.91 , 105.2
335.19 , 113.48
334.36 , 121.41
323.49 , 117.41
311.71 , 115.43
299.19 , 115.43
287.06 , 116.75
275.69 , 119.7
265.04 , 124.06
255.14 , 130.68
245.49 , 137.43
177.35 , 139.68
172.85 , 130.93
164.93 , 124.25
156.45 , 119.15
147.07 , 116.43
136.85 , 115.43
127 , 117.28
118.25 , 121.79
111.01 , 129.5
106.19 , 138.08
102.85 , 147.18
103.35 , 157.68
112.79 , 155.74
119.1 , 147.68
124.29 , 139.24
132.9 , 134.41
143.15 , 135.43
152.3 , 138.64
161.22 , 142.55
170.25 , 146.07
