2658283615_1
81.2 , 391.05
82.76 , 404.06
86.46 , 418.56
86.41 , 431.9
89.19 , 446.34
90.3 , 459.86
93.86 , 474.72
98.52 , 487.6
103.49 , 500.71
109.86 , 514.07
116.67 , 525.73
124.59 , 537.07
134.62 , 548.47
145.08 , 557.7
156.11 , 565.61
168.81 , 573.44
181.75 , 578.53
195.91 , 581.25
209.23 , 582.26
224.27 , 582.74
237.81 , 583.19
252.93 , 583.88
266.61 , 584.46
280.25 , 584.72
295.51 , 583.88
308.97 , 582.26
322.16 , 578.9
335.73 , 573.33
347.97 , 564.74
357.28 , 554.54
364.21 , 541.93
369.95 , 529.82
374.4 , 515.63
377.97 , 502.86
381.93 , 488.79
387.78 , 475.29
393.76 , 463.41
401.3 , 450.44
402.88 , 436.34
404.37 , 422.12
404.94 , 407.69
214.13 , 374.56
204.35 , 382.19
196.13 , 391.94
198.33 , 405.3
207.13 , 413.77
218.17 , 420.97
228.78 , 429.09
240.1 , 437.02
251.8 , 441.77
265.3 , 441.47
277.64 , 436.95
289.33 , 430.62
301.32 , 426.05
312.31 , 419.67
317.84 , 407.53
315.46 , 394.47
305.92 , 384.93
173 , 464.97
182.78 , 460.22
194.4 , 459.47
206.15 , 458.97
217.65 , 457.97
229.5 , 458.22
240.6 , 460.07
251.9 , 461.49
263.88 , 461.47
275.75 , 461.22
287.38 , 461.97
298.75 , 463.22
310.08 , 464.54
321.63 , 465.47
322.12 , 475.06
312.75 , 480.97
302.75 , 485.22
292.2 , 488.24
280.82 , 489.47
269.1 , 489.97
257.35 , 489.5
246 , 488.22
234.72 , 486.72
223.45 , 485.2
212.88 , 482.35
202.48 , 479.2
192.43 , 475.16
182.68 , 470.12
179 , 466.22
189 , 467.47
199.5 , 467.22
210 , 466.97
220.53 , 467.22
230.9 , 467.72
240.93 , 468.99
251.05 , 469.96
261.55 , 469.72
271.93 , 469.22
282.45 , 469.47
292.82 , 469.97
303.33 , 470.22
313.83 , 469.97
320.03 , 471.98
310.68 , 474.54
300.9 , 476.32
290.6 , 476.97
279.98 , 476.97
269.35 , 476.96
259.1 , 476.25
248.95 , 475.23
238.82 , 474.21
228.68 , 473.22
218.43 , 472.47
208.15 , 471.72
197.9 , 470.96
188 , 469.47
309.35 , 330.85
313.73 , 328.85
318.03 , 326.45
322.2 , 323.75
326.93 , 322.32
332.05 , 321.85
337.18 , 322.35
342.08 , 323.35
346.6 , 325.1
351 , 327.23
355 , 330.48
353.88 , 335.1
348.88 , 335.85
343.88 , 336.6
338.62 , 336.85
333.5 , 336.35
328.12 , 336.35
323.25 , 335.34
318.35 , 334.35
313.83 , 332.61
214.19 , 320.45
210 , 317.76
205.12 , 316.7
200.12 , 315.94
194.84 , 315.69
189.72 , 316.19
184.57 , 316.7
179.57 , 317.42
174.79 , 318.66
170.24 , 320.41
165.67 , 321.94
170.42 , 323.19
175.57 , 323.69
180.82 , 323.94
185.84 , 324.69
190.97 , 325.19
196.22 , 324.94
201.37 , 324.44
206.5 , 323.94
211.89 , 323.94
311.35 , 305.12
318.5 , 300.46
326.15 , 297.12
334.53 , 295.37
343.38 , 294.62
351.85 , 296.12
359.7 , 298.84
367.25 , 302.61
374.37 , 307.4
380.34 , 314.1
383.01 , 321.87
375.3 , 324.82
367.9 , 320.68
361.6 , 314.12
354.35 , 309.62
346.58 , 306.62
337.6 , 306.12
329.28 , 307.94
321.83 , 311.89
313.35 , 313.37
250.23 , 276.86
239.31 , 270.17
228.03 , 264.31
215.71 , 261.04
202.53 , 260.06
189.73 , 262.28
178.16 , 267.31
167.16 , 273.79
156.21 , 280.53
145.33 , 287.4
135.18 , 296.29
145.86 , 303.72
159.73 , 303.8
171.03 , 297.95
182.81 , 293.66
195.68 , 291.54
208.63 , 289.58
221.75 , 287.97
235.08 , 288.78
248.61 , 288.04
