2658289771_1
285.7 , 332.31
285.13 , 342.93
285.19 , 354.76
286.71 , 366.38
289.42 , 377.75
293.05 , 388.93
296.91 , 399.96
301.09 , 410.86
305.9 , 421.45
311.11 , 431.92
320.29 , 439.03
329.14 , 446.04
339.49 , 451.29
350.34 , 455.8
361.25 , 460.23
370.92 , 465.02
381.72 , 470.08
392.9 , 474.13
404.63 , 476.62
415.24 , 478.36
427.21 , 479.19
439.11 , 480.71
450.82 , 480.56
461.31 , 478.52
472.58 , 475.28
483.88 , 470.96
493.96 , 466.59
504.38 , 461.72
514.39 , 455.51
523.78 , 447.44
531.73 , 439.73
539.98 , 431.5
547.37 , 423.11
554.31 , 412.89
558.98 , 402.82
563.59 , 391.41
567.42 , 380.88
570.54 , 370.14
573.32 , 358.15
574.87 , 347.05
575.79 , 334.71
411.6 , 316.43
407.94 , 323.95
403.85 , 331.45
401.19 , 340.1
405.94 , 347.77
414 , 350.81
422.92 , 351.25
431.99 , 352.23
440.46 , 354.31
449.35 , 355.07
458.2 , 355.23
466.41 , 353.77
474.52 , 349.76
480.58 , 343.37
481.01 , 334.16
478.19 , 325.94
475.16 , 317.34
384.4 , 400.69
389.56 , 393.52
396.85 , 388.51
404.42 , 384.41
412.12 , 380.46
420.07 , 377.42
428.65 , 375.69
437.97 , 375.44
447.27 , 375.69
456.47 , 376.19
465.3 , 377.45
473.5 , 379.97
481.22 , 383.7
488.5 , 388.76
494.05 , 395.81
493.9 , 404.94
485.85 , 407.73
477.47 , 409.91
469.27 , 412.44
460.8 , 414.45
452.32 , 416.44
443.02 , 416.19
434.2 , 414.94
425 , 414.44
416.07 , 413.46
407.88 , 410.95
400.05 , 407.47
392.17 , 404.18
394.65 , 400.69
400.07 , 397.76
405.82 , 395.67
412.47 , 395.44
419.1 , 395.19
425.75 , 394.94
432.52 , 394.94
439.17 , 395.19
445.8 , 394.94
452.45 , 394.69
459.1 , 394.94
465.62 , 395.44
472.15 , 395.94
478.42 , 396.94
484.28 , 398.81
480.45 , 400.18
473.92 , 399.69
467.4 , 399.19
460.75 , 398.94
454 , 398.94
447.35 , 399.19
440.7 , 398.94
434.17 , 398.44
427.65 , 398.94
421 , 399.19
414.25 , 399.19
407.47 , 399.2
401.42 , 400.69
478.85 , 277.6
482.4 , 273.04
487.02 , 269.7
491.78 , 266.66
496.9 , 264.6
502.38 , 263.35
508.2 , 262.85
513.93 , 263.61
519.12 , 265.36
524.03 , 268.01
528.53 , 271.75
529.91 , 276.83
524.85 , 279.1
519.35 , 280.35
513.53 , 280.85
507.45 , 280.85
501.6 , 280.35
495.9 , 279.6
490.43 , 278.36
484.83 , 277.35
393.15 , 268.95
389.57 , 264.64
384.75 , 262.4
379.39 , 261.4
373.82 , 260.9
368.1 , 261.15
362.5 , 261.66
357.14 , 262.65
352.35 , 264.92
347.82 , 267.97
343.12 , 270.4
347.57 , 273.61
352.44 , 275.68
357.8 , 276.65
363.5 , 276.9
369.1 , 276.4
374.82 , 276.15
380.64 , 276.15
386.12 , 275.4
391.09 , 273.67
463.25 , 242.94
468.69 , 234.25
477.77 , 229.67
487 , 225.69
496.77 , 222.93
507.18 , 221.42
518.15 , 221.69
528.9 , 222.44
539.1 , 224.29
548.8 , 227.17
557.5 , 232.69
557.75 , 242.44
546.92 , 241.87
536.6 , 240.22
526.2 , 238.69
515.33 , 238.19
504.82 , 239.45
494.55 , 241.19
484.05 , 242.44
473.77 , 244.19
412.53 , 241.04
411.61 , 230.86
401.88 , 225.6
391.63 , 221.88
380.44 , 220.1
368.96 , 218.86
357.26 , 219.59
346.31 , 221.9
335.63 , 224.84
325.81 , 229.92
317.63 , 238.56
312.61 , 248.36
322.81 , 244.59
332.74 , 239.83
343.54 , 237.18
355.09 , 236.11
366.91 , 235.61
378.36 , 236.86
389.84 , 238.11
401.24 , 239.48
