266036271_1
55.8 , 175.9
58.59 , 190.77
63.03 , 206.87
68.68 , 223.77
75.91 , 237.84
85.25 , 252.27
95.08 , 264.77
106.22 , 275.92
117.55 , 288.26
129.65 , 301.02
140.56 , 312.1
153.89 , 323.05
168.19 , 332.43
181 , 340.53
196.58 , 349.44
211.63 , 355.98
226.78 , 360.08
243.26 , 362.1
259.39 , 362.08
276.38 , 360.96
293.1 , 356.76
307.73 , 349.4
320.55 , 339.97
333.55 , 330.05
347.36 , 320.27
360.94 , 309.44
373.73 , 298.64
384.63 , 287.89
395.98 , 275.64
405.67 , 261.65
415.31 , 247.68
422.85 , 232.95
427.84 , 217.62
432.69 , 201.32
436.86 , 185.06
439.67 , 168.8
441.38 , 152.8
443.8 , 136.15
446.43 , 120.87
449.66 , 103.46
452.49 , 86.92
196.23 , 190.89
189.53 , 201.65
183.95 , 214.55
183.26 , 228.49
189.96 , 239.92
202.79 , 245.11
216.27 , 250.17
228.66 , 253.31
242.71 , 255.14
256.16 , 250.36
268.81 , 244.71
280.6 , 239.99
293.47 , 234.91
298.1 , 221.9
294.31 , 208.09
287.4 , 196.35
279.63 , 184.64
195.2 , 283.86
203.95 , 282.61
212.92 , 281.86
220.92 , 279.11
229.92 , 278.36
237.67 , 281.84
246.52 , 280.86
254.27 , 277.33
262.93 , 275.86
272.27 , 275.86
281.27 , 275.11
290.4 , 274.61
299.5 , 274.11
304.7 , 280.76
300.19 , 288.13
295.22 , 295.34
288.55 , 301.79
281.32 , 306.74
273.52 , 310.11
264.9 , 311.61
255.77 , 312.11
246.52 , 312.36
237.3 , 312.6
228.67 , 311.09
220.6 , 308.52
213.1 , 304.25
206.43 , 297.83
200.72 , 290.88
195.2 , 283.86
202.38 , 286.37
210 , 288.1
217.12 , 290.88
224.45 , 293.11
232.3 , 294.36
240.62 , 294.11
248.57 , 293.11
256.67 , 292.36
264 , 290.09
270.98 , 286.84
277.95 , 283.61
285.18 , 281.13
292.65 , 279.15
299.86 , 276.68
292.98 , 278.35
285.48 , 280.35
278.15 , 282.59
271.1 , 285.58
264.07 , 288.58
256.95 , 291.36
249.22 , 292.86
241.15 , 293.61
233.05 , 292.85
225.35 , 291.35
217.72 , 289.61
210.4 , 287.36
202.77 , 285.62
284.03 , 126.75
293.53 , 127
302.65 , 127.99
311.7 , 129.18
320.8 , 130.25
329.98 , 131.21
339.45 , 131.5
348.4 , 130.13
356.63 , 127.22
364.78 , 124.25
365.5 , 128.53
358.18 , 133.88
350.45 , 138.07
342.3 , 141.25
333.63 , 143.25
324.38 , 144
315.13 , 143.27
306.73 , 140.72
298.68 , 137.43
291.25 , 132.47
168.62 , 139.88
167.4 , 135.42
160.8 , 136.41
154.45 , 137.93
147.85 , 138.91
141.12 , 139.65
134.53 , 140.66
127.82 , 141.41
120.88 , 141.67
114.77 , 139.68
108.6 , 137.91
114.07 , 141.63
119.25 , 146.09
125.07 , 148.9
131.5 , 150.31
138.27 , 150.91
144.95 , 150.06
151.35 , 148.66
157.35 , 146.41
163.18 , 143.65
269.6 , 90.22
282.15 , 79.21
296.3 , 72.52
311.28 , 68.04
326.43 , 63.9
341.4 , 59.43
356.4 , 54.98
371.38 , 50.48
387.08 , 47.48
404.05 , 46.97
416.05 , 55.03
403.43 , 65.88
390.43 , 75.66
376.28 , 82.5
360.55 , 85.49
344.58 , 87.99
329.18 , 91.66
314.73 , 97.45
299.1 , 100.72
282.23 , 101.11
181.1 , 105.15
171.2 , 92.74
157.47 , 86.02
143.7 , 79.49
129.7 , 73.74
115.62 , 68.17
101.62 , 62.41
87.25 , 57.66
71.72 , 55.16
56.43 , 58.12
43.35 , 66.4
50.79 , 79.84
63.87 , 88.16
78.57 , 92.38
93.55 , 96.11
108.17 , 100.43
123.03 , 104.33
138 , 108.05
153.05 , 111.61
168.68 , 113.93
