26605529_1
124.2 , 328.7
126.37 , 339.25
129.66 , 350.71
134.01 , 361.9
138.46 , 373.04
143.06 , 384.12
147.89 , 395.11
152.55 , 404.86
159.21 , 415.87
165.67 , 425.69
172.78 , 435.05
180.33 , 444.28
187.95 , 452
197.28 , 459.48
207.6 , 464.8
219.55 , 469.19
230.87 , 471.55
242.39 , 472.51
254.33 , 472.16
266.18 , 470.45
278.05 , 467.96
288.51 , 464.7
299.91 , 460.43
311.25 , 456.35
322.27 , 451.66
332.25 , 445.24
340.87 , 437.38
348.03 , 427.99
354.01 , 418.85
360.71 , 408.42
366.76 , 398.66
372.53 , 387.46
377.31 , 376.99
381.61 , 366.23
385.05 , 354.94
388.06 , 343.62
391.31 , 332.21
394.04 , 320.51
395.76 , 308.98
395.97 , 297.45
394.6 , 284.9
203.2 , 294
202.57 , 304.24
199.78 , 314.53
197.43 , 324.33
198.78 , 335.29
204.57 , 342.88
214.28 , 346.78
224.92 , 348.62
235.63 , 349.11
245.54 , 346.92
255.47 , 343.53
265.39 , 338.47
269.75 , 328.95
268.61 , 318.9
264.34 , 308.71
261.02 , 299.59
258.84 , 288.34
207.2 , 404.03
209.2 , 397.53
212.81 , 391.69
218.47 , 387.51
224.57 , 384.56
230.82 , 382.04
237.8 , 381.05
244.27 , 379.03
251.1 , 377.78
258.43 , 378.03
265.65 , 378.53
272.6 , 379.5
278.95 , 381.78
285.23 , 384.1
286.49 , 390.73
282.7 , 396.53
277.38 , 401.6
271.9 , 406.34
266.3 , 410.71
260.6 , 414.78
254.5 , 417.77
248.05 , 419.79
241.07 , 420.78
233.88 , 421.28
226.65 , 420.79
219.95 , 419.28
213.92 , 416.01
208.96 , 410.63
211.7 , 394.53
216.67 , 393.28
222 , 392.78
227.6 , 392.78
233.07 , 392.53
238.52 , 392.28
243.75 , 391.53
248.85 , 390.54
253.97 , 389.53
259.3 , 389.03
264.43 , 388.02
269.43 , 386.8
274.62 , 386.03
280.1 , 385.78
285.45 , 385.28
280.23 , 386.03
274.9 , 386.52
269.77 , 387.54
264.7 , 388.53
259.57 , 389.53
254.25 , 390.04
249.12 , 391.03
243.9 , 391.78
238.57 , 392.29
233.45 , 393.28
228 , 393.53
222.4 , 393.53
217.17 , 394.28
266.94 , 250.21
270.76 , 245.37
275.81 , 242.11
280.46 , 237.7
285.81 , 235.18
291.42 , 233.46
297.64 , 232.96
304.01 , 233.21
310.12 , 233.97
315.74 , 235.72
321.08 , 238.31
319.44 , 243.86
314.94 , 248.46
309.66 , 251.22
303.89 , 252.7
297.76 , 253.46
291.29 , 253.46
285.19 , 252.71
279.19 , 251.71
273.06 , 250.96
194.87 , 259.8
190.37 , 255.3
185.34 , 252.29
179.87 , 250.55
173.9 , 249.8
167.8 , 250.3
162.05 , 251.54
156.67 , 253.54
151.62 , 256.55
146.75 , 259.91
144.12 , 265.05
148.82 , 268.99
153.72 , 272.31
159.22 , 274.04
165.19 , 274.8
171.3 , 274.29
176.8 , 272.53
182.07 , 270.28
187.3 , 267.81
192.38 , 264.99
243.45 , 222.68
249.61 , 213.51
259.02 , 207.87
269.22 , 204.41
279.85 , 201.78
290.8 , 199.83
301.85 , 198.03
313.45 , 197.43
324.75 , 198.67
334.7 , 202.93
343.65 , 209.87
338.27 , 217.18
327.3 , 215.28
316.05 , 213.93
304.5 , 214.64
293.55 , 216.58
283.07 , 219.56
272.88 , 222.91
262.8 , 226.65
252.4 , 229.64
195.73 , 225.41
190.51 , 217.93
181.78 , 214.7
171.99 , 213.88
161.88 , 213.63
151.76 , 213.84
142.51 , 215.84
134.13 , 219.94
126.39 , 225.71
121.46 , 233.75
119.71 , 243.13
121.06 , 252.73
128.41 , 249.43
134.41 , 241.91
142.33 , 236.6
151.31 , 234.13
161.19 , 233.38
171.26 , 233.63
181.49 , 233.63
191.33 , 232.87
