2663129694_1
363.45 , 235.3
362.39 , 251.17
361.98 , 268.49
362.2 , 285.93
367.13 , 303.93
371.73 , 319.63
377.65 , 336.72
385.27 , 351.73
396.6 , 365.8
407.69 , 378.01
421.16 , 390.25
435.27 , 399.44
449.56 , 408.11
463.87 , 417.48
479.6 , 425.5
495.28 , 435.05
510.71 , 441.67
525.78 , 449.24
542.69 , 454.07
558.69 , 459.09
575.3 , 462.42
593.71 , 464.01
610.84 , 463.19
628.36 , 458.98
643.56 , 452.42
658.85 , 443.12
671.62 , 432.44
686.44 , 421.93
698.75 , 411.59
711.53 , 399.09
722.71 , 384.87
731.14 , 371.19
739.01 , 355.98
743.95 , 337.92
748.87 , 321.03
752.45 , 304.78
755.24 , 287.7
757.07 , 270.2
756.23 , 253.14
757.08 , 235.75
757.35 , 217.65
581.15 , 186
576.13 , 199.67
567.17 , 212.33
558.6 , 225.06
557.75 , 239.4
563.75 , 253
577.28 , 260.18
592.32 , 260.62
608.78 , 260.13
623.65 , 258.9
638.11 , 257.74
653.25 , 257.12
667.67 , 250.67
668.87 , 235.28
666.88 , 221.51
660.21 , 207.43
653.34 , 192.59
551.78 , 333.59
559.2 , 326.89
567.63 , 322.75
576.25 , 319.36
584.86 , 315.78
593.78 , 313.09
603.33 , 311.57
613.36 , 312.09
623.25 , 311.34
633.03 , 310.34
643.05 , 309.84
652.83 , 310.83
661.7 , 313.56
670.05 , 317.86
677.93 , 323.47
676.23 , 330.3
667 , 328.09
657.7 , 326.09
648.18 , 324.59
638.15 , 324.08
628.25 , 323.34
618.23 , 322.84
608.45 , 323.82
598.95 , 325.41
589.58 , 327.3
580.43 , 329.57
571.23 , 331.83
561.93 , 333.84
563.78 , 329.09
570.75 , 326.08
577.88 , 323.31
585.3 , 321.32
592.95 , 319.66
600.9 , 318.56
608.75 , 317.36
616.58 , 316.1
624.53 , 315.09
632.63 , 315.34
640.95 , 315.09
649.18 , 315.58
657.38 , 316.07
664.7 , 318.36
671.56 , 321.87
667.58 , 323.13
659.88 , 321.57
651.68 , 321.08
643.45 , 320.59
635 , 320.59
626.8 , 321.09
618.48 , 320.84
610.28 , 320.34
602.05 , 320.84
594.15 , 321.97
586.5 , 323.61
578.93 , 325.44
571.38 , 327.34
643 , 146.97
648.23 , 141.99
653.2 , 136.78
658.95 , 133.26
665 , 130.47
671.6 , 128.98
678.42 , 127.97
685.23 , 128.97
691.45 , 131.21
696.68 , 136.15
700.95 , 141.65
701.22 , 148.78
695.5 , 152.47
689.17 , 154.47
682.58 , 155.97
675.4 , 155.72
668.45 , 154.97
661.75 , 153.72
655.17 , 152.23
648.9 , 150.13
540.79 , 147.65
536.07 , 142.18
530.25 , 138.35
524.4 , 134.73
518.42 , 131.39
511.68 , 129.92
504.32 , 129.67
497.48 , 130.91
491.12 , 133.19
485.02 , 136.2
480.3 , 141.67
484.3 , 147.42
488.82 , 152.95
494.88 , 156.18
501.5 , 157.93
508.85 , 158.17
515.95 , 157.41
522.8 , 156.17
529.55 , 154.67
536.28 , 153.18
645.25 , 101.73
649.19 , 93.28
655.93 , 85.78
664.45 , 81.73
674.02 , 80.23
684.1 , 80.74
693.8 , 81.97
703.25 , 83.73
712 , 86.98
720.55 , 90.77
728.47 , 96.2
732.86 , 104.11
724.17 , 107.48
713.98 , 107.23
703.9 , 106.73
694.08 , 105.73
684.12 , 104.98
673.8 , 104.98
663.85 , 105.73
653.55 , 105.75
569.83 , 94.87
558.03 , 86.7
544.43 , 83.22
529.61 , 82.22
514.78 , 83.19
500.43 , 85.22
486.61 , 88.29
473.38 , 92.52
460.81 , 98.59
448.88 , 106.28
437.93 , 116.72
451.56 , 113.19
464.73 , 108.95
478.23 , 105.2
492.21 , 102.46
506.78 , 100.98
521.98 , 100.72
536.58 , 102.24
550.65 , 104.71
565.16 , 106.45
