127627778_1
96.45 , 339.75
97.4 , 349.81
98.59 , 361.09
100.67 , 372.26
103.61 , 383.15
107.47 , 392.66
112.59 , 403.32
118.42 , 412.35
125.92 , 420.48
134.07 , 428.05
141.83 , 435.83
149.49 , 443.8
157.71 , 451.18
165.29 , 458.36
174.26 , 465.65
183.92 , 471.88
193.2 , 476.2
204.03 , 479.31
215.27 , 480.81
226.41 , 481.12
237.55 , 481.03
248.25 , 480.28
259.7 , 478.82
269.77 , 476.38
280.42 , 472.49
290.37 , 467.06
299.35 , 461.84
309.08 , 455.32
317.24 , 448.36
324.94 , 440.6
332.01 , 432.26
338.6 , 423.5
344.37 , 414.1
349.64 , 404.02
354.06 , 393.56
357.93 , 383.99
362.24 , 373.25
365.91 , 362.42
368.55 , 352.53
369.78 , 341.62
369.5 , 329.51
191.67 , 330.14
186.84 , 337.16
182.94 , 345.83
182.74 , 355.03
188.26 , 361.9
196.89 , 365.3
205.9 , 366.03
215.99 , 365.69
225.32 , 366.22
233.99 , 366.81
243.32 , 367.26
252.28 , 365.27
260.03 , 359.96
262.73 , 351.59
259.74 , 342.35
255.75 , 334.34
251.53 , 325.41
174.12 , 407.63
179.57 , 401.19
186.59 , 397.16
193.65 , 393.35
200.82 , 389.68
208.82 , 388.13
217.12 , 389.13
225.9 , 389.13
234.44 , 388.63
242.27 , 390.66
249.69 , 393.41
257.07 , 396.33
264.3 , 399.78
271.34 , 403.62
272.68 , 411.6
265.94 , 416.34
259.27 , 421.23
252.67 , 426.33
246.12 , 431.63
238.9 , 435.12
231.22 , 437.37
222.57 , 437.63
214.52 , 436.15
207.22 , 432.97
200.3 , 428.78
193.62 , 423.88
187.3 , 418.04
180.55 , 413.3
175.12 , 406.38
181.25 , 404.11
188.15 , 403.38
195.07 , 402.63
202.34 , 402.63
209.37 , 403.13
216.55 , 403.38
223.69 , 403.13
230.84 , 402.88
238.12 , 402.88
245.17 , 403.38
252.19 , 403.88
259.22 , 404.38
266.27 , 404.88
271.78 , 407.13
264.87 , 407.88
258.1 , 408.9
251.4 , 410.13
244.62 , 411.13
237.57 , 411.63
230.55 , 412.13
223.27 , 412.13
216.34 , 411.38
209.44 , 410.63
202.65 , 409.63
195.75 , 408.88
188.57 , 408.63
181.8 , 407.63
262.75 , 282.91
265.47 , 278.43
268.95 , 274.22
273.35 , 271.15
278.07 , 268.91
283.18 , 267.66
288.65 , 267.16
294.25 , 266.91
299.48 , 267.91
304.58 , 269.14
309.14 , 271.76
307.9 , 276.81
303.45 , 279.73
299.02 , 282.65
294.3 , 284.91
289.07 , 285.91
283.6 , 286.41
278.15 , 286.91
272.68 , 286.41
267.07 , 286.18
180 , 279.17
176.85 , 274.34
172.06 , 271.06
166.81 , 269.04
161.31 , 267.52
155.34 , 267.02
149.36 , 267.53
143.63 , 268.5
138.16 , 269.99
133.06 , 272.54
128.01 , 275.02
132.69 , 278.69
137.69 , 281.46
142.74 , 284
148.34 , 285.26
154.31 , 285.77
160.41 , 286.02
166.49 , 285.77
172.36 , 285.02
178.19 , 284.29
252.14 , 244.07
256.27 , 236.32
264.59 , 233.56
273.34 , 231.57
282.31 , 230.07
291.51 , 229.07
300.74 , 228.07
310.44 , 228.07
318.66 , 231.09
326.54 , 235.22
334.11 , 240.04
332.44 , 247.57
323.21 , 246.56
314.39 , 244.82
305.26 , 243.57
295.81 , 243.07
286.37 , 243.57
277.62 , 245.57
269.01 , 247.81
259.74 , 248.41
189.43 , 243.74
182.78 , 238.59
175.23 , 236.01
167.33 , 233.98
159.11 , 232.74
150.48 , 232.24
141.75 , 232.49
133.41 , 233.51
125.91 , 236.26
118.99 , 240.68
114.43 , 247.49
121.48 , 251.51
129.73 , 250.24
137.73 , 248.5
145.96 , 247.24
154.68 , 246.99
163.06 , 247.99
171.31 , 249.24
179.21 , 251.25
187.9 , 251.49
