2664748719_1
135.69 , 318.05
133.87 , 347.31
137.15 , 378.12
141.39 , 408.66
145.59 , 438.46
150.29 , 468.72
161.78 , 498.01
174.36 , 527.11
187.35 , 553.66
200.36 , 582.91
216.41 , 610.5
238.75 , 630.02
263.43 , 648.77
284.36 , 670.43
305.25 , 694.83
324.98 , 718.85
348.45 , 738.85
373.69 , 757.29
404.12 , 764.66
433.22 , 763.97
466.36 , 764.75
497.36 , 761.39
526.22 , 755.1
555.73 , 747.9
584.26 , 736.02
605.25 , 712.71
624.09 , 687.56
646.99 , 668.96
670.27 , 647.11
691.33 , 623.04
711.63 , 598.91
730.6 , 575.4
753.47 , 557.66
763.91 , 526.11
766.06 , 497.64
769.95 , 464.94
774.98 , 436.62
780.81 , 404.31
785.86 , 374.24
790.75 , 343.94
795.86 , 311.7
338.29 , 346.91
325.16 , 367.99
311.52 , 390.99
303.26 , 414.42
314.65 , 435.99
340.11 , 440.93
366.64 , 446.11
392.96 , 450.62
419.36 , 449.83
445.32 , 446.29
469.96 , 438.28
492.79 , 428.99
519.03 , 424.12
535.33 , 404.61
534.22 , 379.29
518.19 , 357.16
497.94 , 340.44
285.69 , 544.23
308.26 , 532.47
332.69 , 525.48
359.31 , 522.98
385.72 , 519.98
411.87 , 516.46
438.24 , 513.48
465.01 , 511.23
491.99 , 509.48
519.72 , 509.73
547.57 , 509.73
575.16 , 510.23
601.81 , 512.72
605.85 , 537.83
593.87 , 560.33
579.09 , 581.61
557.44 , 595.73
536.41 , 611.75
513.32 , 621.95
489.67 , 630.49
465.44 , 637.73
437.84 , 637.23
410.84 , 635.5
384.92 , 631.47
363.29 , 617.3
341.81 , 602.6
321.42 , 584.95
303.57 , 564.61
298.19 , 537.73
320.79 , 529
345.49 , 524.49
371.04 , 521.73
396.49 , 518.73
423.12 , 519.23
449.76 , 519.73
476.17 , 518.73
501.62 , 515.71
527.51 , 513.73
553.57 , 515.48
579.14 , 518.19
603.94 , 521.56
601.2 , 546.4
588.87 , 567.83
570.29 , 586.72
549.66 , 601.24
528.87 , 615.26
506.34 , 624.33
483.37 , 632.25
459.02 , 637.48
432.49 , 636.72
406.81 , 634.21
383.39 , 627.19
361.56 , 615.83
341.49 , 599.78
323.74 , 580.31
309.18 , 559.71
517.51 , 240.05
526.91 , 229.66
538.11 , 222.48
549.51 , 215.8
561.34 , 210.24
574.16 , 207.08
587.66 , 205.31
601.53 , 206.3
614.78 , 208.57
627.03 , 212.81
638.81 , 218.56
635.78 , 230.03
624.01 , 235.8
612.03 , 240.8
599.26 , 244.05
585.63 , 245.55
571.76 , 246.55
557.88 , 245.54
544.51 , 243.55
530.28 , 243.3
308.94 , 248.94
301.52 , 240.43
291.42 , 237.36
281.02 , 234.86
270.02 , 233.61
259.02 , 234.83
248.75 , 237.63
238.87 , 241.15
229.47 , 246.05
220.99 , 253.54
213.92 , 262.11
223.37 , 266.82
233.34 , 270.13
244.09 , 271.86
255.44 , 272.36
266.92 , 272.11
278.17 , 271.36
289.04 , 269.85
299.02 , 266.6
307.79 , 260
463.05 , 107.33
473.37 , 80.33
500.3 , 69.58
532.25 , 69.33
561.95 , 74.23
591.73 , 79.01
623.55 , 79.58
653.2 , 84.59
681.53 , 92.31
708.55 , 102.83
732.22 , 122.75
727.82 , 150.33
696.35 , 149.08
665.95 , 145.55
635.4 , 142.43
604.92 , 139.08
573.7 , 137.33
542.23 , 136.08
510.63 , 135.08
480.04 , 132
306.64 , 154.49
290.76 , 138.36
272.49 , 127.6
253.16 , 119.76
231.54 , 116.85
209.84 , 119.62
189.59 , 125.35
171.49 , 136.63
154.79 , 151.81
142.01 , 169.36
132.5 , 188.16
126.26 , 208.11
143.96 , 196.92
161.38 , 183.73
179.41 , 172.37
199.24 , 165.87
220.81 , 162.84
243.13 , 161.36
266.06 , 161.61
288.61 , 162.61
