2665780466_1
633.12 , 809.43
637.03 , 829.29
640.87 , 851.03
642.87 , 872.71
647.85 , 894.53
651.9 , 916.37
656.46 , 936.08
663.12 , 957.51
671.3 , 977.75
677.1 , 998.39
686.04 , 1018.99
694.74 , 1039.13
702.84 , 1058.87
712.56 , 1079.05
721.93 , 1097.2
732.28 , 1117.54
744.97 , 1134.64
762.17 , 1148.74
782.47 , 1155.83
803.17 , 1158.21
826.06 , 1158.96
848.35 , 1158.11
868.76 , 1155.06
889.35 , 1149.38
910.71 , 1139.66
929.66 , 1132.23
950.15 , 1123.88
970.98 , 1114.58
989.95 , 1105.1
1007.04 , 1094.08
1024.84 , 1079.68
1040.5 , 1063.77
1054.87 , 1049.67
1072.84 , 1036.11
1090.13 , 1021.54
1105.53 , 1007.68
1121.02 , 990.43
1129.57 , 972.24
1139.51 , 952.3
1149.19 , 932.51
1157.8 , 911.3
702.98 , 785.79
694.62 , 803.06
684.56 , 822.31
677.52 , 842.53
680.32 , 863.79
691.18 , 880.19
709.55 , 889.43
732.33 , 893.27
752.59 , 894.16
774.35 , 893.95
793.67 , 891.54
815.19 , 888.76
832.95 , 878.51
836.62 , 858
828.95 , 837.93
819.02 , 820.37
810.56 , 799.27
706.4 , 956.13
720.73 , 953.86
734.07 , 958.15
747.82 , 961.65
763.27 , 961.63
777.75 , 963.63
792.7 , 964.63
808.02 , 964.38
822.88 , 965.63
836.98 , 968.37
851.45 , 970.37
865.9 , 972.38
874.4 , 983.83
865.55 , 995.48
854.42 , 1005.87
842.58 , 1014.19
829.9 , 1020.38
816.42 , 1024.37
802.33 , 1027.13
787.72 , 1028.88
772.9 , 1030.13
757.7 , 1030.63
743.2 , 1028.66
730.59 , 1022.32
721.89 , 1010.58
715.66 , 997.93
711.65 , 984.45
708.9 , 970.36
713.4 , 964.38
723.17 , 969.89
732.9 , 975.63
743 , 980.39
753.82 , 983.39
765.23 , 985.11
776.77 , 986.63
788.55 , 987.64
800.58 , 987.63
812.6 , 987.13
824.73 , 987.38
837 , 987.38
849.05 , 986.98
860.5 , 985.28
864.93 , 984.38
854.02 , 987.12
842.38 , 988.4
830.47 , 989.13
818.58 , 989.88
806.8 , 990.86
795.38 , 992.63
783.83 , 994.13
771.92 , 994.38
760.33 , 993.06
749.62 , 989.86
739.33 , 985.82
729.38 , 980.62
720.03 , 973.77
840.55 , 731.41
843.67 , 719.53
852.03 , 709.67
862.55 , 703.16
873.88 , 698.91
886.52 , 697.41
899.8 , 697.66
912.45 , 699.17
924.38 , 702.23
935.17 , 708.04
944.77 , 717.11
946.48 , 728.98
935.82 , 735.14
924.6 , 739.62
912.67 , 742.67
900.27 , 744.66
887.38 , 745.66
874.12 , 745.44
861.97 , 742.84
850.17 , 739.57
728.79 , 703.98
724.51 , 695.11
718.35 , 686.93
710.5 , 679.83
702.02 , 674.6
693 , 670.83
683.3 , 668.58
672.98 , 667.58
662.42 , 668.06
653.41 , 671.88
648.75 , 680.58
650.5 , 690.53
654.03 , 699.63
660.93 , 707.53
669.8 , 711.85
679.75 , 713.58
690.3 , 714.08
700.98 , 713.83
711.42 , 713.08
721.5 , 711.58
796.32 , 631.76
811.62 , 619.95
829.92 , 615.67
848.2 , 611.28
866.52 , 607.05
885.42 , 604.01
904.32 , 601.01
923.6 , 598.76
943.22 , 599.76
959.67 , 608.6
968.82 , 624.26
954.45 , 627.01
937.9 , 618.52
919 , 615.51
899 , 616.26
880.1 , 619.26
862.45 , 624.76
845.52 , 632.05
828.72 , 639.86
811.12 , 645.07
686.52 , 625.71
685.21 , 617.52
680.64 , 610.73
674.02 , 605.59
667.4 , 600.45
660.6 , 595.89
653.6 , 591.83
646.38 , 588.35
639.08 , 585.05
631 , 583.57
623.75 , 586.82
626.27 , 594.35
631.22 , 601.04
638.17 , 605.22
644.92 , 609.97
651.9 , 614.19
658.98 , 618.04
665.88 , 622.41
672.73 , 626.79
679.9 , 630.5
