2665879761_1
116.93 , 593.25
119.75 , 618.19
123.64 , 643.18
134.04 , 667.74
147.61 , 687.59
162.75 , 708.64
178.57 , 730.31
191.45 , 752.91
202.85 , 774.11
216.69 , 797.56
235.2 , 815.89
244.92 , 839.81
250.45 , 864.84
257.57 , 890.24
263.76 , 913.59
279.45 , 933.26
300.52 , 948.61
323.13 , 961.63
349.35 , 967.9
374.86 , 963.17
399.87 , 958.01
423.76 , 955.5
448.07 , 944.72
471.29 , 931.14
489.88 , 912.96
502.24 , 892.71
516.55 , 870.86
529.96 , 847.63
538.98 , 823.47
549.28 , 798.83
556.16 , 776.27
561.17 , 750.49
567.36 , 725.6
575.76 , 701.07
585.05 , 676.87
594.15 , 652.09
600.76 , 627.43
605.77 , 600.44
610.57 , 576.47
614.18 , 549.7
614.25 , 523.64
189.09 , 581.9
182.13 , 598.09
176.62 , 618.64
172.52 , 637.2
172.73 , 657.62
179.74 , 674.42
195.25 , 687.84
213.69 , 692.41
233.09 , 690.35
250.04 , 679.84
266.44 , 670.47
285.34 , 662.55
303.72 , 656.69
319.27 , 645.3
324.67 , 626.18
314.89 , 609.57
298.8 , 597.9
204.05 , 727.37
221.73 , 716.94
241.98 , 721.12
263.35 , 723.12
285.45 , 723.62
307.08 , 722.12
329.3 , 721.87
351.4 , 721.37
372.15 , 718.13
392.45 , 713.85
413.45 , 711.12
431.85 , 719.91
428.25 , 739.92
418.5 , 757.92
405.46 , 774.72
391.67 , 791.25
376.97 , 807.44
360.68 , 821.77
342.68 , 831.62
324.23 , 840.1
304.88 , 846.11
284.73 , 841.55
266.2 , 833.3
250.15 , 818.25
240.23 , 800.32
230.3 , 782.37
220.73 , 764.32
211.04 , 746.27
223.55 , 762.12
231 , 748.36
247.12 , 746.12
263.5 , 744.37
280.48 , 743.87
296.85 , 742.12
313.83 , 741.62
330.08 , 739.62
346.68 , 738.37
362.12 , 734.63
377.12 , 730.12
392.88 , 727.12
409 , 724.87
425.87 , 725.61
416.05 , 738.37
403.48 , 749.44
390.83 , 760.34
377.78 , 770.14
363.73 , 777.18
349.65 , 784.28
335.53 , 791.14
321.3 , 797.62
306.65 , 802.86
290.53 , 805.12
274.62 , 802.39
260 , 797.09
247.57 , 785.64
235 , 774.57
319.65 , 496.52
324.33 , 487.59
332 , 479.77
341.05 , 475.24
350.32 , 471.5
360.2 , 469
370.77 , 468.02
381.47 , 468.77
392.05 , 469.77
402.27 , 471.55
411.18 , 476.28
409.97 , 486.46
400.65 , 490.02
390.92 , 492.75
381.47 , 496
371.38 , 498.01
361.15 , 499.77
350.57 , 500.77
339.65 , 500.52
328.85 , 499.98
204.66 , 487.02
201.4 , 480.36
195.25 , 475.88
188.55 , 472.76
181.3 , 470.95
173.78 , 469.8
166 , 470.54
158.25 , 471.29
151.12 , 473.31
145.26 , 478.69
143.15 , 485.79
146.4 , 492.44
152.28 , 497.66
159.07 , 500.47
166.9 , 501.04
175.03 , 501.04
183.03 , 500.79
190.65 , 499.79
198.15 , 498.54
204.48 , 494.44
248.34 , 446.98
269.51 , 427.31
296.69 , 422.63
324.72 , 419.7
351.47 , 414.2
377.99 , 408.26
405.84 , 404.98
433.07 , 408.98
456.79 , 421.71
479.57 , 436.97
500.89 , 456.28
480.74 , 454.39
455.76 , 445.21
429.49 , 438.72
401.89 , 435.94
374.72 , 440.6
348.14 , 446.46
321.84 , 452.98
296.19 , 460.63
269.74 , 466.12
173.14 , 450.13
166.83 , 442.55
159.32 , 435.93
151.38 , 430.62
142.88 , 426.86
134.25 , 423.45
125.2 , 420.93
116.15 , 418.44
106.5 , 417.19
98.23 , 421.67
96.2 , 430.93
98.72 , 439.95
106.25 , 445.99
115.58 , 447.96
125.08 , 449.55
134.35 , 451.58
143.55 , 453.78
152.65 , 456.18
161.95 , 458.18
171.98 , 458.68
