2667636661_3
388.83 , 463.12
388.05 , 477.99
385.98 , 493.2
384 , 509.38
380.78 , 524.4
374.37 , 539.18
372.12 , 553.44
369.77 , 569.64
369.67 , 585.24
370.56 , 601.1
372.59 , 616.44
377.8 , 630.58
384.73 , 644.25
395.71 , 656.8
409.59 , 664.54
421.36 , 674.31
431.59 , 684.79
440.16 , 698.37
451.77 , 708.04
466.27 , 715.59
481.64 , 719.07
496.46 , 721.21
513 , 721.44
528.23 , 718.33
544.08 , 716.45
558.26 , 714.99
575.18 , 713.93
590.92 , 713.1
606.38 , 710.89
621.62 , 707.62
635.96 , 701.59
648.7 , 694.56
662.51 , 687.04
674.83 , 677.35
686.42 , 665.63
696.4 , 653.65
704.97 , 641.34
713.43 , 627.62
721.08 , 614.34
728.58 , 599.68
733.6 , 584.87
485.5 , 511.29
479.09 , 519.54
473.03 , 528.28
470.17 , 538.79
470.43 , 549.91
474.77 , 559.33
485.4 , 561.94
495.7 , 562.19
507.17 , 563.25
517.12 , 564.41
527.91 , 568.03
539.07 , 569.89
549.37 , 569.76
556.3 , 561.25
559.16 , 551.44
559.61 , 540.01
556.6 , 529.44
443.3 , 623.2
450.68 , 616.82
458.25 , 610.97
466.53 , 606.94
474.8 , 602.95
484.65 , 602.46
493.75 , 604.45
503.1 , 605.95
512.45 , 607.42
520.48 , 612.11
527.92 , 618.32
534.85 , 625.5
542.17 , 632.07
549.58 , 638.48
555.96 , 645.85
552.31 , 654.17
544.05 , 658.2
535.05 , 660.45
525.33 , 661.2
515.73 , 662.2
506.62 , 660.23
498.27 , 656.45
488.95 , 654.97
480.48 , 651.64
472.25 , 647.44
463.98 , 643.39
456.28 , 637.92
449.32 , 630.73
451.8 , 622.45
458.28 , 620.2
465.7 , 620.7
472.85 , 621.7
480.28 , 622.2
487.8 , 621.95
495.2 , 621.45
502.38 , 622.48
509.12 , 624.27
515.4 , 627.29
521.25 , 631.42
527.1 , 635.71
532.75 , 640.42
539.17 , 642.98
546.32 , 643.97
540.98 , 643.72
534.45 , 641.48
527.92 , 639.2
521.52 , 636.43
514.33 , 635.45
506.73 , 635.38
499.7 , 634.1
492.75 , 632.66
485.95 , 630.85
479.38 , 628.72
472.55 , 626.95
465.52 , 625.68
458.98 , 623.46
575.68 , 481.46
579.59 , 474.29
586.2 , 468.68
593.43 , 464.71
600.9 , 461.45
609.25 , 460.21
617.88 , 460.97
625.4 , 463.94
632.48 , 468.24
638.96 , 474.24
644.18 , 480.96
643.3 , 489.2
635.83 , 492.43
628.3 , 495.43
620.58 , 497.95
612.2 , 499.21
603.6 , 498.46
595.48 , 496.71
588.11 , 493.15
581.3 , 488.08
488.92 , 458.96
487.68 , 451.71
484.37 , 445.34
478.8 , 439.86
472.38 , 436.59
465.27 , 435.12
457.42 , 435.11
450.3 , 436.59
443.8 , 439.68
438.15 , 444.86
433.9 , 450.86
436.17 , 457.56
439.28 , 464.01
445 , 469.11
451.72 , 471.36
458.97 , 472.61
466.6 , 473.11
473.97 , 472.11
480.97 , 470.3
486.91 , 465.84
567.19 , 410.69
578.94 , 406.19
591.19 , 402.69
603.87 , 399.97
617.49 , 399.19
630.64 , 400.95
642.67 , 404.95
653.77 , 411.45
663.89 , 420.64
671.7 , 431.29
677.68 , 442.61
669.44 , 441.44
659.09 , 432.85
647.72 , 426.96
635.19 , 423.94
621.79 , 423.21
608.54 , 424.69
595.97 , 427.69
582.22 , 427.21
570.4 , 423.13
495.47 , 414.95
491.74 , 405.4
483.97 , 396.89
474.75 , 391.19
464.89 , 387.23
455.07 , 383.19
444.04 , 381.7
433.27 , 383.7
423.67 , 388.52
414.97 , 395.76
408.11 , 404.57
405.27 , 414.95
414.57 , 410.4
423.27 , 403.2
432.97 , 398.69
444.47 , 398.2
455.02 , 400.7
464.79 , 404.94
474.39 , 409.73
484.09 , 414.23
