2670182321_1
280.43 , 593.69
284.59 , 618.55
290.99 , 644.76
297.71 , 669.02
304.04 , 695.1
309.72 , 720.03
316.05 , 745.01
325.18 , 771.21
334.46 , 795.27
342.45 , 820.72
351.2 , 844.33
365.11 , 866.46
381.43 , 888.77
401.5 , 904
423.19 , 916.97
447.09 , 931.34
472.3 , 937.4
498.08 , 934.27
522.75 , 929.98
549.47 , 927.76
574.73 , 924.92
601.78 , 917.26
625.57 , 907.08
648.08 , 896.5
672.21 , 886.11
695.72 , 875.14
718.97 , 862.04
742.26 , 847.03
762.72 , 832.56
783.36 , 817.93
805.24 , 801.93
824.73 , 784.91
845.41 , 766.89
856.18 , 742.72
858.59 , 716.68
859.76 , 692.13
860.51 , 664.18
860.37 , 637.79
860.06 , 613.68
860.78 , 586
860.25 , 558.95
394.2 , 501.45
384.92 , 525.94
367.17 , 542.58
351.38 , 564.58
366.03 , 586.22
388.12 , 601.43
411.39 , 608.51
437.62 , 605.57
464.09 , 596.24
489.16 , 588.99
516.6 , 589.41
541.3 , 585.79
565.14 , 571.82
569.75 , 548.22
557.6 , 524.6
535.94 , 509
515.8 , 490.3
367.93 , 722.08
374.08 , 703.18
386.35 , 686.65
405.06 , 680.08
426.63 , 679.33
448.08 , 680.33
469.78 , 679.83
491.36 , 679.08
512.71 , 677.83
533.68 , 675.83
555.5 , 676.06
575.75 , 679.56
595.63 , 683.8
612.99 , 694.13
625.87 , 710.38
610.08 , 725.09
593.08 , 736.42
574.86 , 744.4
556.2 , 751.07
537.11 , 756.82
517.2 , 761.08
496.83 , 764.31
476.86 , 768.33
454.91 , 768.33
433.45 , 767.33
413.28 , 763.67
395.48 , 754.38
380.71 , 738.61
368.93 , 719.33
384.58 , 712.3
401.18 , 707.58
419.5 , 706.33
437.83 , 705.08
455.56 , 702.58
474 , 701.58
492.2 , 700.08
509.68 , 697.08
528.38 , 697.58
545.86 , 700.6
563.33 , 703.6
581.28 , 705.58
599.61 , 706.83
616.16 , 704.08
598.18 , 706.08
580.13 , 704.29
563.21 , 700.09
545.71 , 697.08
527.75 , 695.08
509.56 , 696.59
491.96 , 699.33
473.63 , 700.58
455.43 , 702.08
437.71 , 704.58
419.38 , 705.83
401.18 , 707.33
384.41 , 711.82
556.65 , 404.87
563.38 , 396.15
571.9 , 388.87
581.32 , 383.94
591.3 , 380.6
601.92 , 378.62
613.17 , 377.87
624.4 , 378.62
634.92 , 380.86
644.3 , 385.87
652.79 , 393.27
652.18 , 404.11
642.7 , 408.86
632.7 , 412.12
621.95 , 413.87
610.45 , 413.62
599.33 , 412.62
588.7 , 410.61
578.08 , 408.63
567.77 , 405.88
386.17 , 411.67
378.55 , 406.7
370.5 , 402.68
361.9 , 400.18
352.93 , 398.43
343.25 , 398.18
334.65 , 400.77
326.77 , 405.15
319.72 , 411.71
314.79 , 419.38
311 , 427.43
317.88 , 434.08
325.93 , 438.11
335.2 , 439.18
344.07 , 437.16
352.52 , 434.41
360.85 , 431.46
368.93 , 427.49
377 , 423.68
385.25 , 420.43
493.9 , 302.39
502.25 , 284.24
519.57 , 273.46
539.75 , 269.65
561.4 , 268.89
582.35 , 271.15
602.42 , 275.16
621.5 , 281.17
639.9 , 288.89
657.2 , 299.66
669.9 , 316.14
655.6 , 330.15
636.05 , 324.88
618.05 , 315.92
599.22 , 309.42
578.52 , 306.65
557.52 , 308.77
537.2 , 312.35
518.5 , 319.11
498.66 , 322.16
407.66 , 328.02
394.34 , 322.06
379.59 , 319.29
363.99 , 318.29
347.92 , 318.29
333.04 , 320.79
319.09 , 325.13
305.96 , 331.76
293.67 , 340.57
283.77 , 352.47
275.94 , 365.04
290.81 , 367.53
304.54 , 362.76
317.79 , 356.51
331.62 , 352.03
346.12 , 348.79
361.24 , 346.79
377.19 , 347.04
393.14 , 347.29
407.33 , 343.38
