2671732783_1
48.99 , 257.27
51.75 , 272.09
54.25 , 288.61
56.04 , 305.1
58.12 , 321.48
60.67 , 338.6
62.78 , 353.44
66.48 , 370.67
73.12 , 384.95
80.55 , 399.8
85.59 , 416.17
94.09 , 430.32
106.99 , 439.35
119.97 , 449.15
130.83 , 462.14
142.56 , 472.52
158.96 , 477.39
175.78 , 477.75
191.79 , 480.41
207.63 , 482.55
223.97 , 483.34
240.42 , 482.07
255.98 , 479.31
273.31 , 479.13
288.94 , 480.4
305.77 , 479.65
321.22 , 474.78
333.18 , 463.45
343.18 , 449.55
349.89 , 435.55
356.84 , 420.96
364.69 , 404.96
372.11 , 390.35
378.81 , 376.17
384.08 , 360.45
388.18 , 343.66
389.7 , 327.59
390.96 , 311.57
393.89 , 295.63
397.6 , 279.94
402.06 , 262.62
220.55 , 245.34
212.11 , 252.52
207.62 , 262.69
207.03 , 273.93
212.81 , 283.81
222.4 , 290.1
231.9 , 297.22
241.87 , 302.92
251.42 , 307.98
263.45 , 308.96
273.8 , 304.17
284.19 , 299.4
294.12 , 295.31
301.91 , 286.91
305.48 , 276.22
302.42 , 265.06
295.25 , 255.37
156.9 , 330.8
169.3 , 324.64
182.23 , 320.02
196.95 , 321.05
209.68 , 326.32
223.05 , 330.07
236.93 , 332.8
250.93 , 335.31
265.52 , 336.55
280.12 , 335.3
294.35 , 333.29
307.8 , 329.65
322.1 , 327.8
333.16 , 336
326.14 , 348.1
318.31 , 359.88
308.97 , 371.04
297.27 , 379.17
284 , 383.06
269.75 , 385.05
254.75 , 384.65
241.15 , 381.3
228.55 , 375.71
216.17 , 369.31
204.05 , 362.42
192.4 , 354.05
181 , 345.13
169.17 , 337.33
164.4 , 327.05
176.62 , 328.05
188.85 , 329.05
200.6 , 331.05
212.12 , 333.55
223.53 , 336.3
234.5 , 339.82
245.9 , 342.55
257.65 , 344.55
270 , 345.3
282.35 , 344.55
293.98 , 342.31
306.45 , 341.8
318.92 , 342.31
313.74 , 352.73
305.25 , 361.79
294.58 , 366.03
283.3 , 369.05
271.68 , 371.3
259.08 , 371.55
246.97 , 370.29
235.35 , 368.06
224.2 , 364.78
213.67 , 360.06
203.78 , 353.64
193.65 , 347.8
183.13 , 343.04
173.72 , 335.13
295.34 , 197.42
297.25 , 191.49
302.16 , 186.83
307.74 , 183.93
313.54 , 181.67
319.79 , 180.42
326.51 , 180.17
332.76 , 181.41
338.91 , 182.9
344.49 , 185.79
349.74 , 189.52
351.57 , 194.94
346.04 , 197.96
340.31 , 200.42
334.16 , 201.92
327.44 , 201.67
320.56 , 201.67
313.84 , 201.42
307.46 , 200.41
301.21 , 199.16
197.66 , 186.91
194.08 , 182.83
190.1 , 179.09
185.53 , 176.8
180.8 , 175.06
175.73 , 174.06
170.15 , 174.06
164.95 , 174.79
160.1 , 176.3
155.81 , 179.28
153.55 , 183.81
157.58 , 187.59
161.93 , 190.4
166.3 , 193.06
171.03 , 194.79
176.48 , 195.06
181.93 , 194.81
187.25 , 194.31
192.33 , 193.31
197.3 , 192.06
285.05 , 159.48
292.37 , 151.23
301.68 , 146.61
311.78 , 143.98
322.43 , 142.49
333.68 , 142.23
344.8 , 142.73
355.58 , 143.98
366.15 , 145.58
376.12 , 148.51
384.92 , 154.35
382.32 , 162.99
371.55 , 161.73
360.8 , 160.48
350.12 , 158.98
339.25 , 157.98
328.35 , 158.98
317.48 , 159.98
306.58 , 160.98
295.45 , 161.47
227.47 , 162.35
218.12 , 153.36
206.94 , 146.26
195.27 , 140.58
183.42 , 135.38
171.44 , 130.6
158.39 , 128.1
144.49 , 128.84
132.22 , 132.89
121.57 , 141.33
115.31 , 152.82
110.04 , 164.6
122.72 , 162.1
134.39 , 156.32
146.97 , 152.83
160.97 , 153.35
174.27 , 155.35
187.44 , 157.62
200.22 , 160.78
213.47 , 162.85
