2683325027_1
459.25 , 378.25
467 , 431.56
473.34 , 490.61
470.98 , 550.99
484.75 , 608.08
500.55 , 665.07
515.03 , 716.65
538.15 , 772.17
556.63 , 831.36
578.41 , 882.52
610.64 , 934.2
642.4 , 978.41
681.01 , 1024.6
721.1 , 1067.64
767.51 , 1100.35
818.98 , 1130.68
871.5 , 1155.71
917.81 , 1195.24
969.72 , 1217.68
1024 , 1235.54
1080.04 , 1244.79
1143.26 , 1246.22
1193.72 , 1229.11
1252.1 , 1209.07
1306.78 , 1185.25
1355.67 , 1152.07
1401.83 , 1116.76
1451.61 , 1085.09
1499 , 1056.3
1544.66 , 1016.85
1575.87 , 966.68
1604.84 , 921.86
1647.01 , 876.27
1670.32 , 823.96
1687.37 , 767.25
1707.34 , 713.86
1721.99 , 654.27
1728.32 , 596.5
1737.45 , 539.36
1738.26 , 483.07
1733.52 , 421.19
985.89 , 605.89
958.45 , 635.75
936.72 , 673.18
920.99 , 714.81
920.82 , 756.46
949.35 , 787.1
990.06 , 795.95
1032.14 , 791.25
1073.75 , 791.39
1116.79 , 786.88
1160.35 , 788.83
1205.85 , 786.45
1241.49 , 767.72
1247.25 , 726
1238.81 , 685.87
1217.62 , 645.53
1190.43 , 611.38
919.95 , 1001.45
934.17 , 977.71
958.8 , 965.44
982.48 , 950.92
1005.98 , 935.92
1030.58 , 923.58
1059.15 , 920.45
1089.25 , 920.45
1119.1 , 920.95
1147.38 , 924.7
1176.12 , 927.45
1203.33 , 933.42
1227.7 , 946.2
1246.72 , 968.33
1249.88 , 996.78
1236.48 , 1020.92
1221.09 , 1044.29
1198.38 , 1061.54
1174.45 , 1075.45
1147.7 , 1082.45
1120.97 , 1089.45
1091.97 , 1087.2
1062.12 , 1087.7
1033.03 , 1085.73
1009.23 , 1071.48
985.1 , 1058.07
961.93 , 1042.17
939.78 , 1023.28
979.45 , 980.95
994.83 , 974.17
1010.68 , 968.72
1027.92 , 965.95
1045.55 , 963.95
1063.18 , 961.95
1081.75 , 961.95
1099.62 , 963.45
1117.12 , 961.18
1133.65 , 956.97
1151.03 , 954.42
1169.62 , 954.45
1187.47 , 955.95
1204.8 , 958.55
1221.25 , 962.95
1207.03 , 967.88
1189.68 , 970.47
1172.43 , 973.22
1154.9 , 975.45
1136.93 , 976.7
1119.68 , 979.47
1102.65 , 982.7
1084.68 , 983.95
1066.7 , 985.2
1048.83 , 986.71
1031.33 , 988.95
1012.98 , 988.45
995.98 , 985.2
1232.6 , 434.84
1248.17 , 411.04
1265.07 , 387.61
1282.73 , 364.46
1305.45 , 345.71
1331.85 , 337.09
1361.17 , 334.34
1390.65 , 336.84
1416.82 , 345.83
1441.9 , 358.37
1464.3 , 378.04
1468.87 , 406.54
1448.15 , 428.56
1424.55 , 444.91
1399.85 , 458.34
1371.97 , 464.09
1341.67 , 463.33
1313.7 , 457.83
1285.45 , 452.83
1258 , 446.11
905.89 , 422.02
887.58 , 401.1
867.11 , 381.62
844.61 , 367.87
821.25 , 356.12
794.86 , 351.65
767.96 , 355.12
743.28 , 362.99
720.25 , 375.53
700.58 , 395.95
683.88 , 417.4
704.31 , 437.08
725.58 , 454.35
748.38 , 467.4
772.95 , 475.43
800.83 , 476.9
827.96 , 473.9
853.13 , 466.9
877.58 , 458.63
901.36 , 448.41
1309.54 , 147.05
1340.12 , 130.74
1373.84 , 122.03
1411.21 , 121.05
1447.51 , 124.3
1481.29 , 132.8
1512.82 , 146.32
1542.94 , 163.7
1571.71 , 184.97
1599.29 , 209.55
1618.31 , 239.1
1588.39 , 251.65
1556.41 , 239.46
1526.91 , 220.42
1496.76 , 203.03
1464.39 , 192.05
1428.09 , 188.8
1390.46 , 189.3
1352.59 , 189.32
1319.3 , 180.11
865.21 , 193.45
849.94 , 158.1
815.56 , 137.2
777.11 , 126.66
734.84 , 123.91
693.43 , 128.48
654.76 , 138.66
618.66 , 155
584.63 , 176.79
552.49 , 203.94
526.78 , 236.61
515.51 , 274.66
557.99 , 273.17
593.03 , 253.88
627.46 , 233.2
664.34 , 219.39
703.28 , 209.65
743.99 , 203.66
786.26 , 206.41
828.76 , 208.66
