2685751196_1
850.61 , 1072.58
848.55 , 1124.28
847.52 , 1175.92
851.53 , 1226.93
856.86 , 1279.69
868.08 , 1331.67
878.99 , 1379.85
893.57 , 1431.93
912.1 , 1478.45
939.46 , 1527.46
969.66 , 1565.5
1003.24 , 1604.34
1040.77 , 1645.81
1076.91 , 1680.31
1116.61 , 1717.22
1153.67 , 1749.39
1197.93 , 1780.92
1244.01 , 1810.64
1288.31 , 1836.03
1331.9 , 1859.46
1377.93 , 1882.04
1432.14 , 1896.63
1484.39 , 1901.56
1537.14 , 1901.88
1586.04 , 1889.71
1632.9 , 1864.1
1670.04 , 1826.06
1700.61 , 1786.36
1739.24 , 1749.28
1774.66 , 1715.62
1811.71 , 1674.94
1844.24 , 1632.34
1875.47 , 1589.84
1902.6 , 1549.88
1932.19 , 1502.05
1956.41 , 1459.92
1979.02 , 1411.63
1996.33 , 1362.99
2012.96 , 1311.65
2026.75 , 1263.82
2038.24 , 1208.13
1446.6 , 1092.5
1415.93 , 1122.68
1390.37 , 1156.14
1372.02 , 1197.89
1380.8 , 1238.33
1412.38 , 1269.53
1446.44 , 1292.38
1486.58 , 1310.28
1533.1 , 1320.98
1574.31 , 1325.3
1618.11 , 1311.57
1653.59 , 1292.62
1695.06 , 1270.25
1719.44 , 1234.78
1715.17 , 1192.54
1702.72 , 1151.84
1684.15 , 1109.25
1204.95 , 1385.79
1251.3 , 1387.04
1294.75 , 1394.28
1339.55 , 1398.79
1386.28 , 1398.29
1432.5 , 1396.79
1477.53 , 1400.79
1521.7 , 1406.54
1567.7 , 1404.54
1612.62 , 1400.29
1658.6 , 1398.29
1704.73 , 1396.54
1749.34 , 1400.9
1722.71 , 1436.51
1700.02 , 1473.44
1675.5 , 1509.74
1642.48 , 1543.03
1605.85 , 1566.63
1566.65 , 1583.03
1524.58 , 1593.29
1479.18 , 1596.54
1436.15 , 1588.5
1397.03 , 1571.86
1360.28 , 1548.62
1325 , 1521.09
1290.92 , 1490.26
1258.1 , 1456.94
1228.55 , 1422.41
1235.2 , 1396.04
1271.92 , 1405.27
1307.45 , 1416.54
1346.65 , 1420.54
1386.95 , 1422.29
1426.75 , 1425.04
1464.88 , 1431.3
1504.08 , 1435.26
1543.9 , 1433.04
1582.85 , 1428.53
1620.25 , 1420.77
1658.48 , 1414.79
1696.95 , 1409.29
1736.78 , 1406.56
1709.08 , 1426.89
1679.57 , 1454.42
1652.32 , 1483.67
1619.55 , 1502.53
1584.78 , 1515.79
1546.43 , 1521.54
1506.98 , 1525.04
1466.38 , 1525.97
1427.15 , 1522
1392.22 , 1509.31
1359.35 , 1490.72
1327.8 , 1468.61
1296.83 , 1444.67
1266.62 , 1418.7
1695.95 , 901.63
1715.78 , 886.31
1735.08 , 869.51
1755.55 , 856.03
1777.1 , 845.22
1799.98 , 838.12
1824.62 , 834.63
1849.8 , 837.13
1872.78 , 843.95
1893.45 , 856.88
1911.54 , 875.71
1907.23 , 899.86
1890.55 , 919.03
1867.4 , 925.63
1841.78 , 927.12
1816.97 , 923.88
1793.35 , 918.12
1769.53 , 912.88
1744.12 , 910.88
1718.97 , 908.38
1328.9 , 842.74
1312.6 , 829.62
1295.65 , 818.19
1278.12 , 808.39
1259.88 , 800.62
1240.02 , 796.37
1218.22 , 796.09
1198.7 , 801.15
1180.57 , 809.38
1164.51 , 823.22
1151.6 , 839.62
1167.77 , 853.29
1184.82 , 864.35
1203.15 , 871.85
1222.65 , 876.86
1243.6 , 878.87
1264.4 , 876.62
1284.97 , 873.87
1304.95 , 869.87
1323.1 , 861.82
1733.45 , 744.07
1760.28 , 721
1789.95 , 705.57
1820.88 , 694.1
1853.7 , 686.32
1888.08 , 681.85
1923.15 , 678.84
1957.78 , 682.32
1987.55 , 697.41
2009 , 724.39
2017.95 , 756.72
2018.45 , 793.04
1999.87 , 768.47
1971.18 , 750.55
1937.8 , 744.04
1902.35 , 746.3
1867.25 , 749.33
1833.4 , 754.86
1799.38 , 760.07
1763.12 , 759.5
1437.7 , 713.79
1402.62 , 680.95
1364 , 658.1
1323.8 , 639.4
1282.02 , 625.44
1235.7 , 620.44
1187.42 , 621.44
1141.95 , 628.16
1100.4 , 642.68
1062.1 , 666.44
1029.85 , 701.69
1076.42 , 706.19
1121.42 , 698.45
1167.02 , 691.94
1215.05 , 690.44
1260.17 , 697.93
1301.85 , 712.19
1342.95 , 728.03
1383.42 , 745.75
1427 , 756.6
