268625316_1
205.75 , 385.17
206.49 , 396.31
207.36 , 408.73
208.1 , 421.07
209.59 , 433.33
212.12 , 444.41
215.92 , 456.24
219.94 , 467.94
223.31 , 479.64
227.3 , 490.81
232.09 , 501.68
238.19 , 511.9
246.72 , 521.62
256.12 , 528.53
265.35 , 535.74
274.61 , 543.71
284.15 , 551.37
294.7 , 557.85
305.59 , 562.56
316.96 , 565.91
329.99 , 567.46
341.2 , 567.82
353.16 , 566.08
365.29 , 563.01
377.28 , 558.88
387.31 , 553.59
396.66 , 545.68
405.53 , 536.96
413.28 , 528.6
421.46 , 519.3
429.28 , 509.9
436.46 , 500.08
443.02 , 489.64
448.82 , 478.61
453.6 , 468.36
458.43 , 456.87
463.1 , 445.18
467.24 , 434.69
471.43 , 423.33
474.25 , 411.3
474.85 , 398.45
322.18 , 380.81
314.92 , 386.82
308.84 , 393.69
304.55 , 401.6
305.47 , 411.44
311.71 , 417.84
320.44 , 421.74
329.55 , 424.55
339.05 , 427.12
348.53 , 427.69
358.3 , 428.26
366.75 , 426.12
374.49 , 420.62
376.19 , 411.32
372.98 , 402.31
368.74 , 394.02
364.32 , 384.86
275.21 , 453.31
284.96 , 452.56
294.73 , 451.81
304.51 , 451.06
314.51 , 451.31
323.56 , 453.55
332.83 , 455.3
342.36 , 456.56
351.63 , 458.31
361.06 , 459.81
370.46 , 461.31
379.51 , 463.56
387.99 , 467.07
386.08 , 475.94
380.96 , 483.81
374.36 , 491.18
366.53 , 496.55
358.06 , 500.06
348.88 , 502.06
338.76 , 502.05
329.49 , 500.31
320.21 , 498.56
311.56 , 495.57
303.28 , 491.4
295.93 , 484.79
289.14 , 477.49
283.26 , 469.86
278.7 , 461.74
283.71 , 455.56
291.11 , 456.32
297.88 , 458.33
305.41 , 458.81
312.38 , 460.49
318.98 , 462.83
325.94 , 464.55
333.13 , 465.74
340.51 , 466.58
348.03 , 467.06
355.66 , 467.31
363.19 , 467.8
370.61 , 468.55
378.36 , 468.56
378.59 , 473.43
371.99 , 475.79
365.08 , 477.57
357.94 , 478.81
350.41 , 479.31
342.66 , 479.27
335.24 , 478.56
327.88 , 477.74
320.61 , 476.71
313.61 , 475.03
306.81 , 473.15
300.41 , 470.04
294.36 , 466.2
288.66 , 461.26
381.6 , 343.66
384.26 , 338.49
389 , 334.52
394.05 , 331.45
399.3 , 328.9
405.1 , 327.66
411.4 , 327.91
417.18 , 329.14
422.35 , 331.91
427.13 , 335.68
430.76 , 340.54
432.33 , 346.19
427.25 , 349.17
421.73 , 350.9
415.8 , 351.91
409.53 , 352.16
403.5 , 351.43
397.95 , 349.63
392.68 , 347.14
387.25 , 345.19
311.54 , 336.49
311.39 , 331.22
307.85 , 327.19
303.47 , 324.56
298.95 , 322.29
294.05 , 321.01
288.77 , 320.5
283.6 , 321.24
278.92 , 323.01
274.4 , 325.25
270.43 , 328.98
267.65 , 333.25
272.1 , 335.68
276.47 , 338.26
281.07 , 340.27
286.1 , 341.25
291.52 , 341
296.8 , 340.5
301.97 , 339.75
307 , 338.77
375.75 , 311.6
381.26 , 303.07
390.88 , 300.23
401.02 , 298.58
411.35 , 297.25
422.15 , 296.85
432.75 , 297.6
442.5 , 300.1
451.62 , 304.22
459.85 , 310.69
465.48 , 319.05
462.13 , 325.22
453.9 , 318.76
444.73 , 314.83
435.05 , 312.14
424.7 , 310.85
413.75 , 310.85
403.57 , 312.53
394.23 , 315.85
384.23 , 317.34
329.97 , 307.43
321.57 , 299.77
312.2 , 294.73
302.32 , 291.2
291.93 , 288.71
280.9 , 287.46
269.65 , 286.71
258.27 , 287.21
247.78 , 289.45
237.9 , 293.05
229 , 299.21
237.15 , 307.21
248.65 , 307.49
259.27 , 305.46
270.9 , 305.46
282.02 , 306.46
292.93 , 307.96
303.68 , 309.71
314.2 , 311.96
324 , 315.71
