2687936736_1
541.68 , 670.67
533.29 , 690.9
525.6 , 711.25
519.61 , 733.81
514.93 , 755.82
514.26 , 780.27
514.41 , 802.79
514.86 , 825.12
516.29 , 847.34
518.89 , 871.89
523.35 , 893.7
529.32 , 914.66
536.81 , 936.76
546.9 , 957.37
558.73 , 976.25
573.62 , 994.99
591.92 , 1008.77
613.63 , 1016.84
634.12 , 1021.39
657.64 , 1023.37
681.35 , 1023.61
703.14 , 1023.12
727.05 , 1021.28
750.11 , 1018.84
771.08 , 1016.4
795.32 , 1013.42
815.84 , 1008.2
836.78 , 999.68
858.76 , 987.81
877.75 , 976.53
897.72 , 964.65
915.5 , 953.03
932.51 , 938.16
950.13 , 920.91
965.51 , 906.25
983.58 , 890.32
996.62 , 870.64
1006.8 , 852.07
1014.91 , 831
1018.58 , 806.51
1018.6 , 783.5
624.05 , 667.34
617.36 , 682.82
610.76 , 700.31
605.03 , 718.37
607.53 , 737.41
620.63 , 749.42
636.09 , 759.41
654.71 , 762.62
672.41 , 763.99
692.03 , 764.95
709.43 , 764.43
727.9 , 761.05
739.29 , 746
738.85 , 728.6
730.49 , 711.68
720.98 , 696
712.42 , 678.15
590.8 , 836.48
601.32 , 823.45
615.62 , 816.22
631.07 , 811.98
648 , 813.24
663.57 , 817.23
680.25 , 818.98
696.55 , 821.48
710.92 , 828.45
725.75 , 834
741.05 , 838.48
756.32 , 842.97
770.7 , 849.98
782.74 , 862.4
776.76 , 877.06
766.23 , 890.07
752.3 , 898.23
736.85 , 902.49
720.55 , 904.98
703.4 , 905.73
686.12 , 906.23
669.22 , 904.98
652.92 , 902.47
637.62 , 897.99
623.32 , 890.76
610.27 , 880.21
600.84 , 866.78
594.55 , 852.21
614.3 , 850.48
622.05 , 840.73
634.27 , 838.98
647.35 , 838.98
659.45 , 840.98
671.8 , 842.48
684.38 , 843.48
696.72 , 844.98
709.07 , 846.48
721.17 , 848.47
732.92 , 851.25
744.62 , 854.05
755.85 , 857.77
766.62 , 862.79
774.63 , 871.67
764.05 , 877.23
752.47 , 880.3
740.22 , 881.98
727.27 , 882.23
714.45 , 881.73
701.38 , 881.73
688.3 , 881.73
675.6 , 880.97
663.45 , 879.14
652.2 , 875.51
641 , 871.75
630.07 , 867.24
619.71 , 861.15
777.45 , 629.71
786.28 , 624.45
795.73 , 620.95
805.83 , 618.72
816.62 , 617.96
827.33 , 618.96
837.43 , 621.21
846.9 , 624.68
855.75 , 629.97
863.9 , 637.16
870.51 , 645.56
866.05 , 653.96
855.1 , 654.46
844.05 , 654.24
833.8 , 652.31
824.1 , 649.36
814.58 , 645.99
805.43 , 641.44
796.2 , 637.21
786.65 , 633.98
657.68 , 615.28
658.81 , 606.86
653.73 , 600.05
646.98 , 594.8
639.68 , 591.01
631.38 , 589.63
622.51 , 589.38
613.91 , 590.13
606.26 , 592.89
599.19 , 597.23
594.68 , 604.25
591.31 , 611.63
595.06 , 618.88
601.93 , 623.76
609.48 , 626.81
618.16 , 627.38
627.03 , 627.13
635.53 , 626.13
643.66 , 624.38
651.23 , 621.45
732.4 , 563.28
744.22 , 539.94
766.07 , 524.09
790.05 , 514.38
816.38 , 509.55
844.02 , 511.53
870.3 , 516.43
892.85 , 530.24
912.25 , 550.63
927.72 , 572.58
940.14 , 595.7
949.62 , 619
928.95 , 599.83
909.25 , 579.38
888.92 , 559.29
865.1 , 549.04
838.27 , 545.28
811.67 , 549.53
785.2 , 554.04
759 , 559.05
678.65 , 542.23
670.42 , 531.77
659.87 , 523.44
648.35 , 517.64
636 , 514.15
622.5 , 512.9
609.17 , 514.55
596.97 , 518.41
585.62 , 524.6
576.73 , 534.98
569.57 , 545.9
580.62 , 552.08
591.2 , 543.75
602.57 , 537.65
615.35 , 534.9
629.32 , 535.15
641.89 , 538.43
653.52 , 543.86
664.82 , 550.15
676.36 , 554.6
