2688246368_1
802.46 , 870.62
790.96 , 904.84
777.81 , 942.54
768.07 , 981.63
761.28 , 1022.19
757.57 , 1060.13
754.85 , 1098.78
754.15 , 1137.54
758.57 , 1178.3
763.65 , 1215.45
769.6 , 1256.29
777.18 , 1295.18
784.95 , 1332.11
797.8 , 1368.25
817.79 , 1403.19
837.31 , 1436.7
858.21 , 1472.98
880.23 , 1504.99
901.43 , 1536.53
926.82 , 1569.89
959.62 , 1588.04
995.86 , 1604.24
1036.01 , 1605.34
1075.42 , 1601.94
1112.23 , 1593.77
1147.11 , 1579.07
1181.6 , 1554.26
1208.05 , 1525.43
1235.79 , 1496.55
1262.7 , 1470.88
1292.48 , 1442.8
1319.01 , 1416.5
1345.96 , 1387.26
1369.44 , 1356.21
1389.83 , 1323.93
1411.17 , 1286.63
1429.05 , 1251.51
1446.58 , 1215.96
1464.36 , 1182.22
1482.27 , 1148
1500.77 , 1110.63
1118.57 , 1059.5
1099.86 , 1081.17
1080.08 , 1101.98
1066.59 , 1127.61
1067.15 , 1155.83
1090.78 , 1174.87
1110.59 , 1194.1
1131.54 , 1216.93
1156.89 , 1229.57
1186.12 , 1226.77
1215 , 1220
1244.17 , 1211.17
1265.15 , 1193.81
1264 , 1163.5
1254.7 , 1134.8
1247.23 , 1106.89
1234.38 , 1079.75
950.17 , 1259.46
972.7 , 1236.11
1004.35 , 1242.65
1033.57 , 1254.38
1062.74 , 1266.32
1092.49 , 1276.57
1122.05 , 1287.35
1151.57 , 1298.36
1183.07 , 1305.36
1216.82 , 1307.59
1250.94 , 1309.09
1280.33 , 1315.76
1264.77 , 1343.74
1244.26 , 1369.86
1223.83 , 1396.04
1201.02 , 1421.34
1175.85 , 1444.58
1149.19 , 1463.65
1120.07 , 1475.8
1088.85 , 1483.34
1055.3 , 1480.61
1027.07 , 1465.64
1003.89 , 1440.46
983.78 , 1414.16
968.37 , 1386.19
957.02 , 1356.79
949.48 , 1325.54
946.02 , 1292.34
976.72 , 1262.57
1000.22 , 1268.08
1021.57 , 1278.85
1043.07 , 1289.1
1064.72 , 1298.79
1086.82 , 1307.07
1108.94 , 1315.36
1131.67 , 1322.24
1155.82 , 1326.34
1181.02 , 1328.34
1205.94 , 1330.85
1227.84 , 1335.27
1214.52 , 1355.59
1195.94 , 1373.91
1176.37 , 1389.33
1156.22 , 1403.13
1135.37 , 1415.08
1113.89 , 1425.46
1091.42 , 1432.84
1066.24 , 1434.34
1042.27 , 1429.84
1021.02 , 1418.84
1002.73 , 1400.74
994.03 , 1378.76
987.3 , 1355.94
981.02 , 1332.84
975.17 , 1309.49
971.52 , 1285.09
1279.85 , 1006.92
1292.05 , 997.99
1304.5 , 989.76
1318.05 , 984.46
1332.52 , 981.15
1348.35 , 980.67
1363.32 , 982.93
1377.25 , 987.14
1390.7 , 992.67
1403.55 , 999.91
1415.18 , 1010.49
1411.43 , 1023.85
1396.62 , 1026.42
1381.65 , 1028.67
1365.57 , 1028.67
1350.52 , 1026.6
1336.02 , 1023.35
1321.77 , 1019.6
1307.75 , 1015.45
1293.8 , 1011.19
1088.12 , 947.3
1082.67 , 937.1
1074.27 , 928.04
1064.52 , 921.46
1054.19 , 916.31
1043.3 , 912.8
1031.99 , 910.04
1020.32 , 908.05
1008.07 , 907.3
996.57 , 909.6
986.62 , 915.55
994.45 , 924.87
1003.44 , 933.62
1013.25 , 940.14
1023.5 , 945.42
1034.14 , 949.56
1045.55 , 952.07
1057.44 , 953.54
1069.1 , 955.55
1081.25 , 956.54
1294.05 , 964.76
1313.42 , 945.14
1335.6 , 932.72
1359.1 , 924.22
1383.65 , 917.67
1407.62 , 910.19
1430.8 , 900.76
1457.28 , 898.26
1480.9 , 906.48
1501.45 , 923.39
1514.05 , 945.51
1517.55 , 971.51
1492.57 , 975.52
1470.4 , 963.11
1446.25 , 955.97
1420.85 , 951.26
1393.15 , 951.27
1367.53 , 955.51
1342.6 , 961.24
1319.17 , 970
1124.3 , 924.42
1121.66 , 898.06
1104.85 , 875.24
1083.75 , 854.12
1061.72 , 835.11
1038.39 , 819.8
1013.3 , 809.43
985.5 , 804.86
955.87 , 805.71
929.6 , 813.37
906.44 , 829.14
893.47 , 853.36
915.17 , 873.33
944.57 , 872.11
971.7 , 866.11
999.52 , 870.6
1025.2 , 879.35
1050.67 , 888.63
1075.62 , 899.52
1099.02 , 914.64
