2690491397_1
342.88 , 774.27
346.54 , 793.42
353.16 , 815.83
360.22 , 835.99
367.55 , 855.75
376.13 , 874.98
385.04 , 894.05
394.34 , 912.68
405.95 , 932.46
417.83 , 949.61
431.6 , 964.89
447.75 , 978.99
465.72 , 992.8
483.01 , 1003.78
503.04 , 1014.23
521.93 , 1021.65
543.13 , 1028.77
564.68 , 1034.39
585.84 , 1037.75
605.53 , 1038.96
626.81 , 1037.59
647.83 , 1033.24
669.85 , 1026.73
688.91 , 1018.04
707.29 , 1006.67
724.68 , 993.9
740.73 , 979.97
755.43 , 964.68
769.07 , 948.19
782.01 , 931.02
793.75 , 912.55
802.15 , 892.58
807.16 , 871.99
810.7 , 850.38
812.42 , 830.85
813.59 , 809.05
814.58 , 787.19
815.72 , 765.41
817.1 , 743.36
817.95 , 722.15
817.2 , 700.23
550.3 , 738.35
543.71 , 751.95
541.28 , 766.79
543.46 , 782.79
551.81 , 794.89
566.64 , 800.52
582.21 , 800.87
598.26 , 797.02
612.8 , 792.52
628.86 , 789.67
643.26 , 787.56
658.19 , 782.42
665.64 , 769.38
664.94 , 752.88
660.38 , 739.06
650.07 , 727.21
637.86 , 715.4
535.38 , 891.19
541.96 , 878.87
551.88 , 867.69
562.83 , 857.24
574.11 , 847.72
586.33 , 840.73
601.38 , 840.19
616.56 , 839.94
630.53 , 837.19
644.98 , 835.42
658.63 , 838.94
671.21 , 845
683.63 , 851.44
695.5 , 859.3
704.13 , 870.94
693.51 , 881.79
686.53 , 894.04
677.56 , 905.53
665.4 , 912.67
652.36 , 917.19
637.88 , 918.94
623.43 , 920.69
609.2 , 922.94
594.88 , 924.94
580.06 , 923.96
566.56 , 920.21
554.08 , 913.88
543.44 , 902.99
549.88 , 895.94
558.11 , 888.22
566.96 , 882.14
575.78 , 876.07
584.86 , 870.7
594.28 , 866.29
604.55 , 863.76
615.63 , 862.94
626.86 , 862.44
637.61 , 860.96
648.81 , 860.44
659.9 , 861.19
670.81 , 862.37
681.38 , 864.19
691.06 , 867.91
684.43 , 874.15
674.93 , 878.4
665.5 , 882.94
655.5 , 885.96
645.2 , 888.37
634.86 , 890.7
624.61 , 893.18
613.98 , 894.94
603 , 895.95
592.38 , 897.69
581.4 , 898.69
570.68 , 900.19
559.7 , 899.22
649.25 , 638.69
651.25 , 629.44
657.43 , 621.95
665.38 , 616.81
673.83 , 612.87
682.73 , 610.2
691.98 , 608.19
701.95 , 607.67
710.98 , 610.18
719.3 , 614.49
726.72 , 621.17
732.5 , 628.69
724.35 , 633.38
715.95 , 637.42
706.8 , 639.69
697.17 , 640.94
687.33 , 641.69
677.35 , 642.19
667.25 , 642.44
657.27 , 642.94
518.45 , 663.77
513.48 , 654.92
503.58 , 650.75
493.45 , 647.27
482.88 , 644.5
471.85 , 642.74
460.1 , 642.99
449.05 , 644.74
439.1 , 648.73
429.88 , 654.9
422.4 , 663.62
419.3 , 673.99
429.95 , 676.23
441.58 , 676.74
453.1 , 675.99
464.12 , 674.25
474.95 , 672.09
485.75 , 669.78
496.62 , 667.71
507.78 , 666.23
631.73 , 568.11
638.76 , 554.34
651.03 , 543.05
665.08 , 536.77
680.28 , 533.07
696.43 , 531.35
713.03 , 532.11
728.78 , 534.61
743.78 , 538.65
757.43 , 546.09
769.96 , 556.58
764.88 , 567.58
750.48 , 562.36
736.13 , 556.88
720.65 , 553.79
704.25 , 552.61
687.4 , 552.85
672.75 , 557.58
659.78 , 566.82
645.9 , 573.54
507.65 , 574.29
493.28 , 565.78
476.8 , 562.27
459.03 , 563.01
442.58 , 566.51
427.25 , 572.36
412.83 , 580.78
399.2 , 591.42
386.1 , 603.52
375.29 , 617.07
366.35 , 631.27
380.85 , 623.02
394.28 , 611.84
407.83 , 601.05
422.25 , 592.61
438.18 , 588.03
455.48 , 586.24
473.12 , 587.27
489.7 , 590.53
507.62 , 590.52
