2692234417_1
720 , 780.25
721.58 , 802.15
725.57 , 827.32
728.6 , 849.75
735.86 , 873.2
742.88 , 896.61
750.94 , 920.65
760.45 , 941.38
770.94 , 963.8
783.3 , 985.09
796.43 , 1003.68
813.08 , 1021.05
831.6 , 1037.86
852.17 , 1050.34
874.52 , 1059.8
898.05 , 1067.59
920.5 , 1072.8
943 , 1078.68
966.83 , 1085.02
990.74 , 1087.2
1015.98 , 1083.5
1038.11 , 1080.29
1063.55 , 1079.39
1086.61 , 1073.77
1109.32 , 1067.42
1131.66 , 1059.12
1153.95 , 1047.87
1175.53 , 1034.65
1193.62 , 1018.83
1208.3 , 1002.63
1225.16 , 982.74
1237.63 , 962.68
1248.22 , 942.17
1259.69 , 919.69
1271.75 , 899.09
1283.81 , 878.4
1293.14 , 855.54
1299.04 , 833.16
1304.4 , 808.25
1306.78 , 786.04
1310.7 , 760.05
914.4 , 709.6
907.25 , 727.27
899.5 , 745.65
903.04 , 765.07
920.18 , 770.53
941.76 , 771.62
960.56 , 778.4
979.21 , 778.2
999.61 , 773.31
1018.82 , 770.39
1038.53 , 766.81
1057.21 , 758.57
1072.62 , 746.85
1081.53 , 728.98
1076.78 , 710.46
1065.32 , 693.84
1047.15 , 684.1
887.26 , 875.64
901.63 , 862.52
917.31 , 853.1
934.06 , 846.62
951.21 , 841.18
969.84 , 838.65
989.34 , 837.89
1007.41 , 834.23
1024.93 , 829.41
1043.71 , 827.13
1063.46 , 827.39
1082.46 , 829.14
1100.88 , 832.11
1118.61 , 836.64
1119.26 , 855.14
1104.66 , 867.71
1089.96 , 879.94
1074.78 , 890.87
1059.03 , 900.13
1042.49 , 907.15
1024.78 , 911.64
1006.38 , 914.64
987.59 , 916.89
967.99 , 917.37
949.96 , 913.6
933.03 , 907.66
916.43 , 900.83
901.31 , 889.7
898.51 , 875.39
914.91 , 874.39
931.21 , 875.64
947.26 , 873.89
963.41 , 872.39
980.06 , 871.89
996.36 , 870.64
1012.53 , 869.14
1027.98 , 866.14
1043.66 , 863.67
1059.46 , 861.38
1075.51 , 859.64
1091.21 , 857.14
1105.66 , 852.23
1119.7 , 846.75
1105.79 , 853.4
1090.99 , 857.63
1075.66 , 860.88
1059.74 , 862.89
1044.06 , 865.4
1028.34 , 867.82
1012.31 , 869.64
995.91 , 870.62
979.86 , 872.39
963.43 , 873.39
946.91 , 874.15
931.24 , 876.64
914.56 , 877.14
1052.55 , 602.28
1060.65 , 593.18
1069.62 , 584.69
1079.27 , 578.06
1089.47 , 572.85
1100.05 , 568.78
1111.35 , 566.29
1123.75 , 566.03
1134.95 , 568.8
1145.4 , 573.29
1155.14 , 579.58
1157.5 , 590.57
1147.22 , 595.51
1136.45 , 599.03
1125.03 , 601.28
1113.1 , 602.53
1100.83 , 603.03
1088.8 , 602.03
1076.88 , 600.78
1064.6 , 601.28
888.32 , 612.1
881.17 , 606.29
873.15 , 602.76
864.47 , 600.79
855.17 , 600.03
846.38 , 601.78
838.1 , 604.55
830.17 , 608.28
822.38 , 612.44
815.4 , 618.9
812.3 , 627.03
819 , 633.75
827.57 , 636.04
836.95 , 636.53
846.6 , 636.53
855.65 , 635.28
864.45 , 633.51
873.02 , 631.29
880.95 , 627.4
888.17 , 621.67
1005 , 535.43
1009.38 , 511.75
1030 , 499.93
1052.2 , 492.67
1075.6 , 487.65
1099.6 , 483.94
1125.05 , 483.18
1149.9 , 485.18
1173.33 , 490.17
1194.97 , 498.94
1214.9 , 512.56
1219.35 , 534.43
1194.25 , 535.43
1170.38 , 531.46
1145.88 , 528.68
1120.05 , 528.66
1095.62 , 531.55
1072.2 , 536.47
1049.53 , 542.93
1025.6 , 546.52
926.26 , 542.2
906.59 , 531.77
885.71 , 524.89
862.74 , 522.04
838.88 , 521.03
815.86 , 523.79
794.06 , 529.05
773.66 , 537.28
755.17 , 550.99
740.71 , 569.16
729.61 , 588.54
751.16 , 593.78
770.74 , 583.13
790.49 , 572.76
812.51 , 568.05
835.88 , 566.04
859.61 , 564.79
883.24 , 566.29
906.46 , 568.54
928.71 , 564.2
