2692799934_1
1089.16 , 1162.22
1098.75 , 1205
1109.23 , 1252.44
1122.81 , 1299.54
1138.27 , 1341.22
1158.81 , 1387.3
1178.86 , 1428.24
1201.7 , 1471.71
1226.75 , 1514.15
1251.45 , 1555.14
1278.4 , 1592.51
1308.13 , 1627.04
1344.88 , 1658.48
1386.74 , 1683.58
1430.55 , 1705.42
1470.89 , 1723.52
1516.51 , 1741.89
1563.61 , 1757.45
1607.04 , 1769.17
1654.83 , 1782.4
1698.64 , 1791.68
1747.06 , 1797.3
1795.79 , 1796.9
1843.36 , 1787.78
1883.05 , 1769.3
1922.76 , 1741.07
1957.98 , 1707.66
1986.69 , 1668.52
2008.74 , 1629.93
2029.88 , 1586.29
2048.81 , 1540.7
2067.66 , 1496.95
2086.91 , 1454.2
2104.97 , 1410.24
2119.09 , 1365.39
2127.66 , 1318.91
2132.97 , 1271.78
2138.12 , 1224.7
2145.32 , 1177.91
2154.95 , 1131.53
2165.23 , 1080.55
1672 , 1088.49
1651.48 , 1117.25
1634.25 , 1152.12
1631.87 , 1189
1648.04 , 1222.9
1679.72 , 1242.7
1718.01 , 1257.62
1755.25 , 1264.58
1792.85 , 1267.45
1830.03 , 1267.82
1868.28 , 1257.17
1898.68 , 1237.85
1925.44 , 1209.12
1932.6 , 1173.71
1919.06 , 1136.27
1902.68 , 1103.69
1878.61 , 1070.61
1530.42 , 1380.16
1561.92 , 1366.91
1598.17 , 1363.66
1635.05 , 1361.66
1672.64 , 1361.16
1709.97 , 1360.16
1747.45 , 1359.41
1782.12 , 1365.92
1819.22 , 1364.41
1852.87 , 1355.7
1889 , 1352.16
1925.47 , 1349.41
1955.95 , 1365.09
1950.69 , 1400.39
1939.66 , 1432.74
1923.3 , 1463.29
1895.97 , 1488.4
1866.2 , 1506.64
1834.2 , 1518.65
1799.39 , 1524.91
1762.3 , 1526.41
1726.42 , 1522.41
1693.39 , 1512.64
1661.8 , 1499.53
1631.77 , 1481.98
1602.87 , 1461.1
1575.27 , 1436.76
1550.73 , 1409.21
1563.67 , 1388.16
1592.32 , 1389.91
1621.12 , 1388.41
1649.67 , 1386.41
1679.05 , 1386.16
1708.1 , 1387.16
1736.27 , 1389.91
1764.12 , 1393.37
1793.12 , 1392.91
1820.32 , 1388.19
1847.14 , 1382.66
1874.37 , 1377.91
1901.35 , 1372.73
1920.32 , 1378.51
1900.67 , 1399.81
1884.48 , 1422.36
1864.5 , 1442.56
1841.32 , 1456.94
1816.17 , 1465.91
1789.2 , 1471.14
1760.89 , 1473.16
1732.6 , 1470.63
1707.3 , 1462.16
1682.95 , 1450.93
1658.55 , 1439.78
1633.85 , 1429.65
1609.35 , 1418.89
1586.02 , 1404.92
1881.35 , 899.51
1894.33 , 882.53
1910.55 , 867.32
1927.8 , 855.08
1945.92 , 845.2
1964.97 , 837.99
1985.82 , 834.51
2007.62 , 833.01
2029.07 , 835.26
2048.65 , 841.27
2065.55 , 854.45
2068.91 , 875.2
2051.82 , 888.03
2033.32 , 897.01
2012.47 , 900.51
1990.17 , 901.01
1967.9 , 901.51
1945.6 , 902.01
1923.3 , 902.51
1901.6 , 904.26
1566.52 , 902.71
1551.66 , 889.37
1534.84 , 881.41
1516.32 , 877.39
1496.12 , 877.89
1476.64 , 879.89
1458.34 , 884.37
1441.04 , 890.8
1424.64 , 899.95
1409.52 , 912.56
1394.94 , 926.64
1411.47 , 935.4
1429.07 , 941.16
1448.54 , 943.14
1468.49 , 942.14
1487.84 , 939.89
1506.59 , 936.37
1524.89 , 931.88
1543.12 , 927.21
1560.08 , 919.74
1859.93 , 763.36
1878.88 , 737.66
1904.4 , 718.62
1933.18 , 708.36
1965.28 , 704.76
1998.93 , 704.36
2032.18 , 703.11
2065.18 , 704.36
2093.86 , 715.85
2115.56 , 738.49
2128.91 , 766.18
2114.17 , 780.31
2090.26 , 758.93
2060.88 , 749.61
2027.26 , 750.11
1995.23 , 753.86
1964.88 , 761.14
1936.36 , 772.12
1908.28 , 784.6
1877.75 , 789.46
1681.85 , 805.3
1678.02 , 753.54
1634.32 , 731.04
1584.85 , 722.3
1531.82 , 720.8
1479.05 , 722.79
1429.4 , 731.26
1383.4 , 746.76
1340.42 , 770.98
1301.03 , 805.13
1268.54 , 845.1
1246.1 , 888.8
1298.4 , 890.24
1339.45 , 860.7
1380.25 , 830.39
1424.8 , 810.32
1475.75 , 804.55
1528.05 , 801.55
1580.7 , 803.78
1631.05 , 810.8
