2697871888_1
385.5 , 365.94
383.25 , 379.53
381.4 , 393.16
379.48 , 406.76
377.84 , 421.34
376.62 , 434.59
375.68 , 449.11
375.44 , 463.68
376.63 , 478.03
378.77 , 491.48
381.78 , 505.58
387.48 , 518.63
394.6 , 530.96
401.34 , 542.17
408.62 , 555.14
415.75 , 566.6
424.45 , 577.72
435.77 , 586.52
448.53 , 592.82
461.89 , 596.72
476.49 , 598.65
490.36 , 599.23
503.85 , 600.07
518.82 , 598.85
531.84 , 595.23
545.67 , 591.77
558.55 , 585.78
570.13 , 579.06
582.75 , 571.85
594.47 , 564.45
606.12 , 555.62
616.36 , 545.9
625.88 , 535.71
635.41 , 526.18
644.8 , 513.97
651.72 , 502.99
660.9 , 490.77
669.35 , 479.78
678.16 , 468.33
684.39 , 456.13
689.04 , 442.35
467.03 , 368.67
458.97 , 376.07
450.01 , 384.29
445.44 , 395.19
450.05 , 406.25
458.51 , 416.07
466.55 , 424.1
476.34 , 431.97
488 , 435.05
499.51 , 436.08
511.14 , 434.58
523.89 , 432.38
534.63 , 429.39
545.29 , 422.15
548.26 , 411.36
545.22 , 400.08
540.26 , 387.9
425.5 , 454.12
436.77 , 454.62
447.48 , 452.87
458.52 , 453.87
468.43 , 457.14
478 , 461.37
488.43 , 463.63
498.68 , 466.3
508.18 , 470.8
518.1 , 473.97
528.33 , 476.69
537.88 , 480.99
547.42 , 485.3
546.62 , 495.99
538.17 , 503.42
529.38 , 509.75
519.8 , 514.1
509.45 , 516.62
498.4 , 517.62
486.88 , 517.62
475.88 , 516.49
465.68 , 513.8
456.3 , 508.92
447.88 , 501.5
440.8 , 492.94
435.99 , 483.55
432.27 , 473.82
428.78 , 464.02
429.5 , 454.62
437.68 , 458.14
445.93 , 461.64
454 , 465.62
462.18 , 469.3
470.57 , 472.39
479.43 , 474.55
488.32 , 476.65
497.35 , 478.4
506.43 , 480.05
515.8 , 481.11
525.3 , 481.87
534.73 , 482.87
543.35 , 485.34
541.6 , 493.4
533.17 , 496.39
524.15 , 498.13
514.73 , 499.12
505.23 , 499.87
495.45 , 499.62
485.88 , 498.99
476.93 , 497.05
468.65 , 493.61
460.85 , 488.94
453.32 , 483.44
446.06 , 477.17
440.18 , 469.8
434.47 , 462.35
563.06 , 339.7
567.63 , 336.69
572.68 , 334.93
578.46 , 334.7
584.01 , 335.45
589.33 , 336.7
594.23 , 338.89
599.01 , 341.45
603.53 , 344.69
607.71 , 348.85
611.53 , 353.18
608.33 , 357.2
602.53 , 357.45
596.86 , 356.94
591.41 , 356.04
586.13 , 354.73
581.01 , 353.15
576.23 , 350.6
571.71 , 347.35
567.31 , 343.7
472.91 , 313.98
471.49 , 310.11
468.77 , 306.66
465.5 , 303.39
461.88 , 301.14
457.98 , 299.64
453.73 , 298.89
449.23 , 298.64
444.6 , 298.64
440.45 , 299.68
436.75 , 301.64
438 , 305.61
440.7 , 309.09
444.1 , 312.01
447.88 , 313.89
451.77 , 315.39
456.02 , 316.14
460.43 , 316.64
464.93 , 316.89
469.43 , 316.66
543.1 , 295.31
555.05 , 291.35
567.95 , 293.59
581.08 , 295.32
593.62 , 298.33
606.05 , 301.54
618.6 , 304.56
630.12 , 310.07
638.32 , 320.26
645.6 , 331.06
650.72 , 342.68
639.25 , 344.8
627.83 , 339.04
616.28 , 333.78
604.38 , 329.57
592.58 , 325.05
580.48 , 321.3
567.45 , 319.34
554.75 , 316.71
544.11 , 308.84
494.84 , 291.53
491.9 , 283.26
485.58 , 276.12
478.22 , 270.48
470.22 , 266.51
461.88 , 263.7
453.32 , 261.2
443.9 , 260.44
434.8 , 261.79
426.88 , 265.97
421.06 , 273.26
416.4 , 280.94
423.72 , 286.71
432.9 , 287.94
442.55 , 287.69
451.82 , 286.69
461.47 , 286.92
469.77 , 289.91
477.77 , 293.97
486.8 , 295.43
