2699413804_1
330.28 , 438.14
331.62 , 452.16
333.98 , 466.03
338.36 , 480.07
343.99 , 494.4
348.15 , 507.49
353.07 , 521.66
358 , 534.79
363.92 , 547.92
371.03 , 560.6
378.7 , 573.7
386.76 , 585.63
396.49 , 597.25
406.54 , 606.84
418.48 , 615.64
430.71 , 623.12
443.67 , 630.32
456.03 , 637
468.96 , 643.78
483.42 , 649.43
496.81 , 652.57
511.4 , 654.25
526.29 , 654.57
541.32 , 653.09
555.08 , 650.15
568.89 , 646.34
581.12 , 639.8
594.49 , 631.03
605.18 , 623.11
613.44 , 609.92
621.15 , 598.69
630.19 , 586.13
635.57 , 573.69
642.39 , 559.77
648.4 , 547.36
652.98 , 532.99
657.93 , 519.5
661.33 , 504.51
663.01 , 491.28
664.13 , 476.91
665.69 , 460.94
519.06 , 429.47
511.93 , 436.92
505.3 , 444.75
499.85 , 454.4
499.85 , 464.9
506.87 , 473.43
517.44 , 476.3
527.44 , 478.44
539 , 478.99
549.39 , 478.86
560.16 , 478.36
569.96 , 474.93
579.07 , 468.67
580.81 , 458.62
576.95 , 447.85
572.97 , 438.2
568.99 , 427.45
484.44 , 548.19
489.57 , 538.79
497.67 , 530.46
506.09 , 522.54
514.72 , 515.16
523.99 , 509.68
534.39 , 506.93
545.51 , 508.17
555.91 , 510.94
567.37 , 510.41
576.53 , 516.27
583.16 , 525.16
588.66 , 534.41
593.67 , 543.91
598.21 , 553.59
600.68 , 564.09
596.44 , 573.84
587.89 , 581.2
578.29 , 585.97
567.79 , 588.43
556.69 , 589.69
545.44 , 588.69
534.47 , 587.19
524.37 , 583.96
514.64 , 579.65
505.64 , 573.39
496.97 , 566.21
489.6 , 557.62
488.94 , 548.19
495.89 , 543.51
502.99 , 539.12
510.12 , 534.79
517.09 , 530.03
524.59 , 526.67
533.01 , 525.44
541.69 , 526.19
550.37 , 526.94
559.26 , 526.69
566.79 , 529.95
573.69 , 534.94
580.09 , 541.34
586.67 , 547.17
592.88 , 553.62
594.64 , 561.78
587.54 , 566.21
578.99 , 567.19
570.32 , 566.44
561.29 , 566.44
552.37 , 566.69
543.82 , 565.68
535.51 , 564.18
527.19 , 562.69
519.41 , 560.2
511.74 , 557.42
503.79 , 555.2
496.41 , 551.43
579.54 , 388.58
581.51 , 382.6
585.51 , 377.35
590.62 , 372.99
596.16 , 369.8
602.39 , 368.33
609.09 , 368.82
615.04 , 370.83
620.62 , 373.91
625.73 , 378.28
629.54 , 383.58
632.44 , 389.23
630.97 , 395.35
624.49 , 396.33
617.56 , 396.33
610.84 , 395.83
604.26 , 395.08
597.56 , 394.58
590.99 , 393.83
584.51 , 392.82
482.26 , 384.15
481.37 , 377.39
477.21 , 371.73
471.76 , 367.01
465.84 , 363.65
459.41 , 361.66
452.34 , 362.4
445.76 , 364.13
439.62 , 366.93
433.79 , 370.52
428.31 , 375.24
422.89 , 379.91
428.41 , 384.41
434.49 , 387.44
441.06 , 389.18
448.01 , 390.16
455.31 , 389.91
462.24 , 388.91
468.96 , 387.42
476.01 , 386.65
569.61 , 358.58
576.53 , 352.16
584.26 , 347.92
592.74 , 345.55
602.21 , 345.33
611.46 , 346.08
620.46 , 347.33
629.11 , 349.33
637.53 , 351.76
645.51 , 355.23
652.69 , 360.91
649.25 , 368.57
640.28 , 367.26
632.21 , 364.11
623.84 , 361.58
615.09 , 359.83
605.96 , 358.83
596.61 , 358.33
587.36 , 359.08
578.36 , 360.33
486.42 , 340.87
477.1 , 336.58
467.17 , 333.85
456.88 , 331.87
446.17 , 333.1
436.2 , 335.81
426.05 , 338.2
415.9 , 340.6
406.22 , 343.79
397.02 , 348.51
388.15 , 353.85
398.72 , 355.35
408.32 , 351.92
418.05 , 348.88
428.22 , 346.53
439.3 , 346.1
450.35 , 346.6
461.27 , 347.34
472.32 , 347.85
483.48 , 348.1
