2699422785_1
269.42 , 487.29
272.59 , 503.45
278.82 , 518.96
284.61 , 534.64
292.41 , 549.13
301.94 , 562.79
312.68 , 576.01
324.42 , 587.26
335.8 , 598.31
347.11 , 611.87
357.13 , 624.55
365.49 , 638.7
375.96 , 652.75
387.34 , 664.27
400.61 , 674.86
415.3 , 680.72
432.08 , 687.62
447.74 , 690.11
465.16 , 690.59
481.28 , 689.18
497.81 , 686.24
513.85 , 679.89
527 , 670.63
539.12 , 659.38
550.55 , 646.25
561.98 , 634.79
573.51 , 622.9
584.98 , 609.6
594.96 , 597.69
606.21 , 584.46
615.12 , 571.49
626 , 557.05
633.94 , 543.45
641.27 , 528.45
647.86 , 513.46
654.03 , 496.34
658.31 , 480.99
663.24 , 464.26
664.89 , 447.75
669.22 , 431.56
672.53 , 415.04
402.8 , 448.25
397.89 , 461.83
389.87 , 476.5
388.41 , 492.37
396.57 , 505.55
408.37 , 516.39
422.18 , 524.64
436.33 , 529.43
453.1 , 530.33
467.71 , 529.17
481.59 , 520.84
493.02 , 510.91
507.1 , 501.56
515.23 , 487.74
513.79 , 473.43
506.09 , 459.3
498.35 , 444
357.11 , 534.61
373.86 , 536.61
389.66 , 540.63
405.51 , 544.51
421.41 , 548.38
437.81 , 551.07
455.41 , 550.86
472.66 , 549.86
490.26 , 549.61
507.26 , 548.12
523.29 , 544.63
540.28 , 543.11
550.71 , 555.29
541.86 , 569.11
530.98 , 582.24
518.31 , 594.39
505.04 , 604.88
491.06 , 613.39
476.24 , 619.48
459.91 , 622.36
442.44 , 621.89
426.13 , 618.88
410.88 , 613.88
397.11 , 604.86
384.19 , 593.44
373.86 , 580.11
365.6 , 566.04
359.37 , 551.26
362.11 , 539.86
376.31 , 541.62
389.24 , 545.88
402.74 , 549.14
416.44 , 551.89
429.99 , 554.98
443.29 , 558.59
457.29 , 560.79
470.94 , 558.04
484.69 , 555.38
498.79 , 553.43
512.84 , 551.37
526.94 , 549.38
541.01 , 547.35
533.51 , 556.96
522.66 , 567.06
511.36 , 575.86
499.46 , 583.02
486.31 , 586.88
472.24 , 588.83
457.79 , 590.11
443.21 , 591.1
428.88 , 589.63
415.29 , 586.6
402.86 , 580.86
391.77 , 571.51
382.21 , 560.49
373.24 , 549.23
512.1 , 376.56
518.1 , 370.06
524.88 , 364.78
532.05 , 360.63
539.27 , 356.63
546.93 , 353.78
555.33 , 352.56
564.1 , 353.06
572.75 , 353.81
580.62 , 356.08
587.78 , 360.25
588.05 , 368.35
580.8 , 372.32
573.23 , 375.43
565 , 377.07
556.48 , 378.06
547.7 , 377.56
538.67 , 377.56
529.65 , 377.56
520.78 , 377.31
392.66 , 371.61
387.08 , 364.79
379.98 , 360.03
372.7 , 355.69
364.95 , 352.8
356.73 , 350.78
348.15 , 349.53
339.23 , 349.03
330.53 , 350.03
322.45 , 352.25
314.8 , 355.28
320 , 362.22
327 , 367.24
334.52 , 371
341.95 , 374.93
350.1 , 377.02
359.15 , 377.28
368.08 , 376.78
377.12 , 377.03
386.2 , 377.27
487.69 , 311.94
499.86 , 298.52
514.57 , 289.94
530.34 , 284.47
546.39 , 279.42
562.57 , 274.69
579.04 , 270.44
596.82 , 268.95
613.76 , 272.18
628.69 , 280.19
640.89 , 293.12
636.07 , 306.92
619.62 , 302.68
602.66 , 299.44
585.24 , 297.2
567.69 , 299.19
553.41 , 308.95
538.01 , 315.67
521.19 , 319.19
502.81 , 319.47
402.99 , 318.14
402.01 , 305.88
390.63 , 300.39
378.51 , 296.86
365.88 , 294.39
352.41 , 293.64
339.31 , 295.16
327.16 , 298.61
315.76 , 303.9
305.21 , 311.55
295.16 , 320.57
288.36 , 331.39
302.21 , 331.38
314.54 , 328.21
325.86 , 322.64
337.54 , 318.21
350.11 , 315.64
363.94 , 315.64
376.91 , 317.38
389.79 , 319.41
