269968666_1
349.99 , 310.23
354.73 , 322.16
360.32 , 333.88
367.01 , 345.87
373.82 , 357.37
379.9 , 369.9
385.33 , 381.02
390.86 , 393.79
395.75 , 405.46
402.45 , 417.83
410.81 , 428.07
421.3 , 436.99
432.47 , 444.12
443.79 , 451.24
454.2 , 458.41
465.95 , 465.93
478.27 , 471.78
490.84 , 475.79
503.63 , 477.89
516.98 , 477.99
530.65 , 476.08
543.86 , 472.2
555.66 , 466.42
566.45 , 459.96
578.22 , 451.67
588 , 443.22
597.3 , 432.77
605.78 , 422.39
612.43 , 411.78
618.14 , 399.54
624.74 , 388.42
630.72 , 375.65
635.2 , 362.57
639.03 , 350.95
641.32 , 337.35
641.76 , 323.32
642.66 , 310.32
636.71 , 298.42
636.28 , 285.74
635.56 , 272.2
635.05 , 258
444.65 , 269.14
444.02 , 282.52
444.22 , 296.33
444.38 , 308.61
444.18 , 323.33
452.39 , 332.61
465.05 , 337.3
479.55 , 338.19
492.79 , 335.17
504.49 , 329.17
515.94 , 321.92
523.41 , 310.71
522.24 , 297.17
515.25 , 285.77
506.18 , 274.84
497.76 , 264.05
490.19 , 252.45
442.75 , 380.27
451.85 , 379.27
460.48 , 377.27
469 , 375.02
478 , 373.77
487.35 , 374.27
496.57 , 373.52
505.2 , 371.51
513.27 , 368.26
522 , 366.52
530.88 , 365
539.75 , 363.52
549.23 , 363.27
551.24 , 371.37
546.01 , 378.69
541.13 , 386.14
535.42 , 393.35
528.52 , 399.76
520.83 , 404.01
512.6 , 406.74
504.07 , 409.02
495.35 , 410.77
486.35 , 412.01
477.68 , 410.2
470.02 , 405.8
462.82 , 400.1
455.98 , 393.5
449.75 , 386.52
449.25 , 382.27
456.27 , 383.52
463.7 , 384.02
470.88 , 385.02
478.15 , 385.77
485.7 , 385.52
493.1 , 385.02
500.18 , 383.84
507.1 , 382.24
513.75 , 380.27
520.27 , 378.03
526.65 , 375.27
533.1 , 372.76
539.55 , 370.26
544.42 , 369.03
538.3 , 372.48
532.08 , 375.71
525.8 , 378.76
519.5 , 381.77
512.95 , 384.06
506.07 , 385.7
499.18 , 387.27
491.88 , 388.02
484.48 , 388.52
477.05 , 388.02
469.75 , 387.27
462.82 , 385.76
455.9 , 384.29
500.75 , 215.56
504.05 , 210.01
508.3 , 204.76
513.35 , 199.94
518.73 , 196.08
524.55 , 193.31
530.88 , 191.82
537.95 , 191.81
544.27 , 193.31
550.15 , 195.8
555.77 , 198.92
556.27 , 205.73
551.7 , 210.87
546.05 , 214.02
540.17 , 216.56
533.83 , 218.06
527.02 , 218.56
520.1 , 218.81
513.15 , 219.06
506.6 , 218.05
419.83 , 225.56
416.11 , 221.05
411.14 , 218.58
406.04 , 216.52
400.06 , 216.29
394.59 , 217.54
389.36 , 219.27
384.31 , 221.55
379.75 , 225.12
377.28 , 230.12
374.84 , 235.04
379.29 , 238.5
384.31 , 240.79
389.79 , 242.04
395.74 , 242.29
401.46 , 241.54
407.06 , 240.54
412.11 , 238.28
417.02 , 235.63
420.76 , 231.14
473.19 , 196.22
475.69 , 184.97
485.34 , 178.47
496.96 , 176.72
508.12 , 173.96
519.29 , 171.21
530.44 , 168.47
541.29 , 165.23
552.91 , 163.47
564.41 , 165.45
574.53 , 170.77
572.72 , 181.97
561.74 , 184.97
549.49 , 185.47
537.39 , 186.21
525.89 , 188.24
515.01 , 191.4
504.19 , 194.72
492.94 , 197.22
482.79 , 202.05
430.07 , 198.57
422.7 , 194.75
414.27 , 193.5
405.45 , 193
396.5 , 192.75
387.8 , 193.5
379.22 , 194.5
370.9 , 196
363.2 , 198.75
356.17 , 203.51
353.95 , 211.5
360.95 , 215.5
369.27 , 214.5
377.4 , 212.49
385.73 , 210.99
394.3 , 210
403.12 , 209.5
411.95 , 209
420.4 , 207.74
428.87 , 206.57
