2702096048_1
76.93 , 286.41
79.83 , 300.96
84.18 , 315.25
90.7 , 329.37
97.48 , 342.84
103.99 , 355.38
111.71 , 369.82
118.95 , 381.9
127.08 , 394.66
134.5 , 409.14
140.83 , 421.68
148.34 , 435.3
155.89 , 447.92
166.3 , 459.84
179.39 , 467.97
192.51 , 475.17
206.14 , 482.2
220.24 , 488.32
233.87 , 493.52
247.89 , 498.62
263.39 , 499.98
278.35 , 496.54
292.09 , 490.13
305.69 , 482.72
318.59 , 475.19
331.2 , 467.07
342.64 , 458.26
353.13 , 447.29
363.06 , 435.55
374.2 , 424.22
383.65 , 412.51
390.3 , 399.06
396.91 , 386.02
403.62 , 372.02
409.89 , 358.48
414.88 , 344.58
418.59 , 328.62
421.03 , 314.82
422.83 , 298.93
423.24 , 284.33
423.19 , 268.14
165.39 , 295.6
161.31 , 306.38
156.72 , 318.6
154.28 , 330.35
157.42 , 341.21
167.2 , 350.02
179.19 , 352.03
191.59 , 352.81
203.83 , 352.49
215.58 , 350.64
226.48 , 345.55
238 , 340.25
244.88 , 330.98
244.53 , 317.97
238.79 , 307.93
232.49 , 296.68
225.37 , 286.04
148.9 , 391.05
156.43 , 386.53
165 , 384.56
174.43 , 384.3
183.62 , 385.05
192.93 , 385.55
202.35 , 385.3
211.78 , 385.55
220.48 , 383.77
229.3 , 382.28
238.62 , 382.8
247.8 , 382.05
257.23 , 381.8
266.06 , 383.32
261.53 , 390.3
254.15 , 395.3
246.33 , 399.11
238.45 , 402.77
230.5 , 406.2
222.35 , 409.04
213.65 , 410.8
204.1 , 410.81
195.4 , 409.05
186.45 , 407.8
177.25 , 408.54
168.43 , 407.06
160.35 , 404.01
153.09 , 398.74
153.15 , 391.55
159.62 , 395.28
166.6 , 397.56
174.38 , 398.3
181.9 , 399.55
189.78 , 399.05
197.65 , 398.55
205.05 , 397.06
212.45 , 395.55
220.22 , 394.8
227.97 , 394.05
235.38 , 392.55
243.03 , 391.54
250.18 , 389.53
256.53 , 385.47
250.08 , 388.05
242.78 , 389.81
235.48 , 391.55
227.95 , 392.8
220.45 , 394.05
212.43 , 393.8
205.7 , 396.81
198.3 , 398.3
190.3 , 398.55
182.28 , 398.3
174.4 , 397.8
167.1 , 396.06
160.1 , 393.82
241.84 , 224.2
244.09 , 216.45
249.21 , 209.82
255.42 , 203.61
262.14 , 198.69
269.47 , 195.45
277.31 , 193.45
285.64 , 192.45
293.59 , 194.2
300.76 , 197.86
307.33 , 203.18
310.37 , 210.4
305.46 , 217.1
298.62 , 221.69
291.24 , 224.7
283.29 , 226.45
274.84 , 227.2
266.14 , 226.95
257.47 , 227.2
248.89 , 227.69
156.97 , 230.42
152.05 , 225.03
146.4 , 220.84
140.32 , 217.73
134.05 , 215.21
126.95 , 214.47
119.75 , 214.97
113.15 , 216.81
107.36 , 220.6
103.54 , 226.42
100.5 , 232.47
103.75 , 238.47
109.5 , 242.47
115.95 , 244.48
122.92 , 245.47
130.28 , 245.72
137.38 , 244.97
144.35 , 243.96
150.7 , 241.73
156.42 , 237.59
204.9 , 173.76
220.05 , 168.73
235.58 , 164.25
251.7 , 161.02
268.07 , 158.24
284.48 , 155.48
301.2 , 153.51
318.08 , 155.26
333.55 , 159.73
348.1 , 166.75
357.15 , 180.33
340.6 , 180.01
323.5 , 178.76
306.52 , 177.26
288.93 , 177.51
272.43 , 180.01
256.03 , 182.76
239.42 , 185.01
224.47 , 190.78
206.9 , 190.51
159.18 , 192.77
150.24 , 185.6
140.04 , 181.94
128.92 , 180.19
117.42 , 179.19
106.14 , 177.69
94.89 , 176.19
83.27 , 176.92
73.12 , 180.68
64.56 , 188.97
59.59 , 198.69
70.74 , 200.43
80.81 , 196.43
91.94 , 194.69
103.56 , 195.44
114.94 , 196.69
126.22 , 198.18
137.34 , 199.94
147.77 , 203.12
159.34 , 203.94
