2702590642_1
518.16 , 746.52
530.18 , 773.18
542.6 , 799.83
558.81 , 824.44
574.5 , 846.12
592.13 , 871.52
608.87 , 895.54
627.83 , 919.55
645.7 , 940.29
664.88 , 962.62
688.55 , 979.16
713.96 , 994.97
740.25 , 1005.75
766.32 , 1020.95
791.96 , 1035.11
820.11 , 1042.15
849.94 , 1051.7
876.76 , 1059.67
905.75 , 1069.67
932.92 , 1072.44
962.91 , 1071.36
990.95 , 1067.62
1021.31 , 1057.07
1047.03 , 1043.5
1070.12 , 1028.84
1093.96 , 1009.44
1117.77 , 992.71
1137.13 , 972
1153.49 , 945.78
1166.26 , 920.53
1181.58 , 894.01
1192.77 , 866.99
1200.83 , 838.07
1212.16 , 812.35
1217.14 , 783.74
1217.92 , 754.21
1218.75 , 725.48
1218.44 , 696.02
1213.66 , 664.97
1213.96 , 638.06
1213.29 , 606.2
814.15 , 666.1
810.81 , 689.03
807.07 , 713.98
816.72 , 734.62
838.54 , 746.62
862.28 , 747.73
886.94 , 751.83
909.46 , 752.64
933.82 , 748.53
958.02 , 741
977.73 , 728.8
998.04 , 716.22
1019.57 , 703.26
1024.29 , 681.11
1015.09 , 659.36
999.26 , 638.86
978.85 , 624.4
790.3 , 849.82
809.82 , 841.8
829.57 , 834.3
849.97 , 828.35
870.57 , 822.57
890.9 , 816.29
910.75 , 809.12
932.77 , 806.33
954.25 , 802.32
974.52 , 796.06
995.75 , 791.61
1017.67 , 788.57
1039.17 , 784.69
1060.13 , 779.55
1068.33 , 796.05
1054.35 , 813.52
1037.97 , 830.14
1021.1 , 845.76
1003.97 , 860.63
984.8 , 870.07
963.7 , 874.92
941.1 , 876.57
917.82 , 876.32
894.95 , 875.22
873.32 , 871.59
852.25 , 866.78
831.2 , 861.84
810.2 , 856.84
800.3 , 850.07
820.52 , 848.07
841 , 846.57
861.1 , 844.33
881.7 , 843.07
901.9 , 840.97
921.82 , 838.32
942.27 , 836.83
961.7 , 833.17
980.3 , 827.82
998.5 , 821.8
1016.45 , 815.17
1033.88 , 806.81
1050.47 , 796.37
1065.77 , 788.08
1049.45 , 799.2
1032.57 , 809.05
1015.2 , 817.57
997.52 , 825.06
979.3 , 831.07
960.35 , 835.78
940.97 , 839.57
921.22 , 842.57
901.72 , 846.1
881.92 , 848.95
862.22 , 852.07
841.27 , 852.57
820.17 , 852.81
970.88 , 524.7
977.23 , 514.08
985.65 , 504.17
995.63 , 495.95
1006.03 , 488.96
1017.23 , 484.11
1029.15 , 480.95
1042.23 , 480.2
1055.45 , 480.7
1068.26 , 482.08
1079.81 , 485.88
1078.7 , 497.14
1067.58 , 502.18
1056.01 , 505.92
1044.53 , 509.97
1032.56 , 513.02
1020.5 , 515.95
1007.4 , 516.69
995.06 , 518.93
983.75 , 523.44
782.51 , 570.81
780.28 , 559.89
770.71 , 552.06
759.81 , 547.83
747.63 , 546.33
734.73 , 546.33
722.78 , 548.31
711.75 , 552.09
700.81 , 556.07
690.31 , 561.49
681.53 , 570.75
676.48 , 581.33
687.53 , 584.85
699.71 , 586.33
712.61 , 586.33
724.68 , 584.57
736.28 , 581.81
747.53 , 578.54
758.88 , 575.36
770.81 , 573.26
919.38 , 462.98
931.87 , 442.53
950.68 , 425.43
970.86 , 412.01
991.86 , 400.75
1013.58 , 391.71
1036.13 , 384.73
1060.31 , 380.96
1085.95 , 381.23
1109.65 , 385.98
1130 , 398.89
1128.65 , 419.74
1104.11 , 416.73
1078.95 , 414.98
1053.58 , 416.27
1030.11 , 421.49
1008.11 , 429.75
987.11 , 440.99
966 , 452.01
943.83 , 459.73
811.82 , 458.42
785.39 , 449.69
755.14 , 449.19
726.01 , 452.44
698.37 , 458.81
672.34 , 468.35
647.09 , 480.56
622.84 , 495.09
599.59 , 512.59
578.04 , 534.37
565.49 , 559.44
590.59 , 546.85
616.57 , 537.21
642.44 , 527.22
667.99 , 516.19
694.22 , 507.18
720.99 , 499.19
747.94 , 491.48
775.59 , 485.2
804.14 , 480.68
