2702954419_1
403.41 , 1309.72
401.66 , 1349.48
403.44 , 1393.01
410.38 , 1435.17
416.67 , 1477.16
429.39 , 1515.43
446.21 , 1557.5
462.65 , 1595.38
481.75 , 1631.72
506.04 , 1670.03
528.9 , 1702.28
556.26 , 1738.52
581.38 , 1768.26
609.62 , 1800.3
637.25 , 1835.24
669.93 , 1864.07
700.83 , 1888.76
739.11 , 1908.46
781.98 , 1919.3
821.89 , 1928.09
865.68 , 1930.05
906.33 , 1926.12
946.75 , 1915.07
986.19 , 1894.43
1019.14 , 1873.42
1054.53 , 1847.79
1087.06 , 1819.35
1117.56 , 1789.69
1147.72 , 1759.21
1176.1 , 1729.07
1206.52 , 1698.36
1232.21 , 1665.07
1252.34 , 1627.54
1267.37 , 1586.82
1278.91 , 1548.39
1290.05 , 1504.34
1299.47 , 1465.38
1309.75 , 1422.05
1319.06 , 1382.59
1323.72 , 1339.22
1324.39 , 1295.5
748.85 , 1334.02
728.85 , 1363.82
702.81 , 1398.83
686.91 , 1434.84
689.9 , 1475.3
723.48 , 1493.05
762.92 , 1494.6
801.28 , 1501.69
843.34 , 1512.96
881.09 , 1510.1
920.84 , 1505.94
962.16 , 1504.18
998.57 , 1493.58
1017.67 , 1456.6
1011.15 , 1417.3
991.33 , 1381.38
967.3 , 1349.05
672.25 , 1612.55
698.38 , 1602.02
728.73 , 1600.3
758.75 , 1602.8
787.67 , 1607.55
815.98 , 1613.55
845.25 , 1617.55
875.88 , 1616.3
905.15 , 1612.3
935.05 , 1609.55
965.05 , 1607.05
995.67 , 1605.8
1025.2 , 1609.3
1052.94 , 1616.51
1036 , 1640.05
1012.53 , 1658.29
987.1 , 1671.24
962.12 , 1685.3
936.38 , 1697.27
908.62 , 1704.54
878.02 , 1705.8
848.5 , 1702.3
820.2 , 1696.26
793.02 , 1688.04
766.05 , 1679.57
739.52 , 1670.06
715.15 , 1654.45
691.95 , 1635.5
679.25 , 1618.55
704.65 , 1624.04
730.2 , 1629.3
756.6 , 1632.8
781.92 , 1638.54
807.6 , 1643.54
834.1 , 1646.8
861.98 , 1647.3
889.58 , 1646.3
916.95 , 1644.8
943.23 , 1641.05
968.33 , 1634.78
993.38 , 1628.43
1018.35 , 1621.95
1042.4 , 1616.58
1017.75 , 1623.55
992.23 , 1628.82
967.2 , 1635.32
942.55 , 1642.31
916.4 , 1646.3
888.8 , 1647.3
861.3 , 1648.55
833.33 , 1648.3
806.33 , 1646.04
780.88 , 1640.54
755.23 , 1635.56
729.45 , 1630.8
703.9 , 1625.57
943.1 , 1147.77
963.85 , 1137.27
982.68 , 1121.43
1002.35 , 1108.02
1023.33 , 1098.01
1045.62 , 1091.52
1069.42 , 1088.02
1094.67 , 1088.52
1117.85 , 1093.27
1138.55 , 1103.96
1155.1 , 1122.52
1144.38 , 1143.24
1125.53 , 1159.02
1104.58 , 1169.01
1081.83 , 1174.77
1057.17 , 1176.52
1033 , 1173.76
1009.92 , 1168.77
988.6 , 1160.02
968 , 1148.99
678.14 , 1149.35
670.13 , 1132.25
654.85 , 1119.42
638.77 , 1108.69
621.47 , 1101.43
602.32 , 1098.2
581.6 , 1098.2
562.42 , 1101.45
545.12 , 1108.7
529.25 , 1120.06
518.87 , 1136.2
530.03 , 1152.12
544.69 , 1166.77
560.35 , 1178.69
577.89 , 1185.2
597.55 , 1187.45
617.67 , 1186.2
636.47 , 1182.22
654.32 , 1176.46
670.62 , 1166.59
920.26 , 975.83
940.09 , 949.51
966.91 , 931.17
995.36 , 916.99
1025.18 , 907.11
1056.43 , 899.65
1088.51 , 894.08
1122.24 , 891.83
1156.31 , 893.33
1185.68 , 904.55
1211.29 , 926.36
1206.93 , 957.4
1174.16 , 961.58
1139.49 , 961.33
1104.91 , 961.83
1071.46 , 964.57
1039.09 , 969.55
1009.49 , 980.07
978.81 , 988.59
946.96 , 994.54
734.84 , 955.73
709.52 , 932.31
677.35 , 926.29
645.52 , 919.53
611.05 , 918.27
579.1 , 911.78
547.17 , 905.28
516.08 , 897.04
481.22 , 897.54
452.35 , 911.3
431.9 , 937.53
446.81 , 965.98
476.17 , 978.03
510.77 , 979.03
545.27 , 980.28
578.92 , 983.28
612.3 , 986.78
646.67 , 988.28
680.67 , 986.03
713.48 , 981.28
