2705102720_1
192.68 , 385.26
190.4 , 419.24
188.46 , 453.32
189.77 , 487.75
194.71 , 523.99
198.39 , 557.34
200.95 , 591.04
205.11 , 628.9
212.79 , 661.39
228.83 , 693.96
247.79 , 720.51
271.55 , 746.52
298.23 , 772.62
321.08 , 796.3
348.34 , 819.52
378.35 , 837.81
411.29 , 851.72
443.98 , 864.6
475.36 , 874.74
508.83 , 883.23
544.88 , 891.83
577.74 , 897.05
614.3 , 903.01
648.79 , 901.02
683.82 , 898.27
717.31 , 894.03
749.84 , 878.09
772.58 , 853.41
793.75 , 826.6
814.93 , 797.24
830.58 , 766.37
843.8 , 735.62
855.43 , 700.4
864.82 , 668.15
873.57 , 635.32
879.39 , 600.04
885.48 , 566.27
892.11 , 532.07
903.18 , 495.63
912.38 , 462.2
919.28 , 427.5
611.05 , 346.69
594.46 , 366.4
579.19 , 393.34
571.65 , 418.3
572.1 , 447.01
592.8 , 466.72
622.35 , 467.88
648.16 , 464.2
677.5 , 460.43
706.47 , 460.35
728.93 , 478.87
749.01 , 495.92
774.99 , 485.84
791.66 , 462.48
792.15 , 433.22
781.63 , 407.03
776.6 , 378.8
506.91 , 607.34
528.91 , 596.84
551.69 , 588.6
574.11 , 579.32
596.26 , 569.06
619.13 , 561.09
645.96 , 561.08
669.34 , 568.11
693.16 , 574.34
719.99 , 574.34
745.86 , 576.32
766.35 , 591.03
781.42 , 611.44
792.13 , 633.44
800.02 , 656.22
786.93 , 677.31
766.91 , 693.34
744.04 , 701.34
719.96 , 707.09
693.86 , 708.59
668.96 , 704.61
645.13 , 698.34
620.84 , 693.1
597.96 , 685.11
575.31 , 676.5
553.43 , 665.37
533.41 , 649.34
516.46 , 629.67
518.66 , 623.34
537.09 , 622.84
554.04 , 619.21
570.61 , 614.83
587.26 , 610.56
604.74 , 608.09
623.16 , 608.09
641.01 , 609.84
658.61 , 612.1
676.79 , 613.06
694.76 , 614.59
711.96 , 617.63
727.31 , 625.03
740.38 , 637.32
753.49 , 650.42
744.24 , 659.83
727.11 , 656.6
710.13 , 653.07
692.88 , 650.09
675.34 , 647.77
657.71 , 645.59
639.76 , 644.09
622.04 , 642.1
604.21 , 640.34
586.36 , 638.6
568.41 , 637.09
550.29 , 635.96
533.46 , 632.12
736.43 , 264.39
749.95 , 257.63
763.55 , 250.89
777.7 , 245.89
792.73 , 242.64
808.5 , 240.89
824.25 , 242.62
838.65 , 247.13
851.93 , 254.64
861.66 , 267.09
867.2 , 281.06
864.6 , 296.39
851 , 303.16
834.53 , 303.39
819.25 , 300.64
804.73 , 296.37
790.75 , 290.87
776.88 , 285.16
762.73 , 280.12
749.15 , 273.36
545.98 , 234.84
544.59 , 221.45
534.06 , 211.69
522.86 , 203.97
510.88 , 198.24
498.34 , 194.22
484.36 , 192.97
470.66 , 194.7
458.16 , 198.93
446.46 , 205.37
435.41 , 213.67
425.86 , 224.22
437.86 , 229.72
450.21 , 234.24
463.24 , 237.5
476.71 , 239.71
490.81 , 240.72
505.26 , 240.97
519.34 , 239.97
533.18 , 238.47
749.14 , 178.06
754.25 , 159.05
770.87 , 147.83
789.26 , 141.56
809.81 , 139.56
830.34 , 141.57
850.16 , 145.05
869.51 , 149.54
888.47 , 154.79
906.41 , 162.32
922.41 , 175.18
923.79 , 195.16
903.94 , 198.58
884.49 , 194.34
864.91 , 190.31
843.76 , 191.06
823.84 , 194.31
802.82 , 195.31
781.54 , 194.81
760.39 , 194.68
642.58 , 159.82
629.01 , 129.85
599.48 , 113.05
569.13 , 98.28
538.53 , 84.39
506.91 , 73.54
472.58 , 68.04
436.18 , 69.29
403.38 , 78.05
374.13 , 95.57
352.9 , 123.56
345.68 , 157.04
378.68 , 150.29
410.88 , 140.53
444.38 , 133.28
480.88 , 132.29
515.13 , 138
546.95 , 148.31
578.06 , 160.54
610.71 , 169.54
