2706372454_1
668.3 , 932.4
671.55 , 956.41
676.69 , 983.31
681.31 , 1010.22
684.82 , 1036.94
689.42 , 1063.38
696.66 , 1089.19
707.93 , 1113.74
722.75 , 1136.78
737.63 , 1156.51
753.12 , 1178.81
768.62 , 1201.03
786.22 , 1221.43
806.05 , 1239.17
827.5 , 1253.88
851.66 , 1269.38
875.18 , 1281.6
899.83 , 1290.61
925.59 , 1296.55
951.46 , 1301.92
979.14 , 1305.66
1006.45 , 1307.02
1030.69 , 1304.13
1056.36 , 1296.37
1080.91 , 1285.91
1105.52 , 1274.05
1129.79 , 1262.27
1154.07 , 1248.66
1175 , 1235
1196.62 , 1218.95
1217.97 , 1200.7
1236.39 , 1183.1
1255.6 , 1162.3
1271.11 , 1142.38
1286.61 , 1118.78
1299.25 , 1096.35
1311.03 , 1070.99
1318.83 , 1047.25
1325.23 , 1020.44
1327.94 , 993.12
1327.75 , 965.6
906.56 , 930.02
892.31 , 948.02
878.38 , 969.35
871.14 , 991.27
870.38 , 1015.59
888.24 , 1031.26
914.3 , 1036.28
938.47 , 1037.38
963.32 , 1039.12
986.62 , 1039.82
1011.5 , 1041.55
1034.61 , 1040.87
1059.11 , 1034.63
1069.3 , 1013.85
1063.47 , 988.28
1054.43 , 966.3
1044.7 , 942.51
840.81 , 1114.63
854.61 , 1099.11
874.23 , 1095.63
893.01 , 1090.37
913.73 , 1089.14
932.66 , 1094.16
952.16 , 1097.87
972.26 , 1095.38
992.76 , 1097.13
1012.03 , 1101.38
1030.81 , 1106.63
1048.84 , 1113.4
1066.38 , 1121.69
1083.13 , 1132.14
1075.61 , 1149.37
1058.81 , 1159.63
1041.71 , 1169.13
1024.66 , 1178.79
1006.76 , 1185.92
988.71 , 1192.63
969.21 , 1196.38
948.26 , 1195.64
928.96 , 1191.4
910.36 , 1185.91
892.78 , 1177.62
877.59 , 1162.91
864.16 , 1147.23
850.72 , 1131.56
848.31 , 1117.38
863.98 , 1118.13
879.66 , 1117.38
895.08 , 1116.13
911.01 , 1116.38
926.16 , 1118.23
941.03 , 1120.63
956.26 , 1122.34
972.03 , 1122.88
987.61 , 1123.9
1003.21 , 1124.78
1018.48 , 1126.38
1033.43 , 1128.62
1048.18 , 1131.26
1056.93 , 1136.85
1041.36 , 1137.89
1025.81 , 1138.88
1010.48 , 1140.38
995.46 , 1142.48
979.98 , 1143.63
964.06 , 1143.38
948.86 , 1141.63
934.16 , 1138.86
919.78 , 1135.38
905.73 , 1131.31
891.01 , 1128.64
876.16 , 1126.16
861.68 , 1122.91
1075.45 , 849.58
1082.73 , 837.56
1093.9 , 827.64
1105.88 , 820.14
1118.48 , 814.08
1132.33 , 811.09
1147.25 , 811.83
1161.12 , 814.83
1174.6 , 818.57
1186.98 , 825.11
1198.15 , 835.01
1196.4 , 849.4
1185.4 , 859.84
1172.5 , 864.83
1158.43 , 867.33
1143.35 , 866.83
1128.17 , 867.08
1114.08 , 864.61
1101.2 , 859.58
1088.4 , 854.35
881.54 , 836.54
875.8 , 826.07
866.2 , 817.95
855.9 , 811.83
845 , 807.32
833.3 , 804.57
821.35 , 802.32
808.7 , 801.58
796.75 , 803.81
785.77 , 808.09
775.55 , 814.32
781.43 , 824.72
790.3 , 834.07
800.25 , 841.25
810.88 , 846.63
822.57 , 849.32
835.6 , 849.32
848.27 , 848.57
860.7 , 847.32
872.62 , 845.09
1050.35 , 740.95
1069.02 , 722.28
1091.67 , 714.63
1116.47 , 711.33
1142.4 , 712.2
1167.62 , 714.71
1192.85 , 717.2
1217.82 , 720.2
1240.62 , 727.46
1260.37 , 743.22
1273.1 , 763.93
1261.05 , 781.19
1238.9 , 772.24
1216.1 , 764.95
1191.6 , 760.95
1165.77 , 762.19
1141.02 , 765.68
1115.8 , 768.21
1090.6 , 765.7
1066.67 , 760.54
946.89 , 745.31
938.26 , 720.46
915.85 , 704.65
890.82 , 696.2
863.37 , 692.46
835.22 , 690.21
806.94 , 688.21
778.19 , 689.2
752.92 , 697.21
730.7 , 713.68
716.86 , 736.79
709.92 , 762.71
734.67 , 754.46
759.92 , 746.46
786.74 , 741.47
815.87 , 741.21
842.22 , 747.2
868.92 , 752.46
896.35 , 756.21
924.37 , 758.7
