2706382376_1
454.21 , 628.98
435.56 , 628.42
418.13 , 636.83
409.74 , 654.03
410.25 , 672.82
421.5 , 689.35
426.53 , 709.05
433.18 , 725.63
441.43 , 743.56
451.57 , 760.23
462.11 , 776.79
474.39 , 792.62
488.57 , 807.51
503.31 , 820.45
519.13 , 831.33
535.67 , 840.37
550.17 , 854.22
565.67 , 866.49
581.7 , 876.86
599.59 , 886.7
617.69 , 894.17
634.8 , 899.43
654.36 , 902.9
674.44 , 903.81
693.29 , 901.29
711.96 , 893.71
728.24 , 884.08
743.61 , 872.46
758.19 , 858.93
771.69 , 845.06
786.56 , 829.98
799.31 , 815.36
811.3 , 800.03
822.25 , 783.77
832.79 , 767.08
841.6 , 749.43
849.06 , 731.26
855.27 , 714.18
861.1 , 695.45
865.91 , 675.21
869.86 , 655.78
657.34 , 609.06
645.87 , 616.72
635.58 , 624.96
629.42 , 638.4
631.67 , 651.45
641.82 , 660.42
654.96 , 666.31
668.49 , 668.9
682.03 , 669.07
695.85 , 670.32
710.17 , 670.36
724.08 , 670.05
737.87 , 666.93
749.71 , 659.97
756.04 , 648.03
756.52 , 633.86
754.26 , 619.04
580.36 , 717.82
595.26 , 709.92
612.01 , 706.33
630.11 , 705.57
648.24 , 704.82
666.71 , 704.83
683.61 , 708.07
700.76 , 710.82
718.38 , 709.07
736.51 , 708.32
753.88 , 710.56
769.24 , 717.33
780.31 , 731
776.63 , 747.67
769.54 , 762.92
757.21 , 776.22
743.66 , 788.01
729.09 , 796.83
713.34 , 802.32
696.19 , 805.07
677.96 , 804.56
661.51 , 800.35
645.96 , 794.29
630.84 , 786.79
616.91 , 776.12
604.03 , 763
592.24 , 749.47
582.88 , 735.1
587.11 , 726.07
599.31 , 719.11
613.66 , 717.07
628.88 , 716.82
643.74 , 717.82
658.59 , 718.82
673.19 , 720.32
687.44 , 722.57
702.54 , 723.07
717.13 , 721.57
732.49 , 721.57
746.71 , 723.83
760.23 , 727.58
767.88 , 739.3
760.55 , 751.37
749.46 , 761.5
737.34 , 768.84
724.41 , 773.82
710.41 , 776.57
695.93 , 778.32
681.31 , 776.82
666.84 , 775.07
652.46 , 773.06
638.96 , 769.35
625.96 , 764.6
613.43 , 758.33
601.59 , 750.29
592.38 , 738.87
745.64 , 554.93
749.42 , 547.9
755.89 , 542.43
763.24 , 539.43
771.26 , 537.93
779.91 , 537.68
788.44 , 538.18
796.47 , 539.67
803.89 , 542.43
811.07 , 545.93
816.91 , 552.2
814.86 , 559.99
807.69 , 563.64
799.91 , 565.68
791.51 , 566.43
782.99 , 566.93
774.47 , 566.43
766.07 , 565.68
758.04 , 564.18
750.52 , 561.61
634.86 , 540.51
629.5 , 533.38
622.2 , 528.54
613.75 , 526.56
604.7 , 525.81
595.52 , 525.31
586.48 , 526.06
577.92 , 527.81
569.98 , 530.83
562.28 , 534.67
558.4 , 542.31
565.72 , 547.07
573.52 , 550.53
581.85 , 552.81
590.4 , 554.56
599.23 , 555.81
608.62 , 555.81
618.05 , 555.8
626.7 , 554.27
633.92 , 549.43
735.3 , 487.42
745.97 , 478.23
759.15 , 475.39
772.97 , 473.92
787.4 , 473.67
800.92 , 475.8
813.7 , 479.4
825.95 , 484.08
837.97 , 489.61
848.47 , 499.35
855.29 , 510.9
848.13 , 520.74
835.88 , 515.98
823.97 , 510.11
811.65 , 505.52
798.22 , 503.17
784.27 , 501.92
769.85 , 502.17
755.47 , 502.35
742.62 , 498.79
662.55 , 471.31
648.88 , 462.36
632.85 , 459.13
615.85 , 457.88
598.6 , 457.13
582.02 , 459.26
566.42 , 463.37
551.3 , 468.35
536.8 , 475.22
523.05 , 483.99
510.15 , 495.13
525.12 , 500.39
541.15 , 497.13
556.1 , 491.67
571.97 , 488.14
588.38 , 485.63
605.25 , 484.13
622.75 , 484.38
639.38 , 486.38
656.38 , 485.13
