2706940948_1
48.89 , 776.2
51.93 , 808.51
55.09 , 846.51
62.58 , 880
72.91 , 916.07
85.88 , 948.12
102.71 , 982.62
118.13 , 1012.49
135.59 , 1046.23
152.24 , 1076.16
167.42 , 1111.22
184.62 , 1140.7
210.04 , 1167.71
238.01 , 1188.85
270.23 , 1204.35
303.77 , 1215.55
340.3 , 1220.87
377.11 , 1222.86
411.36 , 1223.31
449.3 , 1224.56
484.38 , 1224.67
520.18 , 1216.37
552.82 , 1208.31
588.32 , 1202.9
625.48 , 1193.88
659.15 , 1182.64
691.13 , 1164.03
712.51 , 1139.48
728.42 , 1104.37
744.32 , 1073.4
761.45 , 1041.6
780.49 , 1009.65
794.67 , 977.36
807.2 , 944.89
816.87 , 911.01
824.3 , 873.2
828.16 , 838.29
827.52 , 803.73
826.64 , 768.05
823.15 , 732.24
815.89 , 693.7
354.23 , 811.57
346.42 , 835.27
340.86 , 859.84
339.76 , 884.18
351.68 , 906.81
374.54 , 911.33
401.64 , 909.94
426.88 , 909.79
450.96 , 907.97
477.09 , 904.97
500.53 , 897.87
522.72 , 888.2
545.71 , 876.45
556.16 , 854.81
548.37 , 830.78
533.51 , 810.12
514.5 , 790.63
348.81 , 1038.36
363.99 , 1024.19
380.04 , 1012.39
396.29 , 1001.14
412.76 , 990.65
431.59 , 985.85
451.71 , 983.86
471.11 , 980.37
490.38 , 976.62
511.38 , 976.86
530.66 , 980.61
549.06 , 986.11
566.71 , 993.35
583.76 , 1002.52
581.79 , 1022.63
567.96 , 1037.96
553.41 , 1053.01
538.34 , 1067.6
522.36 , 1079.6
505.36 , 1088.81
487.44 , 1095.37
467.91 , 1098.61
447.41 , 1097.39
428.29 , 1093.34
410.54 , 1086.35
393.74 , 1076.61
376.63 , 1067.68
361.17 , 1054.21
380.06 , 1039.86
390.29 , 1031.39
401.54 , 1025.63
413.94 , 1022.62
426.78 , 1020.61
440.01 , 1019.36
453.11 , 1017.86
465.61 , 1015.12
477.99 , 1012.09
490.61 , 1009.59
503.34 , 1007.35
516.21 , 1005.37
529.78 , 1004.86
543.49 , 1004.61
555.88 , 1007.63
545.18 , 1012.49
532.86 , 1015.59
520.49 , 1018.68
508.24 , 1021.93
495.94 , 1025.09
483.54 , 1028.1
470.94 , 1030.61
457.83 , 1032.11
444.49 , 1033.11
431.38 , 1034.62
418.88 , 1037.37
406.38 , 1040.11
393.16 , 1041.36
519.29 , 668.91
530.17 , 658.03
539.36 , 646.57
551.44 , 639
564.29 , 633.66
578.14 , 630.41
593.04 , 629.41
608.06 , 630.16
622.24 , 632.66
635.04 , 638.16
643.53 , 649.88
637.07 , 662.38
626.57 , 673.38
614.39 , 680.65
601.49 , 685.91
587.31 , 688.41
572.16 , 687.91
557.76 , 685.91
543.81 , 682.91
530.84 , 677.91
310.6 , 691.96
303.46 , 681.31
293.15 , 673.26
281.73 , 668.24
269.3 , 665.51
255.8 , 666.02
243.5 , 669.01
232.12 , 674.28
221.35 , 681.07
211.45 , 690.21
202.65 , 700.26
212.58 , 709.43
223.58 , 715.7
235.03 , 720.54
246.78 , 724.53
260.02 , 725.51
272.83 , 723.5
284.23 , 718.45
294.68 , 710.73
305.16 , 703.2
483.6 , 593.98
493.62 , 573.41
512.93 , 560.41
533.48 , 550.23
555 , 543.08
577.55 , 537.77
601.8 , 536
625.58 , 538.23
647.75 , 544.21
668.65 , 553.26
688.43 , 565.33
685.6 , 583.98
661.58 , 581.74
639.3 , 575.94
615.73 , 573.23
591.7 , 575.48
569.62 , 581.72
548.9 , 591.19
527.83 , 599.72
504.38 , 602.74
355.73 , 610.33
336.65 , 590.58
313.56 , 579.61
289.36 , 571.83
263.58 , 567.08
235.63 , 567.34
210.13 , 572.58
186.5 , 581.83
165.26 , 597.81
149.44 , 619.13
138.2 , 642.13
130.48 , 666.33
155.88 , 661.67
177.3 , 646.23
198.93 , 631.37
222.91 , 623.07
248.3 , 617.59
276.38 , 617.58
303.83 , 618.83
331.68 , 618.33
