2707641297_1
924.69 , 1118.55
930.78 , 1153.33
935.36 , 1190.72
940.68 , 1228
950.16 , 1261.45
964.96 , 1293.92
984.45 , 1327.81
1005.56 , 1357.81
1026.01 , 1386.2
1049.39 , 1416.65
1071.22 , 1445.52
1097.19 , 1475.24
1125.46 , 1497.47
1153.74 , 1520.9
1179.59 , 1548.2
1206.4 , 1573.99
1232.42 , 1595.98
1265.49 , 1617.5
1296.26 , 1632.18
1334.03 , 1643.87
1369.14 , 1647.22
1404.93 , 1645.53
1444.11 , 1638.03
1474.84 , 1623.43
1506.19 , 1599.02
1530.22 , 1574.09
1553 , 1543.61
1572.86 , 1512.76
1593.24 , 1483.13
1614.59 , 1453.99
1636.68 , 1420.97
1656.44 , 1391.33
1676.93 , 1361.74
1698.67 , 1329.44
1715.23 , 1299.25
1731.52 , 1265.5
1746.17 , 1229.28
1758.89 , 1196.6
1767.74 , 1160.73
1770.97 , 1123.56
1774.9 , 1084.85
1295.61 , 1072.57
1277.95 , 1103.47
1262.25 , 1135.65
1247.4 , 1169.23
1249.6 , 1204.14
1279.1 , 1224
1316.15 , 1235.21
1347.8 , 1251.25
1385.31 , 1253.65
1421.14 , 1247.04
1454.53 , 1232.75
1489.24 , 1227.43
1510.04 , 1200.14
1508.85 , 1164.32
1493.39 , 1129.77
1473.44 , 1098.51
1452.23 , 1067.36
1173.2 , 1309.08
1203.9 , 1302.83
1236.45 , 1300.33
1270.08 , 1300.08
1302.28 , 1303.32
1333.3 , 1308.93
1365.03 , 1313.15
1396.25 , 1308.29
1427.7 , 1303.58
1460.53 , 1305.08
1492.83 , 1308.11
1525.25 , 1310.85
1548.96 , 1329.48
1535.71 , 1357.23
1520.88 , 1384.43
1503.48 , 1410.55
1480 , 1434.26
1453.65 , 1451.06
1424.65 , 1460.58
1393.43 , 1465.83
1359.93 , 1465.33
1329.12 , 1459.26
1300 , 1449.87
1273.58 , 1433.18
1248.83 , 1411.71
1225.51 , 1387.63
1204.21 , 1362.86
1186.44 , 1336.8
1205.95 , 1321.08
1231.35 , 1325.57
1258.08 , 1327.33
1283.98 , 1330.83
1309.28 , 1335.61
1334.6 , 1340.23
1359.62 , 1345.51
1386.48 , 1347.08
1412.48 , 1343.81
1438.08 , 1339.7
1462.78 , 1333.56
1487.93 , 1328.58
1513.6 , 1324.57
1539.25 , 1320.58
1524.92 , 1340.84
1504.9 , 1358.89
1484.35 , 1375.65
1462.58 , 1388.71
1438.78 , 1396.33
1413.35 , 1400.86
1387.83 , 1405.08
1360.38 , 1405.26
1334.62 , 1401.51
1309.83 , 1395.7
1286.75 , 1386.09
1264.8 , 1373.4
1243.33 , 1359.45
1223.27 , 1341.4
1471.95 , 950.39
1475.96 , 932.34
1485.36 , 916.49
1498.8 , 902.13
1514.4 , 892.18
1531.38 , 885.91
1549.45 , 881.89
1569.1 , 881.14
1588.12 , 883.11
1605.7 , 888.14
1621.38 , 898.05
1630.4 , 913.99
1617.87 , 928.73
1601.62 , 937.15
1584.68 , 943.38
1567.25 , 948.65
1549.18 , 952.64
1529.53 , 953.39
1510.72 , 950.89
1491.08 , 950.14
1247.49 , 932.15
1235.11 , 918.25
1220.32 , 907.97
1204.19 , 901.57
1186.44 , 898.53
1167.44 , 898.03
1148.84 , 899.32
1131.64 , 903.53
1116.02 , 911.66
1101.49 , 922.68
1088.64 , 936.53
1104.91 , 942.54
1120.82 , 949.8
1137.32 , 955.21
1155.09 , 958.24
1174.04 , 958.78
1192.54 , 957.28
1210.69 , 955.04
1229.07 , 953.28
1246.71 , 950.05
1438.22 , 821.86
1463.35 , 809.61
1489.6 , 800.74
1517.19 , 794.37
1545.62 , 789.71
1573.64 , 784.18
1600.47 , 776.36
1629.45 , 772.86
1657.85 , 776.6
1684.07 , 785.89
1685.74 , 806.09
1656.64 , 809.36
1628.24 , 814.12
1600.7 , 820.62
1574.39 , 829.39
1548.05 , 838.12
1520.39 , 844.34
1493.47 , 852.11
1467.05 , 860.14
1441.22 , 851.11
1276.53 , 832.86
1250.65 , 812.64
1221.88 , 800.34
1190.98 , 792.86
1158.68 , 788.38
1125.28 , 786.11
1091.75 , 788.12
1060.18 , 794.14
1030.95 , 804.87
1003.2 , 819.96
977.03 , 839.36
1006.43 , 849.52
1039.53 , 846.86
1072.45 , 843.61
1105.98 , 841.61
1139.36 , 843.86
1171.43 , 848.87
1204.33 , 852.1
1236.53 , 856.86
1269.31 , 860.36
