2707642783_1
847.65 , 1174.8
864.65 , 1208.85
872.83 , 1251.68
878.85 , 1292.45
880.09 , 1334.97
884.26 , 1375.34
898.56 , 1419.2
912.55 , 1459
940.15 , 1491.02
958.95 , 1524.44
983.69 , 1560.1
1011.02 , 1592.01
1040.22 , 1623.65
1069.34 , 1653.01
1106.73 , 1675.3
1139.79 , 1701.77
1169.49 , 1729.02
1204.41 , 1756.42
1239.35 , 1774.61
1278.84 , 1786.74
1321.18 , 1792.17
1366.46 , 1791.4
1406.05 , 1787.21
1447.67 , 1773.43
1478.52 , 1749.75
1507.01 , 1718.44
1542.12 , 1693.99
1578.18 , 1671.17
1608.24 , 1641.84
1637.4 , 1611.65
1671.89 , 1583.91
1700.01 , 1554.43
1720.69 , 1519.76
1736.55 , 1478.52
1752.5 , 1439.28
1763.84 , 1399.46
1771.88 , 1356.87
1777.14 , 1315.71
1781.12 , 1275
1786.64 , 1230.11
1791.95 , 1188.2
1288.67 , 1176.84
1260.67 , 1203.58
1228.34 , 1232.8
1209.42 , 1265.4
1212 , 1308.99
1232.25 , 1340.11
1269.3 , 1359.94
1299.62 , 1386.6
1337.78 , 1402.36
1380.2 , 1404.14
1417.08 , 1391.5
1455.45 , 1373.35
1495.72 , 1357.15
1510.14 , 1322.86
1503.62 , 1280.74
1481.9 , 1244.82
1458.01 , 1210.53
1113.69 , 1401.51
1153.44 , 1398.26
1191.52 , 1405.01
1230.07 , 1410.76
1268.52 , 1416.76
1307.66 , 1421.26
1345.74 , 1428
1385.62 , 1431.01
1424.54 , 1426.01
1463.22 , 1420.51
1502.27 , 1415.76
1542.74 , 1414.01
1581.55 , 1419.25
1561.96 , 1451.71
1542.52 , 1484.43
1518.59 , 1515.61
1488.64 , 1542.82
1455.69 , 1561.76
1421.07 , 1575.76
1383.79 , 1584.26
1343.19 , 1585.76
1303.66 , 1582.01
1266.59 , 1573.16
1233.19 , 1555.26
1203.17 , 1528.23
1176.13 , 1498.21
1153.34 , 1466.68
1133.87 , 1433.96
1135.69 , 1412.26
1166.09 , 1415.26
1194.84 , 1421.78
1223.39 , 1428.76
1250.66 , 1438.02
1277.09 , 1449.72
1304.69 , 1458.51
1333.32 , 1465.26
1363.62 , 1468.51
1393.91 , 1466.27
1423.37 , 1461.24
1452.34 , 1455.29
1480.74 , 1447.99
1509.37 , 1441.26
1510.59 , 1459.26
1486.77 , 1478.21
1462.41 , 1495.77
1436.04 , 1507.98
1407.16 , 1514.26
1376.37 , 1516.01
1345.12 , 1514.76
1314.87 , 1511.44
1286.14 , 1504.97
1259.02 , 1495.27
1232.89 , 1482.69
1208.04 , 1466.62
1184.24 , 1447.57
1160.44 , 1428.51
1476.7 , 1078.59
1487.25 , 1065.78
1500.4 , 1056.16
1514.3 , 1048.5
1528.62 , 1042.16
1543.33 , 1036.96
1559.12 , 1033.91
1576.28 , 1033.59
1592.6 , 1035.58
1607.4 , 1040.61
1620.63 , 1050.04
1619.35 , 1065.85
1605 , 1072.05
1590.12 , 1076.91
1574.15 , 1079.59
1557.35 , 1080.59
1540.55 , 1079.62
1524.85 , 1076.36
1508.88 , 1073.59
1493.4 , 1077.34
1244.32 , 1057.15
1231.5 , 1045.61
1218.02 , 1035.87
1203.8 , 1028.18
1188.35 , 1023.68
1172.02 , 1020.93
1154.85 , 1019.93
1137.55 , 1020.68
1120.77 , 1022.5
1105.7 , 1027.81
1094.35 , 1040.68
1108.3 , 1049.11
1122.15 , 1057.69
1137.35 , 1062.68
1153.55 , 1065.66
1170.47 , 1067.17
1187.9 , 1066.68
1204.97 , 1065.4
1222.15 , 1066.43
1238.35 , 1069.43
1462.96 , 982.25
1487.59 , 964.38
1516.63 , 957.57
1546.59 , 952.62
1576.61 , 947.85
1606.71 , 943.25
1636.61 , 938.24
1667.01 , 934.25
1697.88 , 931.24
1727.81 , 935.75
1751.63 , 955.95
1738.49 , 980
1706.63 , 980.98
1675.26 , 982.98
1644.26 , 985.76
1613.91 , 989.79
1583.96 , 994.75
1552.59 , 996.75
1520.51 , 997.25
1488.51 , 997.54
1264.54 , 949.53
1238.68 , 926.16
1208.84 , 914.08
1176.09 , 908.15
1140.61 , 908.36
1107.88 , 902.4
1074.68 , 897.4
1039.43 , 896.64
1007.49 , 904.34
978.38 , 918.93
952.41 , 941.9
982.41 , 953.4
1014.99 , 959.68
1048.66 , 963.65
1082.46 , 967.4
1115.91 , 971.9
1149.71 , 975.64
1183.88 , 978.65
1217.93 , 981.9
1251.73 , 978.12
