2708460596_1
1070.03 , 1180.66
1080.48 , 1232.28
1098.61 , 1282.04
1118.41 , 1330.33
1140.99 , 1384.45
1167.96 , 1431.56
1195.7 , 1478.23
1224.98 , 1517.87
1255.77 , 1564.3
1284.14 , 1610.68
1303.32 , 1661.49
1321.22 , 1713.3
1342.34 , 1762.8
1376.25 , 1804.62
1406.7 , 1848.87
1451.7 , 1885.01
1498.7 , 1904.32
1552.56 , 1910.45
1604.84 , 1903.1
1657.82 , 1889.24
1704.58 , 1861.9
1749.54 , 1828.37
1791.82 , 1790.93
1830.21 , 1752.6
1860.21 , 1712.77
1903.37 , 1675.1
1941.04 , 1638.2
1979.28 , 1600.63
2020.16 , 1561.81
2056.14 , 1521.84
2090.81 , 1479.81
2115.15 , 1433.61
2135.57 , 1383.44
2154.89 , 1333.65
2167.59 , 1281.17
2178.34 , 1228.02
2186.15 , 1170.76
2192.46 , 1118.18
2194.47 , 1061.72
2186.29 , 1010.73
2165.82 , 957.83
1254.42 , 1084.62
1237.76 , 1125.31
1220.77 , 1172.01
1215.57 , 1217.83
1238.02 , 1257.22
1281.57 , 1279.26
1329.01 , 1295.03
1371.69 , 1301.64
1420.46 , 1295.04
1467.25 , 1278.09
1509.28 , 1261.15
1556.14 , 1242.92
1586.33 , 1210.53
1583.12 , 1164.81
1572.02 , 1117.16
1544.44 , 1078.66
1520.4 , 1035.42
1267.7 , 1392.95
1312.75 , 1386.2
1360.75 , 1385.45
1405.7 , 1392.45
1452.83 , 1394.95
1496.05 , 1384.17
1541.6 , 1378.46
1589.58 , 1377.7
1634.18 , 1369.97
1679.6 , 1363.93
1726.38 , 1367.2
1764.98 , 1387.08
1749.69 , 1427.97
1728.52 , 1466.9
1704.48 , 1504.68
1677.65 , 1541.5
1644.52 , 1575.94
1608.73 , 1605.67
1570.83 , 1629.33
1527.1 , 1638.95
1479.12 , 1638.2
1431.5 , 1639.24
1388.43 , 1628.17
1355.16 , 1593.65
1339.07 , 1553.08
1325.68 , 1511.42
1311.23 , 1470.25
1292.83 , 1430.33
1278.7 , 1396.7
1314.17 , 1404.7
1349.3 , 1413.54
1384.4 , 1422.43
1420.62 , 1428.92
1459.5 , 1428.45
1496.85 , 1424.3
1532.53 , 1416.68
1567.78 , 1408.13
1604.53 , 1402.7
1641.45 , 1397.7
1677.65 , 1391.22
1714.38 , 1385.77
1743.03 , 1396.37
1714.53 , 1422.37
1684.38 , 1443.74
1653.58 , 1463.21
1622.95 , 1483.2
1592.93 , 1504.96
1561.58 , 1522.92
1527 , 1532.7
1489.58 , 1536.69
1451.43 , 1534.19
1418.25 , 1521.48
1388 , 1500.48
1358.88 , 1476.19
1329.4 , 1452.9
1301.02 , 1426.55
1570.54 , 907.78
1589.66 , 891.41
1609.91 , 878.19
1630.16 , 864.94
1651.39 , 854.19
1674.32 , 847.76
1698.69 , 844.26
1723.51 , 841.78
1749.32 , 841.28
1773.46 , 845.21
1795.84 , 852.55
1783.14 , 871.69
1762.37 , 883.52
1740.74 , 893.05
1718.44 , 900.51
1694.34 , 904.53
1669.26 , 906.53
1643.94 , 905.02
1619.62 , 901.54
1595.99 , 906.53
1301.6 , 943.27
1298.37 , 927.5
1283.12 , 918.51
1266.28 , 913.77
1248.38 , 911.01
1229.35 , 910.91
1211.62 , 914.04
1195.03 , 919.25
1178.8 , 925.47
1163.42 , 934.09
1149.43 , 946.58
1138.25 , 961.01
1156.28 , 958.51
1175.25 , 959.01
1194.22 , 959.51
1213.2 , 959.01
1231.67 , 957.51
1249.55 , 954.72
1266.62 , 950.26
1283.22 , 945
1498.04 , 757.54
1502.79 , 714.29
1534.31 , 682.03
1572.54 , 666.79
1613.39 , 657.05
1655.54 , 650.04
1697.94 , 643.64
1742.21 , 641.04
1781.62 , 653.27
1816.82 , 677.07
1849.54 , 707.79
1877.13 , 741.61
1844.87 , 763.54
1799.59 , 763.03
1755.29 , 760.54
1711.69 , 756.53
1668.09 , 752.54
1624.74 , 748.04
1580.91 , 744.54
1539.51 , 753.05
1199 , 794.65
1194.28 , 774.1
1178.48 , 757.84
1159.75 , 748.61
1140.68 , 740.57
1118.2 , 739.85
1096.81 , 742.85
1077.93 , 751.69
1064.49 , 768.68
1057.81 , 788.2
1054.78 , 809.6
1056.28 , 831.75
1059.82 , 852.9
1076.26 , 867.35
1093.81 , 855.07
1103.91 , 836.7
1120.93 , 822.92
1142.28 , 819.85
1162.4 , 814.23
1183.63 , 810.85
