2710033361_1
564.8 , 1053.4
576.11 , 1081.31
585.1 , 1109.87
595.35 , 1136.38
605.16 , 1166.96
612.79 , 1194.98
623.09 , 1224.86
638 , 1249.63
654.79 , 1276.35
674.39 , 1297.19
697.94 , 1318.44
720.03 , 1340.29
743.79 , 1358.76
769.5 , 1374.52
794.28 , 1389.49
823.23 , 1403.86
849.6 , 1414.81
877.41 , 1425.49
907.42 , 1437.51
937.44 , 1445.62
965.9 , 1446
995.42 , 1448.12
1027.78 , 1445.46
1054.73 , 1434.78
1078.74 , 1416.81
1104.95 , 1400.14
1127.11 , 1380.87
1150.33 , 1362.07
1175.18 , 1342.38
1200.66 , 1323.42
1223.36 , 1304.68
1243.8 , 1284.52
1263.53 , 1260.33
1278.77 , 1234.18
1290.25 , 1205.47
1301.46 , 1178.35
1314.62 , 1148.78
1323.45 , 1120.6
1331.87 , 1091.81
1339.55 , 1063.38
1347.5 , 1031.55
900.64 , 1043.9
886.93 , 1057.52
879.38 , 1077.72
886.47 , 1096.25
894.18 , 1116.39
912.76 , 1127.81
933.39 , 1129.71
953.62 , 1132.36
974.96 , 1130.5
996.76 , 1129.12
1017.75 , 1127.62
1037.51 , 1124.64
1057.05 , 1117.33
1069.6 , 1100.71
1067.69 , 1079.02
1061.5 , 1060.08
1052.2 , 1039.04
848.45 , 1219.85
868.12 , 1219.1
887.83 , 1218.35
907.62 , 1217.85
927.08 , 1216.6
946.88 , 1216.1
966.08 , 1217.85
986.03 , 1217.6
1004.85 , 1215.11
1024.65 , 1215.6
1044.6 , 1215.85
1063.43 , 1213.35
1083.24 , 1212.85
1074.8 , 1228.5
1061.17 , 1242.88
1047.92 , 1257.37
1033.2 , 1270.1
1017.45 , 1279.85
1000.95 , 1287.6
984.25 , 1294.83
966.23 , 1299.1
947.25 , 1296.87
929.15 , 1292.81
912.25 , 1286.39
896.43 , 1276.82
881.25 , 1265.4
866.86 , 1251.77
855.99 , 1236.4
858.7 , 1222.85
875.78 , 1223.6
892.62 , 1224.85
908.6 , 1227.87
924.33 , 1231.47
940.62 , 1233.78
956.6 , 1236.82
971.83 , 1241.35
988.8 , 1240.85
1004.03 , 1236.32
1019.12 , 1231.67
1034.2 , 1226.85
1049.23 , 1222.08
1064.68 , 1217.87
1077.22 , 1214.85
1062.12 , 1219.61
1047.33 , 1224.97
1032.15 , 1229.62
1016.95 , 1234.1
1002.18 , 1239.62
986.95 , 1244.1
970.1 , 1244.85
954.73 , 1240.6
939.2 , 1236.6
923.3 , 1233.45
908.28 , 1228.62
892.4 , 1225.35
875.8 , 1223.6
1076.34 , 923.51
1090.16 , 920.76
1104.96 , 920.01
1119.66 , 921.01
1133.89 , 923.01
1148.21 , 924.76
1162.79 , 926.01
1177.01 , 928.01
1190.74 , 931.03
1204.37 , 934.28
1217.89 , 937.78
1204.46 , 939.51
1189.26 , 939.51
1174.82 , 938.01
1160.62 , 936.01
1146.51 , 933.76
1132.29 , 931.77
1118.66 , 928.51
1104.34 , 926.76
1089.51 , 927.53
848.6 , 922.2
837.5 , 923.95
825.75 , 924.95
814.12 , 926.2
802.38 , 927.2
790.38 , 927.7
778.88 , 929.2
767.12 , 930.2
755.25 , 930.95
743.25 , 931.45
731.25 , 931.95
742.88 , 930.7
754.62 , 929.7
766.25 , 928.45
777.88 , 927.2
789.98 , 926.95
802.1 , 927.2
813.73 , 925.95
825.12 , 924.2
836.62 , 922.7
1033.05 , 880.44
1044.37 , 858.82
1066.25 , 847.98
1090.22 , 842.26
1114.97 , 838.22
1140 , 834.68
1166.22 , 833.69
1191.35 , 836.94
1213.83 , 845.96
1234.38 , 860.24
1253.6 , 878.24
1257.87 , 898.7
1233.65 , 893.53
1210.17 , 886.94
1186.1 , 881.43
1160.47 , 879.19
1133.88 , 879.44
1108.03 , 881.19
1082.4 , 883.45
1057 , 886.2
897.54 , 874.4
888.03 , 848.38
862.15 , 838.15
835.85 , 829.13
808.7 , 821.63
780.9 , 815.38
752.4 , 810.63
723.65 , 814.89
696.95 , 823.1
671.75 , 835.7
648.73 , 853.98
634.35 , 878.38
663.83 , 875.63
692.58 , 871.38
721.45 , 867.38
751.28 , 865.38
781.6 , 864.38
810.7 , 867.88
838.95 , 873.12
867.95 , 876.88
