2711926644_1
229.34 , 717.45
226.89 , 747.21
232 , 776.99
239.02 , 807.63
248.09 , 837.52
259.37 , 866.86
273.24 , 894.48
290.19 , 923.59
306.7 , 949.58
324.45 , 975.66
340.52 , 1000.6
357.48 , 1026.71
376.59 , 1055.22
394.75 , 1080.64
412.64 , 1103.57
434.47 , 1128.66
458.51 , 1146.56
489.38 , 1153.17
519.29 , 1151.38
550.89 , 1143.48
582.58 , 1140.81
612.53 , 1135.98
643.14 , 1127.33
670.65 , 1115.18
700.39 , 1101.27
728.39 , 1085.01
754.52 , 1070.03
779.61 , 1053.49
805.86 , 1033.19
823.69 , 1009.61
841.8 , 982.18
859.85 , 955.55
877.11 , 928.89
890.24 , 900.62
899.62 , 871.37
905.37 , 842.5
909 , 810.5
910.36 , 778.46
911.21 , 747.43
912.88 , 715.59
915 , 683.12
394.93 , 730.88
388.34 , 755.36
372.5 , 777.33
352.04 , 797.05
348.8 , 822.05
366.05 , 843.5
391.08 , 845
420.34 , 844.66
446.44 , 843.85
473.58 , 841.07
500.43 , 839.43
527.79 , 836.75
544.56 , 816.88
542.98 , 789.72
529.86 , 765.16
513.08 , 744.48
494.4 , 721.73
349.86 , 986.4
353.38 , 965.38
364.31 , 947.45
379.11 , 930.9
395.86 , 916.65
418.49 , 916.39
439.63 , 913.13
459.44 , 907.15
482.06 , 907.42
501.84 , 913.39
521.06 , 920.64
539.81 , 929.37
558.69 , 937.66
577.66 , 945.69
593.89 , 957.02
585.99 , 976.02
569.49 , 991
552.74 , 1005.15
535.19 , 1017.09
516.59 , 1026.42
497.29 , 1033.47
477.76 , 1039.89
456.96 , 1043.9
434.96 , 1045.4
412.59 , 1044.63
393.79 , 1036.08
377.64 , 1020.2
363.37 , 1003.45
358.86 , 979.15
374.63 , 980.65
391.04 , 980.4
406.19 , 983.14
422.46 , 982.65
438.11 , 980.9
453.99 , 979.65
469.88 , 978.4
484.94 , 975.41
500.34 , 973.15
515.86 , 971.15
530.81 , 967.89
545.96 , 965.16
561.99 , 964.15
577.75 , 964.15
561.84 , 962.9
545.96 , 964.16
530.91 , 967.15
515.38 , 969.15
500.09 , 971.65
485.16 , 974.9
469.26 , 976.15
453.74 , 978.15
438.44 , 980.65
422.79 , 982.4
406.88 , 981.15
390.76 , 980.4
375.11 , 978.65
544.85 , 633.04
548.64 , 620.49
556.07 , 609.31
565.72 , 598.92
577.02 , 591.85
589.77 , 588.36
603.8 , 587.54
617.03 , 589.97
629.35 , 594.29
641.25 , 599.79
653.08 , 605.52
662.1 , 614.79
650.95 , 622.2
639.12 , 628.05
626.88 , 632.52
613.9 , 635.52
600.33 , 637.29
586.15 , 636.79
572.45 , 635.29
558.65 , 634.04
382.58 , 633.29
374.84 , 624.8
366.22 , 617.4
356.84 , 612.05
347.19 , 607.39
336.44 , 605.39
324.94 , 605.89
314.39 , 608.38
304.56 , 612.4
296.16 , 620.41
291.94 , 630.14
298.19 , 639.14
306.32 , 647.51
316.19 , 651.39
327.19 , 652.89
338.47 , 651.89
349.06 , 649.52
359.67 , 647.15
370.51 , 645.32
381.54 , 643.79
491.67 , 554.86
509.05 , 539.49
527.1 , 525.87
546.64 , 516.37
567.32 , 509.95
589.1 , 505.68
612.67 , 505.11
635.17 , 507.86
656.02 , 513.86
675.89 , 522.35
685.45 , 536.61
661.85 , 536.11
638.25 , 535.62
615.02 , 536.86
592.8 , 540.23
572.1 , 546.64
552.1 , 554.62
532.47 , 563.85
513.19 , 574.12
491.92 , 578.58
368.79 , 521.57
358.11 , 508.07
341.4 , 503.28
323.58 , 500.79
305.06 , 501.79
287.61 , 505.01
271.58 , 511.26
257.28 , 522.17
247.53 , 536.91
243.03 , 553.79
243.53 , 572.59
244.78 , 591.02
253.27 , 577.82
258.78 , 561.54
269.55 , 547.28
285 , 539.29
303.08 , 537.29
321.38 , 538.79
340.06 , 538.04
357.63 , 535.01
