271207685_1
229.08 , 566.81
233.68 , 586.57
237.59 , 606.56
239.39 , 626.71
245.31 , 646.34
250.85 , 666.29
255.81 , 686.45
261.22 , 706.83
267.8 , 724.86
276.27 , 745.03
285.32 , 762.77
289.19 , 783.44
298.93 , 800.88
310.67 , 817.15
322.07 , 833.96
336.57 , 850.5
352.63 , 862.32
373.1 , 867.86
392.19 , 867.63
414.06 , 866.32
433.1 , 865.88
454.35 , 864.16
474.97 , 859.87
494.73 , 852.87
513.15 , 843.55
529.69 , 833.35
545.68 , 820.1
561.91 , 807.75
577.18 , 793.99
590.6 , 778.2
603.37 , 760.78
611.46 , 742.99
616.23 , 723.86
620.13 , 702.34
622.95 , 682.95
625.15 , 662.39
628.82 , 641.8
633.36 , 621.31
638.22 , 601.61
640.75 , 581.56
641.35 , 559.48
326.6 , 535.81
318.73 , 549.93
310.07 , 564.22
300.37 , 579.41
302.87 , 596.05
311.59 , 611.03
327.15 , 618.83
344.99 , 620.52
361.3 , 619.6
378.76 , 617.31
396.53 , 616.81
412.97 , 614.81
428.66 , 606.4
433.6 , 590.13
429.49 , 574.62
421.34 , 559.61
411.22 , 543.58
299.65 , 711.49
302.39 , 696.84
309.41 , 683.97
318.15 , 671.74
328.48 , 660.42
342.82 , 656.99
358.7 , 657.25
373.47 , 654.74
388.6 , 652.97
402.92 , 656.5
416 , 663
428.88 , 669.98
441.17 , 678.52
453.2 , 687.79
464.41 , 698.36
465.64 , 713.26
457.58 , 725.57
445.32 , 734.26
432.73 , 741.93
419.6 , 748.24
405.45 , 752
390.17 , 753.49
374.8 , 754.74
359.5 , 753.34
345 , 750.25
331.95 , 743.77
319.97 , 734.32
308.4 , 723.74
325.4 , 711.74
331.68 , 705.22
338.35 , 699.29
345.22 , 693.9
353.38 , 691.76
362.27 , 691.24
371.32 , 690.99
380.25 , 690.49
389.27 , 690.24
398.1 , 690.95
406.52 , 692.48
414.57 , 694.74
422.5 , 697.27
430.8 , 699.01
439.13 , 700.74
440.15 , 705.24
431.12 , 705.49
422.17 , 705.97
413.27 , 706.49
404.35 , 706.99
395.45 , 707.49
386.52 , 707.99
377.6 , 708.49
368.55 , 708.74
359.52 , 708.49
350.62 , 709.01
342.3 , 710.72
334.1 , 712.74
440 , 469.07
445.78 , 460.04
454.77 , 454.06
464.43 , 449.8
474.52 , 446.82
485.18 , 444.82
496.65 , 445.07
507.27 , 447.07
517.25 , 450.32
526.6 , 455.39
534.87 , 463.42
534.24 , 474.6
524.73 , 479.31
514.33 , 481.82
503.1 , 482.57
491.85 , 481.82
480.73 , 480.82
470.23 , 478.57
460.35 , 475.1
450.62 , 471.07
314.18 , 465.99
310 , 459.31
303.65 , 454.21
296.82 , 450.38
289.45 , 448.04
281.3 , 447.31
273.5 , 448.81
266.52 , 452.29
260.31 , 457.76
255.99 , 464.38
252.5 , 471.31
255.75 , 478.31
261.98 , 483.8
269 , 487.06
276.77 , 488.56
284.95 , 487.81
292.62 , 486.08
299.8 , 483.3
306.77 , 479.78
312.77 , 473.76
392.4 , 422.52
405.06 , 406.35
423.47 , 399.95
442.9 , 395.52
463.05 , 392.55
484.25 , 391.77
504.75 , 394.03
524.15 , 398.52
542.88 , 404.26
560.32 , 413.46
575.12 , 428.25
571.32 , 444.29
552.98 , 437.75
534.67 , 431.02
515.38 , 426.27
495.02 , 423.77
473.67 , 423.27
452.7 , 424.52
431.97 , 426.27
411.3 , 427.92
326.8 , 412.54
316.68 , 402.18
303.88 , 396.49
289.93 , 393.49
275.12 , 392.24
259.9 , 392.09
245.2 , 393.49
231.35 , 396.73
218.75 , 402.99
208.25 , 413.99
209.5 , 428.79
211.99 , 442.96
224.45 , 439.04
235.88 , 429.61
249.2 , 425.48
263.73 , 423.74
278.52 , 422.49
293.8 , 422.24
308.48 , 423.74
322.99 , 425.11
