271207741_1
389.34 , 500.8
392.81 , 516.24
397.18 , 530.62
403.8 , 545.53
412.75 , 559.1
421.86 , 571.98
430.62 , 584.4
441.59 , 597.47
452.62 , 607.93
465.4 , 617.6
479.24 , 625.74
493.9 , 633.69
507.73 , 640.63
522.66 , 647.26
537.14 , 654.64
551.43 , 662.46
565.59 , 669.53
578.97 , 678.34
593.25 , 682.39
610.15 , 685.13
624.43 , 689.43
640.66 , 694.77
655.72 , 695.69
671.74 , 690.46
681.73 , 679.91
688.25 , 664.81
691.48 , 648.31
695.69 , 633.66
703.17 , 619.04
708.02 , 603.95
713.49 , 589.15
714.69 , 573.49
714.5 , 557.1
714.29 , 540.66
718.36 , 525.17
724.25 , 510.53
728.84 , 495.86
732.25 , 479.9
731.59 , 463.76
729.13 , 448.94
727.84 , 431.66
629.69 , 452.8
629.54 , 462.98
627.91 , 474.14
629.04 , 485.56
634.66 , 495.32
643.94 , 500.94
654.85 , 502.55
666.02 , 501.86
677.05 , 500.75
687.33 , 499.67
699.39 , 497.99
707.74 , 491.37
712.88 , 481.41
718.29 , 471.6
719.73 , 461.55
713.5 , 451.32
707.98 , 441.73
602.18 , 572.01
610.4 , 566.54
618.55 , 560.67
627.15 , 556.04
635.85 , 551.61
644.38 , 546.83
652.83 , 541.85
661.53 , 537.48
671.35 , 535.74
680.65 , 538.49
690.48 , 540.28
700.53 , 541.51
705.77 , 549.61
704.95 , 559.71
700.93 , 568.51
698.42 , 577.96
698.43 , 588.63
698.1 , 599.11
691.13 , 606.55
681.53 , 608.76
671.25 , 608.01
661.08 , 607.03
651.4 , 604.99
642.08 , 602.29
633.3 , 598.14
624.98 , 592.81
616.9 , 586.74
609.18 , 579.76
621.93 , 568.51
626.93 , 566.01
631.95 , 563.48
636.73 , 560.25
641.95 , 558.27
647.4 , 556.76
652.98 , 555.51
658.9 , 555.01
664.98 , 555.26
670.9 , 555.76
676.83 , 556.26
682.9 , 556.51
688.58 , 557.49
693.2 , 561.08
693.68 , 567.01
692.43 , 572.59
690.19 , 577.75
684.73 , 579.27
678.68 , 579.01
672.63 , 578.76
666.83 , 578.01
661 , 577.26
655.2 , 576.51
649.5 , 575.51
644.05 , 574.01
638.36 , 573
632.68 , 572.01
626.98 , 571.01
686.82 , 398.91
686.31 , 393.73
690.48 , 391.05
695.48 , 390.23
700.76 , 390.48
706.03 , 390.73
711.18 , 391.24
716.11 , 392.22
720.59 , 394.24
723.27 , 398.43
722.4 , 403.38
719.53 , 407.5
716.62 , 411.68
712.71 , 415.23
707.91 , 416.47
702.51 , 416.49
697.93 , 414.86
693.79 , 411.95
690.56 , 407.93
688.35 , 403.53
601.42 , 393.21
600.68 , 386.99
598.33 , 381.49
592.97 , 378.68
586.82 , 377.86
580.6 , 378.61
574.73 , 380.13
569.23 , 382.38
563.8 , 384.87
558.42 , 387.58
553.4 , 391.11
556.56 , 396.29
560.47 , 401.2
565.6 , 404.57
571.1 , 406.87
577.2 , 407.86
583.77 , 407.85
589.65 , 406.36
594.98 , 403.53
599.08 , 398.71
689.38 , 342.72
693.26 , 336.29
699.96 , 332.94
708 , 332.72
715.36 , 334.45
722.68 , 336.24
729.5 , 339.09
735.98 , 342.98
741.61 , 348.7
745.38 , 355.22
746.38 , 362.9
744.63 , 370.22
737.33 , 371.15
731.23 , 366.31
724.46 , 363.22
717.11 , 361.47
709.43 , 360.47
701.88 , 359.22
695.14 , 356.34
691.9 , 349.65
645.02 , 334.96
631.6 , 328.33
617.12 , 324.33
601.73 , 322.33
585.33 , 322.33
568.93 , 322.34
553.88 , 325.08
540.23 , 330.95
527.52 , 339.41
515.4 , 349.53
503.35 , 359.83
519.75 , 359.83
535.05 , 357.58
550 , 354.59
565.42 , 352.58
581.08 , 351.08
597 , 352.08
613.15 , 352.58
629.3 , 353.08
644.72 , 351.09
