2716694520_1
204.55 , 268.3
205.16 , 279.14
206.96 , 290.16
209.65 , 301.94
212.7 , 312.37
217.1 , 323.53
221.57 , 333.6
226.53 , 344.68
231.33 , 355.15
236.28 , 364.83
241.53 , 374.78
247.26 , 384.52
253.66 , 394.6
260.74 , 403.29
268.41 , 412.21
275.58 , 420.37
284.64 , 428.5
293.59 , 434.63
304.92 , 438.36
315.59 , 439.3
327.67 , 440.38
338.62 , 441.24
350.59 , 441.26
361.98 , 439.77
373.13 , 437.09
383.92 , 433.68
395 , 429.55
405.9 , 425.54
416.05 , 421.34
425.76 , 415.68
434.92 , 408.75
443.95 , 401.08
452.18 , 393.8
459.3 , 385.16
466.18 , 375.83
473.18 , 366.04
478.85 , 356
483.05 , 345.75
486.53 , 334.28
489.05 , 323.98
491.18 , 311.78
288.18 , 274.39
284.16 , 285.43
279.91 , 296.29
274.89 , 306.66
269.18 , 317.59
275.03 , 327.04
285.61 , 330.6
297.72 , 333.33
309.63 , 333.45
321.52 , 332.03
333.53 , 330.23
344.75 , 327.93
355.3 , 322.44
354.35 , 311.55
347.97 , 300.68
341.81 , 290.5
337.4 , 279.46
260.3 , 362.75
269.28 , 364
278.88 , 364
288.5 , 364
297.98 , 364.25
307.45 , 364.5
316.7 , 363.75
326.3 , 363.75
335.65 , 364.25
345.03 , 364.75
354.38 , 364.25
363.62 , 363.5
372.98 , 363
373.67 , 371.62
367 , 378.28
359.7 , 383.6
351.93 , 387.75
344.1 , 391.7
335.88 , 394.48
326.98 , 396
317.88 , 397
308.62 , 397.78
299.88 , 396.02
291.75 , 392.99
283.98 , 388.9
276.38 , 384.32
269.46 , 377.92
264.52 , 370.48
273.3 , 367.25
279.9 , 368.25
286.75 , 368.75
293.85 , 368.75
300.7 , 369.25
307.8 , 369.25
314.65 , 368.75
321.62 , 369
328.6 , 369.25
335.58 , 369
342.43 , 368.5
349.28 , 368
356.1 , 367.46
362.98 , 367
362.13 , 371.74
356.23 , 374.32
350.23 , 376.57
344.1 , 378.51
337.48 , 379.48
330.75 , 380.25
323.9 , 380.75
316.8 , 380.75
309.7 , 380.77
303.1 , 379.77
296.83 , 378.02
290.5 , 376.46
284.33 , 374.52
278.73 , 371.15
341.25 , 244.66
345.41 , 239.51
350.33 , 234.82
355.98 , 231.93
362.05 , 230.14
368.73 , 229.66
375.02 , 230.91
381.1 , 232.69
387.02 , 234.67
392.95 , 236.68
398.61 , 239.42
396.72 , 245.17
391.32 , 248.65
385.25 , 250.41
378.93 , 251.66
372.25 , 252.16
365.57 , 251.66
359.02 , 250.91
352.73 , 249.66
346.9 , 247.44
281.89 , 238.62
278.92 , 233.89
275.37 , 229.34
270.92 , 225.61
265.97 , 223.09
260.64 , 221.59
255.07 , 220.59
249.4 , 219.84
243.34 , 219.83
238.32 , 222.12
234.62 , 226.59
237.02 , 231.52
240.19 , 236.18
244.9 , 239.37
249.77 , 242
254.9 , 243.85
260.69 , 244.34
266.75 , 244.34
272.32 , 243.33
277.77 , 242.06
331.3 , 209.36
336.77 , 201.13
346.3 , 198.86
356.7 , 198.36
367.23 , 198.11
377.75 , 198.36
387.53 , 200.1
396.45 , 203.77
404.95 , 208.6
413.28 , 213.83
421.6 , 219.11
413.95 , 220.86
404.53 , 218.35
394.73 , 216.61
384.2 , 216.86
373.93 , 216.11
363.88 , 217.29
354.62 , 220.11
344.48 , 221.13
335.31 , 218.12
285.01 , 207.88
279.1 , 202.07
272.73 , 197.59
265.88 , 194.27
258.5 , 192.33
250.55 , 191.59
242.95 , 193.08
235.75 , 195.3
228.85 , 198.42
222.4 , 202.64
216.45 , 208.33
224.17 , 207.08
231.65 , 205.33
239.15 , 203.57
247.22 , 204.08
254.7 , 205.83
261.77 , 208.4
268.57 , 211.83
275.57 , 214.58
283.65 , 215.08
