2719309278_1
530.25 , 847.89
543.14 , 871.39
556.76 , 892.23
574.28 , 914.72
587.86 , 935.97
602.57 , 960.13
617.62 , 982.01
633.46 , 1004.2
649.88 , 1024.33
667.8 , 1043.72
687.87 , 1064.2
707.5 , 1081.13
729.95 , 1096.5
755.42 , 1109.24
779.81 , 1118.22
805.4 , 1124.53
831.57 , 1128.77
860.13 , 1133.12
886.64 , 1137.13
912.14 , 1141.51
939.99 , 1145.48
964.8 , 1144.13
990.78 , 1136.39
1014.66 , 1124.34
1036.05 , 1107.83
1055.59 , 1087.6
1074.66 , 1068.25
1095.79 , 1052.37
1115.85 , 1036.61
1137.19 , 1018.84
1155.48 , 998.53
1170.73 , 977.15
1184.27 , 952.38
1195.5 , 929.11
1205.37 , 904.29
1213.83 , 877.24
1219.5 , 852.87
1225.25 , 824.47
1228.56 , 798.75
1229.84 , 771.1
1230.25 , 743.39
898.74 , 744.93
886.98 , 761.22
872.86 , 774.5
864.1 , 793.57
868.09 , 813
881.68 , 827.05
900.88 , 833.3
921.02 , 830.97
941.54 , 828.27
961.91 , 826.39
982.21 , 823.24
1002.53 , 820.6
1022.98 , 819.2
1038.2 , 808.8
1041.72 , 788.96
1036.09 , 769.67
1023.45 , 751.25
865.63 , 945.14
878.58 , 934.2
892.38 , 925.64
906.88 , 918.89
922.25 , 914.36
938.63 , 911.89
956.08 , 911.64
973.28 , 910.89
989.28 , 907.65
1006.13 , 909.14
1020.53 , 916.27
1032.88 , 928.74
1038.38 , 943.62
1038.88 , 960.97
1038.88 , 978.54
1036.88 , 995.14
1028.88 , 1009.14
1016.38 , 1021.39
1001.88 , 1028.14
985.5 , 1030.64
968.43 , 1029.64
952.18 , 1026.92
937.86 , 1019.61
925.11 , 1008.11
913.4 , 995.41
901.53 , 982.79
889.03 , 970.54
876.6 , 958.12
872.88 , 943.89
883.71 , 938.36
895.78 , 935.9
907.78 , 933.14
919.23 , 929.36
931.58 , 927.39
944.53 , 926.64
957.11 , 925.14
969.58 , 923.39
981.81 , 921.14
994.5 , 919.89
1007.33 , 920.89
1018.78 , 924.64
1026.2 , 934.57
1019 , 944.74
1012.53 , 955.21
1006.42 , 965.81
999.36 , 975.91
988.33 , 980.88
975.13 , 981.14
962.56 , 979.66
950.68 , 976.67
939.43 , 972.41
927.98 , 968.67
916.65 , 964.63
905.7 , 959.4
894.93 , 953.71
884.11 , 948.13
1016.27 , 657.14
1020.31 , 643.56
1029.49 , 631.91
1040.94 , 622.19
1053.39 , 615.14
1066.55 , 610.14
1081.24 , 608.39
1095.35 , 611.37
1108.37 , 616.73
1120.47 , 624.59
1130.76 , 635.87
1134.18 , 649.46
1125.02 , 661.14
1112.92 , 668.98
1099.82 , 674.14
1084.99 , 675.64
1069.42 , 675.64
1054.72 , 673.89
1040.12 , 671.88
1026.17 , 668.56
839.36 , 672.96
836.97 , 658.37
826.49 , 646.89
814.97 , 636.6
802.82 , 628.09
788.92 , 624.09
773.37 , 623.66
759.29 , 627.31
746.27 , 633.53
733.81 , 641.22
722.97 , 652.57
714.94 , 664.84
726.69 , 674.59
739.29 , 681.85
752.69 , 686.84
767.57 , 688.84
782.79 , 687.59
797.79 , 685.84
812.19 , 682.84
826.44 , 679.59
1029.3 , 544.15
1043.35 , 532.84
1060.33 , 528.89
1078.95 , 528.4
1096.75 , 530.61
1114.15 , 533.63
1131.58 , 536.65
1148.52 , 540.65
1164.52 , 546.63
1179.5 , 555.39
1192.06 , 568.67
1181.42 , 580.53
1164.4 , 576.63
1148 , 571.63
1131.78 , 566.38
1115.22 , 561.59
1099.45 , 555.05
1081.85 , 552.4
1063.7 , 550.9
1045.32 , 549.91
834.86 , 543.01
812.61 , 540.51
790.23 , 543.28
767.63 , 545.48
744.93 , 547.61
722.88 , 551.03
701.9 , 556.64
682.15 , 565.1
664.41 , 579.11
653.02 , 597.78
646.03 , 618.01
663.5 , 604.29
682.86 , 594.45
703.2 , 587.79
724.4 , 582.53
746.3 , 578.76
768.55 , 575.76
790.43 , 572.02
812.45 , 568.51
833.48 , 563.01
