2719463843_1
1011.9 , 1128.15
1012.23 , 1164.9
1014.32 , 1202.3
1017.3 , 1239.29
1023.32 , 1275.65
1031.5 , 1312.28
1042.15 , 1345.89
1056.48 , 1381.01
1071.94 , 1414.39
1091.45 , 1445.27
1112.75 , 1476.79
1137.03 , 1506.32
1161.71 , 1534.11
1185.91 , 1562.27
1212.4 , 1588.47
1237.11 , 1613.43
1266.71 , 1639.21
1297.22 , 1657.88
1327.37 , 1678.43
1362.06 , 1694.83
1399.09 , 1698.07
1436.07 , 1698.01
1472.17 , 1696.32
1510.01 , 1690.33
1546.41 , 1679.65
1577.58 , 1664.85
1609.03 , 1642.61
1635.29 , 1618.81
1662 , 1591.65
1688.49 , 1567.36
1718.14 , 1542.97
1743.79 , 1516.3
1765.08 , 1484.33
1786.34 , 1455.54
1806.81 , 1424.65
1824.8 , 1392.78
1843.8 , 1358
1854.99 , 1323.91
1861.6 , 1287.28
1870.53 , 1250.99
1875.5 , 1212.59
1331.72 , 1040.6
1315.24 , 1073.62
1300.3 , 1111.48
1288.39 , 1149.52
1290.7 , 1185.95
1325.66 , 1205.48
1363.32 , 1215.28
1401.85 , 1213.53
1445.33 , 1211.78
1484.12 , 1209.72
1522.51 , 1207.15
1561.65 , 1198.6
1579.87 , 1165.45
1574.27 , 1127.77
1553.68 , 1092.5
1531.5 , 1057.62
1512.47 , 1022.71
1220.95 , 1342.68
1249.05 , 1335.08
1278.35 , 1329.78
1306.7 , 1322.43
1336.8 , 1318.83
1366.05 , 1313.43
1396.7 , 1315.43
1427.83 , 1313.93
1459.2 , 1312.93
1489.5 , 1316.18
1518.35 , 1322.44
1546.43 , 1330.17
1574.08 , 1338.71
1602.9 , 1344.94
1606.65 , 1370.22
1581.35 , 1385.02
1554.88 , 1396.5
1528.03 , 1406.91
1500.38 , 1415.42
1470.83 , 1420.21
1439.78 , 1421.5
1408.8 , 1419.71
1379.38 , 1414.61
1350.88 , 1407.61
1322.93 , 1399.66
1295.93 , 1389.67
1269.3 , 1378.69
1243.83 , 1364.3
1227.95 , 1340.68
1253.98 , 1346.44
1281.15 , 1349.89
1308.88 , 1352.2
1336.73 , 1354.19
1363.12 , 1359.15
1389.85 , 1363.58
1417.3 , 1366.43
1445.05 , 1364.68
1471.45 , 1359.68
1498.23 , 1355.43
1526.45 , 1354.18
1554.8 , 1355.18
1582.68 , 1357.18
1608.23 , 1361.69
1581.35 , 1365.18
1553.23 , 1363.68
1525.25 , 1361.93
1496.78 , 1362.7
1469.38 , 1365.68
1442.47 , 1369.68
1414.25 , 1368.47
1387.4 , 1364.39
1360.95 , 1359.43
1334.05 , 1355.41
1306.6 , 1352.78
1278.95 , 1355.18
1251.6 , 1352.08
1575.9 , 931.24
1590.15 , 918.49
1604.75 , 906.64
1619.62 , 895.52
1634.98 , 885.92
1651.12 , 878.24
1669.15 , 874.99
1688.15 , 876.24
1705.48 , 881.02
1721.55 , 888.87
1736.07 , 900.9
1737.99 , 919.44
1722.9 , 929.99
1706.65 , 937.24
1688.85 , 940.99
1669.25 , 940.99
1650.73 , 938.74
1631.95 , 936.99
1613.33 , 934.99
1594.2 , 933.99
1303.77 , 932.04
1298.15 , 917.82
1283.42 , 907.89
1268.95 , 897.16
1254.35 , 886.81
1238.65 , 879.3
1220.67 , 877.03
1202.9 , 879.77
1186.7 , 885.55
1171.6 , 894.56
1157.85 , 907.31
1148.1 , 922.06
1163.02 , 931.5
1178.82 , 938.54
1195.85 , 942.81
1214.3 , 944.06
1232.5 , 942.32
1249.97 , 939.09
1267.47 , 935.83
1285.5 , 933.66
1536.9 , 803.74
1551.9 , 769.37
1585.38 , 752
1622.7 , 743.5
1661.83 , 738.77
1701.33 , 734.74
1742.03 , 735.24
1778.28 , 745.61
1810.23 , 767.5
1833.62 , 797.97
1848.15 , 832.49
1857.4 , 869.44
1833.62 , 867.22
1802.35 , 843.45
1767.62 , 829.22
1731.28 , 818.86
1693.2 , 811.99
1653.23 , 808.99
1612.53 , 807.99
1573.75 , 812.99
1327.93 , 797.74
1304.97 , 770.87
1274.04 , 758.12
1240.59 , 750.87
1204.59 , 748.87
1168.87 , 751.37
1134.09 , 755.87
1103.04 , 768.15
1076.91 , 794.27
1061.22 , 824.25
1051.36 , 856.35
1044.34 , 889.87
1069.01 , 864.19
1095.79 , 839.9
1125.82 , 824.39
1158.94 , 816.38
1194.44 , 813.37
1230.79 , 812.12
1265.91 , 815.9
1301.07 , 819.6
