2719467991_1
855.18 , 1105.78
867.09 , 1142.38
879.47 , 1175.81
889.05 , 1214.82
902.52 , 1252.22
914.02 , 1288.16
926.38 , 1323.46
943.45 , 1358.49
963.49 , 1389.92
986.26 , 1422.78
1007.13 , 1455.25
1026.12 , 1490.61
1049.59 , 1518.26
1075.94 , 1548.57
1103.82 , 1574.04
1135.92 , 1594.39
1170.93 , 1610.77
1207.72 , 1623.63
1246.18 , 1633.52
1283.96 , 1641.94
1322.6 , 1650.44
1359.18 , 1657.9
1398.83 , 1662.34
1435.11 , 1663.18
1476.03 , 1662.24
1512.92 , 1655.08
1542.49 , 1635.03
1575.84 , 1610.33
1594.65 , 1579.46
1612.59 , 1545.94
1633.38 , 1510.68
1653.36 , 1479.58
1675.21 , 1444.87
1689.5 , 1411.66
1699.93 , 1371.96
1705.77 , 1336.79
1711.57 , 1297.53
1717.16 , 1258.74
1722.5 , 1219.87
1727.91 , 1181.11
1731.67 , 1141.87
1384.68 , 1084.95
1375.24 , 1113.27
1362.46 , 1140.66
1353.33 , 1169.71
1360.8 , 1198.04
1382.2 , 1218.8
1410.98 , 1225.23
1441.43 , 1229.98
1471.09 , 1237.02
1501.24 , 1240.64
1529.33 , 1240.53
1559.56 , 1230.12
1577.56 , 1205.78
1587.6 , 1177.6
1578.34 , 1150.45
1566.24 , 1121.36
1555.56 , 1092.21
1248 , 1341.89
1271.78 , 1333.39
1298.45 , 1336.14
1325.85 , 1334.89
1353.62 , 1335.39
1380.05 , 1338.64
1407.22 , 1340.39
1434.62 , 1341.64
1462.4 , 1341.14
1488.72 , 1337.66
1515.5 , 1335.14
1542.9 , 1333.89
1570.33 , 1335.14
1597.35 , 1337.13
1591.8 , 1360.86
1571.17 , 1378.45
1548.72 , 1390.89
1523.62 , 1397.01
1497.5 , 1400.89
1470.45 , 1402.89
1443.05 , 1404.14
1415.92 , 1402.32
1390.08 , 1397.92
1365.12 , 1391.51
1340.47 , 1384.62
1316.03 , 1377.41
1292.42 , 1368.33
1269.6 , 1356.71
1273.25 , 1339.64
1295.75 , 1342.39
1316.35 , 1348.91
1338.12 , 1353.13
1360.38 , 1356.39
1383.12 , 1358.64
1406.1 , 1360.39
1429.7 , 1360.89
1452.83 , 1359.39
1475.92 , 1357.89
1499.28 , 1358.89
1522.15 , 1356.89
1545 , 1354.89
1567.62 , 1352.4
1588.9 , 1349.74
1566.85 , 1353.36
1544.58 , 1356.64
1521.47 , 1358.14
1498.25 , 1359.39
1475.97 , 1362.64
1452.38 , 1363.14
1429.03 , 1362.14
1405.8 , 1360.89
1382.92 , 1358.89
1360.2 , 1356.64
1337.08 , 1355.14
1314.58 , 1352.42
1293.67 , 1346.41
1518.15 , 977.28
1521.45 , 963.47
1533 , 954.28
1545.33 , 947.34
1558.05 , 941.37
1570.88 , 935.79
1584.33 , 931.77
1598.68 , 929.53
1613.38 , 931.02
1626.14 , 936.75
1634.38 , 948.61
1637.39 , 962.36
1630.78 , 974.78
1618.85 , 982.82
1605.23 , 986.53
1590.15 , 987.28
1575.45 , 985.78
1560.65 , 984.53
1546.08 , 982.8
1531.98 , 980.03
1306.36 , 957.03
1296.1 , 946.66
1284.27 , 940.38
1270.75 , 938.16
1256.75 , 936.91
1242.15 , 936.91
1228.25 , 938.42
1215.07 , 941.41
1203 , 946.98
1192.16 , 955.86
1185.35 , 967.41
1197.27 , 973.35
1209.42 , 978.66
1222.8 , 981.16
1236.7 , 982.66
1251.2 , 982.91
1265.67 , 982.66
1279.57 , 981.16
1292.62 , 977.89
1304.02 , 970.53
1511.04 , 858.85
1531.44 , 836.45
1555.09 , 819.54
1580.41 , 806.85
1606.34 , 796.37
1632.39 , 786.25
1661.46 , 782.35
1685.84 , 796.86
1696.07 , 822.43
1698.54 , 852.15
1697.77 , 882.5
1694.04 , 911.63
1689.52 , 890.33
1678.72 , 864.53
1656.69 , 844.08
1626.82 , 846.34
1600.91 , 856.98
1575.39 , 868.76
1549.64 , 880
1521.47 , 884.77
1424.2 , 891.49
1421.4 , 850.76
1386.6 , 821.6
1348.33 , 802.04
1307.95 , 788.51
1263.42 , 783.26
1216.72 , 784.03
1176.5 , 797.76
1139.95 , 821.81
1106.05 , 853.46
1075.74 , 887.81
1050 , 923.76
1095.62 , 920.76
1134.72 , 903.53
1171.83 , 881.01
1210.85 , 863.67
1254 , 855.51
1299.47 , 858.25
1340.12 , 871.13
1380.3 , 884.99
