1297446285_1
132.69 , 462.8
142.8 , 516.6
153.62 , 570.47
163.54 , 630.6
176.05 , 687.85
186.74 , 739.06
196.35 , 797.1
220.83 , 851.65
251.53 , 898.64
284.43 , 945.69
319.75 , 990.82
358.42 , 1036.89
396.99 , 1078.31
439.77 , 1115.4
482.33 , 1155.23
528.34 , 1190.01
577.13 , 1217.13
629.21 , 1239.64
680.54 , 1257.45
740.6 , 1273.08
795.53 , 1275.84
854.26 , 1265.62
908.72 , 1259.77
964.95 , 1243.6
1015.41 , 1220.23
1068.17 , 1192.21
1117.3 , 1159.92
1155.43 , 1122.2
1192.74 , 1080.25
1234.7 , 1039.69
1274.77 , 998.23
1316.18 , 955.97
1353.5 , 910.09
1386.64 , 864.34
1413.16 , 814.12
1436.77 , 760.87
1455.26 , 710.13
1472.32 , 652.34
1486.15 , 597.05
1499.69 , 540.46
1514.35 , 483.25
549.55 , 659.35
531.44 , 699.6
513.66 , 742.45
499.15 , 785.29
501.99 , 832.38
540.09 , 857.38
579.97 , 875.17
626.34 , 875.92
672.5 , 884.82
718.66 , 887.43
762.29 , 881.81
807.69 , 874.13
848.2 , 853.48
860.77 , 808.21
850.38 , 766.49
830.3 , 721.73
811.56 , 679.4
489.99 , 998.72
527.16 , 1000.97
562.66 , 1006.74
598.44 , 1001.51
633.76 , 1007.47
667.57 , 1016.74
704.16 , 1013.7
741.37 , 1011.47
776.47 , 1017.97
811.02 , 1025.73
846.27 , 1031.97
883.32 , 1034.54
908.24 , 1059.62
894.71 , 1091.5
875.59 , 1121.37
848.14 , 1147.47
817.54 , 1164.69
785.44 , 1177.71
751.09 , 1185.98
713.79 , 1187.47
677.19 , 1183.98
641.94 , 1177.7
609.01 , 1166.98
578.64 , 1149.12
551 , 1123.99
528.36 , 1095.35
511.72 , 1064.45
500.34 , 1031.82
519.99 , 1000.47
545.29 , 1008.49
569.76 , 1018.73
594.12 , 1029.35
619.04 , 1038.26
645.24 , 1044.72
671.59 , 1050.95
699.09 , 1054.71
727.19 , 1052.72
754.34 , 1048.22
782.19 , 1045.21
811.02 , 1044.2
839.27 , 1041.97
867.74 , 1040.22
895.04 , 1043.98
868.82 , 1047.47
840.22 , 1048.97
811.74 , 1050.72
784.02 , 1053.96
756.14 , 1056.97
727.54 , 1058.01
698.84 , 1056.75
671.39 , 1052.87
644.37 , 1048.09
618.07 , 1041.79
592.39 , 1034.38
567.97 , 1023.96
543.72 , 1012.96
846.55 , 516.68
862.04 , 493.51
887.45 , 484.46
915.1 , 488.7
941.65 , 495.68
969.55 , 499.93
998.65 , 501.67
1028.35 , 501.18
1057.22 , 498.93
1085.25 , 494.97
1107.7 , 500.25
1084.5 , 515.72
1059.92 , 527.65
1034.5 , 536.93
1007.67 , 543.43
978.45 , 544.43
950.8 , 539.68
924.9 , 531.52
900.02 , 520.67
874.32 , 512.18
530.43 , 483.25
521.67 , 462.27
498.32 , 452.75
471.38 , 451.02
444.65 , 453.25
417.55 , 454.74
390.82 , 452.48
365.88 , 446.49
341.67 , 439.26
318.07 , 430.68
295.4 , 419.25
314.15 , 439.25
334.15 , 458
355.32 , 473.45
377.82 , 485.44
401.32 , 494.27
426.98 , 498.75
454.3 , 498.25
480.17 , 494.25
503.82 , 485.81
768.02 , 474.03
812.79 , 447.27
859.75 , 426.29
907.39 , 407.66
957.22 , 393.57
1009 , 383.53
1061.55 , 375.02
1115.85 , 370.21
1171.85 , 370.78
1225.94 , 376.03
1277.92 , 385.68
1252.72 , 422.03
1202.72 , 435.57
1149.05 , 441.78
1093.57 , 444.24
1039.72 , 450.03
986.82 , 457.79
931.37 , 460.27
877.25 , 465.53
824.22 , 473.03
565.98 , 451.5
545.68 , 419.27
502.15 , 401
457.8 , 385.15
413.23 , 370.07
368.48 , 355.23
323.93 , 340.02
280.18 , 322.49
236.68 , 304
189.45 , 293.79
146.65 , 273.25
164.69 , 316.8
193.7 , 356.55
235 , 380.63
280.2 , 394.79
326.77 , 406.48
373.65 , 417.5
420.32 , 429
467.23 , 440.02
515.38 , 448.25
