2719469801_1
1012.18 , 1103.48
1010.87 , 1155.67
1013.43 , 1206.29
1019.16 , 1256.43
1030.39 , 1311.2
1044.49 , 1359.26
1060.72 , 1412.26
1080.15 , 1461.13
1105.16 , 1507.41
1137.33 , 1549.57
1164.1 , 1591.18
1195 , 1635.56
1225.9 , 1680.62
1250.19 , 1723.15
1281.05 , 1766.07
1316.25 , 1803.56
1360.18 , 1837.18
1407.29 , 1862.9
1454.44 , 1876.49
1506.38 , 1887.01
1558.45 , 1888.05
1611.21 , 1873.01
1655.95 , 1849.62
1698.78 , 1816.81
1738.71 , 1783.09
1775 , 1743.27
1803.46 , 1699.89
1832.07 , 1657.17
1864.92 , 1612.07
1890.16 , 1568.68
1914.84 , 1522.77
1939.34 , 1475.35
1961.99 , 1430.17
1980.76 , 1378.73
1985.63 , 1326.85
1997.53 , 1274.87
2005.52 , 1221.72
2011.37 , 1171.27
2017.34 , 1120.17
2019.35 , 1066.2
2019.47 , 1010.12
1378.04 , 1088.5
1365.21 , 1125.58
1346.49 , 1164.93
1325.95 , 1202.79
1322.39 , 1246.68
1355.87 , 1270.71
1401.64 , 1277.82
1444.45 , 1286.12
1487.35 , 1286
1526.38 , 1279.07
1567.04 , 1261.22
1609.41 , 1251.35
1649.63 , 1236.58
1653.17 , 1194.54
1624.09 , 1163.57
1596.52 , 1132.75
1579.29 , 1088.89
1261.5 , 1404.99
1298.5 , 1380.49
1341.42 , 1370.49
1388.55 , 1369.24
1433.5 , 1374.99
1479.55 , 1378.49
1522.47 , 1368.49
1563.6 , 1355.25
1608.3 , 1348.99
1655.08 , 1346.99
1700.62 , 1351.46
1742.31 , 1363.77
1768.7 , 1400.19
1755.49 , 1441.29
1735.42 , 1480.07
1702.03 , 1513.97
1667.15 , 1544.61
1630.8 , 1571.17
1591.9 , 1591
1551.58 , 1606.26
1508.85 , 1616.73
1461.6 , 1617.73
1419.75 , 1605.74
1380.97 , 1585.71
1344.3 , 1560.05
1311.31 , 1526.04
1285.06 , 1489.57
1266.76 , 1450.19
1282.25 , 1407.49
1320.3 , 1406.99
1355.17 , 1414.01
1390.33 , 1420.52
1425.1 , 1427.77
1461.35 , 1431.98
1499.28 , 1432.74
1535.78 , 1428.99
1569.55 , 1419.75
1602.78 , 1409.48
1637.8 , 1402.75
1673.67 , 1397.77
1709.42 , 1392.52
1739.3 , 1405.44
1717 , 1434.24
1689.38 , 1459.87
1660.9 , 1483.08
1629.58 , 1498.73
1597.92 , 1513.23
1564 , 1522.24
1527.5 , 1525.99
1489.67 , 1524.99
1452.47 , 1522.72
1416.95 , 1516.97
1384.42 , 1505.23
1354 , 1487.49
1324.98 , 1465.71
1300.82 , 1437.59
1597.25 , 908.85
1613.45 , 891.9
1630.85 , 876.76
1648.8 , 863.3
1666.88 , 850.01
1685.72 , 839.11
1706.15 , 832.44
1729.6 , 831.85
1751.05 , 836.62
1770.58 , 845.91
1788.48 , 859.59
1793.42 , 880.6
1774.47 , 891.36
1754.62 , 899.48
1733.92 , 905.61
1711.88 , 909.1
1688.53 , 908.35
1665.9 , 906.1
1643.12 , 908.1
1620.38 , 910.1
1319.4 , 901.46
1304.98 , 887.8
1289.26 , 877.81
1272.76 , 869.81
1255.21 , 864.56
1235.16 , 864.66
1217.29 , 869.29
1200.51 , 876.31
1184.43 , 885.39
1169.69 , 898.14
1156.76 , 912.81
1172.56 , 922.57
1189.21 , 930.02
1207.26 , 934.31
1226.66 , 935.81
1246.38 , 935.06
1265.41 , 932.81
1284.31 , 930.32
1302.98 , 927.33
1319.89 , 920.56
1548.95 , 770.31
1562.96 , 737.54
1591.6 , 712.63
1623.65 , 696.07
1658.55 , 686.56
1695.55 , 681.56
1734.12 , 679.81
1773.08 , 680.31
1810.93 , 683.54
1845.88 , 692.54
1878.03 , 708.66
1869.95 , 729.31
1834.23 , 721.57
1796.5 , 719.56
1759.33 , 724.19
1723.72 , 732.04
1689.75 , 743.01
1656.53 , 755.79
1622.35 , 766.41
1586.53 , 773.84
1341.56 , 750.5
1310.49 , 731.24
1277.26 , 717.98
1240.36 , 712.48
1201.04 , 712.98
1162.86 , 715.88
1127.18 , 723.99
1093.98 , 737.24
1063.51 , 758.23
1040.31 , 787.9
1021.76 , 819.23
1052.49 , 799.01
1083.41 , 779.32
1115.99 , 764
1153.11 , 758.99
1191.24 , 761.98
1226.41 , 771.13
1259.56 , 784.52
1295.84 , 791.3
1331.41 , 783.33
