2719473671_1
941.81 , 1094.23
948.81 , 1130.45
950.88 , 1171.31
949.39 , 1208.77
947.22 , 1249.79
946.18 , 1288.29
947.2 , 1325.77
951.34 , 1366.94
956.46 , 1406.99
967.37 , 1442.21
980.12 , 1481.84
988.5 , 1519.3
1001.87 , 1555.69
1026.22 , 1588.02
1048.35 , 1619.6
1077.22 , 1647.78
1106.88 , 1672.03
1136.49 , 1693.64
1170.75 , 1714.42
1206.92 , 1733.7
1243.64 , 1743.35
1283.11 , 1737.61
1321.8 , 1731.95
1355.35 , 1709.31
1379.56 , 1682.72
1405.43 , 1651.64
1424.75 , 1616.09
1446.13 , 1586.18
1471.3 , 1554.44
1492.72 , 1523.09
1518.75 , 1489.98
1537.36 , 1457.23
1557.79 , 1423.16
1581.06 , 1393.4
1599.14 , 1355.12
1609.68 , 1319.49
1621.24 , 1282.07
1633.84 , 1242.81
1646.75 , 1206.62
1659.96 , 1171.01
1675 , 1131.35
1262.3 , 1104.99
1249.39 , 1131.05
1234.29 , 1154.7
1223.95 , 1183.76
1239.55 , 1209.66
1264.93 , 1220.42
1295.73 , 1223.56
1321.88 , 1234.53
1348.5 , 1248.1
1380.32 , 1253.45
1407.91 , 1252.64
1435.77 , 1238.32
1462.43 , 1224.43
1472.04 , 1198.65
1465.06 , 1170.61
1451.79 , 1142.52
1429.62 , 1120.25
1097.89 , 1352.69
1113.5 , 1318.6
1148.74 , 1305.94
1188.77 , 1302.94
1229.29 , 1300.94
1269.19 , 1297.69
1309.94 , 1296.18
1348.17 , 1302.94
1386.97 , 1308.42
1424.79 , 1315.91
1461.42 , 1325.96
1495.3 , 1339.54
1481.65 , 1374.41
1466.3 , 1408.79
1449.77 , 1442.82
1431.09 , 1476.02
1409.14 , 1507.94
1382.92 , 1538.41
1352.22 , 1563.96
1316.62 , 1575.69
1276.09 , 1573.67
1239.62 , 1563.43
1205.64 , 1546.69
1173.69 , 1524.74
1146.93 , 1494.49
1132.74 , 1459.79
1120.57 , 1424.37
1108.77 , 1388.82
1114.89 , 1329.19
1144.54 , 1327.19
1174.44 , 1325.69
1204.84 , 1326.19
1234.37 , 1328.44
1263.67 , 1331.19
1294.19 , 1330.94
1324.09 , 1332.44
1354.12 , 1331.19
1384.62 , 1331.44
1413.81 , 1334.42
1427.17 , 1359.07
1425.64 , 1388.97
1420.34 , 1417.02
1402.16 , 1439.92
1380.17 , 1460.67
1357.07 , 1478.28
1333.22 , 1493.84
1308.54 , 1507.22
1279.97 , 1511.47
1252.66 , 1504.45
1227.99 , 1491.04
1204.81 , 1473.62
1184.24 , 1451.57
1168.32 , 1427.89
1153.29 , 1403.87
1139.38 , 1379.39
1126.88 , 1354.34
1426.9 , 998.58
1433.78 , 988.18
1443.88 , 980.36
1454.55 , 974.17
1465.83 , 969.65
1478.1 , 967.32
1490.93 , 968.58
1502.9 , 971.58
1514.7 , 974.87
1525.9 , 979.58
1536.53 , 985.96
1539.63 , 997.09
1528.55 , 1002.18
1516.62 , 1005.33
1503.58 , 1006.08
1490.5 , 1005.33
1477.58 , 1004.35
1465.25 , 1002.07
1452.9 , 999.83
1440.23 , 998.33
1206.85 , 964.8
1199.7 , 957.64
1191.05 , 954.05
1181.35 , 952.8
1171.15 , 952.55
1160.85 , 952.55
1150.67 , 952.8
1140.6 , 953.3
1131.02 , 954.78
1121.92 , 957.32
1113.35 , 960.8
1121.35 , 966.05
1130.07 , 969.3
1139.42 , 971.29
1149.35 , 972.05
1159.42 , 972.55
1169.6 , 972.3
1179.42 , 971.3
1189.12 , 970.05
1198.95 , 969.04
1436.88 , 931.77
1454.83 , 924.56
1475.66 , 923.27
1497.01 , 923.52
1517.76 , 925.02
1538.03 , 927.49
1557.43 , 931.79
1576.33 , 937
1594.36 , 944.25
1611.21 , 954.77
1621.01 , 968.24
1600.28 , 966.76
1580.46 , 963.34
1560.96 , 959.29
1541.43 , 955.29
1520.81 , 953.52
1499.68 , 954.27
1478.58 , 955.02
1457.23 , 955.27
1436.88 , 953.27
1270.56 , 928.34
1268.83 , 898.93
1243.08 , 886.37
1215.03 , 879.34
1184.86 , 876.84
1153.7 , 877.34
1123.06 , 878.84
1093.48 , 882.59
1066.7 , 891.86
1042.13 , 907.42
1018.76 , 926.29
1008.23 , 952.59
1037.65 , 956.33
1064.98 , 948.09
1091.23 , 937.34
1118.88 , 929.69
1148.63 , 926.35
1180.03 , 926.34
1211.18 , 926.84
1240.51 , 931.1
