2719524583_1
787.13 , 1079.91
795.49 , 1109.92
802.88 , 1137.86
812.1 , 1167.43
819.21 , 1198.56
827.59 , 1228.62
838.87 , 1259.86
851.69 , 1286.71
869.31 , 1312.8
889.14 , 1337.04
907.34 , 1360.87
931.97 , 1383.37
954.02 , 1402.37
979.46 , 1421.6
1005.41 , 1440.3
1032.01 , 1459.05
1059.53 , 1473.96
1086.57 , 1482.47
1119.92 , 1488.05
1151.31 , 1487.7
1180.47 , 1484.51
1212.13 , 1477.78
1239.97 , 1465.29
1267.73 , 1453.31
1297.5 , 1437.2
1320.69 , 1417.77
1344.25 , 1395.55
1363.1 , 1370.81
1379.96 , 1344.36
1393.87 , 1319.61
1407.81 , 1291.28
1419.97 , 1262.5
1432.79 , 1233.31
1442.91 , 1203.14
1449.13 , 1172.86
1452.61 , 1141.86
1454.02 , 1108.85
1458.83 , 1079.33
1462.63 , 1047.01
1461.07 , 1017.18
1461.34 , 984.35
1072.66 , 1006.5
1064.4 , 1027.51
1055.94 , 1047.81
1048.17 , 1070.12
1052.3 , 1090.1
1070.89 , 1104.28
1093.31 , 1108.91
1114.75 , 1109.72
1138.25 , 1109.78
1160.44 , 1106.84
1183.53 , 1103.65
1205.25 , 1097.72
1218.89 , 1079.1
1218.89 , 1056.64
1211.84 , 1036.25
1202.75 , 1015.69
1192.03 , 993.12
1024.93 , 1238.25
1040.58 , 1225.6
1057.25 , 1215.71
1073.88 , 1205.75
1091 , 1196.99
1109.75 , 1192.22
1129.95 , 1194
1150.63 , 1193.25
1169.03 , 1187.9
1189.13 , 1186
1208.03 , 1190.48
1225.95 , 1196.74
1244.13 , 1202.52
1262.45 , 1208
1260.58 , 1226.83
1249.21 , 1242.95
1236.18 , 1258.5
1220.63 , 1271.51
1203.51 , 1280.22
1185.45 , 1286.23
1166.26 , 1289.97
1146.68 , 1293
1126.48 , 1294.75
1106.5 , 1292.57
1088.75 , 1285.82
1072.55 , 1274.62
1057.23 , 1261.05
1042.03 , 1247.07
1039.68 , 1233
1055 , 1230.26
1070.38 , 1227.49
1086.45 , 1226.25
1102.18 , 1224.25
1118.86 , 1224.25
1135.08 , 1225.25
1151.63 , 1225
1167.95 , 1224.25
1183.2 , 1221.26
1198.33 , 1217.99
1213.9 , 1215.75
1229.88 , 1214.27
1246.33 , 1214.25
1262.31 , 1215.25
1246.23 , 1214.46
1230.15 , 1215.75
1214.43 , 1217.75
1199.08 , 1220.49
1183.63 , 1223.04
1167.83 , 1224.85
1152.03 , 1226.75
1135.48 , 1226.5
1119.25 , 1225.5
1102.7 , 1225.25
1086.61 , 1226.5
1071 , 1228.75
1055.4 , 1231
1207.5 , 878.89
1217.2 , 867.45
1229.33 , 859.57
1242.22 , 853.91
1255.8 , 849.87
1270.15 , 847.37
1285.45 , 846.89
1300.4 , 848.14
1314.4 , 851.41
1327.3 , 857.18
1339.57 , 864.65
1334.92 , 877.39
1322.33 , 884.07
1308.8 , 888.15
1294.33 , 890.39
1279.28 , 891.39
1263.95 , 891.89
1249 , 890.64
1234.53 , 888.39
1219.22 , 887.88
1019.58 , 898.68
1011 , 888.38
1000.12 , 881.3
987.9 , 877.81
974.67 , 876.31
961.1 , 877.06
948.57 , 880.04
937.02 , 885.18
926.1 , 892.11
915.57 , 900.13
905.4 , 909.06
915.55 , 918.2
926.88 , 924.04
939.27 , 927.34
952.72 , 928.31
966.05 , 927.05
978.3 , 923.53
990.08 , 919.13
1002 , 915.03
1013.54 , 909.81
1164.5 , 815.87
1168.48 , 790.47
1191.67 , 782.15
1214.38 , 772.24
1237.08 , 762.3
1260.22 , 753.63
1284.47 , 747.14
1310.22 , 743.87
1336.6 , 744.87
1360.4 , 752.09
1381.48 , 766.59
1380.53 , 782.63
1357.62 , 772.86
1332.83 , 769.14
1307.42 , 773.14
1282.9 , 778.97
1258.78 , 785.63
1235 , 792.87
1212.3 , 802.87
1190.6 , 815.61
1049.67 , 814.6
1038.85 , 789.59
1013.44 , 778.11
985.92 , 771.6
957.25 , 767.6
927.35 , 766.17
898.39 , 769.59
872.25 , 778.59
847.84 , 792.67
825.7 , 813.05
809.42 , 836.6
813.42 , 865.32
833.39 , 843.62
855.6 , 823.41
880.69 , 811.1
908.42 , 805.1
939.07 , 805.1
968.25 , 808.1
996.27 , 813.45
1023.47 , 820.6
