2720293102_1
1056.51 , 1150.7
1061.05 , 1193.43
1065.09 , 1240.42
1074.51 , 1284.63
1089.05 , 1327.68
1102.85 , 1373.08
1114.18 , 1419
1120.59 , 1462.46
1127.64 , 1510.04
1142.05 , 1551.72
1163.51 , 1593.84
1188.69 , 1633.39
1212.97 , 1671.39
1238.43 , 1708.29
1266.87 , 1745.8
1295.93 , 1779.66
1331.95 , 1811.58
1369.26 , 1834.18
1415.72 , 1846.84
1459.67 , 1853.25
1504.4 , 1863.07
1547.9 , 1867.72
1595.35 , 1866.6
1643.41 , 1860.93
1686.46 , 1847.87
1726.27 , 1822.27
1756.14 , 1787.69
1778.74 , 1748.89
1798.36 , 1706.24
1818.19 , 1667.56
1841.45 , 1629.1
1863.76 , 1587.76
1885.78 , 1545.63
1907.48 , 1504.15
1927.14 , 1462.63
1937.43 , 1419.06
1944.89 , 1372.57
1953.87 , 1331.03
1963.08 , 1284.09
1973.26 , 1240.34
1984.44 , 1192
1519.77 , 1153.86
1492.17 , 1176.67
1463.06 , 1198.3
1439.48 , 1227.03
1449 , 1260.39
1481.99 , 1277.1
1517.04 , 1289.05
1548.61 , 1304.44
1585.47 , 1314.88
1621.6 , 1313.2
1657.97 , 1307.82
1694.35 , 1295.92
1730.39 , 1283.96
1747.68 , 1252.99
1730.25 , 1223.48
1705.5 , 1195.73
1680.44 , 1164.62
1326.75 , 1405.8
1361.58 , 1394.05
1398.9 , 1387.06
1436.88 , 1381.3
1475.17 , 1376.3
1515.7 , 1375.8
1555.1 , 1378.55
1594.88 , 1380.55
1634.78 , 1382.3
1672.85 , 1387.81
1707.65 , 1399.71
1740.85 , 1416.61
1773.53 , 1434.81
1761.25 , 1469.3
1743.59 , 1502.17
1722.17 , 1533.62
1693.58 , 1562.5
1661.25 , 1581.55
1624.8 , 1590.55
1584.92 , 1592.3
1545.15 , 1590.29
1508.15 , 1582.57
1473.58 , 1570.08
1440.28 , 1553.33
1408.4 , 1533.19
1380.13 , 1504.2
1359.28 , 1472.57
1342.34 , 1439.4
1342.75 , 1412.05
1374.08 , 1408.55
1406.15 , 1410.55
1438.7 , 1411.55
1470.75 , 1413.55
1501.97 , 1417.3
1532.95 , 1421.55
1565.5 , 1420.55
1598.4 , 1420.3
1629.85 , 1423.55
1662.17 , 1425.05
1692.9 , 1429.81
1720.9 , 1440.07
1751.16 , 1445.41
1728.35 , 1468.94
1703.03 , 1486.78
1675.72 , 1499.29
1646.9 , 1507.77
1618.03 , 1516.3
1587.8 , 1522.05
1555.12 , 1521.3
1524.03 , 1517.3
1494.15 , 1510.8
1466.05 , 1500.78
1438.7 , 1488.51
1411.92 , 1474.45
1386.65 , 1456.45
1361.91 , 1436.95
1705.29 , 1046.15
1719.59 , 1043.9
1732.69 , 1039.25
1745.69 , 1034.25
1759.04 , 1030.15
1773.19 , 1027.5
1788.19 , 1026.65
1802.34 , 1029.19
1815.16 , 1034.78
1826.91 , 1043.28
1838.29 , 1052.9
1832.54 , 1064.15
1817.62 , 1065.15
1802.34 , 1065.39
1787.69 , 1063.8
1773.82 , 1060.66
1759.99 , 1057.36
1746.37 , 1053.65
1731.44 , 1052.66
1717.12 , 1054.46
1438.43 , 1006.89
1431.98 , 997.98
1422.85 , 991.63
1412.6 , 988.37
1402.53 , 984.72
1391.75 , 982.47
1380.25 , 981.72
1368.62 , 982.22
1357.5 , 983.73
1346.83 , 986.19
1336.95 , 990.22
1346.73 , 994.74
1356.15 , 1000.18
1366.17 , 1003.98
1376.58 , 1007
1387.15 , 1009.68
1398.03 , 1011.71
1409.15 , 1013.22
1420.42 , 1014.47
1431.8 , 1015.46
1724.17 , 969.46
1728.85 , 941.29
1748.77 , 919.37
1774.57 , 909.97
1803.39 , 906.71
1830.92 , 912.71
1856.45 , 922.97
1881.7 , 933.97
1907.07 , 944.62
1930.82 , 959.83
1945.92 , 983.46
1955.89 , 1009.06
1939.02 , 1030.05
1913.92 , 1018.46
1890.2 , 1003.2
1864.5 , 993.44
1836.52 , 988.46
1806.87 , 986.92
1778.22 , 983.21
1748.05 , 983.21
1538.15 , 935.99
1522.96 , 899.23
1488.74 , 876.93
1452.32 , 860.68
1412.99 , 850.94
1371.32 , 846.18
1328.82 , 849.18
1289.49 , 858.95
1252.99 , 875.05
1219.09 , 898.19
1187.67 , 928.38
1180.12 , 968.68
1223.09 , 970.18
1260.52 , 956.9
1296.67 , 939.66
1336.19 , 930.4
1378.59 , 927.18
1420.84 , 930.68
1461.07 , 938.39
1500.44 , 948
