2720296828_1
1103.31 , 1101.39
1089.45 , 1145.92
1078.87 , 1188.58
1078.08 , 1237.12
1097.2 , 1280.45
1107.3 , 1326.37
1117.53 , 1370.9
1127.61 , 1415.12
1139.89 , 1460.35
1153.48 , 1504.35
1157.1 , 1554.47
1167.31 , 1597.57
1176.07 , 1647.89
1179.16 , 1694.93
1187.32 , 1738.7
1205.57 , 1784.15
1244.3 , 1804.16
1290.35 , 1823.22
1331.18 , 1840.37
1377.37 , 1841.44
1426.47 , 1836.5
1473.16 , 1828.54
1518.97 , 1822.56
1564.59 , 1811.57
1606.11 , 1794.18
1649.44 , 1768.89
1687.41 , 1746.05
1729.75 , 1726.24
1769.47 , 1702.26
1806.4 , 1672.87
1843.8 , 1640.08
1881.04 , 1611.31
1916.2 , 1580.05
1943.2 , 1542.35
1963.74 , 1501.08
1982.28 , 1458.95
1999.07 , 1416.47
2019.16 , 1373.79
2044.2 , 1329.7
2066.63 , 1288.45
2083.73 , 1244.33
1303.7 , 1088.39
1280.01 , 1119.3
1251.39 , 1156.8
1222.41 , 1188.64
1218.81 , 1227.61
1236.14 , 1268.28
1272.83 , 1288.78
1316.7 , 1301.34
1358.45 , 1300.37
1401.36 , 1283.85
1440.44 , 1278.75
1486.22 , 1280.75
1518.95 , 1254.45
1522.62 , 1211.72
1493.28 , 1185.47
1456.84 , 1159.72
1462.05 , 1117.6
1177 , 1353.16
1211.33 , 1326.07
1255 , 1330.41
1297.6 , 1337.15
1339.05 , 1346.43
1379.42 , 1357.64
1418.5 , 1371.41
1459.92 , 1380.64
1500.47 , 1391.66
1539.42 , 1405.84
1578.2 , 1420.38
1616.35 , 1436.91
1648.48 , 1461.67
1615.15 , 1491.73
1580.12 , 1517
1544.7 , 1540.97
1509.97 , 1567.17
1472.8 , 1586.68
1433.97 , 1601.16
1391.97 , 1609.16
1347.05 , 1607.15
1306.05 , 1596.9
1266.03 , 1584.94
1232.27 , 1556.49
1212.85 , 1519.26
1201.5 , 1478.91
1192.74 , 1437.29
1185.24 , 1395.04
1224.75 , 1355.41
1254.28 , 1366.42
1283.45 , 1378.65
1311.88 , 1393.28
1341.65 , 1403.81
1374.38 , 1408.42
1407.75 , 1411.66
1440.53 , 1416.16
1472.78 , 1421.68
1506.67 , 1423.92
1540.67 , 1425.91
1573.33 , 1430.66
1605.22 , 1436.9
1605.5 , 1466.91
1577.65 , 1483
1548.83 , 1496.4
1519.22 , 1507.42
1488.15 , 1515.42
1455.12 , 1519.41
1420.17 , 1519.41
1385.58 , 1519.66
1352.55 , 1515.7
1321.88 , 1506.88
1292.4 , 1495.56
1266.26 , 1475.51
1251.23 , 1447.24
1242.12 , 1416.79
1233.27 , 1386.21
1561.04 , 1016.04
1575.81 , 999.27
1592.91 , 985.41
1610.74 , 973.58
1629.91 , 965.51
1651.44 , 962.54
1672.74 , 966.05
1692.46 , 972.56
1711.37 , 981.6
1729.32 , 993.07
1745.76 , 1008.74
1750.76 , 1029.3
1730.71 , 1035.28
1708.94 , 1037.79
1686.21 , 1037.29
1664.69 , 1034.29
1643.26 , 1031.04
1622.37 , 1026.79
1602.99 , 1019.31
1582.82 , 1013.54
1347.96 , 964.85
1341.47 , 950.9
1332.22 , 938.15
1319.22 , 929.15
1305.75 , 921.42
1291.62 , 915.55
1276.75 , 911.4
1260.52 , 910.36
1245.52 , 914.33
1232.82 , 924.27
1223.47 , 937.15
1216.47 , 950.9
1230.67 , 956.42
1244.64 , 962.83
1259.07 , 967.75
1274.6 , 970.68
1290.17 , 973.36
1306.45 , 974.65
1322.77 , 975.9
1339.07 , 977.15
1488.2 , 890.9
1516.95 , 860.65
1551.73 , 844.39
1590.92 , 838.15
1633.03 , 837.9
1673.93 , 840.65
1713.3 , 846.5
1750.28 , 857.17
1784.73 , 874.42
1816.13 , 900.07
1838.42 , 932.1
1814.3 , 948.16
1781.2 , 927.4
1747.05 , 909.41
1711.35 , 895.87
1672.88 , 888.15
1632.12 , 886.16
1594.1 , 894.94
1558.9 , 909.94
1519.9 , 915.64
1322.33 , 864.69
1315.57 , 846.34
1306.82 , 828.64
1295.2 , 812.34
1278.58 , 800.69
1259.7 , 795.07
1238.98 , 793.68
1218.7 , 796.56
1200.73 , 804.44
1184.57 , 817.26
1171.83 , 833.52
1161.83 , 850.69
1179.93 , 843.35
1199.5 , 839.01
1220.38 , 837.44
1240 , 841.7
1258.8 , 847.45
1276.68 , 855.7
1293.61 , 866.45
1310.48 , 877.35
