2720297592_1
1137.2 , 1258.8
1143.6 , 1301.2
1152.49 , 1347.1
1171.95 , 1390.92
1197.17 , 1428.49
1222.89 , 1465.18
1247.69 , 1501.95
1276.63 , 1540.11
1307.41 , 1576.77
1335.72 , 1613.67
1363.4 , 1648.47
1394.14 , 1680.7
1431.68 , 1711.57
1467.82 , 1738.65
1506.15 , 1765.41
1541.49 , 1789.1
1581.57 , 1814.84
1623.68 , 1837.32
1663.38 , 1854.6
1708.24 , 1870.41
1753.69 , 1877.54
1800.33 , 1875.66
1844.06 , 1865.99
1884.4 , 1847.55
1919.99 , 1813.12
1941.5 , 1776.08
1960.35 , 1731.24
1972.75 , 1686.39
1981.1 , 1642.23
1990.99 , 1598.44
2006.64 , 1552.6
2017.82 , 1509.27
2036.64 , 1468.9
2048.12 , 1425.45
2060.75 , 1379.4
2076.61 , 1333.94
2092.83 , 1292.27
2107.44 , 1247.62
2115.84 , 1204.42
2114.07 , 1158.59
2108.85 , 1109.5
1706.18 , 1115.12
1696.56 , 1149.09
1680.74 , 1180.7
1682.79 , 1214
1699.12 , 1247.5
1730.04 , 1261.84
1767.01 , 1265.05
1804.64 , 1269.45
1838.75 , 1271.38
1874.81 , 1270.11
1906.47 , 1253.01
1931.84 , 1226
1948.87 , 1196.31
1951.56 , 1159.37
1939.06 , 1125.54
1918.46 , 1097.45
1893.92 , 1068.14
1520.45 , 1469.22
1537.64 , 1430.25
1575.98 , 1410.71
1616.8 , 1398.19
1657.95 , 1386.22
1698.75 , 1373.7
1739.35 , 1360.81
1782.45 , 1352.72
1828 , 1349.72
1871.4 , 1342.26
1916.6 , 1338.47
1958.34 , 1349.38
1961.58 , 1394.35
1946.43 , 1434.05
1936.43 , 1476.27
1928.49 , 1519.42
1919.68 , 1562.17
1906.68 , 1602.74
1873.8 , 1635.75
1834.05 , 1650.74
1790.18 , 1657.22
1743.28 , 1657
1699.03 , 1651.2
1658.28 , 1638.57
1622.15 , 1613.42
1589.45 , 1579.97
1563.72 , 1544.02
1541.71 , 1506.75
1541.45 , 1453.47
1572.9 , 1438.02
1605.45 , 1425.97
1639.83 , 1417.35
1675.17 , 1410.97
1710.23 , 1403.97
1746.03 , 1398.47
1784 , 1398.97
1821.38 , 1396.72
1855.9 , 1388.51
1889.98 , 1379.47
1924.28 , 1370.72
1944.73 , 1397.35
1929.89 , 1429.05
1913.47 , 1460.19
1898.68 , 1491.92
1886.68 , 1524.49
1871.93 , 1556
1843.5 , 1579.71
1811.12 , 1592.45
1775.45 , 1598.22
1737.22 , 1597.72
1701.9 , 1591.24
1669.68 , 1578.22
1639.6 , 1559.15
1610.58 , 1537.07
1582.3 , 1512.82
1557.48 , 1484.77
1854.65 , 945.08
1860.56 , 930.41
1872.95 , 918.02
1886.65 , 909.33
1901 , 902.24
1915.4 , 895.33
1930.15 , 889.58
1946.58 , 887.33
1962.65 , 890.33
1977.28 , 896.45
1990.85 , 905.55
1999.24 , 918.74
1984.43 , 924.32
1968.75 , 928.23
1953.1 , 932.12
1937.45 , 936.08
1921 , 938.33
1903.85 , 939.08
1886.58 , 939.56
1871.55 , 944.61
1575.44 , 967.95
1563.67 , 957.41
1549.94 , 952.36
1534.97 , 949.87
1519.27 , 948.87
1503.82 , 950.36
1489.09 , 953.39
1475.27 , 958.09
1462.02 , 964.71
1449.34 , 972.65
1437.12 , 981.87
1449.37 , 991.12
1463.87 , 994.62
1480.04 , 994.62
1495.52 , 993.12
1510.84 , 991.37
1525.94 , 989.13
1541.04 , 986.87
1555.89 , 984.11
1570.62 , 981.12
1857.75 , 835.11
1874.43 , 819.19
1888.5 , 801.86
1906.5 , 789.61
1926.05 , 781.83
1946.45 , 775.88
1968.05 , 772.34
1989.8 , 769.09
2012.97 , 769.36
2031.88 , 779.23
2045.49 , 796.59
2049.6 , 816.61
2026.53 , 816.11
2004.55 , 813.36
1981.5 , 812.86
1958.9 , 814.34
1937.7 , 818.65
1918.03 , 826.09
1898.88 , 835.33
1878.22 , 840.86
1653.4 , 823.06
1622.17 , 806.66
1586.33 , 801.19
1548.05 , 801.67
1512.3 , 807.42
1477.53 , 815.19
1444.05 , 825.43
1412.7 , 841.49
1383.45 , 863.24
1355.41 , 888.27
1332.25 , 916.94
1369.2 , 913.68
1400.6 , 897.68
1432.97 , 884.95
1467 , 875.69
1501.47 , 867.21
1536.47 , 859.96
1573.85 , 857.59
1611.45 , 859.2
1648.03 , 855.19
