1302175180_1
302.5 , 682.64
309.22 , 698.91
316.42 , 714.62
325.79 , 730.76
336.24 , 744.61
347.29 , 758.18
358.18 , 772
372.53 , 782.52
388.75 , 792.71
403.82 , 800.96
421.49 , 806.65
438.76 , 811.15
454.67 , 816.1
473.9 , 817.16
491.82 , 818.91
508.5 , 823.45
525.15 , 827.62
543.66 , 828.72
561.93 , 827.74
578.24 , 823.52
595.35 , 817.87
611.8 , 811.39
628.47 , 801.9
641.86 , 789.91
652.31 , 776.82
662.47 , 761.23
671.91 , 747.11
683.97 , 733.27
695.46 , 720.49
706.83 , 705.65
716.26 , 690.21
723.53 , 673.57
728.02 , 656.47
730.07 , 638.24
731.97 , 621.97
732.99 , 603.83
732.59 , 585.63
733.1 , 568.16
730.39 , 549.69
728.73 , 532.02
726.35 , 513.35
439.03 , 625.46
435.51 , 639.78
433.27 , 654.22
433.18 , 670.09
443.44 , 681.14
457.56 , 683.66
473.43 , 680.83
487.37 , 677.79
502.6 , 673.2
516.62 , 667.69
530.01 , 660.3
542.79 , 651.43
554.07 , 641.26
560.4 , 627.92
556.63 , 612.78
545.93 , 602.84
532.45 , 593.44
468.15 , 738.45
477.42 , 731.17
487.45 , 725.88
497.52 , 720.7
507.88 , 716.44
518.82 , 713.44
529.95 , 710.9
539.42 , 704.17
548.85 , 697.27
558.88 , 691.97
569.5 , 688.48
580.15 , 684.95
591.23 , 682.21
603.35 , 682
596.62 , 691.48
589.9 , 700.95
584.44 , 710.9
579.32 , 721.03
572.05 , 730.3
563.65 , 739.2
554.17 , 745.92
544.35 , 751.71
533.4 , 754.7
521.15 , 754.45
510.07 , 751.72
499.88 , 746.93
489.92 , 741.47
479.7 , 736.69
473.15 , 734.7
482.62 , 732.45
492.1 , 730.2
501.45 , 727.7
510.92 , 725.45
520.62 , 723.7
529.67 , 720.71
538.62 , 717.46
546.95 , 712.38
555.2 , 707.13
563.33 , 701.51
571.92 , 697.19
580.58 , 692.93
589.38 , 689.19
598.15 , 685.45
589.17 , 688.71
580.48 , 692.72
571.75 , 696.69
563.17 , 701.17
554.92 , 706.42
546.67 , 711.67
538.23 , 716.39
529.48 , 720.22
520 , 722.44
510.05 , 723.71
500.35 , 725.44
490.97 , 727.97
481.8 , 730.67
515.1 , 517.44
517.34 , 508.96
521.35 , 501.19
528.9 , 496.68
537.08 , 493.96
545.68 , 491.92
554.2 , 489.85
562.58 , 487.45
571.15 , 485.4
580.23 , 484.44
589.05 , 485.92
585.65 , 492.68
577.95 , 496.85
570.05 , 500.48
562.28 , 504.45
554.48 , 508.31
546.48 , 511.57
538.53 , 515.01
530.58 , 518.46
522.6 , 521.69
396.99 , 565.59
388.84 , 561.94
379.84 , 559.82
370.19 , 559.09
360.92 , 560.58
352.44 , 563.87
344.24 , 567.84
336.51 , 573.08
329.14 , 579.44
324.08 , 587.22
322.24 , 596.34
330.54 , 599.11
340.19 , 598.34
349.39 , 596.68
358.37 , 594.47
366.81 , 591.28
375.19 , 587.85
383.47 , 584.1
391.64 , 579.94
399.12 , 573.99
496.65 , 490.3
502.31 , 479.12
512.22 , 469.98
523.35 , 464.09
534.67 , 458.78
546.05 , 453.65
557.52 , 448.93
569.35 , 445.09
581.45 , 441.76
594.5 , 440.3
606.08 , 444.79
599.95 , 455.01
588.12 , 458.82
576.05 , 462.31
564.88 , 468.05
553.83 , 474.05
542.75 , 480.04
531.4 , 485.3
520.15 , 490.8
508.27 , 494.57
374.3 , 531.9
361.23 , 528.4
346.75 , 529.15
333.02 , 531.4
319.68 , 534.47
307.6 , 540.56
295.6 , 546.89
283.93 , 553.99
272.82 , 562.8
264.56 , 574.07
260 , 586.65
272.43 , 582.66
283.73 , 574.41
294.93 , 565.95
306.88 , 559.53
319.32 , 554.58
331.9 , 550
344.88 , 546.27
358.9 , 544.64
372.87 , 542.9
