2721527391_1
478.54 , 1481.14
503.32 , 1542.36
522.71 , 1603.45
541.13 , 1664.67
564.28 , 1728.39
586.11 , 1789.86
602.19 , 1855.92
631.34 , 1911.2
671.97 , 1969.78
705.93 , 2020.31
745.76 , 2075.73
790.22 , 2125.32
837.75 , 2167.8
891.69 , 2213.13
946.91 , 2248.06
1009 , 2271.6
1068.13 , 2291.96
1135.36 , 2312.73
1199.98 , 2329.36
1261.95 , 2326.77
1330.5 , 2316.7
1394.49 , 2292.9
1456.89 , 2270.03
1518.05 , 2247.74
1576.49 , 2220.75
1639.64 , 2194.43
1693.78 , 2155.87
1736.67 , 2112.09
1780.62 , 2062.66
1797.85 , 1997.19
1808.38 , 1931.41
1809.47 , 1866.06
1808.72 , 1802.05
1797.84 , 1737.21
1782.62 , 1671.67
1761.12 , 1605
1739.88 , 1544.62
1714.69 , 1483.54
1704.47 , 1419.53
1694.25 , 1352.64
1686.17 , 1283.08
1195.45 , 1315.25
1178 , 1365.69
1152.72 , 1412.14
1130.31 , 1462.36
1128.25 , 1515.7
1158.35 , 1561.51
1214.5 , 1578.45
1264.76 , 1578.35
1324.16 , 1569.61
1375.25 , 1557.5
1432.05 , 1550.01
1482.66 , 1545.25
1520.16 , 1502.29
1521.77 , 1449.5
1490.18 , 1403.25
1455.02 , 1361.68
1420.41 , 1316.1
1150.29 , 1804.3
1170.89 , 1780.2
1195.14 , 1759.93
1221.96 , 1746.53
1249.16 , 1734.52
1277.34 , 1725.28
1307.34 , 1719.56
1338.32 , 1715.8
1370.51 , 1714.55
1403.32 , 1714.55
1432.51 , 1707.07
1463.12 , 1702.56
1495.79 , 1702.8
1523.76 , 1712.53
1545.07 , 1736.25
1533.91 , 1763.7
1511.24 , 1787.06
1485.21 , 1802.36
1456.49 , 1810.59
1427.24 , 1818.04
1397.24 , 1823.8
1365.76 , 1826.55
1334.66 , 1830.05
1301.99 , 1829.8
1270.89 , 1826.3
1240.51 , 1821.3
1211.07 , 1814.3
1181.51 , 1807.55
1154.04 , 1799.8
1177.12 , 1783.54
1203.84 , 1776.57
1230.16 , 1768.77
1257.04 , 1762.05
1284.96 , 1757.55
1313.39 , 1754.05
1342.29 , 1751.55
1371.07 , 1748.8
1399.49 , 1745.3
1427.54 , 1741.05
1455.24 , 1736.04
1483.16 , 1731.55
1511.59 , 1728.05
1540.23 , 1731.05
1511.69 , 1729.05
1482.91 , 1731.8
1454.99 , 1736.29
1427.66 , 1742.06
1399.96 , 1747.05
1371.19 , 1749.8
1343.26 , 1754.3
1314.59 , 1757.3
1285.94 , 1760.3
1257.41 , 1763.56
1229.96 , 1769.04
1203.69 , 1776.77
1178.49 , 1787.09
1352.16 , 1160.91
1363.63 , 1142.18
1380.84 , 1126.24
1399.01 , 1113.06
1418.51 , 1103.32
1438.46 , 1095.13
1459.66 , 1089.66
1481.56 , 1085.64
1504.44 , 1087.66
1525.06 , 1094.07
1543.08 , 1107.82
1550.5 , 1128.01
1534.04 , 1144.66
1511.89 , 1148.16
1488.54 , 1149.16
1465.16 , 1148.16
1441.68 , 1148.91
1418.56 , 1150.41
1395.21 , 1151.42
1373.18 , 1155.16
1034.19 , 1173.76
1022.29 , 1159.56
1007.39 , 1149.7
990.79 , 1144.47
971.85 , 1143.96
954 , 1146.68
937.64 , 1152.48
921.97 , 1160.4
907.47 , 1171.41
894.1 , 1185.04
882.92 , 1199.46
896.72 , 1212.48
914.32 , 1215.7
933.02 , 1216.71
951.87 , 1215.96
969.97 , 1213.71
987.57 , 1210.46
1004.32 , 1205.43
1020.67 , 1199.71
1036.34 , 1191.83
1327.4 , 1020.52
1361.83 , 995.33
1398.93 , 977.25
1436.65 , 961.27
1474.3 , 945.12
1512.58 , 930.84
1556.45 , 933.55
1588.44 , 965.07
1608.52 , 1001.39
1620.64 , 1040.6
1629.15 , 1081.72
1634.43 , 1124.12
1618.71 , 1086.35
1599.52 , 1049.65
1567.2 , 1018.51
1524.85 , 1012.51
1484.18 , 1022.01
1444.1 , 1032.77
1402.88 , 1041.02
1361.03 , 1048.03
1082.72 , 1050.67
1055 , 1014.58
1007.47 , 1003.85
955.4 , 1003.11
905.6 , 1009.06
859.65 , 1022.78
818.17 , 1048.22
780.77 , 1084.63
749.62 , 1124.05
723.07 , 1165.08
701.55 , 1208.1
703.05 , 1260.05
741.3 , 1227.6
779.68 , 1193.47
813.8 , 1155.1
851.05 , 1117.85
892.17 , 1091.59
937.45 , 1076.7
986.15 , 1068.5
1036.7 , 1064.1
