2721866884_1
245.68 , 509.68
248.06 , 528.29
251.56 , 546.98
252.99 , 566.13
256.85 , 584.98
259.83 , 605.11
263.58 , 622.51
268.6 , 641.74
274.13 , 660.86
285.21 , 677.23
295.94 , 691.79
307.49 , 707.53
318.81 , 723.49
331.47 , 738.17
344.25 , 752.42
358.79 , 764.32
375.7 , 774.18
394.39 , 782.06
412.61 , 786.71
431.42 , 788.85
452.21 , 789.73
470.32 , 789.01
490.68 , 785.81
508.01 , 781.97
526.09 , 775.71
545.5 , 768.14
563.15 , 759.97
580.11 , 750.15
593.97 , 738.88
607.88 , 724.64
620.25 , 708.58
630.99 , 693.27
640.41 , 676.71
649.12 , 658.62
654.57 , 639.94
659.09 , 622.05
663.96 , 602.75
667.7 , 583.63
672.33 , 564.57
676.07 , 545.48
679.37 , 526.31
406.28 , 519.56
398.51 , 530.09
393.85 , 541.25
392.46 , 554.14
398.53 , 566.19
410.65 , 571.6
424.14 , 573.26
437.21 , 574.52
449.36 , 575.13
463.1 , 574.4
475.7 , 572.18
488.69 , 570.15
502 , 566.35
508.92 , 556.25
507.76 , 542.65
502.43 , 531.54
492.19 , 521.43
361.84 , 635.25
372.74 , 627.07
385.34 , 623.25
398.54 , 620.74
412.74 , 620.25
426.69 , 621.25
440.66 , 622.25
454.74 , 621.5
468.81 , 622.25
482.89 , 623
496.71 , 624.25
509.99 , 626.66
522.82 , 630
534.97 , 634.75
535.87 , 647.73
524.41 , 654.49
512.56 , 660.26
500.41 , 665.01
487.74 , 668.59
474.49 , 671
460.64 , 672.25
446.44 , 671.75
432.74 , 670.27
419.76 , 667.18
407.41 , 663.03
395.51 , 657.44
383.94 , 651.07
372.59 , 644
369.84 , 636.5
381.31 , 638
393.04 , 639
405.01 , 639.5
416.99 , 640
428.62 , 641.25
440.09 , 642.75
452.19 , 643
464.29 , 643.25
476.14 , 644
488.24 , 644.25
500.21 , 643.75
512.19 , 643.25
523.54 , 641.49
534.22 , 638.73
523.46 , 641.78
512.09 , 643.5
500.37 , 644.5
488.14 , 644.5
476.04 , 644.25
463.84 , 644.25
451.74 , 644
439.89 , 643.25
428.26 , 642
416.79 , 640.5
404.56 , 640.5
392.46 , 640.25
381.21 , 638.26
501.87 , 438.4
510.8 , 433.75
519.52 , 428.52
527.62 , 421.65
535.79 , 414.94
544.82 , 410.44
555.12 , 408.9
565.67 , 409.9
575.72 , 411.9
584.82 , 416.11
593.34 , 421.89
593.84 , 432.41
584.85 , 436.91
574.97 , 439.4
564.57 , 440.65
553.77 , 441.15
543.22 , 440.15
532.8 , 438.92
522.97 , 436.41
512.42 , 437.4
377.39 , 422.85
371.83 , 415.99
365.05 , 410.22
357.83 , 405.71
349.58 , 403.72
340.6 , 403.22
332.03 , 404.49
323.88 , 406.69
316.28 , 410.24
309.1 , 414.91
302.55 , 421.22
309.48 , 426.64
316.93 , 430.59
324.62 , 433.75
332.88 , 435.71
341.98 , 435.97
350.83 , 435.22
359.55 , 434.22
368.03 , 432.71
376.4 , 430.94
484.44 , 387.18
497.29 , 374.09
512.14 , 365.97
528.24 , 361.19
544.87 , 357.43
561.74 , 354.19
579.47 , 352.68
597.16 , 353.68
613.22 , 358.45
628.22 , 366.19
641.59 , 378.33
628.84 , 382.21
613.39 , 375.89
597.41 , 370.93
579.57 , 370.18
562.57 , 373.16
546.16 , 377.42
530.19 , 382.43
515.01 , 389.61
499.42 , 394.92
403.66 , 386.47
400.36 , 372.35
387.31 , 363.02
373.33 , 356.05
358.78 , 350.98
343.28 , 347.73
326.91 , 346.23
310.08 , 345.73
294.08 , 347.95
280.26 , 355.23
272.76 , 368.98
269.51 , 384.48
281.94 , 375.27
295.96 , 368.47
311.36 , 364.99
328.31 , 365.23
344.06 , 368
359.13 , 372.1
373.49 , 377.72
387.46 , 384.69
