2722611373_1
450.12 , 1241.2
450.48 , 1276.71
451.55 , 1315.49
455.4 , 1354.07
459.73 , 1393.09
463.91 , 1430.8
480.8 , 1464.64
502.75 , 1496.77
526.38 , 1530.32
548.71 , 1558.22
577.63 , 1588.03
608.84 , 1609.69
643.59 , 1625.82
678.37 , 1637.4
716.45 , 1646.63
755.66 , 1654.9
791 , 1662.18
831.33 , 1667.17
870.38 , 1669.12
907.9 , 1668.78
945.77 , 1668.69
987.09 , 1669.93
1022.84 , 1664.26
1059.6 , 1656.54
1100.17 , 1652.2
1139.28 , 1643.37
1173.04 , 1632.39
1210.15 , 1614.44
1236.58 , 1589.9
1265.47 , 1563.38
1292.31 , 1536.07
1313.99 , 1505.82
1339.04 , 1472.59
1354.49 , 1438.06
1366.13 , 1401.16
1380.01 , 1366.21
1383.66 , 1327.95
1381.76 , 1289.37
1382.58 , 1251
1381.93 , 1212.06
1377.48 , 1171.18
833.06 , 1067.9
815.51 , 1095.7
795.65 , 1126.61
783.5 , 1158.8
793.39 , 1191.5
819.01 , 1218.53
851.64 , 1232.28
885.4 , 1237.27
920.17 , 1238.19
955.25 , 1237.42
990.76 , 1237.96
1027.61 , 1233.01
1054.9 , 1213.2
1068.18 , 1178.08
1058.38 , 1145.69
1032.32 , 1121.45
1006 , 1096.24
720.66 , 1351.82
744.61 , 1332.62
768.41 , 1312.82
793.51 , 1296.82
820.84 , 1287.05
851.63 , 1284.32
882.81 , 1286.32
914.59 , 1287.07
945.99 , 1285.57
977.88 , 1286.07
1008.34 , 1289.58
1036.38 , 1297.82
1063.16 , 1309.32
1089.38 , 1322.55
1115.69 , 1335.58
1122.06 , 1361.54
1093.61 , 1369.08
1062.31 , 1367.32
1030.78 , 1366.07
998.88 , 1366.57
967.46 , 1367.61
936.78 , 1364.58
907.06 , 1359.54
877.01 , 1355.35
846.43 , 1352.07
814.53 , 1352.57
783.49 , 1354.82
752.43 , 1352.57
752.91 , 1348.32
775.86 , 1341.55
798.21 , 1333.55
821.99 , 1328.33
847.08 , 1325.82
873.01 , 1326.57
898.11 , 1329.07
923.56 , 1330.82
949.26 , 1329.57
975.21 , 1328.82
1001.03 , 1329.82
1025.76 , 1333.06
1049.81 , 1337.72
1074.03 , 1341.94
1097.27 , 1346.44
1073.84 , 1340.5
1050.23 , 1334.81
1025.88 , 1330.82
1000.78 , 1328.32
974.74 , 1327.82
949.26 , 1329.57
923.46 , 1330.57
897.99 , 1328.82
873.03 , 1326.07
846.96 , 1325.57
821.86 , 1328.07
798.21 , 1333.57
775.21 , 1340.34
1053.75 , 976.4
1066.88 , 969.53
1080.58 , 964.37
1094.83 , 960.38
1109.58 , 957.41
1124.83 , 955.41
1140.92 , 955.15
1155.58 , 958.42
1169.03 , 964.42
1181.55 , 972.91
1193.2 , 983.85
1188.38 , 996.9
1172.88 , 998.4
1157.15 , 997.42
1141.92 , 995.4
1126.9 , 992.89
1111.67 , 990.9
1096.3 , 989.14
1081.55 , 986.15
1067.15 , 982.43
774.38 , 970.74
772.12 , 957.24
762.29 , 946.75
751.09 , 938.83
738.79 , 934.09
725.51 , 931.34
710.94 , 931.34
697.06 , 932.83
685.01 , 938.43
673.63 , 945.81
662.81 , 954.64
652.86 , 965.09
665.91 , 968.34
678.96 , 971.58
692.46 , 973.84
706.21 , 975.59
719.93 , 977.34
734.18 , 978.09
748.54 , 977.59
762.16 , 975.6
997.04 , 855.28
1006.8 , 830.22
1031.21 , 818.6
1060.16 , 820.28
1085.87 , 828.56
1110.24 , 840.74
1134.37 , 853.54
1158.96 , 865.02
1184.57 , 873.52
1210.04 , 882.28
1233.94 , 895.46
1235.24 , 919.53
1205.89 , 919.54
1178.12 , 915.26
1150.66 , 910.4
1123.07 , 905.78
1095.41 , 901.27
1068.49 , 895.25
1043.41 , 885.41
1019.54 , 872.03
863.18 , 857.01
860.85 , 828.51
836 , 813.51
807.85 , 806.51
777.4 , 804.72
747.88 , 808.74
719.2 , 814.54
692.45 , 824.17
666.33 , 835.78
640.55 , 848.52
615.68 , 863.43
592.35 , 882.76
623.75 , 883.01
653.9 , 880.26
685.4 , 880.26
716.17 , 878.76
745.85 , 875.01
776.85 , 874.01
806.65 , 870.47
835.03 , 864.03
