2722618747_1
1038.95 , 1260.75
1039.47 , 1302.98
1039.86 , 1345.21
1042.6 , 1387.96
1049.6 , 1429.84
1051.37 , 1472.16
1058.62 , 1512.58
1070.5 , 1552.01
1085.3 , 1593.62
1106.65 , 1629.89
1127.2 , 1665.82
1151.68 , 1699.85
1183.11 , 1729.11
1218.5 , 1757.25
1250.01 , 1780.57
1288.17 , 1805.71
1323.52 , 1821.36
1367.68 , 1830.5
1406.76 , 1839.91
1448.07 , 1852.34
1491.99 , 1852.22
1532.77 , 1846.04
1573.85 , 1841.69
1618.8 , 1839.16
1662.13 , 1835.3
1703.22 , 1827.23
1737.29 , 1803.36
1766.07 , 1775.22
1790.61 , 1740.08
1820 , 1710.24
1849.66 , 1678.66
1877.3 , 1643.36
1901.5 , 1609.59
1922.16 , 1573.37
1938.37 , 1534.71
1951.22 , 1494.6
1959.85 , 1452.85
1968.15 , 1409.11
1972.39 , 1369.33
1974.69 , 1324.89
1977.35 , 1280.77
1416.13 , 1253.61
1395.57 , 1274.41
1376.42 , 1303.53
1371.42 , 1334.94
1384.48 , 1362.19
1410.59 , 1379.74
1443.08 , 1388
1473.29 , 1398.16
1506.16 , 1406.76
1537.04 , 1403.5
1567.54 , 1390.31
1596.5 , 1374.26
1621.99 , 1356.15
1647 , 1335.45
1639.4 , 1305.33
1622.21 , 1276.35
1601.6 , 1251.2
1300.5 , 1513.04
1326.38 , 1497.92
1354.95 , 1489.52
1382.97 , 1480.31
1412.17 , 1473.11
1443.1 , 1469.55
1475.15 , 1468.29
1506.83 , 1470.29
1538.75 , 1468.79
1569.05 , 1464
1599.67 , 1459.82
1630.75 , 1456.54
1661.58 , 1452.79
1693.03 , 1454.79
1715.6 , 1472.94
1691.95 , 1494.57
1666.6 , 1511.19
1638.5 , 1520.29
1608.45 , 1525.58
1577.35 , 1528.8
1545.92 , 1531.36
1514.83 , 1534.54
1482.78 , 1535.79
1450.62 , 1536.79
1418.7 , 1538.3
1388.35 , 1533.53
1357.9 , 1529.03
1328.38 , 1522.56
1323.75 , 1520.79
1352.08 , 1521.54
1378.45 , 1516.79
1404.12 , 1510.55
1430.88 , 1506.54
1458.33 , 1504.04
1486.4 , 1502.79
1514.47 , 1501.54
1541.92 , 1499.04
1569.15 , 1496.04
1596.25 , 1492.79
1623.35 , 1489.54
1650.08 , 1485.54
1676.58 , 1481.05
1704.16 , 1478.79
1676.65 , 1479.8
1649.92 , 1483.79
1623.9 , 1489.29
1596.67 , 1492.29
1569.47 , 1495.29
1542.5 , 1498.79
1514.65 , 1500.54
1486.35 , 1501.29
1458.15 , 1502.29
1430.33 , 1504.04
1403.22 , 1507.29
1377.33 , 1513.05
1350.83 , 1517.54
1637.66 , 1084.78
1650.86 , 1073.59
1665.19 , 1065.5
1679.81 , 1058.12
1695.09 , 1052.76
1711.69 , 1050.03
1729.59 , 1050.03
1745.94 , 1053.29
1761.29 , 1058.4
1775.99 , 1065.59
1789.91 , 1074.78
1783.8 , 1089.53
1769.24 , 1097
1753.01 , 1100.53
1735.94 , 1102.28
1718.49 , 1103.28
1700.69 , 1103.53
1683.39 , 1102.28
1667.04 , 1099.06
1652.24 , 1092.29
1357.88 , 1074.38
1355.42 , 1058.78
1348.65 , 1044.98
1336.29 , 1034.58
1321.69 , 1030.08
1306.31 , 1027.09
1289.96 , 1026.08
1274.91 , 1029.83
1261.11 , 1036.6
1248.36 , 1046.14
1237.91 , 1058.58
1231.16 , 1072.33
1244.01 , 1081.15
1257.56 , 1088.49
1271.63 , 1094.31
1286.66 , 1098.08
1303.14 , 1098.83
1318.64 , 1096.08
1333.41 , 1091.83
1347.76 , 1086.82
1610.35 , 944.16
1628.7 , 915.76
1659.05 , 902.7
1693.67 , 898.88
1728.82 , 901.66
1761.22 , 910.03
1792.32 , 920.92
1823.35 , 931.91
1855.38 , 940.93
1885.33 , 955.39
1908.9 , 981.21
1899.32 , 1009.91
1866.35 , 1002.66
1834.15 , 993.93
1800.97 , 987.16
1767.3 , 981.37
1732.65 , 977.65
1698.22 , 973.41
1663.57 , 977.16
1629.53 , 972.17
1434.03 , 947.44
1426.44 , 916.16
1400.99 , 893.37
1372.44 , 878.81
1340.69 , 872.04
1306.24 , 870.79
1271.69 , 871.79
1238.21 , 875.05
1207.59 , 884.05
1179.79 , 900.39
1157.76 , 926.16
1146.66 , 955.79
1175.21 , 969.81
1208.31 , 965.79
1242.89 , 964.79
1275.99 , 968.79
1308.96 , 973.04
1344.01 , 973.04
1377.96 , 975.29
1411.91 , 973.04
