2723446042_1
1003.34 , 868.24
1004.37 , 913.37
1002.66 , 958.61
1002.24 , 1004.4
1003.28 , 1049.6
1009.96 , 1095.97
1020.92 , 1141.04
1037.22 , 1182
1057.56 , 1225.65
1082.56 , 1265.78
1106.6 , 1302.86
1130.44 , 1340.69
1164.15 , 1372.21
1201.95 , 1399.44
1240.84 , 1424.05
1284.5 , 1439.11
1329.29 , 1438.79
1373.86 , 1427.23
1417.99 , 1415.93
1463.94 , 1400.25
1506.64 , 1383.75
1548.79 , 1369.33
1591.03 , 1353.39
1634.04 , 1336.02
1675.74 , 1319.51
1722.18 , 1300.16
1762.35 , 1280.33
1798.51 , 1254.88
1831.19 , 1223.46
1863.79 , 1189.07
1899.05 , 1157.04
1926.2 , 1122
1947.29 , 1082.62
1959.36 , 1034.97
1957.38 , 991.34
1950.92 , 947.44
1943.45 , 898.83
1936.13 , 854.72
1929.38 , 806.52
1922.77 , 762.87
1912.24 , 716.11
1226.35 , 828.2
1210.6 , 861.24
1189.33 , 890.5
1180.75 , 927.86
1188.85 , 963.14
1216.82 , 987.3
1254.32 , 999.12
1291.16 , 999.37
1328.29 , 995.42
1364.64 , 991.77
1401.54 , 981.6
1438.65 , 969.88
1448.01 , 934.04
1438.12 , 900.1
1416.6 , 869.39
1388.33 , 842.85
1360.14 , 815.5
1163.85 , 1106.96
1186.95 , 1097.68
1213.45 , 1095.46
1239.52 , 1092.28
1265.7 , 1095.06
1292.65 , 1093.96
1318.55 , 1090.46
1344.95 , 1087.95
1370.85 , 1084.46
1397.62 , 1082.71
1424.62 , 1081.46
1451.77 , 1080.53
1478.62 , 1078.96
1505.75 , 1077.96
1520.45 , 1088.99
1496.4 , 1096.17
1471.72 , 1102.33
1447.25 , 1108.8
1423.02 , 1115.73
1398.07 , 1121.23
1372.25 , 1124.96
1345.97 , 1127.71
1318.97 , 1128.45
1293.32 , 1124.46
1267.3 , 1121.17
1240.9 , 1118.7
1214.38 , 1116.46
1187.95 , 1114.06
1192.6 , 1105.21
1215.1 , 1107.46
1238.05 , 1108.71
1261.25 , 1109.46
1284.32 , 1108.46
1307.9 , 1108.46
1331.35 , 1108.21
1354.67 , 1107.71
1376.17 , 1103.47
1397.35 , 1098.46
1419.22 , 1094.96
1441.7 , 1092.71
1464.65 , 1091.46
1487 , 1088.96
1508.76 , 1085.19
1486.72 , 1086.96
1464.38 , 1089.46
1442.12 , 1092.21
1419.77 , 1094.71
1397.9 , 1098.22
1376.52 , 1102.71
1354.52 , 1105.96
1331.7 , 1107.46
1309.32 , 1104.96
1285.9 , 1104.71
1262.67 , 1105.46
1239.35 , 1104.96
1215.92 , 1104.71
1464.83 , 657.65
1476.86 , 650.14
1489.58 , 644.4
1502.7 , 639.88
1516.53 , 636.65
1531.03 , 634.9
1546.05 , 635.65
1560.08 , 638.4
1574.48 , 640.41
1587.42 , 645.47
1596.57 , 656.92
1588.4 , 668.63
1575.55 , 673.9
1561.25 , 676.15
1546.98 , 678.4
1532.11 , 679.4
1516.86 , 679.15
1502.08 , 677.9
1488.3 , 674.63
1476.05 , 667.62
1230.74 , 675.89
1222.6 , 661.24
1208.65 , 651.22
1192.22 , 647.49
1174.45 , 646.49
1156.2 , 646.49
1139.27 , 649.24
1122.47 , 652.22
1106.42 , 656.76
1091.45 , 663.98
1077.6 , 674.24
1089.78 , 687.41
1104.45 , 695.52
1121.6 , 697.74
1139.35 , 698.74
1156.88 , 700.24
1174.9 , 699.74
1192.05 , 697.49
1208.6 , 693.99
1225.52 , 691.24
1393.64 , 614.44
1412.79 , 592.77
1439.62 , 586.68
1466.44 , 580.67
1492.92 , 573.92
1518.69 , 565.96
1545.87 , 560.7
1575.22 , 560.94
1602.39 , 566.19
1628.89 , 572.94
1654.02 , 582.41
1641.77 , 605.06
1616.87 , 615.44
1588.09 , 617.44
1559.09 , 618.94
1530.22 , 620.69
1502.19 , 624.19
1473.66 , 626.69
1445.27 , 629.44
1416.32 , 630.87
1178.06 , 637.49
1176.31 , 617.86
1157.69 , 606.99
1137.57 , 600.23
1116.02 , 596.24
1094.14 , 592.95
1071.74 , 590.74
1048.39 , 590.49
1025.57 , 591.86
1005.32 , 598.33
987.94 , 612.74
978.69 , 631.99
998.52 , 639.06
1019.72 , 634.73
1041.97 , 632.23
1065.07 , 632.99
1088.41 , 633.24
1110.79 , 635.47
1132.94 , 638.24
1155.69 , 639.74
