130361594_1
461.8 , 617.65
466 , 636.4
471.85 , 657.03
476.27 , 675.76
480.82 , 696.54
484.75 , 716.51
488.36 , 736.43
491.93 , 756.43
495.97 , 776.36
502.76 , 795.35
512.78 , 813.51
523.53 , 828.81
537.48 , 844.01
552.83 , 857.64
568.88 , 869.19
587.08 , 881.54
604.68 , 890.74
622.83 , 898.54
641.76 , 904.45
663.24 , 908.48
682.97 , 908.36
701.98 , 904.76
722.35 , 897.53
740.04 , 889.2
758.54 , 878.4
774.43 , 867.57
791.2 , 855.31
806.33 , 842.56
822.44 , 829.5
838.25 , 815.88
850.18 , 801.2
859.92 , 782.23
865.82 , 763.52
871.31 , 744.62
878.05 , 723.94
882.53 , 704.98
886.79 , 683.79
890.57 , 664.75
894.68 , 643.67
898.69 , 624.72
903.5 , 603.85
653.62 , 615.37
648.4 , 629.1
637.13 , 639.26
627.41 , 649.51
625.11 , 664.97
632.13 , 677.29
647.57 , 681.3
661.52 , 684.7
677.02 , 687.62
691.81 , 685.82
707.74 , 683.4
721.56 , 682.4
735.44 , 674.6
735.44 , 659.6
732.21 , 644.74
724.36 , 631.58
715.9 , 618.85
586.86 , 754.11
597.74 , 746.86
609.44 , 741.83
621.38 , 737.6
633.44 , 733.58
645.61 , 729.86
659.19 , 728.86
672.63 , 730.11
685.86 , 728.36
699.31 , 729.61
711.36 , 733.61
722.99 , 738.98
734.51 , 744.52
745.66 , 751.12
748.68 , 763.1
738.01 , 770.98
727.59 , 779.62
716.79 , 787.17
705.29 , 792.84
692.66 , 795.86
679.34 , 797.36
665.76 , 798.35
652.56 , 796.62
639.71 , 794.13
627.71 , 789.96
616.99 , 782.23
607.41 , 772.16
597.46 , 762.22
591.36 , 754.61
601.59 , 752.11
612.41 , 750.86
623.84 , 750.86
634.53 , 752.38
645.49 , 753.36
656.44 , 754.36
667.38 , 755.36
678.69 , 755.61
689.46 , 754.26
700.46 , 753.36
711.54 , 754.11
722.74 , 754.61
733.56 , 755.87
744.13 , 757.61
735.79 , 757.79
724.81 , 756.86
713.74 , 756.11
702.56 , 755.61
691.36 , 756.11
680.29 , 756.86
669.11 , 757.36
657.91 , 756.86
646.96 , 755.86
636.01 , 754.86
624.84 , 754.36
613.63 , 753.86
602.68 , 754.86
733.25 , 550.66
739.45 , 542.71
747 , 535.41
755.1 , 529.56
763.75 , 525.16
773 , 522.41
782.88 , 520.91
792.88 , 522.17
801.88 , 525.41
810.2 , 530.6
816.97 , 538.36
820.06 , 547.14
811.35 , 551.38
802.35 , 554.66
792.83 , 556.91
782.7 , 557.91
772.1 , 557.91
762.1 , 556.65
752.35 , 554.91
742.23 , 553.91
620.52 , 543.87
614.91 , 536.27
607.5 , 530.16
599.65 , 525.3
591.13 , 522.43
581.63 , 521.42
572.25 , 522.66
563.36 , 524.89
555.13 , 528.83
547.23 , 533.47
539.78 , 539.42
546.3 , 546.69
553.55 , 553.18
561.75 , 557.17
570.88 , 558.91
580.63 , 558.42
589.88 , 556.92
598.8 , 554.66
607.55 , 552.16
617.42 , 551.91
705.55 , 473.4
719.47 , 464.47
736.25 , 462.15
754.12 , 462.15
771.88 , 462.4
789.4 , 461.65
807.15 , 461.9
823.95 , 464.16
838.8 , 470.65
851.52 , 483.12
861.19 , 496.8
846.7 , 503.89
829.67 , 502.17
814.5 , 496.61
799.3 , 491.15
783.12 , 487.65
765.35 , 487.41
748.92 , 490.4
731.05 , 490.4
714.68 , 487.32
633.31 , 499.07
628.11 , 487.57
617.46 , 477.14
605.19 , 471.08
591.88 , 467.57
577.74 , 465.82
563.84 , 463.57
549.96 , 461.32
535.46 , 462.32
523.13 , 468.3
512.64 , 478.77
506.86 , 491.07
519.74 , 495.1
534.11 , 493.82
547.88 , 491.31
562.51 , 490.57
576.38 , 492.82
589.99 , 495.69
603.93 , 497.85
618.56 , 498.57
