2726369211_2
417.05 , 546.61
414.65 , 562.36
411.34 , 579.26
409.89 , 597.57
409.31 , 614.91
409.05 , 632.19
410.53 , 649.95
413.67 , 667.09
418.71 , 683.65
425.71 , 699.03
435.72 , 714.38
446.11 , 728.5
457.07 , 742.42
468.59 , 755.84
480.8 , 767.88
494.71 , 778.73
508.38 , 787.83
523.87 , 796.27
540.42 , 804.07
556.58 , 810.45
573.56 , 815.25
590.4 , 815.16
607.35 , 808.73
622.68 , 802.45
639.74 , 796.13
654.52 , 788.67
667.8 , 775.97
682.62 , 766.11
695.81 , 755.05
710.09 , 746
724.59 , 736.31
738.19 , 724.09
747.95 , 710.8
756.2 , 696.07
767.47 , 682.59
776.32 , 666.92
783.65 , 651.22
790.49 , 635.08
796.02 , 618.6
798.63 , 601.05
801.19 , 582.93
619.86 , 590.87
607.29 , 592.42
596.37 , 599.04
587.6 , 610.25
586.93 , 623.8
592.93 , 635.41
602 , 643.86
615.24 , 650.56
626.6 , 654.9
640.69 , 659.25
653.81 , 659.63
666.37 , 658.28
678.63 , 653.48
686.24 , 642.44
684.98 , 628.43
682.25 , 615.75
677.68 , 602.15
522.15 , 661.06
536.25 , 659.81
550.35 , 661.06
563.5 , 664.31
576.38 , 668.07
588.85 , 672.58
601.02 , 678.09
613.2 , 683.58
626.35 , 686.82
639.73 , 689.55
653.35 , 691.81
666.83 , 694.28
678.54 , 701.06
671.45 , 712.28
660.17 , 720.28
649.1 , 728.82
637.67 , 736.3
625.55 , 742.04
612.4 , 745.31
598.08 , 744.49
585.08 , 740.99
572.65 , 736.31
560.58 , 730.5
549.33 , 722.48
540.56 , 711.48
533.3 , 699.98
527.14 , 688.01
522.88 , 675.41
525.9 , 663.31
537.62 , 664.81
549.12 , 666.81
559.88 , 670.29
570.1 , 675.26
580.45 , 679.84
590.82 , 684.25
601.05 , 689.3
611.52 , 693.43
622.95 , 695.6
634.7 , 697.05
646.7 , 698.06
658.67 , 699.06
669.4 , 702.56
660.9 , 708.06
650.38 , 712.07
639.92 , 716.3
629.52 , 720.68
618.3 , 723.31
605.95 , 723.08
594.52 , 720.94
583.7 , 717.6
573.17 , 713.58
563.15 , 708.06
553.88 , 700.53
544.8 , 692.46
537.06 , 683.23
530.65 , 673.56
707.02 , 557.85
711.82 , 553.29
717.72 , 551.64
724.04 , 550.85
730.64 , 551.1
737.22 , 551.35
743.69 , 551.85
749.79 , 553.1
755.64 , 554.87
761.17 , 557.51
766.04 , 561.87
762.8 , 564.86
756.79 , 563.35
750.47 , 562.56
744.17 , 561.75
738.02 , 560.6
732.02 , 559.1
726.04 , 557.6
719.72 , 556.84
713.62 , 558.1
606.81 , 521.02
603.07 , 516.13
598.12 , 512.38
593.17 , 508.65
588.02 , 505.52
582.55 , 503.29
576.82 , 501.65
570.88 , 500.39
564.45 , 500.14
558.15 , 500.64
552.65 , 502.64
557.35 , 507.11
562.73 , 509.7
568.12 , 512.12
574.05 , 513.41
580.1 , 514.4
585.9 , 515.89
591.38 , 518.13
596.77 , 520.64
602.22 , 522.9
710.84 , 508.52
719.74 , 501.35
730.69 , 499.24
742.29 , 500.02
753.51 , 501.54
764.62 , 503.29
775.26 , 506.02
785.32 , 510.01
794.64 , 516.05
801.12 , 525.07
805.12 , 535.07
802.09 , 543.39
794.47 , 534.65
785.69 , 527.11
775.82 , 522.52
765.32 , 519.51
754.74 , 516.68
743.84 , 514.52
732.37 , 513.52
720.77 , 512.79
630.81 , 453.94
618.91 , 439.5
604.51 , 427.11
589.49 , 416.35
573.24 , 408.87
555.31 , 405.36
535.96 , 404.9
517.36 , 407.01
499.78 , 411.34
483.36 , 418.01
468.26 , 428.36
486.69 , 425.86
506.19 , 425.61
524.71 , 427.87
542.76 , 431.11
560.68 , 434.62
578.26 , 438.86
594.59 , 446.17
609.36 , 457.47
624.76 , 467.11
