272728945_1
299.05 , 642.65
303.95 , 660.19
310.54 , 677.09
319.24 , 693.14
329.7 , 709.55
339.92 , 725.68
349.73 , 740.85
360 , 758
368.73 , 774.48
377.73 , 790.27
387.85 , 806.02
397.81 , 821.09
410.91 , 835.95
424.25 , 847.74
438.79 , 859
456.35 , 866.89
475.36 , 871.2
494.01 , 873.04
512.63 , 872.23
530.48 , 870.42
548.95 , 866.07
565.62 , 858.7
581.62 , 849.05
596.64 , 837.71
611.97 , 826.31
628 , 816.67
644.18 , 805.57
659.34 , 794.36
675.01 , 783.33
689.16 , 771.69
702.63 , 758.8
715.89 , 746.09
728.06 , 730.79
738.16 , 715.52
749.01 , 700.06
759.53 , 686.1
769.49 , 669.35
770.85 , 649.85
774.03 , 632.31
774.85 , 614.05
772.63 , 593.93
411.69 , 601.22
403.42 , 616.02
394.84 , 630.43
386.85 , 644.26
384.79 , 661.53
394.95 , 674.94
410.92 , 675.24
428.54 , 672.32
445.31 , 670.66
462 , 669.2
478.88 , 666.74
495.37 , 662.45
509.98 , 653.45
511.1 , 636.39
506.7 , 621.07
495.56 , 608.32
481.23 , 596.71
396.26 , 757.65
402.73 , 744.3
408.83 , 730.78
421.53 , 722.39
436.76 , 720.15
450.19 , 713.68
464.13 , 708.88
479.86 , 707.65
495.94 , 708.15
511.78 , 709.15
527.76 , 709.9
543.59 , 710.9
558.96 , 712.9
573.81 , 715.92
580.09 , 728.57
569.08 , 740.33
557.36 , 751.33
545.18 , 761.2
532.71 , 770.19
519.49 , 777.17
505.61 , 782.06
491.26 , 786.15
476.61 , 789.66
461.24 , 791.65
445.36 , 790.75
431.03 , 786.67
417.69 , 780.07
405.62 , 770
400.51 , 758.9
410.49 , 749.93
421.36 , 743.37
434.01 , 741.15
447.13 , 739.9
459.94 , 737.9
472.58 , 735.64
485.01 , 732.9
497.31 , 729.9
509.63 , 726.89
522.16 , 724.41
535.06 , 722.65
548.09 , 721.15
561.61 , 721.65
574.51 , 723.39
564.06 , 731.08
553.03 , 737.13
541.61 , 742.18
530.03 , 746.66
518.28 , 750.66
506.53 , 754.65
493.86 , 756.89
480.83 , 758.4
467.81 , 759.9
454.19 , 760.15
440.56 , 760.4
426.94 , 760.65
413.31 , 760.9
507.4 , 546.84
512.93 , 537.81
521.05 , 529.69
529.65 , 522.84
538.92 , 517.82
548.85 , 514.61
559.4 , 512.59
570.4 , 511.59
581.42 , 512.59
591.95 , 514.58
602 , 517.62
600.25 , 526.84
591.25 , 532.5
582 , 537.59
572.4 , 541.59
562.33 , 544.41
551.85 , 546.59
541.08 , 548.09
529.7 , 548.34
518.3 , 548.09
393.06 , 568.13
388.45 , 562.69
382.23 , 559.94
375.2 , 558.93
367.95 , 559.43
360.95 , 560.44
354.05 , 561.67
347.68 , 563.95
341.55 , 566.99
336.42 , 572.33
333.35 , 578.43
338.95 , 582.93
345.18 , 585.68
352.05 , 586.93
359.55 , 586.92
366.45 , 585.7
373.1 , 583.93
379.6 , 581.93
385.78 , 579
391.34 , 574.77
469.94 , 474.39
477.72 , 458.33
493.71 , 450.13
511.09 , 445.49
529.12 , 442.21
547.54 , 439.79
566.74 , 440.39
585.76 , 441.64
604.66 , 443.12
622.01 , 447.71
636.89 , 458.83
634.04 , 474.17
615.99 , 470.88
597.09 , 469.41
578.09 , 468.14
559.04 , 467.29
540.54 , 469.66
522.57 , 473.01
504.59 , 476.37
486.69 , 479.89
370.35 , 506.22
364.68 , 500.56
358.23 , 496.34
351.03 , 494.08
343.18 , 493.09
335.11 , 493.62
328.03 , 496.05
321.33 , 499.75
316.17 , 505.89
312.86 , 512.71
311.48 , 520.34
312.73 , 528.07
318.39 , 525.44
321.89 , 518.66
328.31 , 514.27
335.31 , 511.53
342.86 , 509.96
350.88 , 509.34
358.96 , 509.84
366.78 , 510.84
