2738187790_1
132.71 , 420.43
140.53 , 450.53
152.54 , 484.7
168.46 , 516.24
179.98 , 548.53
188.03 , 580.91
196.27 , 613.9
202.5 , 647.94
218.46 , 678.21
235.43 , 708.6
242.93 , 739.21
258.03 , 769.69
276.59 , 798.68
281.5 , 832.23
286.01 , 868.18
309.15 , 891.64
333.48 , 918.29
359.42 , 940.12
390.23 , 949.74
422.61 , 957.49
456.52 , 965.33
492.02 , 970.78
525.09 , 967.95
557.7 , 960.1
590.42 , 947.7
620.26 , 933.23
649.68 , 916.32
672.18 , 889.41
694.1 , 863.54
718.8 , 839
739.22 , 812.69
757.06 , 783.64
771.33 , 751.1
788.31 , 720.96
801.51 , 690.56
813.25 , 657.65
818.15 , 625.07
826.46 , 589.54
835.36 , 555.79
839.67 , 522.96
843.92 , 487.35
375.59 , 428.18
359.17 , 448.18
351.97 , 474.91
347.1 , 504.6
364.75 , 524.22
392.79 , 533.8
417.12 , 543.53
445.57 , 552.39
472.59 , 550.51
501.32 , 542.1
525.52 , 530.55
550.52 , 516.37
570.39 , 497.65
569.56 , 469.99
555.46 , 444.34
534.99 , 423.62
515.59 , 401.87
348.03 , 640.96
364.05 , 633.2
383.3 , 632.46
401.83 , 634.71
421.18 , 635.21
440.78 , 635.21
460.03 , 635.96
478.8 , 634.2
497.43 , 632.24
515.58 , 629.21
533.4 , 625.59
551.36 , 622.14
570.28 , 620.71
588.05 , 623.96
604.28 , 631.46
591.18 , 629.71
572.05 , 629.2
553.9 , 632.22
535.63 , 634.96
517.23 , 637.46
498.83 , 639.97
480.3 , 642.19
461.55 , 643.96
442.08 , 643.71
423.08 , 644.96
403.95 , 643.96
385.2 , 642.21
366.93 , 639.46
359.03 , 639.71
375.3 , 639.71
391.45 , 638.96
407.25 , 640.46
423.65 , 640.71
440.15 , 640.71
456.18 , 639.71
471.38 , 636.97
487.03 , 635.21
502.58 , 633.21
518.36 , 631.71
534.28 , 630.46
549.83 , 628.46
565.13 , 625.96
580.17 , 622.94
565.11 , 624.46
549.43 , 626.21
534 , 628.46
518.83 , 631.21
503.15 , 632.96
487.38 , 634.46
471.95 , 636.71
456.28 , 638.46
439.78 , 638.46
423.63 , 639.21
407.7 , 637.96
391.43 , 638.46
374.93 , 638.46
570.39 , 329.22
578.31 , 322.3
586.84 , 317.04
595.54 , 312.23
604.51 , 308.19
614.14 , 305.72
624.62 , 304.97
634.62 , 306.72
644.12 , 309.46
652.79 , 314.35
659.7 , 322.27
663.96 , 330.98
653.74 , 332.22
643.62 , 333.72
633.01 , 334.22
622.29 , 333.97
611.82 , 333.22
601.34 , 332.47
591.12 , 331.22
580.51 , 330.72
342.56 , 336.9
340.39 , 330.31
332.39 , 325.89
324.04 , 322.4
315.17 , 320.17
305.67 , 319.15
295.79 , 319.36
286.76 , 321.38
278.37 , 324.65
270.26 , 328.89
262.49 , 333.9
255.99 , 341.15
265.26 , 339.65
274.51 , 338.15
284.49 , 338.15
294.34 , 338.4
303.84 , 337.37
313.47 , 336.65
323.09 , 335.91
332.81 , 336.4
520.04 , 254.38
533.42 , 230.7
557.74 , 218.64
584.99 , 213.67
614.29 , 214.38
641.79 , 218.88
668.09 , 225.88
689.46 , 245.8
706.6 , 268.18
722.59 , 290.96
739.54 , 313.38
750.26 , 334.62
725.31 , 324.89
701.74 , 311.1
678.89 , 295.39
654.59 , 283.37
627.46 , 278.13
598.29 , 279.13
569.09 , 278.15
541.81 , 273.16
393.44 , 247.89
383.72 , 225.63
361.41 , 215.88
335.44 , 214.12
309.94 , 216.87
283.84 , 218.37
257.71 , 219.87
232.21 , 222.62
210.18 , 233.38
194.71 , 253.62
187.14 , 276.69
182.21 , 301.12
205.48 , 295.35
229.03 , 288.64
252.86 , 282.38
277.99 , 278.87
304.21 , 277.62
330.56 , 276.62
356.79 , 275.37
380.48 , 268.86
