2741148975_1
542.69 , 954.14
549.84 , 981.63
558.71 , 1008.72
568.6 , 1035.77
579.8 , 1065.78
591 , 1090.87
605.2 , 1118.78
619.61 , 1142.8
637.25 , 1167.77
657.37 , 1188.93
679.03 , 1210.02
696.8 , 1230.71
716.53 , 1252.48
742.31 , 1266.6
770.48 , 1278.99
797.09 , 1288.81
824.87 , 1299.68
854.45 , 1308.29
881.37 , 1315.16
911.59 , 1319.94
938.88 , 1322.17
969.78 , 1318.29
996.92 , 1309.5
1025.79 , 1301.51
1051.72 , 1288.36
1075.75 , 1271.83
1100.38 , 1252.8
1120.88 , 1231.68
1138.63 , 1209.28
1155.86 , 1187.23
1173.4 , 1163
1188.47 , 1137.8
1200.65 , 1111.12
1211.97 , 1082.58
1220.99 , 1055.45
1228.75 , 1024.85
1235.47 , 996.7
1241.12 , 968.24
1245.04 , 939.62
1248.45 , 909.39
1248.85 , 879.29
828.25 , 980.82
824.98 , 1004.47
821.85 , 1028.9
820.5 , 1055.4
833.12 , 1075.38
857.62 , 1080.4
884.33 , 1081.97
909.87 , 1083.03
933.5 , 1080.75
960.26 , 1077.4
984.7 , 1070.2
1006.89 , 1062.65
1027.1 , 1046.05
1031.28 , 1021.78
1020.78 , 998.93
1003.92 , 979.19
987.37 , 959.55
818.88 , 1178.72
834.9 , 1170.19
851.11 , 1162
866.75 , 1152.38
882.78 , 1143.81
900.06 , 1138.54
919.65 , 1138.97
939.18 , 1139.72
956.78 , 1135.07
973.96 , 1129.65
993.36 , 1128.72
1012.15 , 1130.97
1029.98 , 1135.2
1046.81 , 1141.44
1059.33 , 1155.26
1043.58 , 1164.51
1027.68 , 1173.43
1011.4 , 1181.46
995.13 , 1189.47
978.78 , 1197.32
961.83 , 1203.21
943.68 , 1206.72
924.4 , 1207.97
906 , 1204.99
887.95 , 1201.22
869.43 , 1198.46
851.48 , 1194.5
835.08 , 1186.93
825.88 , 1174.97
843.13 , 1174.97
859.4 , 1172.97
875.11 , 1169.72
891.25 , 1167.47
907.93 , 1166.22
924.81 , 1166.97
941.83 , 1167.47
958 , 1165.23
973.48 , 1161.44
988.9 , 1157.7
1003.93 , 1153.18
1020 , 1150.69
1037.03 , 1150.22
1052.51 , 1147.35
1036.86 , 1150.72
1020.43 , 1152.45
1004.31 , 1154.79
988.61 , 1157.99
973.13 , 1161.72
957.65 , 1165.47
941.61 , 1167.97
924.83 , 1168.97
907.7 , 1168.72
890.81 , 1169.47
874.4 , 1171.22
858.7 , 1174.47
842.43 , 1176.47
997.78 , 848.07
997.3 , 830.67
1006.05 , 816.92
1017.78 , 804.2
1031.72 , 795.99
1046.65 , 790.42
1062.58 , 786.92
1080.08 , 786.67
1096.1 , 789.91
1110.77 , 796.16
1124.3 , 805.67
1134.26 , 819
1122.35 , 831.61
1108.9 , 841.33
1094.4 , 848.2
1078.85 , 852.43
1062.8 , 855.67
1046.05 , 857.42
1028.9 , 856.42
1013.07 , 852.67
782.25 , 866.5
777.76 , 854.55
767.17 , 846.25
755.45 , 841.02
743.17 , 837.26
729.62 , 836
715.98 , 835
702.3 , 836
689.6 , 839
678 , 844.75
668.75 , 855
675.81 , 866.05
685.83 , 876
697.4 , 881.78
709.35 , 886.22
721.95 , 889.51
735.73 , 888.75
748.3 , 885.52
760.75 , 882
772.4 , 876.5
960.58 , 759.08
979.13 , 741.52
1000.43 , 731.49
1023 , 724.85
1046.01 , 718.85
1069.33 , 713.58
1093.15 , 709.35
1117.83 , 706.83
1143.45 , 706.33
1167.13 , 710.85
1187.93 , 722.21
1174.05 , 739.58
1150.23 , 743.86
1125.66 , 746.51
1101.06 , 749.1
1076.73 , 752.36
1052.98 , 756.68
1029.81 , 762.34
1007.58 , 769.58
981.71 , 769.61
820.06 , 765.19
803.43 , 760.2
785.53 , 757.69
768.58 , 753.18
751.06 , 749.94
732.68 , 748.44
713.93 , 747.7
695.88 , 749.88
680.04 , 756.97
666.88 , 770.59
659.06 , 786.19
673.18 , 798.08
691.38 , 796.44
708.73 , 792.76
726.71 , 790.42
744.68 , 788.06
762.78 , 785.96
781.38 , 786.94
800.01 , 785.94
816.29 , 779.96
