2741469993_1
883.14 , 1065.7
885.43 , 1120.44
894.1 , 1174.18
904.79 , 1230.63
916.52 , 1288.96
925.32 , 1340.85
940.82 , 1400.08
958.88 , 1449.64
981.96 , 1505.66
1012.1 , 1550.17
1054.05 , 1590.16
1090.77 , 1632.61
1131.65 , 1669.63
1173.38 , 1711.72
1217.55 , 1749.51
1264.29 , 1779.39
1314.34 , 1807.05
1362.17 , 1828.25
1420.06 , 1849.94
1474.67 , 1864.31
1526.25 , 1874.4
1583.92 , 1878.31
1638.29 , 1873.7
1696.25 , 1864.6
1750.33 , 1842.72
1794.53 , 1807.32
1830.15 , 1761.44
1849.81 , 1710.06
1874.47 , 1657.82
1898.81 , 1610.19
1930.24 , 1562.5
1955.8 , 1508.81
1972.92 , 1455.04
1993.45 , 1401.1
2010.13 , 1351.22
2028.95 , 1295.31
2048.02 , 1239.91
2064.35 , 1190.61
2080.24 , 1133.57
2077.15 , 1075.85
2065.95 , 1019.1
1581.9 , 1013.5
1556.44 , 1046
1528.48 , 1079.53
1509.53 , 1118.92
1519.25 , 1161.88
1551.67 , 1186.88
1596.28 , 1197.27
1638.99 , 1200.61
1685.65 , 1205.66
1727.94 , 1204.46
1773.25 , 1198.75
1812.18 , 1183.93
1845.21 , 1156.83
1866.4 , 1119.75
1848.07 , 1078.25
1823.74 , 1043.29
1799.47 , 1003.47
1279.21 , 1408.71
1324.59 , 1382.84
1374.06 , 1367.68
1422.46 , 1350.46
1472.86 , 1336.94
1525.29 , 1327.72
1578.34 , 1319.71
1631.26 , 1311.46
1684.66 , 1304.21
1737.36 , 1295.46
1793.06 , 1292.97
1841.04 , 1311.48
1874.71 , 1353.96
1870.21 , 1408.68
1857.48 , 1459.53
1838.22 , 1507.24
1822.43 , 1556.26
1785.79 , 1597.69
1739.09 , 1620.46
1686.66 , 1629.71
1630.59 , 1631.46
1575.49 , 1627.71
1521.88 , 1620.89
1476.18 , 1595.68
1432.68 , 1564.43
1390.18 , 1530.44
1348.88 , 1493.13
1312.48 , 1451.49
1324.96 , 1394.46
1367.18 , 1389.21
1408.59 , 1382.22
1448.93 , 1372.98
1489.86 , 1365.06
1531.04 , 1357.64
1574.63 , 1355.21
1619.43 , 1355.21
1663.74 , 1356.21
1706.61 , 1352.31
1748.68 , 1346.71
1791.68 , 1342.98
1833.91 , 1348.22
1855.44 , 1382.24
1833.37 , 1417.34
1809.62 , 1451.79
1779.91 , 1483.97
1745.41 , 1507.72
1707.46 , 1521.71
1665.93 , 1528.46
1622.49 , 1531.21
1578.91 , 1528.69
1538.36 , 1519.96
1499.09 , 1508.71
1461.93 , 1492.19
1426.84 , 1470.21
1391.93 , 1447.7
1357.71 , 1423.21
1753.29 , 842.56
1769.74 , 830.85
1787.37 , 822.03
1805.54 , 815.06
1824.69 , 810.04
1844.76 , 807.06
1866.07 , 807.56
1885.79 , 811.31
1904.24 , 817.55
1920.63 , 829.63
1930.03 , 846.98
1924.76 , 865.55
1905.49 , 870.31
1884.41 , 871.31
1862.99 , 871.56
1842.29 , 869.81
1822.09 , 867.05
1802.94 , 862.03
1781.87 , 861.06
1760.57 , 860.58
1460.27 , 826.62
1443.54 , 813.16
1425.39 , 803.7
1405.26 , 798.92
1384.34 , 795.95
1362.66 , 794.45
1341.37 , 796.68
1321.64 , 802.17
1303.09 , 810.45
1285.34 , 820.95
1268.09 , 832.7
1286.39 , 841.74
1305.29 , 848.91
1325.86 , 852.71
1347.51 , 854.2
1369.66 , 853.7
1391.21 , 851.95
1412.76 , 850.2
1434.19 , 848.17
1454.89 , 844.7
1778.45 , 710.06
1790.36 , 689.88
1809.3 , 674.43
1830.38 , 664.88
1852.5 , 658.04
1875.3 , 652.47
1899.03 , 648.82
1924.15 , 648.06
1949.4 , 648.56
1972.05 , 654.41
1990.27 , 671.86
1975.12 , 690.62
1953.1 , 697.54
1929.68 , 701.8
1906.4 , 706.35
1883.95 , 712.56
1861.18 , 718.31
1838.33 , 723.82
1815.25 , 728.81
1790.55 , 730.2
1556.94 , 660.37
1514.52 , 634.63
1468.72 , 618.35
1420.79 , 606.1
1369.77 , 600.34
1317.47 , 597.53
1266.02 , 602.32
1220.42 , 619.09
1177.74 , 644.25
1137.13 , 675.15
1115.14 , 719.1
1155.64 , 688.85
1199.99 , 668.09
1249.04 , 658.38
1301.41 , 660.85
1352.79 , 665.82
1402.84 , 673.6
1450.92 , 685.6
1499.67 , 696.1
1548.97 , 705.36
