2741472043_1
867.5 , 1142.01
879.97 , 1172.83
893.07 , 1203.32
906.25 , 1238.11
917.68 , 1270.17
931.91 , 1302.33
947.37 , 1334.17
964.26 , 1365.63
979.99 , 1394.42
998.47 , 1425.99
1018.25 , 1453.84
1041.16 , 1478.38
1061.2 , 1509.61
1080.09 , 1537.42
1104.83 , 1563.8
1133.81 , 1581.22
1161.13 , 1601.64
1196.96 , 1603
1229.3 , 1598.41
1265.24 , 1590.74
1298.27 , 1578.11
1329.62 , 1563.4
1361.97 , 1550.89
1393.71 , 1535.46
1424.02 , 1517.53
1452.27 , 1496.35
1476.13 , 1471.93
1496.16 , 1443.74
1514.01 , 1413.92
1533.67 , 1386.11
1555.62 , 1358.66
1574.57 , 1330.31
1589.23 , 1295.99
1597.56 , 1262.93
1604.18 , 1230.31
1609.92 , 1196.03
1614.35 , 1161.44
1617.59 , 1123.69
1617.19 , 1089.76
1615.95 , 1055.57
1614.5 , 1018.64
1033.37 , 1040.72
1025.38 , 1071.53
1015.1 , 1100.35
1007.71 , 1130.15
1012.92 , 1162.26
1028.18 , 1189.03
1058.52 , 1204.24
1090 , 1211.74
1118.39 , 1199.89
1149.1 , 1187.3
1177.01 , 1175.63
1204.64 , 1157.85
1214.55 , 1130.4
1209 , 1096.49
1193.89 , 1068.64
1174.01 , 1042.94
1149.36 , 1022.2
1006.28 , 1288.24
1031.08 , 1265.48
1060.83 , 1256.24
1092.5 , 1250.74
1125.98 , 1248.99
1159.36 , 1246.99
1190.63 , 1240.75
1221.48 , 1233.48
1254.01 , 1229.74
1287.61 , 1228.24
1321.2 , 1229.74
1352.63 , 1235.77
1372.93 , 1261.09
1363.53 , 1290.74
1351.44 , 1319.37
1330.65 , 1344.89
1304.95 , 1365.24
1277.95 , 1381.8
1249.9 , 1395.86
1221.2 , 1407.81
1191.58 , 1417.24
1160.51 , 1423.99
1126.65 , 1423.02
1096.68 , 1414.15
1069.71 , 1397.41
1048.75 , 1371.97
1032.37 , 1344.87
1015.52 , 1317.97
1044.28 , 1299.49
1068.28 , 1294.49
1092.43 , 1289.75
1117.58 , 1286.99
1143.31 , 1285.49
1167.58 , 1281
1191.73 , 1276.24
1216.76 , 1273.24
1240.9 , 1268.5
1264.83 , 1263.25
1289.73 , 1259.99
1314.36 , 1256.24
1340.7 , 1256.49
1364.19 , 1262.35
1345.83 , 1281.18
1326.2 , 1297.33
1306.11 , 1312.2
1285.01 , 1324.25
1262.55 , 1332.48
1239.7 , 1339.72
1216.7 , 1346.74
1192.88 , 1352.25
1168.61 , 1356.74
1142.98 , 1358.49
1117.01 , 1357.49
1092.61 , 1353.27
1073.08 , 1336.82
1064.29 , 1314.55
1215.1 , 949.62
1220.6 , 935.62
1231.1 , 923.37
1243.27 , 912.7
1256.12 , 903.85
1269.92 , 897.56
1284.9 , 894.08
1301.38 , 894.12
1316.67 , 896.94
1331.6 , 900.62
1345.67 , 905.94
1349.98 , 918.87
1336.17 , 925.05
1321.75 , 929.65
1306.75 , 933.15
1291.55 , 936.14
1276.67 , 939.85
1261.35 , 942.62
1246 , 945.37
1230.42 , 947.62
1019.42 , 975.41
1016.09 , 964.97
1006.42 , 958.89
996.14 , 954.4
985.1 , 951.66
973.45 , 950.15
961.95 , 951.89
951.17 , 955.17
941.02 , 960.09
931.89 , 967.72
924.25 , 976.85
919.97 , 987.15
930.3 , 990.92
941.57 , 993.14
953.8 , 993.4
965.45 , 991.9
977.07 , 990.41
988.35 , 988.13
998.89 , 984.47
1009.3 , 980.34
1149 , 842.39
1166.33 , 823.31
1186.47 , 808.9
1208.38 , 799.39
1231 , 791.89
1254.7 , 786.41
1279.35 , 782.9
1305.22 , 781.89
1329.78 , 785.64
1352.25 , 793.64
1371.53 , 810.42
1354.6 , 819.74
1331.88 , 812.39
1306.83 , 811.07
1283.25 , 816.89
1259.65 , 822.67
1236.3 , 828.85
1213.55 , 836.1
1191.92 , 846.65
1169.8 , 854.92
1019.03 , 873.2
1005.25 , 866.95
991.55 , 860.46
977.25 , 855.67
961.55 , 853.68
945 , 853.43
929.07 , 854.94
914.87 , 859.93
901.57 , 867.56
889.6 , 878.78
882.97 , 892.43
898.14 , 890.2
912.89 , 886.16
929.07 , 885.18
944.89 , 886.93
960.35 , 889.43
975.7 , 892.18
991.27 , 894.43
1007.8 , 894.18
1021.64 , 888
