2743458765_1
410.9 , 452.18
415.4 , 467.28
420.53 , 482.23
425.21 , 498.44
431.06 , 513.98
437.36 , 529.26
443.81 , 544.3
449.92 , 559.61
455.47 , 575.04
460.86 , 590.87
466.15 , 607.27
471.35 , 622.24
480.17 , 637.62
490.28 , 649.71
502.73 , 661.81
515.12 , 672.1
528.2 , 681.5
541.87 , 689.87
557.84 , 697.33
572.86 , 701.38
589.85 , 702.71
606.72 , 701.18
621.96 , 698.7
637.66 , 694.16
652.85 , 685.11
666.29 , 675.7
678.29 , 664.87
688.54 , 652.14
698.25 , 638.84
708.45 , 625.13
717.07 , 611.37
725.53 , 595.98
731.5 , 581.93
736.8 , 565.43
740.31 , 549.78
742.93 , 532.7
745.02 , 517
747.91 , 499.82
752.18 , 484.43
759.13 , 469.38
767.18 , 454.24
550.05 , 396.6
548.8 , 414.33
545.23 , 433.9
540.33 , 452.2
536.07 , 469.97
540.82 , 487.91
555.45 , 498.66
573.5 , 503.51
591.99 , 506.01
611.27 , 502.25
628.94 , 495.1
645.33 , 486.62
653.98 , 469.88
650.2 , 452.4
641.19 , 434.51
637.73 , 417.24
634.19 , 397.25
503.55 , 537.72
517.4 , 531.23
533.17 , 528.97
549.67 , 528.22
566.27 , 528.72
581.8 , 531.47
598.2 , 532.47
614.33 , 530.97
630.45 , 529.47
647.08 , 528.97
663.1 , 530.71
678.03 , 534.71
691.26 , 542.91
686.06 , 557.2
676.52 , 569.99
664.48 , 581.54
651.55 , 590.72
638.03 , 598.23
624.05 , 604.47
609.28 , 608.72
593.4 , 610.72
577.12 , 609.47
561.95 , 605.97
547.9 , 599.98
534.7 , 591.61
523.33 , 579.5
513.98 , 566.67
507.02 , 552.89
507.3 , 541.72
520.7 , 539.48
534.83 , 538.72
548.48 , 540.47
562.12 , 542.22
575.3 , 544.97
588.58 , 547.47
602.35 , 545.97
616.23 , 544.72
629.77 , 542.72
643.52 , 541.22
657.67 , 540.47
671.33 , 542.22
684.58 , 544.71
676.38 , 555.42
664.98 , 562.48
653.08 , 568.2
641.02 , 573.49
628.9 , 578.44
616.53 , 582.72
603.58 , 585.97
589.33 , 586.47
575.67 , 584.71
562.73 , 581.49
550.65 , 576.31
538.92 , 570.09
528.08 , 561.49
517.78 , 551.45
644.44 , 377.43
650.47 , 373.4
656.64 , 369.72
663.14 , 366.92
670.12 , 365.16
677.44 , 364.18
685.24 , 364.18
692.44 , 365.43
699.27 , 367.46
705.72 , 370.44
711.58 , 375.04
707.92 , 380.95
701.29 , 383.43
694.32 , 385.17
687.02 , 386.18
679.32 , 385.92
672.12 , 384.69
665.44 , 382.43
658.62 , 380.43
651.64 , 378.68
535.03 , 371.12
529.79 , 367.14
524.09 , 364.45
518.46 , 361.56
512.31 , 360.02
505.64 , 359.52
498.96 , 360.03
492.66 , 361.27
486.99 , 363.96
481.49 , 367.18
477.16 , 372.27
482.56 , 375.68
488.29 , 378.3
494.61 , 379.53
501.29 , 380.02
507.96 , 380.52
514.63 , 380.02
520.94 , 378.76
527.36 , 377.76
533.81 , 376.75
627.28 , 333.49
638.05 , 323.23
650.86 , 318.72
664.7 , 316.22
679.13 , 314.99
694.18 , 314.99
708.98 , 315.49
723.43 , 316.76
736.68 , 320.39
748.56 , 327.5
758.02 , 338.41
745.43 , 339.64
732.55 , 335.23
718.73 , 332.74
704.05 , 331.99
689.68 , 333.34
676.13 , 336.46
662.45 , 339.31
649.2 , 343
635.33 , 345.08
547.4 , 333.2
538.55 , 325.61
528.38 , 321.93
518.1 , 318.45
506.95 , 316.7
495.17 , 316.2
483.27 , 316.45
471.88 , 317.7
460.72 , 319.42
450.17 , 322.46
440.15 , 326.45
449.3 , 333.1
460.9 , 333.95
472.42 , 332.95
484.42 , 332.95
495.82 , 334.2
507.12 , 335.7
518.02 , 337.98
528.95 , 340.19
540.23 , 341.69
