2743945084_1
387.7 , 448.15
388.84 , 462.12
390.97 , 476.44
395.37 , 490.92
402.3 , 505.25
409.98 , 516.57
418.06 , 529.33
426.95 , 541.16
435.49 , 553.21
445.51 , 565.05
455.3 , 575.2
465.32 , 587.51
474.81 , 598.63
485.74 , 609.75
495.51 , 620.18
507.59 , 628.39
520.89 , 634.63
535.66 , 637.39
550.76 , 637.16
566.03 , 634.53
578.77 , 629.51
592.36 , 623.44
606.52 , 615.63
618.41 , 607
630.09 , 598.13
641.29 , 588.73
652.43 , 578.54
663.9 , 568.43
675.44 , 558.6
685.26 , 549.27
695.37 , 538.04
705.52 , 525.68
714.26 , 514.91
720.83 , 501.42
725.2 , 486.59
724.96 , 471.9
723.81 , 456.54
723.25 , 441.68
723.32 , 428.08
723.31 , 412.66
722 , 396.93
438.65 , 412.94
435.57 , 425.62
432.26 , 440.71
430.51 , 454.52
432.25 , 468.54
439.94 , 479.24
452.22 , 487.64
466.52 , 491.24
479.24 , 488.92
493.27 , 483.74
506.4 , 479.95
514.31 , 467.04
516.44 , 453.55
510.55 , 441.35
503.24 , 427.85
498.22 , 414.75
492.15 , 401.44
448.81 , 529.46
456.19 , 523.55
464.33 , 519.45
473.04 , 521.94
482.61 , 521.21
491.34 , 518.7
501.26 , 518.71
510.71 , 519.71
520.16 , 520.71
529.86 , 521.21
539.53 , 521.71
549.24 , 522.21
559.06 , 522.46
561.91 , 530.36
554.99 , 537.25
547.34 , 542.45
539.49 , 547.21
531.66 , 551.9
523.74 , 556.46
515.71 , 560.8
507.24 , 563.7
498.13 , 565.46
488.34 , 565.72
479.69 , 563.08
471.86 , 558.26
465.56 , 550.96
460.93 , 543.11
456.31 , 535.21
456.56 , 535.46
463.51 , 536.96
471.11 , 537.21
478.56 , 537.71
486.16 , 537.46
493.74 , 537.21
500.96 , 536.21
508.06 , 534.96
515.16 , 533.71
522.63 , 533.21
529.86 , 532.21
536.96 , 530.96
543.84 , 529.21
550.71 , 527.43
557.31 , 525.21
550.81 , 527.71
543.96 , 529.46
537.09 , 531.21
529.99 , 532.47
522.86 , 533.71
515.41 , 534.21
508.06 , 534.96
501.34 , 536.96
493.76 , 537.21
486.28 , 537.71
478.59 , 537.71
470.86 , 537.71
463.41 , 537.2
508.16 , 368.44
511.21 , 361.39
514.25 , 354.31
519.21 , 347.93
525.94 , 343.92
533.13 , 341.19
541.04 , 339.94
549.44 , 339.69
557.44 , 340.71
565.01 , 342.66
572 , 346.01
576.91 , 352.44
570.69 , 357.91
563.81 , 361.53
556.31 , 363.72
548.76 , 365.71
540.61 , 366.44
532.36 , 366.94
523.96 , 367.19
515.56 , 366.94
440.99 , 380.97
439.93 , 375.5
438.91 , 369.84
434.45 , 366.54
428.68 , 365.77
422.68 , 366.02
416.91 , 366.77
411.63 , 368.54
406.55 , 370.77
401.76 , 373.93
398.36 , 378.6
396.43 , 383.77
398.92 , 388.74
403.98 , 391.04
409.73 , 391.76
415.4 , 390.79
420.93 , 389.52
426.38 , 388.06
431.88 , 386.81
437.33 , 385.36
478.94 , 335.13
481.77 , 322.63
493.17 , 316.9
504.62 , 311.39
516.37 , 306.94
528.82 , 303.76
542.19 , 302.63
555.79 , 302.88
569.39 , 303.59
582.47 , 305.38
594.67 , 308.89
590.26 , 316.13
576.69 , 315.38
563.12 , 314.63
549.41 , 315.13
537.14 , 318.67
525.97 , 324.86
514.69 , 330.88
503.16 , 336.14
490.76 , 338.95
430.13 , 354.23
428.18 , 347.31
421.98 , 343.09
415.2 , 340.56
408.12 , 338.62
400.95 , 336.85
393.4 , 335.85
385.5 , 335.6
378.07 , 336.85
371.52 , 340.08
367.49 , 346.18
365.75 , 353.35
371.35 , 357.35
377.55 , 353.1
385.4 , 353
393 , 353.85
400.65 , 354.61
408.3 , 355.35
416.07 , 355.85
423.75 , 356.6
