2744427984_1
416.75 , 725.09
421.23 , 757.83
432.97 , 791.84
444.54 , 825.44
461.71 , 857.37
471.68 , 889.6
480.12 , 925.35
491.81 , 958.21
505.56 , 988.44
524.15 , 1019.51
543.7 , 1049.95
562.97 , 1077.62
587.31 , 1107.47
610.65 , 1132.53
637.88 , 1156.8
664.35 , 1178.83
692.68 , 1198.19
724.74 , 1215.61
755.06 , 1228.75
792.72 , 1235.12
826.9 , 1235.98
863.55 , 1232.66
895.04 , 1224.26
928.54 , 1212.33
963.19 , 1198.09
992.83 , 1182.91
1024.13 , 1166.47
1053.08 , 1145.75
1079.66 , 1120.29
1102.16 , 1094.56
1124.25 , 1068
1147.11 , 1039.26
1166.63 , 1009.15
1181.06 , 976.43
1191.99 , 942.43
1201.15 , 909.06
1208.17 , 875.07
1209.41 , 841.68
1210.44 , 804.67
1217.75 , 770.86
1226.43 , 733.95
759.4 , 748.93
745.69 , 777.27
729.43 , 802.39
712.75 , 833.17
709.2 , 864.88
719.5 , 894.85
749.62 , 902.5
779.71 , 902.33
813.64 , 902.8
845.05 , 904.23
878.57 , 903.27
908.5 , 893.49
924.52 , 867.09
919.05 , 833.8
903 , 808.16
887.33 , 778.97
876.98 , 747.23
669.39 , 1017.12
689.54 , 1010.35
711.69 , 1007.37
733.12 , 1002.87
754.19 , 997.63
775.99 , 993.88
798.97 , 995.12
821.72 , 993.37
843.37 , 989.37
865.76 , 986.87
887.01 , 991.74
907.59 , 997.85
928.09 , 1004.1
947.69 , 1012.63
948.27 , 1034.96
930.07 , 1047.38
910.72 , 1056.86
890.94 , 1064.83
870.94 , 1072.08
850.62 , 1078.61
828.59 , 1081.87
806.09 , 1079.63
784.89 , 1074.62
764.51 , 1068.15
744.96 , 1059.43
725.87 , 1049.34
707.24 , 1038.19
688.56 , 1027.02
690.39 , 1023.62
709.06 , 1024.62
726.99 , 1027.12
744.34 , 1030.87
762.16 , 1033.62
780.01 , 1036.37
799.04 , 1036.62
817.37 , 1038.37
836.39 , 1038.12
854.34 , 1035.62
872.16 , 1032.87
889.99 , 1030.13
907.37 , 1026.39
924.69 , 1022.6
942.03 , 1020.35
924.69 , 1024.1
906.97 , 1027.09
889.64 , 1030.87
872.64 , 1035.37
854.19 , 1036.87
835.89 , 1038.62
816.96 , 1039.12
798.16 , 1038.37
779.99 , 1036.37
761.19 , 1035.61
743.59 , 1032.38
726.91 , 1027.37
708.71 , 1025.37
930.97 , 618.14
941.38 , 603.72
952.92 , 589.69
966.45 , 576.67
980.89 , 566.2
996.5 , 558.9
1013.1 , 554.11
1031.55 , 553.14
1049.5 , 555.14
1065.67 , 560.63
1079.87 , 571.77
1086.95 , 587.42
1071.69 , 595.67
1056.3 , 603.63
1040.12 , 609.13
1022.05 , 610.89
1003.25 , 611.14
984.55 , 611.64
965.87 , 612.12
949.55 , 617.41
677.4 , 608.9
668.84 , 596.4
658.56 , 584.63
645.99 , 576.28
632.62 , 569.91
617.76 , 567.03
601.89 , 566.28
586.26 , 567.52
571.84 , 571.25
558.51 , 577.78
546.24 , 587.03
551 , 600.88
562.41 , 612.23
575.79 , 618.55
590.47 , 621.78
605.87 , 623.53
621.84 , 624.03
637.84 , 623.53
653.62 , 622.53
668.99 , 620.78
906.6 , 533.99
910.13 , 509.23
931.02 , 496.55
952.9 , 486.46
975.08 , 477.5
997.83 , 470.01
1022.83 , 466.99
1047.38 , 470.49
1071.72 , 474.87
1096.6 , 478.24
1120.03 , 484.5
1128.48 , 501.49
1102.35 , 502.24
1075.97 , 501.99
1049.85 , 502.74
1024.33 , 504.74
999.55 , 508.26
975.6 , 513.49
953.62 , 523.22
931.92 , 533.92
710.25 , 532.83
706.08 , 511.25
684.17 , 496.82
660.73 , 486.58
636.23 , 479.05
609.58 , 475.8
581.95 , 475.06
555.45 , 478.53
531.35 , 486.81
509.93 , 502.75
494.16 , 524.23
485.15 , 548.05
508.55 , 538.81
530.52 , 524.56
553.88 , 514.07
580.27 , 510.33
607.9 , 511.05
633.67 , 516.05
659 , 522.15
683.85 , 529.06
