2748125978_1
418.4 , 1522.54
424.8 , 1584.98
433.26 , 1652.85
452.91 , 1713.3
473.92 , 1772.04
498.4 , 1838.53
524.42 , 1899.98
554.31 , 1955.2
585.65 , 2014.33
625.31 , 2069.82
663.46 , 2122.29
711.26 , 2166.38
764.94 , 2201.98
822.49 , 2240.48
878.61 , 2270.9
942.24 , 2290.82
1002.68 , 2308.96
1069.25 , 2327.31
1130.55 , 2332.46
1199.79 , 2323.94
1261.93 , 2306.27
1324.92 , 2282.93
1385.23 , 2256.8
1446.93 , 2230.37
1502.51 , 2209.58
1568.42 , 2182.39
1626.59 , 2155.46
1685.44 , 2125.22
1736.63 , 2085.64
1785.04 , 2039.92
1830.86 , 1994.06
1872.85 , 1939.88
1902.41 , 1881.23
1917.28 , 1818.05
1925.51 , 1756.3
1936.24 , 1690.05
1946.2 , 1623.48
1956.02 , 1555.67
1965.02 , 1490.6
1973.77 , 1425.26
1983 , 1359
841.38 , 1351.43
814.65 , 1397.68
796.1 , 1448.29
802.48 , 1496.82
841.76 , 1536.06
889.6 , 1557.09
941.35 , 1555.79
996.36 , 1551.22
1050.17 , 1546.13
1103.67 , 1539.71
1158.65 , 1531.45
1212.18 , 1517.61
1252.18 , 1485.1
1266.56 , 1433.57
1259.76 , 1380.9
1229.34 , 1336.11
1191.61 , 1295.26
784.17 , 1845.17
817.23 , 1803.12
857.47 , 1764.87
900.87 , 1735.69
947 , 1713.61
995.75 , 1698.69
1049.47 , 1693.68
1100.17 , 1682.42
1149.32 , 1668.15
1202.32 , 1661.7
1256.87 , 1664.42
1310.35 , 1669.89
1363.44 , 1676.17
1415.95 , 1683.67
1458.44 , 1707.64
1418.14 , 1745.68
1374.02 , 1772.91
1328.3 , 1796.29
1281.95 , 1817.66
1235.14 , 1837.41
1187.74 , 1855.4
1138.59 , 1869.66
1087.34 , 1879.69
1036.49 , 1890.6
984.5 , 1899.17
929.34 , 1897.17
877.07 , 1889.19
826.47 , 1877.73
838.42 , 1821.67
883.72 , 1815.93
924.27 , 1800.45
965 , 1785.42
1009.29 , 1777.67
1054.47 , 1771.67
1098.39 , 1763.17
1141.67 , 1753.17
1184.47 , 1742.17
1228.89 , 1734.67
1275.05 , 1730.67
1321.17 , 1726.67
1366.69 , 1721.42
1411.49 , 1714.67
1454.86 , 1705.17
1409.57 , 1710.92
1364.89 , 1717.92
1319.62 , 1723.67
1273.24 , 1727.17
1226.99 , 1730.92
1183.39 , 1740.17
1140.74 , 1751.43
1097.14 , 1760.67
1052.72 , 1768.17
1007.92 , 1774.92
963.12 , 1781.66
920.92 , 1793.67
878.72 , 1805.69
1240.45 , 1022.38
1266.33 , 1005.79
1291.83 , 988.13
1316.53 , 968.08
1342.45 , 951.63
1369.85 , 938.97
1398.48 , 929.86
1429.48 , 925.38
1462.05 , 926.13
1491.43 , 933.87
1517.83 , 949.14
1515.95 , 978.88
1487.7 , 988.88
1458.18 , 996.4
1428.33 , 1003.41
1397.45 , 1008.13
1365.38 , 1010.38
1332.35 , 1010.73
1301.78 , 1016.06
1272.68 , 1024.38
770.7 , 1068.52
747.05 , 1052.25
722.4 , 1038.78
696.6 , 1028.52
667.98 , 1024.76
638.78 , 1027.84
611.9 , 1035.49
585.93 , 1045.21
560.92 , 1057.94
540.15 , 1079.94
527.1 , 1104.77
548.92 , 1126.11
577.35 , 1130.77
606.23 , 1126.99
634.92 , 1122.95
663.33 , 1118.27
691.2 , 1112.53
718.5 , 1105.55
746.05 , 1099.02
774.3 , 1094.04
1107.54 , 783.24
1151.64 , 741.14
1201.01 , 713.5
1255.76 , 699.01
1312.69 , 689.25
1370.46 , 681.24
1429.71 , 676.31
1491.21 , 675.99
1549.94 , 682
1603.21 , 698.76
1650.87 , 731.04
1621.54 , 769.24
1564.79 , 759.24
1503.62 , 759.25
1445.01 , 765.51
1385.79 , 770.49
1326.69 , 775.74
1267.69 , 781.24
1210.04 , 789.49
1157.91 , 808.49
764.28 , 848.57
746.37 , 811.27
704.93 , 803.04
661.5 , 798.79
617.95 , 802.79
575.5 , 809.03
535.68 , 820.51
497.53 , 835.79
460.3 , 854.28
425.26 , 878.32
394.03 , 910.79
416.22 , 946.5
454.61 , 932.06
494 , 919.79
535.03 , 910.54
576.75 , 902.79
619.68 , 897.54
664.93 , 897.04
708.83 , 893.79
751.28 , 887.54
