2749039135_1
545.79 , 904.95
544.06 , 949.22
544.49 , 992.44
549.36 , 1039.46
557.42 , 1081.78
567.16 , 1128.34
575.23 , 1171.24
586.03 , 1218.33
600.95 , 1258.8
622.3 , 1298.47
649.64 , 1336.24
683 , 1363.94
725.98 , 1381.3
770.78 , 1383.68
816.66 , 1378.78
860.97 , 1369.58
907.5 , 1358.65
950.16 , 1347.87
995.8 , 1338.21
1037.54 , 1330.24
1083.58 , 1324.09
1128.86 , 1313.92
1172.81 , 1298.24
1212.15 , 1282.4
1256.96 , 1268
1301.6 , 1259.83
1345.04 , 1253.99
1391.95 , 1244.49
1435.46 , 1229.77
1473.96 , 1208.39
1505.84 , 1177.96
1530.87 , 1139.27
1553.02 , 1098.35
1566.04 , 1058.66
1571.17 , 1011.26
1571.7 , 963.88
1568.8 , 920.61
1561.43 , 877.21
1550.47 , 829.62
1535.74 , 787.21
1518.29 , 744.45
815.6 , 722.63
805.16 , 751.16
792.37 , 782.29
785.79 , 815.67
790.68 , 850.88
817.61 , 866.61
848.9 , 856.01
880.1 , 843.58
913.42 , 838.72
947.47 , 837.5
981.62 , 839.12
1015.78 , 840.85
1047.26 , 836.3
1062.94 , 808.83
1053.95 , 775.54
1034.61 , 746.63
1018.37 , 716.26
733.5 , 1099.49
744.47 , 1064.59
760.12 , 1031.34
784.45 , 1001.3
815.42 , 979.5
848.85 , 964.46
884.92 , 955.47
922.38 , 949.49
958.58 , 940.75
998.83 , 940.49
1035.22 , 948.75
1071.3 , 957.76
1106.12 , 968.86
1139.75 , 983.24
1172.1 , 1001.25
1198.83 , 1029.73
1168.65 , 1053.75
1134.78 , 1067.25
1099.72 , 1078
1064.97 , 1089.25
1030.05 , 1100.2
994.6 , 1110.21
957.4 , 1116.72
919.55 , 1121.99
881.38 , 1126.49
841.6 , 1127.74
801.95 , 1126.25
765 , 1119.24
772.5 , 1104.99
788.3 , 1079.41
808.03 , 1055.19
831.55 , 1033.44
857 , 1017.24
884.42 , 1006.52
913.25 , 998.74
942.5 , 991.74
972.35 , 986.14
1004.52 , 985.24
1036 , 987.49
1066.3 , 992.23
1095.25 , 999.74
1123.35 , 1008.77
1151 , 1018.74
1164.73 , 1040.24
1135.65 , 1047.47
1104.65 , 1050.74
1072.17 , 1050.99
1040.08 , 1051.99
1008.23 , 1053.49
976.85 , 1055.99
946.45 , 1060.49
916.55 , 1065.99
887.2 , 1072.73
858.35 , 1080.48
831.1 , 1091.64
803.27 , 1101.24
1066.89 , 642.03
1074.8 , 627.86
1086.22 , 614.96
1099.74 , 605.18
1114.27 , 598.16
1129.49 , 593.18
1145.74 , 590.18
1163.02 , 590.78
1179.42 , 593.54
1194.27 , 599.53
1208.26 , 607.91
1216.09 , 621.01
1201.02 , 626.4
1184.72 , 629.25
1168.09 , 631.52
1151.72 , 634.28
1134.84 , 636.03
1117.74 , 637.28
1100.99 , 639.28
1084.24 , 641.28
775.75 , 679.39
772.95 , 665.5
761.07 , 657.34
747.34 , 653.69
732.77 , 655.48
719.29 , 659.5
706.57 , 665.47
694.44 , 672.97
683.26 , 683.14
673.99 , 694.67
666.75 , 706.89
660.44 , 719.47
674.77 , 721.47
689.34 , 719.71
702.97 , 715.96
716.07 , 711.19
729.12 , 706.29
742.42 , 701.99
755.62 , 697.54
768.29 , 691.38
1001.5 , 493.41
1010.14 , 457.51
1035.32 , 428.07
1070.62 , 418.29
1109.38 , 420.66
1145.78 , 428.15
1181.25 , 437.66
1215.45 , 449.43
1249.35 , 462.01
1281.72 , 479.14
1311.5 , 503.41
1321.75 , 533.91
1287.1 , 523
1254.35 , 506.63
1220.95 , 492.64
1186.62 , 481.17
1149.88 , 474.41
1110.08 , 473.91
1070.67 , 472.73
1036.55 , 484.68
827 , 539.64
817.71 , 514.36
794.56 , 491.94
766.9 , 481.63
735.23 , 483.63
707.71 , 494.14
681.88 , 509.5
657.73 , 529.63
634 , 550.85
611.83 , 574.25
594.72 , 599.43
584.73 , 627.13
611.38 , 614.89
636.78 , 598.35
661.38 , 579.5
686.36 , 561.73
712.81 , 547.87
740 , 536.36
768.15 , 527.41
799.33 , 529.41
