2755672817_1
320.12 , 417.39
319.05 , 431.28
318.53 , 447.55
318.25 , 461.86
318.04 , 477.71
319.6 , 492.65
320.46 , 507.56
321.06 , 522.52
322.22 , 537.71
324.39 , 552.38
327.7 , 566.75
334.73 , 580.54
342.98 , 594.08
350.96 , 606.26
360.03 , 617.68
371.22 , 629
384.55 , 636.47
397.96 , 642.42
411.39 , 648
425.98 , 650.39
441.95 , 649.54
457.54 , 649.62
472.15 , 647.9
486.63 , 644.03
500.97 , 640.38
515.24 , 634.47
529.17 , 629.2
542.73 , 622.61
555.14 , 612.6
566.71 , 603.28
578.9 , 593.84
589.72 , 584.87
600.45 , 573.67
608.8 , 561.57
614.79 , 546.77
618.32 , 532.11
619.6 , 516.94
620.44 , 502.44
622.93 , 486.9
626.1 , 472.23
629.44 , 457.19
458.51 , 426.12
448.81 , 431.59
440.75 , 439.5
439.6 , 451.27
445.02 , 461.26
453.66 , 469.37
463.69 , 475.17
474.75 , 479.5
486.13 , 482.43
498.12 , 481.3
508.5 , 478.77
520.5 , 474.38
530.29 , 469.91
538.21 , 461.16
535.07 , 450.68
527.3 , 441.35
518.06 , 432.98
402.5 , 512.24
412.35 , 507.96
422.95 , 505.23
433.65 , 502.75
444.73 , 500.99
455.93 , 499.49
467.6 , 499.99
478.77 , 501.49
490.7 , 501.49
502.38 , 500.99
513.2 , 503.25
523.1 , 507.58
532.2 , 514.18
541.09 , 521.31
536 , 530.49
526.33 , 535.47
516.85 , 540.98
507.27 , 546.23
497.45 , 550.78
487.32 , 554.49
476.38 , 556.49
464.6 , 556.77
453.88 , 554.26
443.8 , 550.53
434.15 , 545.39
425.2 , 538.44
416.77 , 530.01
408.72 , 521.47
408 , 515.49
416.62 , 512.96
426.52 , 512.99
436.32 , 512.74
445.75 , 513.74
454.62 , 515.86
463.88 , 517.27
473.77 , 517.24
483.55 , 517.49
493.48 , 517.49
503.25 , 517.24
512.9 , 517.74
522.1 , 519.25
530.68 , 521.92
530.63 , 530.12
522.58 , 534.26
514.23 , 537.49
505.05 , 538.99
495.38 , 539.49
485.7 , 539.99
475.93 , 540.26
466.6 , 539.09
457.48 , 537.47
448.5 , 535.49
439.73 , 533.22
431.48 , 529.72
423.1 , 526.58
415.02 , 522.52
525.37 , 384.03
528.62 , 380.28
532.8 , 378.1
537.17 , 376.53
541.82 , 375.53
546.6 , 374.78
551.37 , 374.03
556.37 , 373.78
560.77 , 375.31
564.99 , 377.29
568.87 , 380.28
568.62 , 385.28
564.5 , 387.56
559.37 , 387.53
554.6 , 386.78
549.82 , 386.03
544.67 , 386.03
539.67 , 386.28
534.64 , 386.03
529.87 , 385.28
434.79 , 374.27
433.09 , 370.18
429.63 , 366.95
425.8 , 364.61
421.77 , 362.86
417.68 , 361.36
412.95 , 361.1
408.48 , 361.85
404.1 , 362.83
400 , 364.35
396.25 , 366.68
394.25 , 370.6
398.18 , 372.59
402.3 , 374.09
406.77 , 374.85
411.38 , 375.35
416.1 , 375.6
420.82 , 375.35
425.65 , 375.35
430.5 , 375.35
529.5 , 362.43
533.75 , 354.93
541.12 , 350.3
549.15 , 347.41
558.2 , 346.68
567.12 , 347.68
575.7 , 349.44
583.62 , 352.55
591.48 , 355.92
598.92 , 360.37
605.8 , 366.48
606.47 , 375.18
597.12 , 375.05
589.35 , 371.53
581.38 , 368.55
573.25 , 365.93
564.77 , 363.93
556.33 , 361.94
547.62 , 363.43
538.33 , 363.68
457.33 , 349.03
454.48 , 338.74
444.3 , 333.55
433.33 , 330.52
421.7 , 328.78
409.58 , 328.03
397.73 , 329.32
386.83 , 332.5
376.4 , 336.91
366.25 , 342.06
357.22 , 350.33
354.03 , 361.28
366.13 , 361.8
376.5 , 357.27
386.8 , 352.54
397.83 , 349.51
409.58 , 348.03
421.83 , 347.53
433.83 , 348.53
445.45 , 350.3
