130893906_1
388.19 , 211.45
389.68 , 229.64
390.66 , 247.56
394.58 , 266.05
400.02 , 285.56
406.82 , 302.79
414.56 , 319.46
423.74 , 336.9
434.32 , 353.59
444.07 , 369.54
453.16 , 384.93
463.22 , 401.5
474.09 , 417.06
485.94 , 432.15
496.7 , 446.96
509.1 , 460.91
521.2 , 477.22
535.03 , 490.41
551.08 , 501.16
566.45 , 508.87
585.64 , 516.7
602.67 , 524.59
620.35 , 528.64
638.95 , 526.14
657.64 , 522.68
675.93 , 515.71
691.84 , 505.19
706.37 , 493.23
720.9 , 480.57
735.14 , 468.02
748.79 , 455.72
763.16 , 444.37
778.63 , 432.41
792.81 , 419.84
806.79 , 407.01
820.77 , 392.85
832.46 , 380
846.15 , 364.3
858.22 , 349.71
870.04 , 334.85
881.35 , 319.5
634.69 , 287.36
622.48 , 299.72
615.67 , 315.32
612.73 , 333.14
618.19 , 351.05
631.68 , 362.37
646.23 , 373.62
660.67 , 385.71
676.87 , 395.08
692.94 , 400.14
710.8 , 402.71
727.5 , 396.51
741.01 , 383.98
751.98 , 368.32
755.21 , 350.04
754.08 , 331.92
752.14 , 313.75
548.44 , 382.9
563.14 , 387.86
576.07 , 398
589.44 , 406.9
603.69 , 413.4
618.17 , 419.14
633.19 , 423.65
648.29 , 428
663.47 , 432.17
680.02 , 433.68
696.89 , 432.9
713.07 , 430.63
727.39 , 424.19
738.94 , 423.9
726.57 , 435.53
714.37 , 447.74
701.79 , 458.81
687.94 , 466.4
673.02 , 471.08
656.44 , 471.9
640.82 , 468.52
625.54 , 464.4
611.32 , 457.9
598.89 , 446.83
588.35 , 434.02
579.19 , 420.77
570.69 , 407.27
560.96 , 394.17
574.19 , 396.65
584.04 , 403.22
593.94 , 409.65
604.42 , 414.64
615.02 , 419.16
625.79 , 423.18
636.77 , 426.68
647.59 , 430.55
658.84 , 433.55
670.94 , 434.9
683.32 , 434.65
695.44 , 433.4
707.57 , 432.15
719.44 , 430.4
722.02 , 438.61
711.82 , 444.4
700.42 , 447.15
688.59 , 449
676.29 , 449.9
663.67 , 449.65
651.54 , 448.43
640.17 , 445.63
629.47 , 441.42
618.99 , 436.44
608.84 , 430.57
599.19 , 423.4
589.79 , 415.5
580.97 , 406.45
798.62 , 206.06
808.12 , 207.81
816.97 , 210.91
825.47 , 215.07
834 , 219.18
842.82 , 222.27
852.45 , 223.81
862.47 , 224.56
872.72 , 224.31
882.85 , 223.81
887.85 , 226.57
878.92 , 229.52
869.52 , 231.59
859.52 , 232.31
849.27 , 232.06
839.8 , 230.24
831.07 , 226.8
822.6 , 222.54
814.42 , 217.57
806.62 , 211.56
612.92 , 181.29
610.09 , 173.54
597.67 , 175.52
584.89 , 176.77
571.75 , 176.76
559.57 , 174.25
548 , 170.64
537.12 , 165.02
526.67 , 158.3
516.67 , 150.3
506.37 , 143.27
512.36 , 153.97
520.5 , 163.92
530.37 , 172.27
540.89 , 178.77
552.07 , 183.51
563.87 , 186.77
576.42 , 188.52
589.35 , 188.04
601.62 , 185.77
792.45 , 194.69
810.45 , 190.69
828.68 , 187.19
845.88 , 181.67
862.78 , 175.41
879.58 , 168.91
896.15 , 161.74
912.68 , 154.46
929.65 , 148.48
949.48 , 148.68
965.02 , 158.72
950.55 , 170.68
933.83 , 177.44
915.7 , 181.19
897.9 , 185.67
880.25 , 190.44
862.15 , 194.19
843.65 , 197.19
825.53 , 200.95
807.75 , 205.47
674.41 , 170.24
661.98 , 150.08
642.12 , 136.25
622.3 , 122.39
602.77 , 107.62
583.42 , 92.49
563.45 , 79.05
542.58 , 67.91
520.92 , 59.27
497.95 , 53.34
473 , 51.59
491.8 , 68.39
511.57 , 82.35
531.88 , 94.85
552.15 , 107.5
572.4 , 120.08
592.6 , 132.91
612.55 , 146.37
632.23 , 160.58
652.45 , 173.33
