2756841760_1
446.96 , 584.22
445.3 , 602.46
443.05 , 620.79
440.33 , 639.12
438.86 , 658.84
438.9 , 676.76
440.96 , 696.43
445.62 , 714.41
452.98 , 731.48
462.73 , 747.64
474.94 , 762.72
486.59 , 775.92
499.88 , 790.43
512.57 , 802.65
526.58 , 816.19
540.97 , 829.03
555.39 , 840.54
571.27 , 848.98
589.95 , 855.94
607.97 , 860.09
625.96 , 862.61
646.05 , 863.81
664.09 , 864.64
683.82 , 863.95
700.97 , 859.83
718.81 , 850.76
732.68 , 840.53
747.02 , 828.17
761.62 , 814.4
774.83 , 800.56
786.53 , 787.85
798.66 , 772.77
809.13 , 757.07
818.68 , 740.6
826.83 , 724.42
833.3 , 706.18
838.19 , 687.68
843.36 , 669.42
847.66 , 651.5
851.7 , 633.54
854.95 , 613.6
629.75 , 561.44
621.29 , 576.8
612.05 , 591.85
606.42 , 610.29
607.58 , 628.37
618.88 , 641.44
637.41 , 648.45
651.67 , 658.11
669.96 , 664.45
688.93 , 664.38
706.93 , 664.14
723.13 , 658.19
732.88 , 641.56
728.96 , 624.39
724.85 , 606.8
720.47 , 587.52
715.1 , 569.85
563.5 , 703.08
576.27 , 696.83
591.05 , 695.08
605.95 , 693.58
620.88 , 692.08
636.02 , 691.08
650.33 , 693.83
663.65 , 698.49
678.4 , 700.33
693.67 , 701.08
707.58 , 704.65
720.5 , 710.58
733.88 , 715.05
736.74 , 728.66
727.11 , 740.23
717.15 , 751.67
705.7 , 761.62
693.1 , 768.48
679.67 , 772.9
665.35 , 775.58
650.33 , 774.36
636.1 , 771.42
623.15 , 765.57
610.75 , 758.33
598.65 , 750.22
587.44 , 739.53
578.97 , 727.56
570.68 , 715.53
568.75 , 705.08
580.2 , 702.07
592.17 , 704.08
604.17 , 706.1
616.02 , 708.34
628.35 , 709.57
640.7 , 710.84
652.45 , 713.33
664.08 , 716.08
676.17 , 717.84
688.88 , 718.33
701.83 , 718.33
714.42 , 719.1
726.42 , 721.01
729.55 , 729.06
718.17 , 732.35
706.45 , 734.82
694.7 , 737.33
682.48 , 738.83
669.77 , 739.33
656.95 , 739.08
644.6 , 737.81
632.75 , 735.58
621.12 , 732.81
609.75 , 729.58
599.15 , 724.32
588.9 , 718.24
578.1 , 713.7
743.08 , 544.99
749.08 , 539.74
754.88 , 533.93
761.33 , 529.99
768.33 , 527.49
775.81 , 525.99
783.66 , 525.24
791.48 , 526
798.83 , 527.74
805.3 , 531.71
809.81 , 537.97
812.04 , 545.05
805.36 , 548.47
798.01 , 550.24
789.81 , 550.24
781.83 , 549.74
774.23 , 548.49
766.5 , 547.49
758.56 , 546.99
751.18 , 545.25
603.63 , 520.05
604.12 , 514.08
600.4 , 509.1
595.95 , 504.37
590.9 , 500.82
585.4 , 498.55
579.33 , 497.55
573.1 , 496.8
567.02 , 497.78
561.48 , 499.93
556.33 , 503.08
551.35 , 506.8
555.82 , 511.52
561.15 , 514.31
566.73 , 516.32
572.6 , 517.8
578.55 , 519.05
584.4 , 520.57
590.85 , 520.8
597.43 , 520.8
735.61 , 489.51
745.94 , 479.42
758.88 , 475.99
772.19 , 473.44
785.99 , 471.89
800.38 , 472.01
813.61 , 474.76
825.01 , 481.94
835.69 , 491.1
843.86 , 502.01
848.34 , 514.41
844.62 , 524.04
836.53 , 512.94
826.18 , 502.85
815.29 , 494.19
802.71 , 490.26
788.26 , 489.99
774.59 , 491.78
761.56 , 495.01
747.46 , 495.6
640.65 , 464.74
628.5 , 455.87
615.92 , 448.23
602.48 , 443
587.88 , 440.24
572.4 , 439.24
557.15 , 440.74
543.42 , 445.22
530.48 , 451.95
517.87 , 459.52
507.15 , 470.99
521.15 , 466.99
535.27 , 463.21
549.22 , 459.17
564.35 , 457.49
579.22 , 459.77
593.6 , 462.97
607.12 , 467.97
620.55 , 473.21
635.2 , 475.99
