2757480328_1
674.76 , 815.81
671.37 , 844.31
667.09 , 873.32
665.79 , 901.04
667.7 , 930.65
665.5 , 959.56
662.18 , 987.41
667.83 , 1017.92
675.48 , 1044.06
686.1 , 1070.15
699.76 , 1097.02
717.01 , 1120.29
739.59 , 1138.26
765.91 , 1151.43
791.39 , 1164.75
817.38 , 1177.54
844.86 , 1192.46
868.92 , 1206.93
891.34 , 1224.23
913.07 , 1245.94
934.21 , 1263.97
959.68 , 1280.02
985.77 , 1291.29
1014.44 , 1298.3
1041.51 , 1299.54
1069.97 , 1292.69
1094.93 , 1277.72
1119.72 , 1259.34
1131.24 , 1234.54
1138.48 , 1205.63
1153.13 , 1180.48
1167.2 , 1156.87
1182.49 , 1129.23
1199.24 , 1105.18
1215.62 , 1081.82
1231.21 , 1056.58
1244.93 , 1030.76
1255.86 , 1006.44
1261.49 , 977.74
1264.01 , 947.84
1263.95 , 917.25
1066.95 , 867.5
1064 , 892.06
1049.22 , 913.48
1032 , 930.55
1021.06 , 954.1
1031.13 , 977.26
1049.65 , 995.89
1073 , 1004.35
1098.39 , 1011.48
1122.79 , 1014.39
1150.05 , 1010.22
1171.67 , 1000.71
1188.8 , 980.55
1186.37 , 956
1180.41 , 928.87
1177.42 , 904.85
1174.25 , 877.64
938.64 , 1073.42
953.51 , 1067.89
969.91 , 1065.42
986.81 , 1063.92
1003.69 , 1062.42
1021.32 , 1062.42
1038.69 , 1061.92
1055.71 , 1063.17
1072.34 , 1065.17
1088.29 , 1068.66
1104.21 , 1072.16
1120.49 , 1074.91
1136.32 , 1078.65
1149.13 , 1090.14
1145.56 , 1106.02
1133.84 , 1118.73
1120.04 , 1127.43
1104.62 , 1131.92
1087.62 , 1133.17
1070.47 , 1132.16
1054.19 , 1129.44
1038.62 , 1125.18
1023.79 , 1119.45
1009.26 , 1112.7
994.89 , 1105.42
980.69 , 1097.71
966.01 , 1091.45
951.19 , 1085.68
954.89 , 1073.92
967.99 , 1077.16
981.22 , 1080.16
994.79 , 1082.41
1008.39 , 1084.67
1022.22 , 1086.41
1035.91 , 1088.42
1049.49 , 1090.7
1062.96 , 1093.2
1076.66 , 1095.18
1090.84 , 1096.17
1105.04 , 1097.17
1118.69 , 1099.21
1132.07 , 1101.89
1142.57 , 1105.99
1128.69 , 1107.67
1114.39 , 1106.92
1100.19 , 1105.92
1085.76 , 1105.42
1071.21 , 1105.66
1057.46 , 1103.74
1044.66 , 1099.94
1032.07 , 1095.85
1019.19 , 1092.19
1006.39 , 1088.42
993.57 , 1084.6
980.99 , 1080.43
967.41 , 1078.17
1162.29 , 811.05
1165.32 , 800.49
1175.04 , 795.3
1184.99 , 790.82
1195.19 , 787.06
1206.49 , 785.55
1217.89 , 786.78
1227.89 , 791.14
1237.31 , 797.08
1245.47 , 805.7
1250.07 , 815.62
1251.29 , 827.05
1242.71 , 835.36
1231.96 , 838.05
1220.57 , 836.81
1209.74 , 834.26
1199.04 , 831.55
1188.62 , 828.33
1178.34 , 824.83
1168.34 , 820.39
1038.03 , 787.33
1039.17 , 774.28
1033.9 , 763.03
1026.06 , 752.72
1015.88 , 744.56
1004.38 , 740.06
992.06 , 737.31
978.76 , 736.56
966.06 , 738.54
954.31 , 742.4
943.38 , 748.59
933.16 , 756.56
939.69 , 767.34
950.81 , 772.96
963.21 , 775.56
975.88 , 777.56
988.34 , 780.06
1000.43 , 783.32
1012.66 , 786.31
1025.09 , 788.81
1176.46 , 767.72
1184.14 , 757.8
1194.13 , 750.26
1205.06 , 745.19
1216.88 , 742.29
1229.34 , 740.72
1242.31 , 740.22
1254.56 , 742.21
1266.09 , 745.59
1277.09 , 750.34
1287.33 , 757.22
1290.84 , 767.72
1277.86 , 768.22
1265.26 , 766.96
1252.88 , 765.22
1240.26 , 763.97
1227.16 , 763.72
1214.06 , 763.47
1201.46 , 764.72
1189.09 , 766.47
1095.43 , 712.85
1077.41 , 695.82
1056.48 , 686.89
1034.34 , 680.82
1011.63 , 675.81
987.86 , 673.07
963.01 , 672.57
939.03 , 674.95
916.01 , 679.22
894.58 , 686.64
874.91 , 698.82
896.78 , 705.35
921.03 , 703.57
945.53 , 702.32
970.28 , 703.07
993.76 , 706.42
1015.71 , 712.82
1037.06 , 720.47
1058.91 , 727.07
1082.44 , 730.32
