2761037247_1
289.93 , 286.95
288.34 , 298.9
284.96 , 310.37
281.9 , 322.34
279.93 , 335.37
279.38 , 347.61
279.06 , 359.44
280.63 , 372.02
283.67 , 383.63
287.9 , 396.12
291.55 , 406.92
296.67 , 418.51
303.92 , 428.13
313.38 , 437.6
322.8 , 445.86
333.63 , 451.55
345.66 , 454.58
356.51 , 458.66
369.34 , 459.74
382.08 , 459.3
394.34 , 460.35
406.36 , 458.48
419.1 , 456.72
431.33 , 454.86
442.52 , 450.32
454.89 , 447.13
466.51 , 444.41
478.84 , 441.25
489.87 , 438.25
501.75 , 431.89
512.2 , 425.31
522.91 , 419.26
533.56 , 413.43
543.88 , 406.9
552.56 , 398.42
555.96 , 386.23
558.24 , 373.44
557.99 , 361.43
557 , 349.18
557.54 , 336.74
558.06 , 323.81
390.89 , 293.75
382.52 , 297.25
375.42 , 304.81
373.21 , 314.6
374.77 , 323.88
380.81 , 332.67
389.82 , 335.54
399.04 , 338.73
409.27 , 342.34
418.31 , 343.8
429.24 , 344.52
438.66 , 344.42
447.94 , 341.69
454.02 , 333.24
455.11 , 323.63
452.81 , 313.34
447.6 , 304.65
349.27 , 374
355.02 , 367.75
362.34 , 365.02
369.89 , 362.72
377.59 , 360.73
385.54 , 359.25
393.34 , 361
400.92 , 363.27
409.09 , 364.25
417.27 , 365.25
424.44 , 368.44
431.19 , 372.9
437.84 , 377.55
444.27 , 382.75
449.31 , 389.27
445.04 , 395.74
437.62 , 398.22
430.07 , 400.5
422.25 , 402.25
414.07 , 403.25
405.52 , 403
397.34 , 401.99
389.54 , 400.26
381.97 , 398.02
374.75 , 394.98
367.77 , 391.25
361.17 , 386.39
355.4 , 380.12
351.77 , 371.5
359.02 , 372.25
366.07 , 371
373.44 , 371.51
380.09 , 373.48
386.62 , 375.72
393.14 , 378
399.94 , 379.77
407.47 , 380
414.84 , 380.5
422 , 381.5
428.92 , 383
435.44 , 385.27
441.72 , 388.24
447.52 , 392.52
441.25 , 389.48
435.04 , 386.27
428.62 , 383.73
421.47 , 382.75
414.32 , 381.75
406.92 , 381.25
399.64 , 380.49
393 , 378.51
386.64 , 375.72
380.14 , 373.48
373.09 , 372.25
365.82 , 371.5
358.79 , 372.75
461.55 , 274.86
466.28 , 273.6
471.05 , 272.36
475.68 , 270.83
480.3 , 269.36
485.2 , 268.37
490.45 , 268.61
495.35 , 269.61
500 , 271.08
504.35 , 273.38
508.44 , 276.36
506.55 , 280.36
501.43 , 280.86
496.05 , 280.86
490.8 , 281.11
485.77 , 280.36
480.77 , 279.61
475.65 , 279.1
470.75 , 278.12
466.3 , 276.11
396.63 , 258.14
394.6 , 253.73
391.73 , 249.71
387.39 , 247.5
382.81 , 245.97
378.06 , 244.71
373.11 , 243.96
367.89 , 243.71
362.66 , 243.96
357.71 , 244.72
353.34 , 246.71
356.77 , 250.63
360.79 , 253.69
365.21 , 255.71
370.06 , 256.71
374.64 , 258.19
379.24 , 259.74
383.71 , 261.49
388.56 , 262.46
393.78 , 262.23
465.95 , 248.97
470.8 , 242.09
477.57 , 236.85
484.88 , 233.04
492.9 , 230.96
501.4 , 229.97
510.18 , 230.47
517.92 , 232.96
524.95 , 237.47
529.66 , 244.42
532.97 , 251.89
535.49 , 259.64
528.58 , 255.1
521.77 , 249.99
514.35 , 246.47
506.3 , 244.48
497.42 , 244.22
489.05 , 245.48
481.48 , 248.48
473.82 , 251.24
406.15 , 232.48
401.31 , 224.15
393.74 , 217.31
385.38 , 212.57
376.01 , 210.3
365.81 , 209.8
355.46 , 210.05
345.26 , 210.56
335.76 , 212.53
326.91 , 215.84
318.96 , 221.55
329.31 , 221.3
339.03 , 219.8
349.13 , 219.05
359.33 , 219.55
368.71 , 221.8
377.33 , 225.92
385.33 , 231.65
393.41 , 237.03
402.26 , 240.34
