2762499751_1
207.22 , 162.15
210.7 , 175.15
215.86 , 187.78
219.34 , 201.26
221.71 , 213.74
225.08 , 226.81
228.7 , 240.45
233.83 , 254.07
239.59 , 266.13
245.67 , 277.88
252.46 , 289.41
261.28 , 300.97
270.45 , 311.48
279.25 , 320.8
290 , 330.1
301.82 , 337.55
314.32 , 343.7
325.45 , 349.51
338.17 , 356.64
350.64 , 361.92
364.09 , 365.67
377 , 368.96
390.57 , 371.72
404.28 , 371.36
417.61 , 368.45
431.32 , 364.32
443.18 , 358.6
453.9 , 351.05
461.8 , 339.56
467.31 , 326.55
475.47 , 315.04
483.57 , 305.4
491.19 , 294.14
498.2 , 281.39
504.12 , 268.74
509.31 , 256.33
513.29 , 242.75
516.81 , 230.25
521.12 , 216.5
524.7 , 203.22
527.91 , 189.86
411.13 , 214.53
406.13 , 223.59
398.75 , 232.65
394.16 , 241.97
392.47 , 253.39
397.06 , 262.98
406.37 , 270.54
416.91 , 272.46
427.94 , 273.23
438.55 , 274.3
450.02 , 274.13
460.68 , 269.72
466.08 , 260.5
468.07 , 249.81
465 , 239.14
459.91 , 228.4
456 , 217.75
360.97 , 313.73
368.35 , 311.21
376.9 , 310.98
384.97 , 309.73
392.8 , 307.99
400.52 , 306
408.25 , 303.98
416.55 , 304.73
424.62 , 306.01
431.95 , 303.22
440.02 , 301.98
448.7 , 301.98
457.12 , 302.45
464.21 , 305.99
460.28 , 312.93
455.06 , 319.38
449.49 , 325.71
443.17 , 331.29
436.07 , 334.88
428.17 , 336.48
419.75 , 336.98
411.2 , 337.23
403.12 , 336
395.42 , 334
388.07 , 331.2
380.92 , 327.94
373.92 , 324.16
367.12 , 319.87
366.22 , 314.73
372.92 , 313.98
379.9 , 313.73
386.62 , 312.98
393.72 , 312.98
400.67 , 312.73
407.65 , 312.98
414.37 , 313.73
421.45 , 313.73
427.92 , 312.47
434.3 , 310.99
440.9 , 309.98
447.4 , 308.71
454 , 307.73
460.13 , 308.3
454.12 , 310.48
447.77 , 311.98
441.15 , 312.98
434.45 , 313.73
427.82 , 314.73
421.22 , 315.73
414.27 , 315.98
407.3 , 316.23
400.32 , 315.98
393.37 , 316.23
386.27 , 316.23
379.42 , 316.73
372.6 , 316.22
460.06 , 149.86
462.09 , 143.56
466.69 , 138.21
472.29 , 134.37
477.83 , 130.33
483.81 , 127.36
490.01 , 125.11
496.56 , 123.61
503.84 , 123.63
510.13 , 125.66
514.33 , 131.19
513.57 , 138.08
511.37 , 144.31
506.78 , 149.64
500.81 , 152.61
494.13 , 153.86
486.96 , 154.11
479.81 , 153.86
473.11 , 152.61
466.09 , 152.12
377.87 , 150.72
377.71 , 143.23
372.17 , 138.12
366.17 , 134.37
360.12 , 130.64
353.62 , 128.15
346.54 , 126.91
338.96 , 127.15
332.26 , 129.14
325.99 , 132.33
320.19 , 136.65
323.97 , 142.68
328.67 , 148.38
334.37 , 153.07
340.47 , 156.66
346.94 , 159.15
354.01 , 160.4
361.22 , 161.4
368.51 , 160.58
374.61 , 156.99
476.6 , 118.35
482.38 , 113.32
488.8 , 109.92
495 , 105.98
501.12 , 101.84
507.4 , 98.06
513.88 , 94.83
520.35 , 91.6
527.38 , 89.83
534.48 , 91.07
539.34 , 96.87
533.4 , 101.56
526.93 , 104.78
520.05 , 106.9
513.58 , 110.11
507.1 , 113.35
500.58 , 116.37
494.08 , 119.62
487.6 , 122.85
480.54 , 124.56
410.75 , 115.96
400 , 106.91
387.98 , 101.39
375.55 , 97
362.48 , 93.9
348.27 , 93.15
334.43 , 94.65
321.3 , 97.63
308.88 , 101.88
296.95 , 107.9
285.95 , 116.15
299.8 , 114.65
313.15 , 112.14
327.35 , 111.4
341.8 , 111.15
355.4 , 113.16
368.52 , 116.22
381.12 , 120.12
394 , 123.64
406.85 , 127.15
