2766429378_1
11.29 , 528.8
17.23 , 541.54
24.49 , 555.73
29.38 , 569.66
35.35 , 582.15
43.98 , 596.04
52.98 , 607.61
63.69 , 617.78
75.58 , 628.15
87.24 , 635.35
101.52 , 642.7
114.49 , 649.1
128.87 , 655.33
143.37 , 660.51
157.85 , 664.76
171.71 , 667.75
186.53 , 670.03
202.23 , 671.71
217.39 , 672.57
231.59 , 672.96
246.2 , 672.75
262.11 , 672.53
276.97 , 669.92
291.56 , 665.05
304.39 , 660.25
317.81 , 653.46
330.13 , 644.6
342.35 , 634.99
354.2 , 626.29
365.91 , 617.3
377.51 , 607.21
388.74 , 596.2
398.52 , 585.87
407.35 , 573.41
413.81 , 558.9
417.53 , 545.4
423.41 , 531.02
425.19 , 515.87
425.97 , 500.84
426.25 , 486.79
427.06 , 470.42
213.8 , 446.97
208.48 , 461.87
197.15 , 473.69
184.25 , 484.8
180.73 , 501.02
192.65 , 511.31
209.91 , 511.27
226.1 , 506.69
242.73 , 504.8
260.01 , 504.21
276.9 , 501.23
293.59 , 503.44
309.76 , 500.09
314.85 , 484.44
307.48 , 469.59
297.13 , 456.51
286.85 , 442.55
187.36 , 586.6
192.3 , 576.9
200.81 , 568.66
210.09 , 562.63
219.06 , 555.65
227.99 , 548.69
237.79 , 543.83
248.86 , 542.1
260.66 , 541.85
272.49 , 541.61
283.31 , 543.85
293.11 , 548.6
302.34 , 554.82
310.91 , 562.9
317.86 , 571.85
319.87 , 582.8
312.18 , 591.52
302.63 , 596.83
292.84 , 601.59
282.36 , 604.6
271.91 , 607.61
260.59 , 608.85
248.79 , 608.6
236.96 , 608.85
225.76 , 607.37
215.66 , 603.58
205.74 , 599.38
195.86 , 594.85
189.36 , 586.35
196.59 , 581.12
205.34 , 579.6
213.99 , 577.86
223.01 , 576.85
232.14 , 576.1
241.04 , 574.85
250.29 , 574.35
259.69 , 574.6
268.81 , 573.85
277.84 , 572.85
287.09 , 572.35
296.24 , 571.6
305.74 , 571.6
314.86 , 572.35
306.71 , 574.11
298.06 , 575.84
289.29 , 577.35
280.51 , 578.86
271.86 , 580.6
262.84 , 581.6
253.46 , 581.85
243.96 , 581.85
234.59 , 581.6
225.06 , 581.6
215.81 , 582.1
206.91 , 583.35
197.91 , 584.35
292.36 , 399.34
295.43 , 391.24
302.38 , 384.83
309.94 , 380.24
317.81 , 376.35
326.36 , 374.09
335.84 , 373.84
344.84 , 375.09
353.49 , 377.06
361.31 , 381.03
368.38 , 386.96
368 , 396.34
360.66 , 401.58
352.44 , 404.31
343.88 , 406.59
335.24 , 408.59
325.76 , 408.83
316.88 , 407.34
307.63 , 408.09
299.04 , 406.03
170.13 , 404.7
164.66 , 397.74
157.51 , 392.81
149.31 , 390.56
140.51 , 389.55
131.58 , 390.27
123.38 , 392.53
115.53 , 395.52
107.88 , 399.11
100.58 , 403.68
93.71 , 409.3
100.61 , 414.98
108.33 , 418.33
116.78 , 420.04
125.46 , 421.3
134.63 , 421.55
143.69 , 421.05
152.01 , 419.05
159.88 , 416.12
167.55 , 412.53
285.75 , 341.15
291.94 , 332.7
299.88 , 325
309.2 , 321.19
319.6 , 319.62
330.15 , 318.38
340.9 , 317.65
351.68 , 316.9
362.82 , 316.9
372.75 , 319.4
381.15 , 325.83
376.95 , 332.9
366.77 , 330.92
356.25 , 329.65
345.57 , 330.58
335.6 , 333.05
325.7 , 335.67
315.85 , 338.31
305.98 , 340.9
295.93 , 343.15
182.55 , 339.73
169.65 , 333.42
155.48 , 330.18
140.98 , 327.69
125.98 , 326.19
110.88 , 327.56
96.55 , 330.4
83.43 , 335.95
71.08 , 343.62
59.8 , 354.37
52.75 , 366.94
67.77 , 365.44
81 , 360.19
94.05 , 354.42
108.22 , 351.19
123.82 , 350.94
138.73 , 352.69
153.32 , 355.01
168.12 , 356.97
182.42 , 353.96
