2767428524_1
565.05 , 840.45
567.37 , 870.02
570.13 , 897.69
575.4 , 928.27
582.33 , 959.18
590.82 , 988.08
599.91 , 1015.71
607.53 , 1045.29
616.73 , 1072.37
632.67 , 1097.75
648.59 , 1123.12
665.68 , 1147.89
688.79 , 1169.79
708.72 , 1190.24
732.79 , 1207.58
760.87 , 1220.84
786.84 , 1233.7
817.11 , 1244.44
844.82 , 1249.64
875.8 , 1251.7
904.06 , 1255.21
935.03 , 1253.21
963.18 , 1247.28
993.38 , 1240.56
1022.03 , 1230.34
1048.61 , 1218.14
1072.9 , 1199.4
1096.91 , 1179.36
1117.92 , 1158.77
1139.76 , 1137.12
1159.71 , 1114.37
1176.97 , 1091.21
1191.7 , 1065.22
1203.43 , 1035.78
1213.41 , 1008.1
1220.17 , 979.77
1225.98 , 948.93
1231.14 , 921.11
1235.45 , 891.16
1238.1 , 861.76
1239.14 , 829.14
923.23 , 860.28
909.12 , 880.66
894.29 , 899.69
876.32 , 919.13
869.14 , 940.75
884.6 , 961.22
906.32 , 970.91
931.35 , 974.75
955.83 , 978.48
981.55 , 983.05
1007.99 , 982.03
1031.22 , 979
1051.3 , 965.5
1048.2 , 940.05
1040.5 , 916.61
1034.77 , 892.24
1028.56 , 865.87
805.25 , 1040.66
825.27 , 1041.91
845.08 , 1040.16
865.35 , 1039.41
885.62 , 1038.66
906.02 , 1038.16
925.83 , 1039.9
945.12 , 1042.64
965.17 , 1043.91
985.58 , 1044.41
1004.88 , 1047.16
1023.4 , 1051.56
1042.93 , 1053.91
1053.15 , 1067.75
1038.3 , 1081.61
1023.17 , 1094.76
1007 , 1104.91
989.67 , 1111.93
971.35 , 1116.66
951.9 , 1119.17
931.88 , 1120.44
912.08 , 1118.65
893.48 , 1114.39
876.33 , 1106.97
859.83 , 1097.67
844.2 , 1085.86
829.48 , 1071.63
816.72 , 1056.39
819.75 , 1044.41
835.5 , 1047.41
851.77 , 1049.41
866.62 , 1054.19
882.17 , 1057.67
899.17 , 1058.16
916.17 , 1057.66
933.05 , 1058.4
950.05 , 1058.91
967.05 , 1058.41
984.27 , 1058.41
1001.27 , 1057.91
1018.02 , 1056.91
1034.68 , 1055.66
1036.97 , 1063.42
1022.1 , 1068.19
1006.83 , 1072.13
991.15 , 1075.41
974.9 , 1077.41
958.25 , 1078.66
941.27 , 1079.17
924.5 , 1078.16
908.35 , 1075.9
892.33 , 1073.44
876.77 , 1069.93
862.05 , 1064.96
847.58 , 1059.22
833.33 , 1052.72
1045.1 , 785.2
1053.8 , 775.26
1064.25 , 768.04
1075.67 , 763.47
1087.72 , 760.17
1101.07 , 759.7
1113.57 , 761.95
1125.2 , 765.98
1136.35 , 771.45
1146.29 , 780.15
1152.08 , 791.15
1144.91 , 801.64
1134.1 , 807.95
1121.82 , 810.7
1108.95 , 812.2
1095.72 , 812.94
1083.32 , 810.45
1071.15 , 807.45
1059.55 , 803.41
1048.84 , 796.92
866.48 , 772
859.24 , 764.25
851.02 , 758.31
841.57 , 755.66
831.64 , 753.9
821 , 753.66
811.22 , 755.62
801.64 , 758.13
792.72 , 762.06
784.17 , 767.09
776.12 , 773.4
785.07 , 777.17
794.07 , 780.92
803.12 , 784.4
812.82 , 786.65
823.1 , 787.65
833.37 , 786.65
843.64 , 785.65
853.45 , 783.63
862.76 , 780.74
1055.75 , 717.58
1071.9 , 709.59
1088.4 , 702.58
1105.17 , 696.4
1122.58 , 691.51
1140.47 , 687.59
1158.95 , 684.83
1178.65 , 684.58
1195.83 , 689.86
1210.52 , 701.86
1219.69 , 717.51
1212.02 , 729.59
1195.47 , 722.57
1177.72 , 718.33
1159.12 , 715.83
1139.72 , 716.6
1122.05 , 721.09
1104.28 , 725.32
1085.95 , 728.37
1068.1 , 732.2
909.78 , 721.88
904.35 , 701.45
882.98 , 686.58
859.62 , 677.45
834.6 , 671.7
808.43 , 668.45
780.9 , 667.95
753.75 , 669.2
729.18 , 675.89
706.8 , 688
686.95 , 707.08
674.35 , 729.2
698.83 , 722.47
723.28 , 715.72
749.33 , 712.2
776.38 , 710.7
803.65 , 711.7
830.93 , 712.7
857.6 , 714.95
883.78 , 718.2
