276823387_1
402.23 , 544.95
405.18 , 560.54
408.67 , 576.06
412.59 , 591.56
418.06 , 608.33
424.05 , 623.17
430.94 , 638.01
439.45 , 652.15
449.06 , 665.47
459.21 , 676.78
471.38 , 689.47
482.71 , 701.11
495.29 , 710.01
509.51 , 718.89
522.49 , 727.86
535.6 , 737.71
549.31 , 747.28
563.9 , 755.12
579.29 , 760.72
595.18 , 763.14
612.69 , 761.66
628.41 , 759.04
643.92 , 755.66
659.83 , 749.36
673.42 , 740.22
685.9 , 729.88
696.48 , 717.96
706.95 , 705.75
718.65 , 693.42
728.77 , 680.82
738.28 , 668.12
748.77 , 655.34
758.05 , 641.37
765.09 , 626.3
770.09 , 610.7
773.92 , 594.93
776.17 , 578.88
779.03 , 563.37
783.45 , 547.88
784.22 , 530.76
786.2 , 513.85
561.93 , 523.41
556.48 , 534.8
550.57 , 546.97
546 , 559.54
547.44 , 573.15
558.05 , 580.85
571.45 , 582.17
584.93 , 581.96
598.53 , 582.26
610.99 , 582.46
625.28 , 580.99
637.57 , 576.08
647.32 , 567.51
650.23 , 554.2
647.18 , 541.9
639.69 , 530.11
632.12 , 518.37
527.79 , 648.84
536.79 , 639.84
547.49 , 635.57
558.49 , 632.08
569.91 , 629.35
581.69 , 627.35
593.94 , 626.34
606.31 , 625.59
617.21 , 621.82
627.76 , 617.08
639.51 , 615.09
651.16 , 617.36
661.81 , 621.86
672.41 , 626.46
675.37 , 637.49
668.41 , 647.21
659.21 , 655.68
648.76 , 660.86
638.14 , 665.31
627.34 , 669.32
616.04 , 672.34
604.41 , 674.59
592.26 , 675.84
579.64 , 675.58
567.87 , 673.62
557.44 , 668.5
547.71 , 661.49
537.84 , 654.91
533.54 , 650.34
543.16 , 648.34
553.64 , 648.09
563.64 , 646.83
573.29 , 644.84
583.51 , 644.09
593.89 , 643.59
604.26 , 643.09
614.62 , 642.59
624.39 , 640.86
633.64 , 638.09
643.16 , 635.84
653.16 , 634.59
663.29 , 633.59
673.02 , 631.83
663.91 , 634.87
654.04 , 636.34
643.79 , 637.09
633.79 , 638.34
624.54 , 641.09
614.89 , 643.08
604.41 , 643.34
593.94 , 643.59
583.81 , 644.59
573.81 , 645.84
564.04 , 647.59
553.79 , 648.34
543.79 , 649.59
642.75 , 452.59
646 , 445.84
651.3 , 439.79
657.45 , 434.87
664.17 , 431.35
671.48 , 429.34
679.5 , 428.84
687.52 , 429.34
695.2 , 430.57
701.98 , 433.83
708.24 , 438.25
710.31 , 445.29
704.25 , 450.59
697.45 , 453.82
689.9 , 455.34
682 , 456.09
673.73 , 456.09
665.95 , 455.09
658.17 , 454.09
650.02 , 454.34
532.15 , 459.76
526.25 , 456.41
520.5 , 452.66
514.33 , 450.16
507.3 , 449.41
500.05 , 449.66
493.4 , 451.14
487.23 , 453.68
481.43 , 457.24
476.02 , 461.88
470.75 , 466.91
476.68 , 470.15
482.85 , 472.65
489.85 , 473.41
497.23 , 473.41
504.23 , 472.66
511 , 471.41
517.65 , 469.91
524.02 , 467.9
530.56 , 466.15
613.37 , 424.29
617.11 , 410.82
628.37 , 401.29
640.87 , 395.04
654.04 , 390.78
668.02 , 388.02
682.57 , 386.54
697.62 , 386.04
711.85 , 388.29
724.34 , 394.52
733.21 , 405.87
737.07 , 418.74
723.6 , 415.02
710.92 , 409.29
696.62 , 407.29
681.55 , 407.79
667.47 , 410.29
653.85 , 413.8
640.37 , 417.54
627.64 , 423.02
559.3 , 424.8
558.12 , 410.06
544.85 , 402.07
529.85 , 398.3
513.42 , 397.55
497.6 , 399.55
481.18 , 400.3
465.35 , 402.31
450.78 , 406.81
437.03 , 413.56
424.27 , 423.08
420.55 , 438.05
434.68 , 442.93
450.18 , 440.56
464.68 , 435.92
479.68 , 432.18
495.43 , 430.02
511.85 , 429.3
528.53 , 429.05
544.95 , 429.8
