277485584_1
556.6 , 936.75
556.07 , 962.9
556.58 , 990.66
557.13 , 1018.85
558.21 , 1046.06
566.34 , 1072.86
585.22 , 1095.23
601.76 , 1115.66
618.3 , 1138.77
635.89 , 1159.23
657.03 , 1175.85
680.19 , 1195.18
704.35 , 1208.16
730.42 , 1219.63
753.41 , 1231.75
778.85 , 1245.09
805.88 , 1253.22
830.47 , 1261.78
857.77 , 1269.53
886.2 , 1270.26
913.81 , 1263.6
940.8 , 1259.87
967.96 , 1257.09
993.42 , 1247.73
1014.96 , 1226.98
1031.98 , 1206.47
1047.55 , 1182.3
1053.28 , 1156.67
1062.57 , 1130.06
1076.03 , 1105.97
1085.86 , 1078.39
1096.77 , 1054.75
1105.74 , 1027.06
1113.37 , 999.61
1121.67 , 973.54
1129.28 , 947.23
1137.18 , 921.16
1150.32 , 895.39
1156.02 , 867.65
1160.54 , 842.28
1165.8 , 812.6
878.2 , 895.05
868.86 , 912.16
863.61 , 932.71
866.84 , 954.85
881.92 , 969.32
901.31 , 976.45
921.48 , 984.51
941.83 , 990.24
964.61 , 990.92
985.11 , 986.8
1001.68 , 974.3
1019.53 , 962.15
1031.05 , 945.67
1036.5 , 923
1034.35 , 902.6
1027.5 , 881.89
1016.45 , 863.05
775.95 , 1069.11
798.98 , 1067.86
820.33 , 1063.08
841.93 , 1058.88
863.98 , 1055.6
886.28 , 1052.83
908.6 , 1050.14
930.3 , 1046.1
952.6 , 1043.39
974.68 , 1040.11
995.48 , 1034.34
1016.2 , 1028.36
1036.1 , 1020.62
1048.46 , 1036.13
1041.19 , 1056.24
1030.45 , 1075.11
1016.8 , 1092.76
999.28 , 1107.3
980.08 , 1117.24
960.1 , 1124.86
937.78 , 1127.61
914.62 , 1126.6
893.18 , 1122.09
872.93 , 1115.34
853.25 , 1106.87
833.35 , 1099.1
813.62 , 1090.85
794.43 , 1080.85
809.7 , 1074.11
825.43 , 1077.61
842.5 , 1076.86
859.83 , 1077.11
876.4 , 1075.36
893.48 , 1074.61
909.62 , 1077.29
925.83 , 1074.83
943.03 , 1074.36
960.1 , 1073.61
975.73 , 1069.86
990.48 , 1064.37
1003.98 , 1055.33
1017.38 , 1045.94
1029.72 , 1040.1
1015.8 , 1047.99
1002.73 , 1058.33
989.1 , 1066.95
974.53 , 1073.04
958.45 , 1075.86
942.12 , 1078.18
926 , 1080.86
909.28 , 1082.36
892.2 , 1081.61
875.38 , 1080.36
858.9 , 1078.36
841.7 , 1078.86
824.53 , 1079.39
999.25 , 730.91
1005.28 , 719.63
1014.45 , 709.47
1025.33 , 702.34
1036.95 , 697.14
1049.15 , 693.5
1061.67 , 690.39
1074.83 , 688.67
1088.85 , 688.66
1101.4 , 691.63
1111.9 , 699.91
1114.15 , 711.13
1101.22 , 708.91
1088.05 , 710.62
1075.17 , 712.89
1062 , 714.66
1049.22 , 717.16
1035.92 , 718.66
1022.05 , 718.92
1009.5 , 721.91
846.32 , 752.41
843.98 , 741.45
835.18 , 733.16
825.12 , 728.14
814.05 , 725.67
801.78 , 725.67
790.23 , 727.17
779.12 , 729.65
768.95 , 734.17
759.12 , 739.75
749.83 , 746.77
743.95 , 756.42
753.95 , 761.42
765.38 , 763.17
777.3 , 762.42
788.38 , 759.92
800.05 , 758.67
812.35 , 758.67
824.25 , 757.92
836.18 , 757.17
1003.3 , 681.36
1010.79 , 665.13
1024.8 , 651.36
1039.88 , 640.6
1055.42 , 631.23
1070.88 , 621.57
1086.22 , 611.62
1102.15 , 603.1
1118.35 , 595.35
1136.75 , 596.62
1151.13 , 609.44
1149.03 , 625.6
1132.65 , 619.82
1116.33 , 627.09
1100.1 , 634.82
1083.78 , 642.13
1067.67 , 650.23
1051.45 , 657.95
1035.4 , 666.1
1019.47 , 674.62
891.09 , 683.54
882.29 , 668.46
866.83 , 660.65
848.95 , 658.39
830.83 , 656.64
812.23 , 655.89
793.5 , 655.39
775.03 , 656.4
757.62 , 659.63
741.33 , 665.01
726.7 , 674.89
744.35 , 677.64
762.58 , 679.14
780.45 , 681.39
797.98 , 684.39
815.98 , 686.39
833.48 , 689.39
850.62 , 693.16
868.15 , 696.15
885.54 , 699.41
