2777541034_1
698.55 , 776.31
691.59 , 863.25
690.14 , 950.33
691.14 , 1040.08
688.65 , 1138.02
676.3 , 1228.79
667.89 , 1310.53
669.63 , 1408.63
679.95 , 1491.75
717.42 , 1577.81
753.32 , 1658.49
791.38 , 1746.3
832.46 , 1820.51
881.98 , 1903.08
927.62 , 1980.46
983.94 , 2053.7
1039.34 , 2124.96
1112.67 , 2173.67
1179.15 , 2232.21
1252.12 , 2288.06
1336.9 , 2316.82
1421.54 , 2350.49
1507.27 , 2381.89
1601.24 , 2381.25
1691.49 , 2377
1779.41 , 2367.11
1863.53 , 2330.27
1941.67 , 2287.48
2018.81 , 2240.58
2103.29 , 2197.87
2175.3 , 2143.17
2258.33 , 2101.05
2330.21 , 2055.96
2399.16 , 1992.72
2468.42 , 1930.63
2528.8 , 1867.04
2569.66 , 1789.19
2604.77 , 1704.16
2629.27 , 1617.29
2659.52 , 1533.02
2695.09 , 1441.41
1644.17 , 1134.74
1575.6 , 1178.1
1505.24 , 1225.04
1450.5 , 1288.98
1414.66 , 1368.18
1444.66 , 1446.21
1521.81 , 1480.1
1597.47 , 1502.96
1681.73 , 1535.13
1762.9 , 1560.27
1841.4 , 1572.21
1925.82 , 1570.07
2013.02 , 1563.84
2057.92 , 1492.76
2049.97 , 1406.87
2029.95 , 1328.25
2003.66 , 1242.62
1202.01 , 1730.82
1266.91 , 1711.3
1335.16 , 1698.33
1407.34 , 1693.32
1476.71 , 1682.56
1544.88 , 1669.44
1615.66 , 1677.06
1677.36 , 1705.16
1743.09 , 1723.31
1814.06 , 1730.84
1875.93 , 1758.31
1933.11 , 1798.67
1989.71 , 1840.76
2044.91 , 1886.71
2012.16 , 1945.67
1958.24 , 1995.08
1901.96 , 2038.05
1837.46 , 2058.32
1763.73 , 2060.05
1693.13 , 2051.8
1625.68 , 2037.05
1559.23 , 2020.06
1494.38 , 2000.44
1431.51 , 1976.32
1370.61 , 1945.64
1313.29 , 1905.84
1260.39 , 1853.47
1221.27 , 1795.89
1240.76 , 1739.32
1297.81 , 1746.81
1352.81 , 1758.61
1405.79 , 1774.32
1461.01 , 1785.57
1515.81 , 1797.86
1569.34 , 1812.64
1623.31 , 1826.61
1677.59 , 1840.06
1733.84 , 1849.31
1793.21 , 1852.07
1851.74 , 1856.57
1908.61 , 1864.42
1964.36 , 1874.67
2007.34 , 1889.57
1948.81 , 1894.07
1889.09 , 1896.07
1830.18 , 1899.82
1770.81 , 1902.06
1712.76 , 1896.57
1657.63 , 1885.07
1603.68 , 1871.08
1549.09 , 1858.33
1494.38 , 1845.79
1441.01 , 1830.82
1389.18 , 1813
1337.48 , 1794.81
1286.81 , 1773.61
2149 , 958.8
2179.32 , 921.05
2221.75 , 903.8
2265.88 , 890.52
2314 , 885.3
2363.6 , 887.55
2410.62 , 895.06
2454.78 , 908.31
2496.47 , 928.03
2533.09 , 961.65
2556.61 , 1001.92
2540.47 , 1044.61
2500.38 , 1068.58
2452.03 , 1073.3
2402.55 , 1070.8
2356.82 , 1060.57
2311.62 , 1049.05
2270.3 , 1028.09
2228.43 , 1008.99
2189.7 , 981.23
1525.86 , 739.66
1501.44 , 702.27
1466.29 , 671.36
1429.99 , 643.58
1392.87 , 618.38
1353.79 , 598.11
1310.82 , 587.36
1263.41 , 588.87
1220.01 , 598.63
1178.79 , 612.36
1137.04 , 625.11
1169.97 , 659.53
1199.4 , 695.21
1234.41 , 726.48
1272.71 , 748.6
1313.49 , 763.57
1357.71 , 771.54
1403.87 , 775.61
1451.14 , 777.36
1498.16 , 775.11
2174.44 , 599.03
2221.18 , 544.86
2289.54 , 533.5
2357.57 , 545.04
2421.89 , 564.3
2484.34 , 587.68
2545.87 , 613.75
2606.77 , 642.09
2665.04 , 677.37
2717.72 , 727.8
2754.82 , 785.38
2727.59 , 832.69
2666.82 , 803.91
2605.86 , 775.75
2543.47 , 752.03
2477.41 , 735.78
2408.34 , 725.93
2341.57 , 711.41
2277.57 , 691.37
2220.22 , 653.58
1784.38 , 501.51
1795.58 , 415.69
1737.08 , 347.66
1664.78 , 300.14
1589.55 , 259.92
1513.15 , 222.76
1433.28 , 196.39
1343.35 , 190.28
1255.45 , 201.01
1174.3 , 225.35
1099.77 , 267.14
1038.9 , 334.76
1131.18 , 336.51
1221.75 , 331.26
1309.68 , 342.02
1390 , 367.61
1466.28 , 405.13
1539.68 , 449.77
1616 , 487.1
1696.95 , 511.74
