277967015_1
169.93 , 217.21
172 , 232.28
173.95 , 248.88
173.75 , 265.44
172.64 , 281.78
171.03 , 298.84
169.73 , 314.98
169.91 , 331.57
171.72 , 348.11
175.07 , 364.41
179.78 , 378.87
187.42 , 395.18
197.45 , 406.44
209.64 , 417.8
223.05 , 426.83
237.81 , 436.19
251.08 , 445.41
264.03 , 454.77
278.97 , 464.15
293.18 , 470.29
309.21 , 474.35
325.55 , 475.28
341.61 , 473.91
358.67 , 470.91
374 , 467.83
390.52 , 463.35
406.05 , 455.73
419.44 , 447.34
433.51 , 438.85
447.53 , 430.22
460.83 , 420.88
473.04 , 408.3
481.57 , 395.03
487.31 , 380.23
491.94 , 363.06
496.38 , 347.23
500.01 , 331.13
503.23 , 316.18
507.17 , 300.35
508.69 , 283.11
510.46 , 266.11
306.28 , 259.75
295.99 , 267.12
286.35 , 275.6
280.29 , 286.91
278.7 , 300.17
286.65 , 310.17
298.89 , 314.3
312 , 317.8
324.3 , 319.49
338.14 , 322
350.53 , 323.31
364.01 , 323.1
375.72 , 316.92
379.39 , 304.83
374.51 , 292.58
365.9 , 282.05
359.31 , 270.66
253.37 , 361.18
262.37 , 358.43
272.67 , 358.18
282.12 , 356.18
291.47 , 353.94
301.39 , 354.93
310.47 , 357.71
320.14 , 359.18
330.44 , 359.43
340.12 , 360.93
349.25 , 363.55
357.94 , 367.24
366.5 , 371.3
375.19 , 374.99
381.2 , 381.92
372.44 , 385.44
363.12 , 387.68
353.55 , 389.41
343.75 , 390.68
333.57 , 390.18
323.87 , 388.68
314.55 , 386.45
304.97 , 384.71
295.39 , 382.94
286.19 , 380.46
277.14 , 377.7
268.47 , 374.03
260.37 , 368.68
264.37 , 362.18
272.07 , 363.43
279.8 , 364.68
287.62 , 365.68
295.22 , 367.16
302.57 , 369.2
309.92 , 371.17
317.75 , 372.18
325.94 , 372.43
334.14 , 372.18
342.22 , 372.68
350.07 , 373.68
357.64 , 375.18
364.85 , 377.44
371.75 , 380.46
364.14 , 379.43
356.67 , 377.68
348.94 , 376.43
340.75 , 376.18
332.67 , 375.68
324.6 , 375.18
316.39 , 374.93
308.92 , 373.18
301.69 , 370.91
294.37 , 368.93
286.64 , 367.68
278.82 , 366.68
271.32 , 364.94
388.1 , 223.75
393.25 , 218.07
399.73 , 214.97
406.43 , 212.72
413.28 , 210.74
420.4 , 209.26
427.88 , 210
434.45 , 212.76
440.7 , 216.32
446.42 , 221.32
450.69 , 227.35
452.22 , 234.27
445.1 , 235.75
437.5 , 235.25
429.9 , 234.75
422.43 , 233.99
415.43 , 232.25
408.43 , 230.53
401.95 , 227.53
395.08 , 225.5
294.78 , 205.75
294.22 , 198.91
289.01 , 193.19
283.16 , 188.27
276.96 , 184.39
270.11 , 182.27
262.93 , 180.76
255.13 , 180.52
248.08 , 182.26
241.68 , 185.69
235.55 , 189.79
230.33 , 195.51
237.41 , 197.26
243.96 , 200.29
250.5 , 203.28
257.31 , 205.49
264.48 , 207.03
272.03 , 207.76
279.68 , 207.26
287.36 , 206.76
361.35 , 192.1
369.82 , 179.38
382.98 , 171.98
397.45 , 167.82
413.3 , 166.6
429.5 , 167.1
445.35 , 168.35
460.35 , 171.35
474.25 , 176.59
486.77 , 185.76
494.72 , 198.72
497.6 , 213.35
483.85 , 207.6
471.2 , 198.86
457.53 , 192.86
442.18 , 190.6
426.08 , 189.85
410.48 , 191.6
394.28 , 192.1
377.83 , 192.1
320.69 , 178.55
319.64 , 165.31
308.06 , 155.79
295.24 , 149.78
281.51 , 145.98
267.67 , 142.37
253.99 , 138.55
239.14 , 137.06
225.19 , 140.46
212.64 , 147.24
202.35 , 158.53
197.09 , 171.55
209.97 , 166.77
222.89 , 161.03
237.02 , 158.03
252.22 , 158.8
266.59 , 161.3
280.62 , 164.57
294.22 , 168.53
307.07 , 174.54
