2780104878_1
123.57 , 414.99
127.82 , 425.94
133.58 , 437.9
139.58 , 448.34
145.78 , 458.59
152.06 , 470.01
158.09 , 481.38
163.4 , 491.61
169.63 , 502.65
176.09 , 513.49
183.43 , 523.79
192.84 , 532.15
202.59 , 540.9
212.96 , 545.87
224.33 , 552
236 , 557.75
248.09 , 561.83
258.96 , 565.08
271.61 , 567.96
284.72 , 568.15
297.23 , 567.39
309.11 , 566.19
321.2 , 564.11
333.97 , 560.2
344.87 , 553.93
354.78 , 546.29
363.02 , 538.16
371.06 , 528.23
377.84 , 518.33
384.8 , 506.61
390.7 , 495.45
395.24 , 484.89
398.72 , 472.58
400.78 , 459.82
402.01 , 447.04
403.21 , 435.45
405.36 , 423.4
406.41 , 410.37
404.75 , 397.98
406.15 , 385.35
404.57 , 372.62
275.8 , 362.8
274.85 , 375.54
273.68 , 388.96
272.14 , 402.96
272.24 , 416.86
276.03 , 430.41
285.98 , 439.64
298.85 , 440.57
312.82 , 438.37
325.92 , 435.21
339.77 , 431.41
348.54 , 421.89
349.12 , 408.91
342.39 , 396.42
335.79 , 384.19
332.43 , 370.65
327.9 , 357.65
264.26 , 493.01
270.21 , 487.56
276.06 , 481.71
281.96 , 476.07
288.31 , 471.69
294.83 , 467.75
301.63 , 464.48
309.03 , 462.76
316.94 , 462.01
325.06 , 461.76
332.96 , 461.01
341.08 , 460.76
348.74 , 462.01
355.61 , 465.02
361.82 , 469.82
361.73 , 477.82
355.36 , 482.25
348.51 , 485.26
341.63 , 488.26
334.21 , 490.01
326.33 , 490.76
318.31 , 491.26
310.78 , 492.76
303.36 , 494.51
295.36 , 495.01
287.46 , 495.76
279.33 , 496
272.03 , 494
271.01 , 488.51
276.41 , 485.39
281.83 , 482.25
287.58 , 479.98
293.69 , 478.49
300.13 , 477.76
306.61 , 477.01
313.06 , 476.26
319.41 , 475.27
325.86 , 474.51
331.99 , 473.03
338.08 , 471.48
344.21 , 470.05
350.51 , 469.01
356.66 , 470.41
351.19 , 470.26
344.74 , 471.03
338.63 , 472.48
332.51 , 474.01
326.06 , 474.76
319.61 , 475.51
313.13 , 476.26
306.81 , 477.26
300.21 , 477.76
293.76 , 478.51
287.66 , 479.99
282.06 , 482.78
276.51 , 485.51
327.57 , 327.28
330.65 , 322.96
334.87 , 319.47
339.37 , 316.71
343.8 , 313.81
348.37 , 311.27
353.32 , 309.78
358.55 , 308.78
364.12 , 309.02
368.8 , 311.27
372.29 , 315.48
371.55 , 320.81
368.99 , 325.37
364.57 , 328.28
359.5 , 329.52
354.02 , 330.03
348.44 , 330.28
343 , 330.78
337.42 , 330.53
332.22 , 329.55
241.75 , 335.82
237.3 , 332.13
232.45 , 329.56
227.3 , 327.81
221.43 , 327.57
215.53 , 327.82
210.25 , 329.32
205.28 , 331.56
200.5 , 334.32
196.19 , 338.37
193.25 , 343.07
197.95 , 346.03
202.93 , 348.34
208.43 , 349.32
214.07 , 350.07
219.95 , 349.82
225.6 , 349.09
230.9 , 347.54
235.85 , 345.25
239.93 , 340.92
315.43 , 299.79
317.42 , 291.62
322.76 , 284.71
329.43 , 278.79
336.91 , 275.06
344.7 , 272.27
352.63 , 269.79
360.83 , 267.79
369.48 , 266.83
377.53 , 269.13
384.61 , 273.95
388.07 , 281.03
379.03 , 280.76
370.98 , 283.01
363.28 , 286.01
355.21 , 288.29
347 , 290.28
338.78 , 292.29
331.28 , 295.95
323.78 , 299.69
264.04 , 283.71
252.44 , 277.96
239.22 , 275.95
225.42 , 276.77
212.17 , 278.72
199.62 , 282.08
187.77 , 286.94
176.17 , 292.72
165.16 , 300.03
155.31 , 310.1
148.99 , 321.45
161.04 , 317.19
172.39 , 310.79
184.04 , 305.17
196.14 , 301.04
208.97 , 298.22
222.67 , 297.2
236.84 , 297.2
250.79 , 297.7
264.24 , 296.2
