2781323593_1
792.22 , 943
794.95 , 981.95
795.23 , 1021.22
801.67 , 1064.55
810.38 , 1105.19
816.88 , 1144.93
826.82 , 1182.61
840.09 , 1223.5
855.94 , 1259.29
876.15 , 1299.46
890.71 , 1336.73
910.42 , 1372.9
932.9 , 1407.26
954.23 , 1443.79
978.18 , 1474.27
998 , 1509.52
1017.86 , 1547.94
1052.46 , 1569.24
1088.3 , 1582.62
1128.72 , 1590.46
1173.11 , 1594.8
1213.72 , 1592.55
1253.38 , 1582.86
1290.47 , 1566.23
1323.97 , 1547.36
1360.6 , 1523.29
1388.23 , 1492.95
1417.01 , 1462.88
1442.94 , 1434.12
1468.92 , 1400.45
1490.76 , 1363.62
1504.7 , 1324.82
1515.94 , 1285.49
1519.62 , 1246.07
1520.34 , 1207.15
1518.86 , 1165.47
1519.14 , 1122.92
1522.59 , 1082.42
1522.34 , 1040.99
1523.42 , 999.33
1524.2 , 956.49
1031.67 , 952.26
1009.51 , 980.92
991.05 , 1013.9
987.69 , 1047.43
1008.78 , 1077.54
1038.47 , 1102.72
1070.23 , 1121.22
1107.18 , 1131.13
1141.95 , 1129.94
1177.64 , 1116.37
1213.24 , 1102.48
1248.2 , 1090.4
1275.75 , 1066.23
1287.65 , 1031.3
1279.43 , 996.23
1255.12 , 969.98
1221.84 , 946.86
982.24 , 1237.92
999.62 , 1209.68
1029.16 , 1195.17
1063.89 , 1192.42
1097.74 , 1196.92
1131.37 , 1201.92
1164.99 , 1196.92
1198.49 , 1191.67
1233.47 , 1193.92
1268.66 , 1195.67
1304.47 , 1196.17
1337.47 , 1202.4
1366.18 , 1218.86
1384.98 , 1246.72
1362.97 , 1273.44
1335.82 , 1294.37
1306.49 , 1309.42
1277.64 , 1325.55
1248.62 , 1341.42
1219.16 , 1356.2
1186.16 , 1362.42
1151.34 , 1364.92
1115.64 , 1364.19
1083.99 , 1355.17
1053.66 , 1343.36
1025.15 , 1326.34
1004.8 , 1299
992.52 , 1268.8
1014.74 , 1246.92
1035.62 , 1235.3
1061.07 , 1233.92
1086.32 , 1235.67
1110.79 , 1238.96
1135.97 , 1240.92
1161.09 , 1238.89
1186.29 , 1237.13
1212.32 , 1236.92
1238.16 , 1237.42
1264.14 , 1237.17
1289.99 , 1236.67
1315.24 , 1234.92
1340.74 , 1233.67
1332.81 , 1251.32
1312.34 , 1264.11
1291.29 , 1275.41
1269.54 , 1284.67
1246.91 , 1291.69
1223.12 , 1296.42
1198.37 , 1299.14
1172.99 , 1300.67
1147.24 , 1299.92
1122.97 , 1296.17
1099.29 , 1291.16
1076.54 , 1284.43
1054.94 , 1274.63
1034.39 , 1262.07
1288.34 , 818.04
1298.54 , 809.84
1308.76 , 801.62
1319.64 , 795.25
1330.81 , 789.56
1343.06 , 786.54
1356.29 , 785.54
1369.26 , 787.04
1381.54 , 790
1393.04 , 794.74
1404.34 , 800.04
1402.69 , 812.2
1391.46 , 817.67
1379.24 , 820.77
1366.64 , 823.04
1353.54 , 824.29
1340.56 , 822.79
1327.09 , 822.29
1313.51 , 822.54
1300.29 , 821.55
1001.79 , 815.35
997.26 , 806.82
987.81 , 802.83
978.16 , 799.36
967.81 , 797.33
957.33 , 795.58
946.23 , 796.06
936.08 , 798.57
926.26 , 801.63
916.88 , 805.76
908 , 811.39
903.31 , 820.58
914.28 , 819.83
925.13 , 820.83
936.36 , 820.58
947.68 , 820.58
958.78 , 820.08
969.73 , 819.33
980.71 , 818.58
991.81 , 818.08
1196.75 , 704.36
1216.8 , 690.82
1238.35 , 681.27
1261.47 , 675.36
1285.88 , 672.14
1311 , 670.36
1336.38 , 671.61
1360.88 , 674.61
1384.45 , 679.61
1406.53 , 687.62
1425.68 , 703.79
1408.62 , 713.24
1386.03 , 706.38
1362.7 , 700.87
1337.83 , 698.61
1312.58 , 700.13
1288.53 , 704.09
1264.35 , 707.76
1241.03 , 713.36
1217.08 , 717.17
1002.5 , 714.49
985.2 , 699.94
965.37 , 692.34
943.87 , 688.32
922.02 , 685.08
899.67 , 682.82
876.92 , 684.22
854.92 , 687.22
833.9 , 692.26
814.47 , 700.89
797.32 , 715.82
816.17 , 726.16
837.92 , 723.08
858.92 , 717.97
882.05 , 718.32
904.17 , 721.1
925.77 , 724.83
947.87 , 727.61
970.82 , 728.57
993.3 , 730.57
