2782094272_1
648.85 , 775.6
652.36 , 802.36
657.6 , 831.82
663.87 , 859.74
671.97 , 887.77
680.29 , 915.22
689.43 , 945.56
697.98 , 971.57
709.13 , 1000.24
723.3 , 1024.6
740.48 , 1049.86
761.3 , 1068.47
783.46 , 1088.82
805.39 , 1109.29
821.99 , 1130.06
843.26 , 1153.51
867.17 , 1169.24
894.74 , 1177.13
922.63 , 1178.1
953.87 , 1175.45
980.52 , 1169.05
1008.39 , 1161.53
1039.35 , 1155.95
1066.05 , 1149.6
1095.21 , 1138.71
1121.68 , 1126.6
1149.09 , 1116.61
1173.92 , 1105.52
1200.29 , 1088.18
1219.1 , 1069.11
1234.91 , 1043.67
1245.3 , 1014.5
1256.75 , 990.39
1265.16 , 960.46
1272.2 , 933.54
1281.4 , 906.22
1286.46 , 877.2
1289.57 , 847.71
1292.93 , 819.44
1296.47 , 790.6
1300.3 , 758.75
871.36 , 795.01
861.37 , 811.52
848.2 , 829.05
836.11 , 845.75
830.36 , 866.98
844.85 , 882.64
865.02 , 889.94
885.2 , 890.82
906.27 , 889.76
927.41 , 890.18
949.06 , 887.39
969.41 , 883.17
984.68 , 868.22
985.2 , 846.81
975.7 , 828.05
963.59 , 809.56
952.52 , 790.74
818.1 , 970.8
833.02 , 967.03
848.77 , 965.05
864.18 , 962.27
879.68 , 959.77
896.4 , 959.8
912.4 , 961.3
928.18 , 959.27
943.98 , 957.42
959.73 , 959.17
973.98 , 964.33
988.12 , 969.57
1002.7 , 973.89
1017.27 , 978.23
1013.92 , 990.78
999.43 , 995.32
984.8 , 999.6
970.8 , 1005.28
956.7 , 1010.71
942.53 , 1015.87
928.1 , 1020.55
912.48 , 1022.31
897.1 , 1019.55
883.1 , 1013.8
869.33 , 1007.28
855.83 , 1000.04
842.78 , 991.71
830.28 , 981.73
829.85 , 974.55
841.17 , 978.08
853.4 , 979.8
866.25 , 979.3
878.85 , 980.3
891.08 , 982.05
903.45 , 983.55
916.15 , 982.8
928.53 , 981.3
941 , 980.06
953.6 , 979.05
966.55 , 979.3
979.15 , 980.3
992 , 980.8
1004.35 , 979.3
993.5 , 978.8
980.68 , 979.3
967.83 , 978.8
954.75 , 978.8
941.65 , 978.8
929.05 , 979.79
916.95 , 981.8
904.35 , 982.8
891.88 , 981.55
879.75 , 979.55
866.9 , 979.05
854.18 , 978.3
841.95 , 976.55
995.85 , 702.91
1007.3 , 694.73
1018.77 , 686.51
1030.53 , 679.22
1043.12 , 674.15
1056.67 , 671.17
1071.17 , 670.16
1085.58 , 671.41
1099.03 , 674.67
1111.42 , 680.42
1122.49 , 689.78
1117.77 , 702.23
1105.45 , 708.13
1092.58 , 712.41
1079.12 , 715.66
1064.12 , 715.66
1049.5 , 716.41
1034.97 , 715.44
1021.67 , 711.94
1009.3 , 706.16
841.01 , 694.11
832.14 , 685.01
822.59 , 677.44
812.74 , 670.57
802.22 , 665.56
790.74 , 662.81
778.32 , 662.07
766.74 , 664.53
756.34 , 669.94
746.44 , 676.56
736.69 , 683.56
743.91 , 693.28
753.62 , 700.5
764.19 , 705.31
775.54 , 708.34
787.02 , 711.05
799.57 , 711.56
811.49 , 709.81
822.97 , 707.06
834.19 , 703.81
961.48 , 638.03
975.05 , 616.94
997.08 , 605.52
1021.21 , 599.28
1047.2 , 597.05
1074.28 , 597.03
1101.13 , 597.53
1126.51 , 601.05
1149.78 , 608.76
1172.7 , 617.26
1194.03 , 630.29
1180.33 , 644.75
1156.53 , 638.02
1132.06 , 632.6
1106.45 , 629.53
1079.98 , 629.28
1055.2 , 634.04
1031.28 , 640.51
1007.18 , 646.8
982.63 , 651.52
845.5 , 622.31
830.8 , 607.61
813.38 , 599.6
794.9 , 594.21
776.02 , 589.59
756.72 , 585.86
736.22 , 584.61
716.22 , 586.93
698.35 , 593.54
682.71 , 606.43
672.05 , 622.86
691 , 618.36
708.57 , 610.85
728.47 , 608.36
747.55 , 612.61
765.38 , 619.42
783.02 , 626.6
800.85 , 633.37
819.1 , 639.09
839.85 , 639.86
