2782810504_1
236.78 , 483.18
241.74 , 495.95
246.66 , 510.54
250.31 , 523.85
255.81 , 538.45
261.83 , 551.73
268.64 , 563.19
276.8 , 576.55
285.17 , 588.44
295.1 , 599.84
304.42 , 609.39
315.71 , 619.92
326.64 , 628.55
339.25 , 637.25
351.75 , 645.73
364.14 , 653.32
376.97 , 659.39
391.25 , 664.71
405.3 , 667.6
419.93 , 667.82
434.7 , 666.55
449.32 , 665.15
463.4 , 661.93
476.26 , 655.48
487.9 , 647.85
498.78 , 637.9
507.93 , 625.9
517.29 , 615.21
526.49 , 602.62
533.73 , 590.98
541.38 , 578.01
545.7 , 564.61
549.77 , 549.57
553.51 , 536.55
556.24 , 520.92
558.92 , 506.73
562.34 , 493.28
563.66 , 478.9
563.71 , 464.1
562.11 , 449
559.75 , 433.93
379.29 , 431.28
373.68 , 442.25
367.51 , 453.4
365.3 , 465.19
366.24 , 478.17
370.93 , 489.49
383.19 , 493.1
396.17 , 493.61
409.03 , 492.71
420.76 , 491.03
434.05 , 488.56
445.94 , 484.05
454.49 , 475.63
454.29 , 462.95
452.45 , 451.07
446.43 , 439.1
439.21 , 428.24
356.1 , 554.37
363.75 , 550.22
372.43 , 548.34
381 , 546.34
388.75 , 542.38
396.6 , 538.62
405.4 , 537.08
414.05 , 538.58
423.33 , 539.12
431.3 , 535.66
439.62 , 533.12
448.8 , 533.37
457.62 , 534.89
466.92 , 535.37
471.69 , 541.79
466.04 , 548.92
459.7 , 555.53
451.95 , 559.52
443.7 , 562.09
435.18 , 564.3
426.03 , 565.12
416.73 , 564.62
407.43 , 565.12
398.23 , 565.86
389.23 , 564.74
380.85 , 562.37
372.25 , 560.39
364.25 , 557.15
360.1 , 554.37
368.33 , 553.87
376.43 , 554.62
384.68 , 554.12
392.78 , 553.37
400.88 , 552.62
409.25 , 552.37
417.23 , 551.34
425.08 , 550.13
432.73 , 548.39
440.25 , 546.35
447.58 , 544.13
454.98 , 541.85
462.23 , 539.37
469.48 , 537.37
462.12 , 539.63
454.95 , 542.27
447.65 , 544.6
440.12 , 546.61
432.75 , 548.9
425 , 550.4
417.25 , 551.87
409.03 , 552.37
400.8 , 552.86
392.8 , 553.87
384.7 , 554.62
376.58 , 555.37
368.58 , 554.37
444.79 , 376.09
449.04 , 371.59
452.6 , 366.79
456.87 , 362.25
461.64 , 358.71
466.81 , 356.07
472.52 , 354.84
478.56 , 354.34
484.39 , 355.34
489.84 , 357.1
494.63 , 360.67
495.56 , 366.54
490.97 , 370.59
485.79 , 373.09
480.19 , 374.59
474.49 , 375.84
468.42 , 376.34
462.49 , 375.59
456.54 , 374.84
450.34 , 374.6
334.46 , 385.51
331.7 , 381.51
327.7 , 378.78
323.33 , 377.05
318.5 , 376.29
313.46 , 376.04
308.73 , 377.04
304.46 , 379.06
300.4 , 381.62
296.89 , 385.36
294.73 , 389.54
297.48 , 393.54
301.48 , 396.29
305.83 , 398.03
310.91 , 398.29
315.61 , 397.29
320.06 , 395.81
324.41 , 394.02
328.83 , 392.45
332.91 , 389.91
425.65 , 335.24
430.81 , 325.34
441.3 , 321.49
452.38 , 318.74
463.67 , 316.49
474.95 , 314.24
486.38 , 312.24
498.5 , 312.72
508.65 , 317.74
517.4 , 326.49
523.9 , 336.06
525.43 , 346.23
514.9 , 342.49
504 , 339.52
492.7 , 337.24
480.92 , 335.99
468.77 , 335.46
457.6 , 337.99
446.52 , 340.73
434.88 , 342.22
349.31 , 347.42
342.74 , 338.36
332.66 , 333.52
321.56 , 331.17
309.79 , 330.17
297.96 , 331.02
287.86 , 335.63
278.26 , 341.73
269.78 , 350.44
264.08 , 360.15
261.06 , 370.92
263.08 , 382.22
270.45 , 374.02
278.26 , 365.18
287.66 , 358.58
298.01 , 354.67
310.01 , 354.17
321.51 , 355.67
332.66 , 357.91
344.56 , 357.17
