103236168_2
404 , 419.65
401.21 , 434.18
399.03 , 450.02
399.59 , 466.83
401.79 , 483.16
405.2 , 498.98
408.84 , 514.37
412.54 , 529.62
419.93 , 544.19
427.2 , 558.62
435.98 , 572.39
446 , 584.39
457.19 , 595.45
469.17 , 605.97
482.61 , 614.89
498.07 , 620.94
513.08 , 626.91
527.28 , 632.2
542.77 , 636.13
559.04 , 639.67
575.38 , 641.71
590.44 , 642.09
606.46 , 639.34
622.31 , 633.91
637.05 , 626.74
650.6 , 621.02
665.04 , 613.64
676.81 , 602.75
688.19 , 590.87
698.31 , 577.38
705.71 , 564.08
711.43 , 549.65
715.63 , 533.88
719.3 , 517.79
722.72 , 501.44
725.16 , 486.17
727.78 , 470.62
731.72 , 454.81
737.4 , 440.13
743.47 , 425.07
746.75 , 408.44
541.9 , 354.55
537.23 , 365.7
532.01 , 378.09
527.95 , 389.34
526.13 , 402.37
534.78 , 410.62
546.46 , 408.34
559.11 , 404.72
571.92 , 402.68
584.24 , 405.75
595.83 , 409.78
608.68 , 410.7
614.39 , 399.26
611.26 , 387.06
606.47 , 375.8
601.28 , 363.9
595.5 , 352
517.25 , 477.02
519.72 , 468.14
523.87 , 459.89
528.45 , 451.82
534.3 , 444.21
541.95 , 438.51
551.33 , 437.02
561.3 , 437.27
571.05 , 436.52
580.65 , 435.52
590.62 , 435.27
600 , 436.77
608.15 , 441.17
615.68 , 447.19
622.09 , 454.59
627.57 , 462.32
631.57 , 470.49
623.83 , 476.01
614.92 , 478.51
605.2 , 479.27
595.48 , 480.02
585.5 , 480.27
575.62 , 480.77
565.65 , 480.52
555.67 , 480.27
545.7 , 480.02
535.73 , 480.27
526 , 479.52
525.25 , 476.77
530.62 , 472.65
536.33 , 469.23
541.77 , 465.27
547.62 , 462.4
553.67 , 460
560 , 458.27
566.45 , 456.77
573.25 , 456.02
580.08 , 456.3
587.1 , 456.02
594.15 , 455.77
600.73 , 457.02
606.45 , 460.24
612 , 464.02
610.5 , 467.02
604.4 , 464.77
597.85 , 463.52
590.7 , 463.56
583.75 , 464.02
576.83 , 464.52
570.25 , 465.77
563.7 , 467.06
556.88 , 467.77
549.95 , 468.28
544.15 , 471.39
538.67 , 475.33
532.3 , 477.02
613.41 , 324.94
615.85 , 320.25
620.36 , 317.26
625.06 , 314.78
630.08 , 313.17
635.78 , 312.94
641.11 , 313.94
646.06 , 315.72
650.83 , 317.88
655.43 , 320.7
659.8 , 324.07
659.41 , 329.44
654.61 , 331.69
649.41 , 332.94
643.96 , 333.69
638.26 , 333.93
632.96 , 332.93
627.74 , 331.71
622.83 , 329.87
618.13 , 327.41
527.06 , 323.99
522.1 , 321.47
516.95 , 319.47
511.6 , 317.99
505.75 , 317.48
499.65 , 317.48
494.02 , 318.48
488.94 , 320.72
484.1 , 323.56
479.72 , 327.68
475.42 , 331.98
480.45 , 334.23
485.95 , 335.48
491.8 , 335.98
497.64 , 336.48
503.62 , 336.23
509.25 , 335.24
514.62 , 333.71
519.75 , 331.67
524.59 , 328.82
594 , 286.21
600.28 , 274.2
613.3 , 270.44
627.67 , 271.46
641.45 , 273.71
655.8 , 274.71
670.17 , 275.71
683.95 , 277.97
696.5 , 282.71
707.63 , 291.56
713.91 , 303.61
708.6 , 314.33
697.35 , 305.81
685.92 , 297.9
673.55 , 292.48
659.77 , 290.21
645.17 , 289.69
631.4 , 291.94
618.1 , 295.21
604.15 , 296.88
537 , 296.21
533.77 , 282.89
522.76 , 273.88
509.89 , 269.87
495.39 , 270.62
481.17 , 271.87
467.87 , 275.1
455.22 , 279.64
443.19 , 285.93
432.62 , 296.24
426.15 , 308.22
421.74 , 320.87
433.56 , 315.04
444.47 , 305.64
455.49 , 296.62
468.12 , 292.1
482.34 , 290.87
496.84 , 291.62
510.24 , 294.62
523.34 , 298.22
