2783115454_1
451.21 , 481.7
452.13 , 502.74
452.61 , 526.88
454.11 , 550.85
456.55 , 573.97
459.12 , 598.13
459.75 , 619.35
461.72 , 643.22
467.31 , 665.65
475.84 , 689.19
485.74 , 709.67
496.06 , 729.47
511.49 , 747.5
528.44 , 763.6
546.38 , 779.39
565 , 793.94
583.83 , 806.78
602.91 , 818.34
626.42 , 827.69
647.73 , 833.34
671.92 , 837.72
694.68 , 839.14
717.04 , 837.1
739.52 , 833.02
761.48 , 821.66
778.42 , 805.56
795.95 , 791.74
814.1 , 776.09
828.7 , 757.95
843.41 , 740.56
858.95 , 722.5
871.64 , 701.94
879.14 , 681.11
885.06 , 657.31
888.32 , 634.87
890.46 , 612.34
892.87 , 589.81
895.34 , 564.79
897.3 , 542.29
898.87 , 519.85
901.02 , 494.43
636.71 , 549.06
629.99 , 565.91
618.2 , 581.33
612.43 , 597.96
611.71 , 617.47
626.02 , 629.65
642.9 , 634.75
661.9 , 640.4
679.66 , 641.7
700.44 , 641.3
717.18 , 634.43
735.31 , 630.44
748.8 , 617.68
749.63 , 598.34
741.02 , 581.56
725.17 , 570.87
721.15 , 553.68
564.66 , 669.97
582.51 , 666.48
600.16 , 670.47
618.28 , 673.46
637.13 , 674.97
655.99 , 676.47
674.96 , 677.72
693.68 , 679.47
712.91 , 680.22
731.63 , 681.97
750.99 , 681.47
769.71 , 679.72
783.21 , 691.17
776.38 , 707.5
766.04 , 722.6
752.86 , 736.52
738.03 , 747.6
722.38 , 756.49
705.43 , 761.72
686.96 , 763.97
668.28 , 762.09
650.76 , 757.81
634.34 , 751.21
618.86 , 741.96
603.91 , 731.22
590.79 , 717.12
580.42 , 702.02
572.39 , 686.02
577.66 , 671.97
592.63 , 674.97
606.53 , 680.22
619.88 , 687.2
634.09 , 691.74
649.58 , 693.72
665.91 , 693.97
682.01 , 694.72
697.23 , 697.22
713.21 , 696.22
727.99 , 692.73
742.24 , 688.19
758.06 , 686.97
773.66 , 685.22
763.36 , 697.02
751.49 , 707.92
738.99 , 717.18
725.76 , 724.46
711.93 , 729.97
696.96 , 732.97
680.73 , 732.47
665.48 , 730
650.84 , 726.24
636.76 , 721.5
623.28 , 714.85
610.34 , 706.89
598.36 , 696.17
587.46 , 684.27
743.84 , 492.01
747.87 , 484.24
753.54 , 477.06
760.59 , 471.01
768.49 , 467.24
777.12 , 465.26
786.24 , 464.26
795.59 , 464.76
804.22 , 466.76
812.12 , 470.52
819.44 , 475.83
824.81 , 482.78
816.84 , 486.26
808.47 , 488.75
799.49 , 490.01
790.49 , 491.26
781.02 , 491.51
771.79 , 490.76
762.32 , 490.51
752.84 , 490.76
627.05 , 484.75
623.62 , 477.38
618.07 , 470.61
611.52 , 464.53
604.19 , 460.48
596.52 , 457.48
587.87 , 456.48
579.49 , 457.96
571.62 , 460.46
564.12 , 464.04
556.94 , 468.48
550.44 , 474.73
557.82 , 478.6
565.64 , 481.24
574.14 , 482.48
583.02 , 482.98
591.79 , 483.73
600.67 , 484.23
609.54 , 484.73
618.29 , 485.48
733.6 , 436.21
747.52 , 427.28
764.12 , 424.71
781.62 , 423.96
799.38 , 423.71
816.88 , 422.96
834 , 421.46
851.75 , 421.21
867.93 , 424.71
882.85 , 430.96
892.6 , 444.46
878.05 , 450.23
861.28 , 452.46
843.9 , 453.46
826.75 , 451.96
810.1 , 449.46
792.85 , 450.71
775.35 , 449.96
757.98 , 448.96
740.95 , 450.73
633.95 , 432.74
619.42 , 424.73
603.55 , 420.24
586.92 , 417.24
570.1 , 414.64
552.83 , 412.99
535.38 , 414.31
518.7 , 417.24
502.8 , 421.73
488.39 , 430.05
478.2 , 443.74
494.05 , 448.27
511.55 , 446.99
528.65 , 444.99
545.77 , 443
562.9 , 441.03
580.73 , 440.49
598.08 , 441.96
614.48 , 445.49
631.87 , 446.92
