278735612_1
312.55 , 361.83
312.03 , 376.54
311.33 , 391.35
310.58 , 405.99
310.75 , 420.68
311.96 , 435.63
313.94 , 450.05
316.8 , 464.78
321.14 , 477.69
326.55 , 492
331.64 , 506.26
337.98 , 519.65
345.86 , 532.05
354.66 , 543.68
363.46 , 555.64
372.44 , 567.56
382.73 , 577.49
395.44 , 585.91
409.04 , 591.66
422.7 , 595.11
438.33 , 596.18
452.73 , 594.38
466.29 , 589.85
479.8 , 585.03
493.27 , 579.13
504.67 , 569.15
515.66 , 558.26
526.38 , 547.83
536.43 , 537.73
545.54 , 526.35
553.15 , 513.6
559.58 , 499.89
565.54 , 486.52
570.82 , 473.69
576.17 , 458.94
580.09 , 445.21
582.79 , 431.02
584.81 , 415.29
586.68 , 401.61
588.1 , 386.4
588.66 , 370.93
394.62 , 392.12
390.41 , 401.15
386.94 , 411.45
387.2 , 422.61
390.14 , 432.36
397.2 , 440.4
406.71 , 446.08
415.96 , 449.54
426.51 , 447.48
436.79 , 443.02
446.35 , 438.96
454.76 , 433.02
463.22 , 425.41
462.99 , 415.6
458.6 , 405.05
453.77 , 396.07
444.55 , 389.7
365.37 , 467.42
374.77 , 461.77
386.19 , 462.67
397.17 , 464.66
409 , 464.42
420.57 , 465.17
432.02 , 466.17
443.75 , 465.67
455.32 , 464.92
467.27 , 464.92
478.72 , 465.92
489.56 , 468.19
492.61 , 478.2
487.45 , 487.85
480.47 , 496.82
472.4 , 505.41
463.3 , 512.02
453.52 , 516.93
443.57 , 521.15
433.1 , 524.17
421.75 , 525.42
409.8 , 525.42
398.94 , 523.2
389.89 , 516.44
381.62 , 507.92
375.02 , 498.85
369.87 , 489.17
365.87 , 479.15
372.87 , 467.92
382.39 , 468.17
391.19 , 469.91
399.87 , 471.92
409.17 , 472.67
418.1 , 474.17
427.12 , 475.42
436.17 , 474.18
445.44 , 473.42
454.87 , 472.92
464.52 , 472.92
473.92 , 473.42
483.57 , 473.42
482.37 , 481.67
475.25 , 487.76
467.85 , 492.94
460.19 , 497.4
452.32 , 501.45
444 , 504.04
435.14 , 505.67
425.85 , 506.42
416.57 , 507.18
407.8 , 505.35
399.44 , 502.73
391.74 , 498.29
385.1 , 491.39
379.4 , 484.2
375.36 , 476.32
460.69 , 358.45
465.78 , 354.87
469.38 , 349.76
474.44 , 345.95
479.96 , 343.45
485.92 , 341.95
492.46 , 341.7
498.51 , 342.94
504.29 , 344.79
509.67 , 347.67
514.7 , 351.47
516.83 , 356.98
510.89 , 358.45
504.91 , 359.95
498.97 , 361.45
492.44 , 361.7
486.01 , 361.2
479.59 , 360.7
473.16 , 360.2
466.62 , 359.95
390.82 , 349.21
390.62 , 344.39
387.43 , 340.72
383.63 , 337.93
379.5 , 335.92
374.97 , 334.94
370.2 , 334.44
365.45 , 334.94
360.9 , 335.94
356.72 , 337.68
352.67 , 339.91
348.9 , 342.69
353.15 , 344.19
357.8 , 344.94
362.32 , 345.94
366.97 , 346.69
371.75 , 347.19
376.52 , 347.69
381.17 , 348.44
385.83 , 349.19
453.68 , 322.88
462.73 , 317.87
472.7 , 315.12
482.83 , 312.61
492.93 , 310.13
503.5 , 308.64
513.98 , 310.4
523.73 , 313.43
532.65 , 318.86
540.36 , 326.81
546.14 , 335.56
537.43 , 338.38
528.71 , 332.39
519.43 , 327.88
509.31 , 325.38
498.38 , 326.17
488.15 , 328.37
478.03 , 330.85
467.93 , 333.38
457.19 , 332.44
394.67 , 318.36
390.39 , 310.81
383.02 , 306.1
375.2 , 302.58
366.85 , 300.31
357.77 , 299.59
349.07 , 301.09
341.22 , 304.55
333.87 , 309.37
328.85 , 316.66
326.07 , 324.69
324.42 , 333.34
332.72 , 332.56
339.22 , 325.78
346.6 , 321.1
354.64 , 318.34
364.1 , 318.34
372.57 , 320.33
381.17 , 322.09
389.07 , 325.38
