2790641531_1
395.75 , 586.3
400.34 , 602.66
405.31 , 617.5
411.37 , 633.74
418.11 , 649.27
425.62 , 664.81
434.05 , 681.07
441.28 , 696.64
448.38 , 711.47
459.49 , 725.22
469.87 , 738.21
483.01 , 748.74
495.94 , 759.08
508.66 , 770.56
524.46 , 780.39
538.76 , 786.51
556.73 , 791.39
572.31 , 791.86
590.72 , 791.15
607.91 , 790.81
625.27 , 790.55
641.14 , 790.84
659.22 , 791.13
675 , 790.73
692.91 , 788.27
710.34 , 785.27
726.95 , 780.81
741.48 , 775.07
753.93 , 763.09
763.64 , 748.46
772.71 , 734.99
782.08 , 719.98
791.32 , 705.87
800.29 , 690.51
806.32 , 675.42
810.76 , 658.32
813.73 , 640.68
813.56 , 624.96
813.74 , 607.92
815.29 , 590.87
817.55 , 572.19
624.54 , 564
615.99 , 573.45
608.72 , 583.55
604.06 , 595.31
608.91 , 608.07
619.78 , 614.74
632.74 , 618.06
644.56 , 620.19
658.08 , 621.27
671.45 , 623.28
684.57 , 621.89
696.57 , 620.03
708.08 , 613.59
715.87 , 603.65
718.15 , 589.88
714.28 , 578.17
707.07 , 566.51
563.73 , 663.95
575.23 , 659.95
588.06 , 658.45
600.98 , 657.2
613.46 , 654.94
625.65 , 652.18
638.11 , 649.92
651.53 , 649.7
665.08 , 649.7
678.5 , 649.45
691.56 , 650.45
704.38 , 651.94
716.88 , 654.1
728.41 , 658.17
733.18 , 668.74
722.15 , 674.46
710.93 , 679.47
699.28 , 683.18
687.06 , 685.95
674.11 , 687.2
660.68 , 687.45
647.75 , 686.21
635.53 , 683.44
623.43 , 680.46
611.31 , 677.44
599.11 , 674.69
586.88 , 671.97
575.06 , 668.48
572.48 , 662.7
583.31 , 660.7
594.65 , 659.7
606.23 , 660.2
617.83 , 660.7
629.18 , 661.7
640.4 , 662.95
651.86 , 663.7
663.56 , 663.45
674.78 , 662.2
686.13 , 661.2
697.48 , 660.2
708.71 , 658.95
720.4 , 659.2
730.74 , 662.11
720.88 , 665.71
709.78 , 667.2
698.31 , 667.95
686.83 , 668.7
675.13 , 668.95
663.56 , 669.45
651.96 , 668.95
640.38 , 668.45
628.9 , 667.7
617.33 , 667.2
605.61 , 667.45
593.9 , 667.2
582.46 , 666.45
706.1 , 504.39
710.77 , 501.49
715.45 , 498.54
720.38 , 496.14
725.75 , 494.9
731.12 , 493.64
736.75 , 492.89
742.73 , 492.89
748.48 , 493.39
753.85 , 494.64
758.41 , 497.92
757.41 , 503.15
752.03 , 504.39
746.4 , 505.15
740.9 , 506.14
734.93 , 506.14
729.08 , 506.39
723.1 , 506.39
717.48 , 505.64
711.85 , 504.89
599.39 , 500.51
595.25 , 496.62
590.8 , 493.68
585.97 , 491.68
580.82 , 490.43
575.42 , 489.68
569.8 , 489.93
564.42 , 490.65
559.53 , 492.44
555.18 , 495.78
552.8 , 500.43
557.2 , 503.59
561.9 , 505.94
566.8 , 507.68
571.95 , 508.92
577.57 , 509.18
583.22 , 508.93
588.85 , 508.68
594.12 , 507.68
599.02 , 505.94
699.75 , 437.65
709.45 , 432.45
720.17 , 429.72
731.6 , 428.41
743.55 , 428.15
755 , 429.4
765.58 , 432.43
774.32 , 440.22
779.75 , 449.9
784.24 , 459.88
787.62 , 470.27
782.6 , 478.15
773.78 , 470.45
765.92 , 461.85
756.83 , 454.97
745.88 , 452.65
733.95 , 452.89
722.85 , 454.9
711.17 , 455.6
702.23 , 448.5
624.35 , 439.58
610.95 , 433.11
595.75 , 430.83
579.58 , 431.08
563.38 , 431.33
547.58 , 432.35
533.08 , 436.09
519.95 , 443.24
507.95 , 453.48
497.7 , 465.45
489.35 , 478.08
505.43 , 477.58
519.8 , 473.62
533.55 , 468.38
547.25 , 462.93
560.92 , 457.52
576.17 , 455.34
592.1 , 456.08
607.67 , 457.58
622 , 453.61
