2790641531_2
370.05 , 459.55
373.64 , 473.63
378.07 , 488.71
384 , 502.5
391.27 , 516.08
398.31 , 530.49
405.88 , 544.2
414.69 , 556.58
424.88 , 567.46
435.27 , 580.49
445.12 , 592.28
456.46 , 603
466.77 , 614.01
479.18 , 623.78
493.11 , 630.2
508.02 , 634.16
522.66 , 637.66
537.41 , 640.97
553.57 , 642.9
568.08 , 643.94
584.7 , 643.9
600 , 644.34
614.11 , 639.13
628.03 , 631.83
641.36 , 623.9
652.55 , 612.93
662.59 , 601.01
671.17 , 589.9
678.67 , 576.33
685.07 , 561.75
689.75 , 546.64
693.12 , 531.05
696.26 , 515.83
699.25 , 500.78
701.3 , 485.44
703.24 , 469.93
704.96 , 454.83
705.08 , 439.38
704.97 , 423.85
704.2 , 408.23
702.9 , 392.65
546.95 , 416.75
539.14 , 424.46
532.37 , 434.01
530.59 , 445.31
536.96 , 454.45
548.57 , 457.53
559.54 , 460.13
571.72 , 462.5
582.97 , 464.03
593.69 , 465.99
606.02 , 466.69
615.21 , 459.62
620.33 , 449.02
622.03 , 438.09
618.77 , 426.9
613.58 , 416.37
607.85 , 405.75
488.65 , 518.43
499.52 , 507.69
512.07 , 501.44
524.92 , 496.16
538.48 , 492.43
552.5 , 489.68
566.75 , 487.43
581.85 , 486.93
596.73 , 485.95
610.4 , 482.43
624.4 , 479.68
638.58 , 482.09
649.67 , 492.08
650.15 , 507.21
648.4 , 521.7
643.99 , 534.86
634.25 , 546.11
622.12 , 553.44
609.42 , 559.19
596.17 , 563.43
582.4 , 566.68
567.9 , 568.43
553.15 , 567.18
539.25 , 564.18
526.47 , 558.69
514.05 , 552.08
502.59 , 542.88
494.15 , 531.18
497.4 , 521.43
506.42 , 513.17
516.67 , 508.19
527.23 , 504.2
538.12 , 500.93
549.42 , 498.43
561.67 , 497.93
573.92 , 497.43
586.17 , 496.93
598.17 , 495.93
609.35 , 493.18
620.55 , 490.44
632.41 , 491.69
636.66 , 502.15
635.43 , 514.06
632.14 , 524.96
624.05 , 534.05
613.85 , 539.19
603.45 , 543.7
592.83 , 547.41
581.92 , 550.69
570.15 , 552.18
558.02 , 552.93
545.77 , 552.43
534.25 , 550.43
523.85 , 545.89
514.38 , 538.9
505.32 , 530.61
602.8 , 345.27
604.55 , 339.77
608.48 , 335.07
613.5 , 332.03
618.72 , 329.55
624.22 , 327.78
630.07 , 326.77
636.42 , 326.77
642.42 , 327.49
647.87 , 329.33
652.81 , 332.55
653.89 , 338.22
648.65 , 340.76
643.35 , 343
637.72 , 344.5
632.1 , 346.02
626.22 , 347.02
620 , 346.77
613.77 , 346.52
607.9 , 347.55
509.35 , 358.29
503.92 , 356.58
498.12 , 355.57
491.95 , 355.33
486.15 , 356.32
480.45 , 357.55
475.02 , 359.29
469.62 , 361.09
464.57 , 363.9
459.92 , 367.79
454.9 , 370.57
460.95 , 370.07
466.77 , 369.08
472.7 , 368.32
478.62 , 367.57
484.55 , 366.83
490.47 , 366.08
496.42 , 365.32
502.35 , 364.56
507.88 , 363.09
595.3 , 317.48
599.08 , 310.2
606.12 , 305.69
613.38 , 301.67
620.85 , 298.44
629.05 , 296.73
637.35 , 295.21
645.6 , 293.69
654.02 , 292.48
662.45 , 293.75
669.65 , 297.82
667.85 , 304.73
659.2 , 305.48
650.32 , 305.22
641.95 , 306.57
634.27 , 309.25
626.82 , 312.72
619.17 , 315.45
611.25 , 317.73
603.2 , 319.74
526.67 , 323.4
514.3 , 319.41
500.07 , 319.69
486.7 , 321.66
473.93 , 324.91
461.27 , 328.42
448.8 , 332.15
437.07 , 338.04
426.67 , 347.43
418.36 , 358.24
411.2 , 369.41
422.4 , 362.23
433.92 , 355.91
445.17 , 348.93
457 , 343.4
470.12 , 340.94
483.57 , 339.04
497.15 , 337.45
510.88 , 336.23
524.35 , 334.4
