280005127_1
668.87 , 734.17
664.31 , 761.63
661.35 , 794.41
660.21 , 824.75
659.7 , 854.99
662.82 , 885.45
672.23 , 915.5
675.25 , 946.65
681.78 , 975.35
692.09 , 1004.91
704.92 , 1030.85
717.53 , 1061.48
731.38 , 1086.84
750.36 , 1112.25
770.83 , 1133.44
793.19 , 1157.2
815.83 , 1179.07
841.21 , 1194.04
871.69 , 1190.52
901.15 , 1193.65
931.56 , 1200.42
962.75 , 1195.76
990.66 , 1186.84
1019.25 , 1176.72
1048.06 , 1162.78
1076.52 , 1151.78
1107.06 , 1145.59
1134.6 , 1135.4
1163.03 , 1121.44
1190.44 , 1107.64
1215.8 , 1091.84
1234.81 , 1067.28
1242.61 , 1037.25
1251.09 , 1006.54
1258.89 , 978.19
1266.65 , 948.31
1274.09 , 916.99
1279.84 , 889.05
1285.39 , 857.69
1289 , 826.61
1290.96 , 794.73
818.15 , 750.12
808.73 , 771.67
796.08 , 792.42
776.11 , 805.88
766.31 , 826.36
777.62 , 846.91
800.11 , 859.82
821.88 , 869.39
845.71 , 867.94
870.13 , 865.37
894.84 , 862.47
919.64 , 859.31
941.27 , 851.26
956.82 , 831.21
955.95 , 807.54
938.49 , 791.07
916.75 , 778.89
770.3 , 969.44
779.35 , 952.37
795.57 , 940.92
814.77 , 936.96
835.3 , 938.19
854.45 , 942.34
874.95 , 943.69
895.6 , 944.69
915.65 , 946.97
934.07 , 952.45
952.1 , 958.71
970.67 , 963.96
989.55 , 968.69
1008.55 , 973.19
1003.15 , 989.85
987.47 , 1002.78
971.17 , 1013.94
953.67 , 1021.94
935.25 , 1027.46
916.35 , 1032.15
897.05 , 1035.94
876.88 , 1037.94
856.45 , 1036.44
835.92 , 1035.18
816.17 , 1032.34
800.43 , 1019.59
788.57 , 1003.52
780.81 , 985.97
789.3 , 974.94
801.1 , 962.88
816.45 , 959.54
832.52 , 957.69
848.9 , 958.94
865.62 , 958.44
882.1 , 959.44
898.32 , 960.96
914.22 , 963.2
929.25 , 967.17
943.67 , 972.32
958.8 , 976.19
975.05 , 977.69
991.42 , 978.95
1007.31 , 980.67
992.42 , 984.67
976.65 , 987.18
960.42 , 988.68
944.17 , 990.2
928.52 , 992.94
912.77 , 995.44
896.05 , 995.94
879.67 , 997.16
863.45 , 998.69
846.6 , 998.43
830.67 , 996.31
816.77 , 989.42
802.9 , 982.53
979.7 , 669.62
988.85 , 662.71
997.05 , 654.02
1006.23 , 647.09
1016.2 , 642.37
1027.35 , 640.35
1039.1 , 639.62
1050.62 , 640.87
1061 , 644.42
1070.6 , 650.03
1079.6 , 657.5
1080.55 , 668.4
1070.12 , 671.69
1059.05 , 673.84
1047.9 , 675.86
1036.5 , 677.37
1024.88 , 676.37
1013.35 , 675.12
1001.48 , 674.62
989.95 , 673.37
795.3 , 659.14
789.15 , 653.73
782.1 , 650.46
774.8 , 647.91
767.15 , 646.01
759.47 , 644.13
751.27 , 643.41
743.07 , 644.16
735.92 , 647.28
731.3 , 653.66
729.05 , 661.16
732.37 , 668.26
738.82 , 673.19
746.45 , 675.18
754.88 , 675.41
762.97 , 674.41
771.05 , 673.41
779 , 672.16
786.72 , 670.39
793.72 , 666.91
928.12 , 611.48
934.15 , 592.68
949.75 , 577.74
967.75 , 569.45
987.85 , 566
1009.27 , 565.23
1030.82 , 565.73
1052.27 , 566.48
1072.72 , 569.24
1092.02 , 574.38
1109.94 , 582.99
1113.77 , 600.23
1092.57 , 600.98
1072.1 , 598.23
1050.67 , 597.48
1029.37 , 596.48
1008.05 , 597.48
987.1 , 599.24
967.87 , 604.48
948.92 , 610.23
819.24 , 588.17
811.08 , 574.06
795.43 , 568.84
778.65 , 565.84
760.9 , 564.84
742.9 , 565.34
725.15 , 566.32
708.33 , 569.25
693.28 , 576.27
679.58 , 586.96
670.98 , 601.34
672.48 , 618.87
687.43 , 612.6
701.93 , 604.13
717.43 , 598.63
734.58 , 596.31
752.68 , 596.09
770.56 , 596.84
788.08 , 598.37
806.18 , 598.59
