280005282_1
592.22 , 679.5
595.36 , 706.09
597.74 , 735.68
599.35 , 762.46
600.2 , 791.63
603.12 , 820.42
605.97 , 848.75
609.34 , 877.35
615.99 , 904.85
625.09 , 931.17
637.8 , 957.07
653.36 , 979.27
674.34 , 999.67
696.82 , 1016.17
721.04 , 1031.95
744.34 , 1045.87
770.15 , 1060.36
795.92 , 1071.78
823.27 , 1076.88
853.86 , 1080.1
880.21 , 1080.37
908.33 , 1076.17
936.05 , 1070.73
965.4 , 1061.09
989.61 , 1050.48
1016.32 , 1037
1040 , 1025.35
1066.91 , 1012.69
1091.48 , 1001.43
1114.33 , 980.74
1124.91 , 955.67
1137.94 , 929.43
1149.72 , 904.67
1156.99 , 878.1
1162.28 , 848.27
1166.44 , 820.51
1170.01 , 793.08
1172.12 , 763.32
1173.34 , 735.62
1175.51 , 708.09
1177.72 , 677.71
796.99 , 683.06
783.05 , 699.6
770.56 , 718.54
762.35 , 737.6
762.6 , 760.54
780 , 771.44
802.29 , 774.5
825.7 , 776.8
847.3 , 781.18
868.65 , 784.22
891.98 , 781.69
914.1 , 777.95
932.6 , 766.34
938.59 , 745.36
930.05 , 726.98
914.97 , 709.29
902.2 , 689.6
747.65 , 886.46
762.55 , 877.8
777.95 , 870.17
793.38 , 862.73
809.75 , 857.86
828.1 , 858.46
846.9 , 858.46
864.12 , 855.23
882.05 , 853.46
899.62 , 855.94
916.62 , 859.7
933.6 , 863.46
950.83 , 866.72
967.58 , 870.97
979.85 , 879.77
965.55 , 890.3
950.17 , 897.94
933.75 , 902.73
916.27 , 905.45
898.95 , 908.47
881.6 , 911.48
864.27 , 914.43
846.45 , 916.48
828.8 , 914.11
811.77 , 910.49
794.58 , 907.14
777.83 , 902.89
762.12 , 896.44
758.65 , 884.96
772.95 , 883.71
786.52 , 880.97
800.23 , 878.47
814.05 , 876.22
828.85 , 875.96
843.05 , 877.45
857.73 , 877.96
871.67 , 875.95
885.62 , 873.98
899.8 , 872.44
914.23 , 871.46
928.33 , 869.78
942.73 , 868.71
957.18 , 869.71
945.08 , 870.44
930.77 , 871.71
916.33 , 872.71
901.55 , 872.94
887.38 , 874.48
873.4 , 876.46
859.2 , 877.96
844.3 , 877.96
829.62 , 877.46
815.2 , 878.46
800.88 , 879.71
786.67 , 881.21
773.22 , 884.21
933.55 , 605.16
941.2 , 596.27
950.45 , 589.53
959.5 , 582.21
968.92 , 576.03
979.4 , 572.63
990.82 , 571.16
1002.6 , 571.91
1013 , 575.38
1022.65 , 580.98
1031.23 , 589.56
1035.26 , 599.72
1025.3 , 604.66
1014.77 , 607.91
1003.47 , 609.66
991.35 , 609.66
979.45 , 609.16
967.9 , 607.9
956.88 , 605.66
945.32 , 604.41
759.85 , 602.07
753.17 , 593.91
744.45 , 588.71
734.77 , 585.96
724.5 , 584.47
713.62 , 584.22
703.35 , 585.69
694.07 , 589.38
685.37 , 594.58
677.77 , 602.42
671.47 , 610.72
679.12 , 618.46
688.12 , 623
698.27 , 624.72
709.14 , 624.97
719.67 , 623.96
729.6 , 621.71
739.62 , 619.74
749.14 , 616.75
757.99 , 612.06
886.65 , 550.31
892.95 , 531.24
908.3 , 515.38
926.5 , 506.3
946.65 , 502.06
967.92 , 500.06
989.65 , 499.06
1011.52 , 498.31
1033.4 , 499.06
1054.53 , 501.32
1073.55 , 507.84
1073.28 , 527.07
1052.62 , 530.31
1030.62 , 529.81
1009 , 531.06
987.38 , 529.81
966 , 531.53
945.22 , 534.53
925.17 , 539.05
905.47 , 544.28
791.34 , 534.41
775.92 , 522.76
756.99 , 519.78
737.32 , 518.26
717.07 , 518.51
697.27 , 519.78
678.72 , 523.52
661.19 , 529.26
644.49 , 537.47
628.59 , 547.64
612.19 , 556.51
627.32 , 568.91
645.97 , 565.51
662.69 , 557.26
680.29 , 551.79
699.14 , 548.55
718.42 , 546.28
738.07 , 544.77
758.09 , 545.51
778.22 , 545.01
