2801477372_1
524.4 , 465.31
523.88 , 488.81
523.57 , 512.96
523.39 , 539.45
522.23 , 563.88
523.75 , 589.85
528.52 , 612.41
533.49 , 638.3
537.72 , 661.7
541.26 , 687.27
545.89 , 712.7
553.61 , 735.05
563.25 , 758.28
573.98 , 780.85
589.88 , 801.74
609.07 , 817.88
630.07 , 831.9
652.29 , 842.58
676.81 , 848.31
700.21 , 850.08
724.97 , 848.5
749.43 , 845.42
775.24 , 840.96
799.22 , 836.29
823.7 , 830.67
847.94 , 824.82
872.12 , 818.2
897.34 , 810.7
919.5 , 802.5
942.1 , 791.86
963.48 , 779.2
986.27 , 764.76
1005.57 , 749.03
1019.92 , 729.65
1031.43 , 709.03
1042.56 , 686.15
1052.14 , 662.17
1059.75 , 637.75
1064.27 , 612.64
1068.4 , 589.05
1073.09 , 563.31
675.5 , 413.25
663.63 , 435.39
646.65 , 454.58
632.32 , 475.97
621.02 , 497.94
614.73 , 522.67
633.13 , 537.65
653.73 , 555.27
677.87 , 556.42
703.33 , 557.73
730.57 , 560.82
754.52 , 556.97
771.85 , 537.85
773.65 , 514.16
769.76 , 487.31
765.77 , 461.22
766.29 , 435.35
606.2 , 619.31
620.48 , 612.3
634.12 , 603.62
648.88 , 597.88
665.73 , 599.06
680.1 , 605.96
695.85 , 609.58
711.15 , 614.02
726.83 , 617.84
742.75 , 621.08
757.25 , 627.57
772.23 , 632.55
787.5 , 637.06
803.3 , 640.54
801.27 , 655.76
787.58 , 664.44
773.15 , 671.1
758.73 , 677.81
743.28 , 681.99
727.48 , 685.56
710.7 , 687.06
693.8 , 685.91
678.25 , 681.84
663.62 , 675.8
649.35 , 668.56
635.98 , 659.08
623.78 , 646.63
613.8 , 633.43
609.7 , 619.06
624.23 , 618.31
637.28 , 622.09
650.55 , 625.41
664.78 , 626.81
678.95 , 628.31
693.25 , 629.55
707.18 , 631.56
720.73 , 634.31
734.08 , 637.58
747.65 , 640.27
762 , 641.35
776.8 , 641.56
791.45 , 641.06
800.15 , 642.31
785.5 , 642.81
771.45 , 644.56
757.88 , 647.31
743.48 , 648.31
728.95 , 649.06
714.4 , 649.81
699.62 , 649.56
685.23 , 648.56
671.35 , 646.47
658.83 , 641.47
647.2 , 634.06
634.88 , 628.49
622.25 , 623.83
815.64 , 404.23
822.84 , 399.02
831.29 , 396.83
840.24 , 395.73
849.59 , 395.98
858.59 , 396.99
867.19 , 398.77
875.24 , 401.76
882.94 , 405.74
890.41 , 410.24
897.82 , 414.94
892.97 , 420.48
883.49 , 420.47
874.39 , 419.73
865.47 , 418.55
856.87 , 416.72
848.74 , 414.08
840.66 , 411.24
832.41 , 408.74
824.39 , 405.73
665.04 , 370.81
660.84 , 363.88
653.77 , 359.94
646.52 , 356.44
638.57 , 354.69
630.35 , 353.44
621.65 , 353.19
612.85 , 353.19
604.27 , 353.7
596.8 , 356.51
591.15 , 362.94
597.2 , 369.25
604.17 , 373.45
611.65 , 376.19
619.6 , 377.94
628.08 , 378.69
636.4 , 379.69
644.85 , 380.44
653.3 , 379.69
661.17 , 377.68
724.38 , 357.65
732.11 , 329.66
761.28 , 323.9
792.75 , 322.9
824.61 , 323.15
852.78 , 330.88
881.13 , 338.4
908.11 , 348.64
933.96 , 362.41
959.15 , 377.68
982.51 , 398.25
977.61 , 425.63
949.08 , 418.42
922.43 , 407.19
895.96 , 395.22
869 , 384.87
841.73 , 375.49
813.61 , 367.65
782.13 , 368.65
750.63 , 369.65
718.41 , 341.95
706.1 , 327.69
691.45 , 316.27
675.95 , 307.3
659.4 , 301.33
641.95 , 297.08
624.27 , 293.33
606.6 , 289.58
587.6 , 288.55
570.88 , 294.18
557 , 307.58
564.75 , 323.53
581.25 , 329.58
600.38 , 330.33
618.9 , 332.33
636.58 , 336.08
653.6 , 341.11
670.48 , 346.32
686.2 , 354.79
705.17 , 355.85
