2803552761_1
806.19 , 672.13
820.15 , 704.26
833.83 , 736.4
846.76 , 768.98
857.18 , 805.11
866.7 , 840.78
877.38 , 874.17
890.04 , 908.2
904.5 , 940.44
922.78 , 972.02
943.76 , 1001.77
968.16 , 1028.6
992.87 , 1050.55
1021.52 , 1073.28
1050.94 , 1091.96
1088.5 , 1103.67
1120.6 , 1111.61
1155.88 , 1116.61
1193.14 , 1121.35
1230.27 , 1120.9
1263.35 , 1112.75
1299.16 , 1103.62
1333.86 , 1093.53
1367.03 , 1081.35
1399.12 , 1067.71
1430.33 , 1048.44
1459.37 , 1026.12
1488.55 , 1002.8
1513.76 , 979.73
1539.82 , 952.49
1561.33 , 925.52
1579.95 , 896.32
1598.73 , 862.53
1614.26 , 831.27
1628.37 , 799.28
1640.26 , 766.57
1652.99 , 730.35
1664.12 , 697.25
1675.56 , 662.08
1686.55 , 629.84
1696.9 , 592.3
1052.93 , 683.18
1038.6 , 712.11
1017.02 , 736.97
1003.45 , 767.2
1006.62 , 801.36
1026 , 828.51
1058.63 , 841.63
1091.94 , 852.65
1124.91 , 852.07
1159.54 , 847.51
1193.46 , 845.3
1225.45 , 840.55
1254 , 821.1
1263.88 , 788.73
1250.06 , 758.45
1228.94 , 731.12
1206.03 , 705.36
1057.5 , 932.45
1082.75 , 938.7
1110.88 , 938.95
1138.53 , 937.7
1166.4 , 938.45
1194.17 , 939.45
1221.8 , 938.2
1248.6 , 935.2
1275.4 , 932.2
1302.42 , 929.7
1329.22 , 926.7
1356.88 , 925.45
1383.18 , 929.46
1369.55 , 950.89
1348.85 , 968.88
1327.55 , 985.19
1305.55 , 999.43
1282.75 , 1011.7
1259.3 , 1021.92
1235.53 , 1031.19
1211.28 , 1039.2
1186 , 1045.45
1160.53 , 1039.7
1137.05 , 1029.46
1114.78 , 1015.98
1092.97 , 1001.17
1072.74 , 981.93
1061.76 , 958.65
1057.39 , 932.45
1075.57 , 940.94
1094.59 , 947.16
1114.42 , 951.96
1135.07 , 954.95
1156.59 , 956.16
1178.44 , 955.7
1200.44 , 955.95
1221.59 , 957.95
1242.74 , 959.96
1264.02 , 959.2
1283.72 , 954.38
1303.37 , 949.2
1323.54 , 945.18
1323.77 , 954.95
1305.39 , 962.95
1286.79 , 970.3
1267.59 , 976.19
1247.32 , 979.95
1226.39 , 982.45
1205.54 , 985.05
1185.09 , 988.45
1164.09 , 989.66
1144.14 , 985.2
1125.52 , 977.95
1107.44 , 968.99
1089.59 , 959.38
1072.31 , 948.38
1264.95 , 551.19
1276.11 , 535.51
1291.48 , 523.41
1307.83 , 514.06
1324.83 , 506.47
1343.05 , 501.7
1362.58 , 499.69
1383.08 , 499.69
1402.5 , 501.93
1420 , 507.98
1436.14 , 517.85
1430.2 , 535.37
1414.98 , 547.66
1398.25 , 556.15
1380.48 , 561.7
1361.18 , 564.19
1341.15 , 563.19
1321.25 , 561.94
1302.1 , 559.18
1283.62 , 554.93
1029.43 , 533.55
1019.3 , 520.63
1005.83 , 512.17
991.42 , 506.28
976.7 , 501.36
960.98 , 498.35
944.62 , 496.6
927.67 , 497.1
912.05 , 500.33
897.88 , 506.97
884.75 , 516.35
897.05 , 528.15
909.55 , 539.41
923.15 , 547.5
938.5 , 551.35
955.33 , 552.1
972.4 , 551.85
989.25 , 551.1
1005.83 , 549.85
1021.47 , 546.62
1246.45 , 473.1
1260.94 , 449.92
1284.78 , 437.04
1309.12 , 425.42
1333.9 , 415.33
1359.83 , 407.88
1387.73 , 404.35
1416.73 , 403.1
1445.12 , 405.6
1472.18 , 410.86
1496.77 , 421.91
1496.95 , 446.85
1469.28 , 450.35
1440.65 , 448.35
1411.53 , 447.32
1382.78 , 449.1
1355.35 , 453.61
1328.53 , 459.37
1301.72 , 465.08
1275.83 , 472.6
1009.32 , 472.12
992.59 , 456.3
973.51 , 446.81
953.94 , 439.06
934.24 , 431.54
914.37 , 424.54
893.91 , 418.72
872.01 , 415.79
849.34 , 417.19
829.57 , 424.44
812.24 , 438.54
834.37 , 441.04
855.22 , 446.27
875.99 , 451.54
897.49 , 455.29
918.76 , 459.53
938.74 , 466.29
958.76 , 472.81
978.54 , 480.05
998.07 , 488.07
