280470249_1
963.75 , 1088.35
977.87 , 1129.5
990.86 , 1170.21
1005.05 , 1213.39
1027.88 , 1255.05
1052.58 , 1290.85
1077.43 , 1330.66
1096.43 , 1369.57
1119.05 , 1409.4
1132.9 , 1452.99
1141.99 , 1493.58
1161.62 , 1537.47
1177.38 , 1578.16
1196.74 , 1618.6
1226.22 , 1652.28
1261.4 , 1681.65
1299.71 , 1705.11
1341.5 , 1720.04
1385.35 , 1711
1426 , 1695.25
1470.86 , 1682.88
1515.32 , 1673.56
1556.51 , 1661.05
1599.75 , 1643.65
1639.36 , 1623.91
1675.79 , 1601.4
1714.71 , 1573.37
1750.17 , 1548.93
1784.25 , 1522.18
1816.54 , 1491.12
1849.87 , 1455.57
1879.55 , 1421.75
1908.19 , 1389.94
1926.47 , 1346.92
1940.23 , 1304.61
1954.18 , 1262.87
1969.22 , 1219.7
1982.7 , 1177.75
1996.04 , 1133.9
2007.27 , 1091.82
2018 , 1045.39
1097.25 , 1182.5
1082.97 , 1212.65
1077.65 , 1247.2
1083.84 , 1281.77
1108.48 , 1306.12
1140.95 , 1319.05
1177.78 , 1322.89
1209.93 , 1326.33
1246.54 , 1324.59
1283.07 , 1321.74
1314.75 , 1314.54
1348.98 , 1302.39
1370.73 , 1273.93
1371.05 , 1239.98
1362.51 , 1205.29
1348.81 , 1174.64
1323.14 , 1146.6
1164.55 , 1427.85
1192.12 , 1428.85
1217.52 , 1434.35
1244.02 , 1437.6
1271.6 , 1436.6
1299.55 , 1436.85
1325.67 , 1440.84
1351.67 , 1445.09
1378.88 , 1443.35
1406.1 , 1441.6
1433.92 , 1441.1
1462 , 1441.1
1483.38 , 1453.03
1463.2 , 1471.94
1442.75 , 1490.13
1421.5 , 1506.13
1400.4 , 1522.47
1378.53 , 1536.62
1355.25 , 1546.87
1330.62 , 1553.82
1304.62 , 1558.13
1278.6 , 1553.89
1254.03 , 1546.83
1230.32 , 1537.88
1209.62 , 1520.42
1191.05 , 1500.1
1175.29 , 1478.77
1166.3 , 1455.07
1181.8 , 1441.1
1197.22 , 1447.28
1213.22 , 1452.28
1229.33 , 1457.09
1245.97 , 1460.83
1262.45 , 1465.12
1279.47 , 1468.1
1296.97 , 1466.63
1314.35 , 1464.35
1332.22 , 1463.08
1350.25 , 1464.06
1368.58 , 1464.35
1386.7 , 1463.58
1404.67 , 1462.6
1417.55 , 1462.35
1400.53 , 1465.35
1382.53 , 1464.85
1365.28 , 1467.36
1349.03 , 1471.85
1331.53 , 1473.86
1313.65 , 1474.61
1296.03 , 1472.85
1278.88 , 1470.09
1261.2 , 1468.5
1245.38 , 1463.1
1228.95 , 1458.83
1212.45 , 1454.75
1196.5 , 1449.59
1383.05 , 947.77
1396.74 , 927.07
1416.35 , 910.22
1437.2 , 896.86
1459.75 , 888.31
1483.8 , 882.77
1509.3 , 880.27
1535.28 , 881.77
1560.3 , 885.27
1582.42 , 895.27
1600.14 , 914.35
1601.07 , 940.01
1579.88 , 952.45
1556.25 , 958.81
1532.28 , 964.52
1507.03 , 967.52
1480.55 , 967.02
1455.55 , 963.52
1430.9 , 959.27
1405.4 , 956.8
1170.03 , 916.83
1163.2 , 902.68
1152.48 , 889.99
1138.92 , 881.69
1123.55 , 877.81
1106.7 , 877.06
1089.58 , 877.31
1072.97 , 878.56
1058.18 , 883.44
1046.46 , 895.63
1041.8 , 910.56
1045.81 , 925.86
1056.92 , 938.46
1071.17 , 944.93
1087.1 , 947.55
1103.97 , 946.81
1119.75 , 943.8
1135.28 , 940.31
1151.3 , 937.81
1165.72 , 931.88
1296.64 , 724.02
1336.47 , 704.21
1379.59 , 692.54
1426.67 , 689.02
1474.52 , 690.4
1520.79 , 695.52
1564.34 , 706.25
1605.14 , 723.27
1643.72 , 746.31
1679.82 , 776.2
1693.12 , 805.25
1654.02 , 783.51
1614.94 , 761.81
1574.34 , 744
1530.17 , 735.02
1482.74 , 737.74
1438.37 , 746.77
1394.64 , 757.27
1351.89 , 769.52
1304.12 , 769.14
1098.55 , 766.81
1088.77 , 753.54
1074.14 , 747.11
1059.02 , 742.09
1043.1 , 738.58
1025.6 , 738.33
1010.02 , 742.59
995.9 , 750.49
983.24 , 762.41
973.2 , 775.73
966.01 , 790.16
963.07 , 806.33
978.85 , 804.06
991.12 , 791.57
1005.55 , 784.35
1022.39 , 782.83
1039.92 , 782.58
1057.52 , 782.58
1074.92 , 783.08
1091.57 , 781.08
