280470418_1
855.06 , 674.12
847.09 , 708
836.44 , 744.69
826.74 , 779.22
815.65 , 812.99
804.14 , 849.4
795.99 , 882.58
790.04 , 919.24
790.47 , 955.46
798.01 , 989.9
811.32 , 1026.98
823.69 , 1058.74
835.5 , 1094.95
855 , 1125.69
876.89 , 1155.76
889.84 , 1187.4
906.19 , 1222.47
931.28 , 1247.82
963.22 , 1267.5
992.23 , 1285.34
1027.88 , 1300.53
1062.6 , 1303.93
1100.72 , 1301.91
1133.88 , 1300.86
1173.26 , 1299.33
1208.76 , 1297.4
1243 , 1292.24
1280.73 , 1279.19
1313.85 , 1266.08
1345.64 , 1251.2
1377.19 , 1233.93
1411.68 , 1214.59
1440.07 , 1194.43
1466.09 , 1169.67
1490.35 , 1140.05
1509.3 , 1110.71
1527.53 , 1077.23
1543.91 , 1046.42
1562.2 , 1012.61
1579.13 , 982.28
1598.25 , 948.73
1073.63 , 879.3
1056.65 , 894.44
1036.68 , 907.58
1024.33 , 928.82
1024.06 , 952.83
1039.16 , 970.75
1062.31 , 983.69
1084.13 , 993.37
1105.95 , 1001.9
1129.93 , 1008.93
1154.9 , 1013.44
1178.45 , 1015.95
1202.19 , 1011.12
1220.9 , 995.63
1224.18 , 971.24
1216.21 , 949.41
1203.22 , 927.15
943.39 , 997.64
965.66 , 1013.92
988.79 , 1027.8
1013.26 , 1038.01
1038.64 , 1045.89
1064.46 , 1052.96
1090.59 , 1059.6
1115.14 , 1069.64
1139.82 , 1079.13
1164.84 , 1087.66
1190.16 , 1095.65
1215.59 , 1103.41
1241.89 , 1109.64
1264.24 , 1119.26
1241.19 , 1133.35
1216.87 , 1144.14
1190.66 , 1150.65
1163.84 , 1155.68
1136.37 , 1159.39
1107.91 , 1160.66
1081.09 , 1155.61
1056.47 , 1145.9
1033.01 , 1132.77
1011.64 , 1113.89
993.38 , 1092.29
977.76 , 1069.79
965.12 , 1046.12
953.4 , 1022.12
951.14 , 1016.39
970.74 , 1025.4
990.16 , 1035.16
1009.74 , 1044.4
1029.74 , 1052.24
1049.34 , 1061.35
1069.14 , 1069.89
1089.16 , 1077.66
1109.49 , 1084.61
1130.04 , 1091.14
1151.39 , 1096.14
1173.37 , 1099.89
1195.26 , 1103.76
1216.07 , 1109.82
1225.87 , 1121.39
1203.16 , 1123.63
1181.57 , 1128.12
1159.34 , 1130.89
1136.16 , 1129.65
1114.47 , 1125.42
1093.79 , 1119.05
1073.82 , 1111.08
1054.14 , 1102.14
1034.84 , 1092.11
1016.51 , 1079.52
998.46 , 1066.19
980.89 , 1051.39
964.45 , 1034.44
1258.5 , 851.21
1272.6 , 842.12
1290.15 , 842.97
1305.9 , 847.74
1321.4 , 852.86
1336.7 , 858.66
1351.78 , 865.22
1367.25 , 870.46
1383.38 , 874.58
1398.95 , 879.73
1410.15 , 891.8
1395.35 , 899.12
1378.85 , 902.46
1361.45 , 903.96
1343.6 , 903.49
1326.72 , 900.94
1311.2 , 895.7
1296.85 , 887.28
1283.1 , 877.05
1270.23 , 864.44
1070.61 , 795.11
1065.07 , 783.86
1054.07 , 775.86
1043.14 , 767.65
1031.97 , 760.21
1020.97 , 752.21
1009.82 , 744.62
998.17 , 738.38
986.01 , 733.63
972.32 , 732.14
961.09 , 739.37
964.34 , 752.25
971.69 , 763.49
982.16 , 772.94
993.24 , 780.74
1004.74 , 787.36
1016.69 , 792.71
1029.62 , 795.87
1043.19 , 797.61
1057.52 , 797.87
1284.75 , 773.49
1302.35 , 760.49
1324.8 , 758.99
1345.62 , 764.01
1365.83 , 769.99
1385.67 , 776.71
1405.05 , 784.75
1423.75 , 794.74
1441.67 , 806.9
1458.32 , 822.57
1471.6 , 840.06
1458.08 , 845.04
1439.95 , 833.47
1421.1 , 823.83
1401.3 , 816.99
1381.22 , 810.74
1360.42 , 805.74
1338.67 , 802.73
1317.67 , 798.26
1298.03 , 791.02
1104.52 , 712.4
1092.16 , 696.8
1078.02 , 682.18
1062.41 , 669.79
1046.69 , 657.79
1030.87 , 646.02
1013.91 , 637.28
995.34 , 632.53
974.54 , 632.63
955.59 , 636.57
937.64 , 642.28
951.34 , 657.29
970.74 , 660.27
990.39 , 662.78
1008.37 , 668.54
1025.46 , 676.84
1041.79 , 687.19
1057.91 , 698.04
1073.96 , 709.04
1091.04 , 717.44
