2805324803_1
1025.62 , 1184.33
1019.63 , 1221.22
1020.33 , 1262.55
1025.4 , 1302.72
1030.28 , 1342.37
1036.66 , 1383.61
1045.93 , 1421.82
1059.37 , 1457.85
1076.07 , 1495.33
1092.92 , 1531.22
1114.27 , 1568.04
1136.63 , 1602.75
1161.9 , 1633.97
1182.49 , 1668.79
1204.46 , 1698.74
1233.07 , 1726.82
1266.63 , 1753.55
1299.16 , 1776.83
1335.96 , 1788.92
1378.22 , 1789.05
1417.43 , 1784.1
1456.44 , 1773.09
1490.73 , 1757.15
1527.67 , 1738.43
1562.1 , 1715.35
1588.76 , 1684.92
1617.04 , 1656.66
1640.79 , 1627.15
1665.05 , 1592.82
1685.3 , 1559.75
1710.75 , 1529.42
1738.11 , 1497.16
1754.67 , 1461.82
1768.5 , 1424.34
1786.69 , 1387.96
1805.37 , 1351.35
1809.97 , 1309.29
1815.29 , 1269.51
1818.15 , 1230.61
1817.57 , 1192.14
1814.29 , 1148.55
1281.27 , 1184.06
1272.46 , 1210.86
1259.82 , 1239.2
1247.82 , 1267.23
1259.14 , 1293.14
1287.96 , 1303.43
1315.97 , 1314.38
1345.25 , 1321.86
1372.24 , 1318.83
1400.66 , 1305.69
1430.37 , 1296.92
1460.73 , 1297.03
1479.43 , 1278.58
1479.47 , 1248.31
1472.4 , 1217.72
1458.67 , 1191.31
1440.82 , 1165.52
1225.89 , 1464.67
1241.75 , 1444.08
1263.54 , 1431.43
1286.42 , 1421.91
1311.94 , 1418.13
1338.39 , 1416.17
1364.22 , 1419.42
1390.27 , 1422.18
1416.19 , 1419.67
1441.52 , 1415.39
1468.54 , 1415.67
1493.52 , 1420.64
1517.34 , 1427.88
1540.51 , 1436.54
1554.01 , 1454.04
1531.52 , 1464.79
1509.49 , 1476.86
1487.37 , 1488.69
1464.91 , 1499.65
1441.87 , 1508.69
1417.77 , 1515.42
1392.12 , 1518.9
1365.66 , 1516.93
1341.04 , 1511.19
1316.66 , 1504.93
1292.99 , 1497.39
1269.59 , 1489.41
1248.64 , 1474.42
1240.89 , 1458.42
1260.84 , 1452.66
1283.07 , 1451.42
1305.04 , 1453.17
1325.92 , 1457.18
1346.17 , 1462.44
1366.17 , 1468.19
1387.34 , 1471.63
1408.27 , 1467.8
1429.07 , 1463.7
1448.94 , 1457.65
1468.64 , 1451.42
1489.89 , 1448.17
1512.47 , 1448.17
1534.32 , 1450.19
1513.87 , 1449.67
1491.49 , 1450.57
1469.82 , 1452.92
1449.52 , 1458.17
1429.34 , 1463.67
1409.09 , 1468.96
1387.72 , 1471.92
1365.37 , 1470.91
1345.37 , 1465.16
1325.82 , 1458.6
1305.49 , 1453.42
1283.39 , 1451.92
1261.16 , 1453.16
1472.2 , 1006.12
1479.92 , 987.39
1493.4 , 970.68
1510.08 , 957.13
1528.48 , 948.1
1548.4 , 942.87
1569.03 , 939.12
1590 , 942.11
1609.45 , 948.12
1626.95 , 959.37
1639.94 , 976.27
1648.64 , 994.71
1631.28 , 1006.36
1612.08 , 1012.84
1592.78 , 1019.12
1572.72 , 1024.12
1551.75 , 1027.12
1530.28 , 1025.11
1509.93 , 1020.85
1491.38 , 1012.39
1270.11 , 1018.42
1260.28 , 1003.59
1245.11 , 992.17
1229.56 , 981.91
1213.31 , 973.41
1196.26 , 967.32
1177.78 , 964.1
1158.83 , 965.92
1140.96 , 970.39
1125.54 , 981.02
1116.24 , 996.79
1113.36 , 1015.42
1126.46 , 1030.02
1142.34 , 1039.4
1160.98 , 1042.3
1180.21 , 1040.92
1199.16 , 1038.65
1218.18 , 1036.6
1236.81 , 1033.69
1254.68 , 1029.15
1426.85 , 882.3
1446.26 , 849.6
1480.12 , 832.8
1519.4 , 828.55
1559.52 , 831.05
1598.32 , 836.3
1635.7 , 844.58
1670 , 859.71
1702.7 , 879.31
1731.6 , 908.55
1748.41 , 942.38
1753.92 , 980.11
1717.32 , 970.27
1687.07 , 943.79
1654.45 , 924.14
1619.5 , 910.95
1584 , 899.31
1545.57 , 893.3
1506.27 , 889.05
1467.12 , 884.55
1253.98 , 892.6
1238.65 , 867.12
1209.9 , 856.37
1178.65 , 850.88
1145.2 , 850.88
1113.8 , 856.15
1085.4 , 867.7
1059.69 , 886.93
1037.54 , 911.58
1022.97 , 939
1017.25 , 970.13
1025.51 , 1000.06
1053.91 , 1004.48
1066.72 , 976.43
1079.65 , 948.48
1103.47 , 925.37
1132.9 , 916.37
1165.97 , 914.63
1199.78 , 914.38
1232.97 , 912.89
