2805684771_1
274.25 , 509.68
277.42 , 523.76
281.75 , 539.25
287.99 , 554.42
294.3 , 568.11
301.42 , 583.16
309.09 , 595.96
317.96 , 609.59
326.34 , 623.06
334.17 , 636.56
341.54 , 650.31
349 , 664.15
359.29 , 677.16
369.18 , 689.43
378.41 , 702.61
387.13 , 715.25
396.44 , 727.37
408.73 , 737.87
423.15 , 744.39
438.89 , 747.65
454.69 , 748.05
470.87 , 746.37
485.49 , 742.77
501.3 , 737.47
514.87 , 730.34
526.18 , 720.61
537.94 , 709.85
547.65 , 697.2
556.23 , 683.49
565.6 , 669.87
574.26 , 656.98
583.49 , 644.96
592.44 , 630.81
599.36 , 617.12
605.51 , 603.03
610.19 , 588.43
613.78 , 572.43
618.39 , 557.32
621.62 , 542.34
623.14 , 526.68
626.14 , 509.55
445.9 , 469.85
442.81 , 486.8
436.5 , 502.43
432.56 , 519.54
432.29 , 536.8
439.79 , 553.88
455.31 , 560.39
471.91 , 567.61
489.03 , 570.51
505.76 , 565.27
522.01 , 557.39
534.53 , 544.46
537.54 , 528.36
529.6 , 511.4
524.03 , 495.55
517.81 , 478.79
512.94 , 461.05
372.65 , 589.39
387.45 , 587.39
402.62 , 588.64
417.17 , 591.14
432 , 593.14
447.52 , 592.64
462.45 , 590.89
477.75 , 591.89
493.05 , 590.89
507.98 , 592.64
523.27 , 593.64
539.04 , 593.65
543.27 , 607.01
538.21 , 620.32
532.15 , 633.34
524.17 , 645.62
512.88 , 656.4
500.2 , 663.38
486.23 , 667.14
470.7 , 667.64
455.4 , 666.64
440.97 , 663.92
427.8 , 658.32
416 , 648.99
404.58 , 638.56
395.09 , 626.84
387.62 , 614.37
380.83 , 601.59
382.65 , 592.39
395.22 , 592.64
406.85 , 594.89
418.47 , 597.13
430.22 , 599.17
442.22 , 600.63
453.97 , 602.67
465.72 , 604.67
477.95 , 605.64
489.82 , 603.87
501.92 , 602.64
514.17 , 601.64
526.65 , 601.14
535.75 , 606.29
527.3 , 615.49
520.15 , 625.14
510.7 , 632.88
500.05 , 637.24
488.47 , 639.64
475.9 , 639.89
463.67 , 638.9
451.92 , 636.9
440.47 , 634.21
429.6 , 630.59
419.12 , 625.63
409.3 , 619.03
400.23 , 610.22
391.8 , 601.04
518.8 , 432.15
523.36 , 425.6
529.4 , 419.56
536.25 , 415.69
543.55 , 413.15
551.15 , 411.12
559.45 , 410.65
567.4 , 411.91
575.02 , 413.88
582.07 , 417.16
588.77 , 421.39
591.45 , 428.12
583.75 , 429.89
575.9 , 431.4
567.95 , 432.65
559.77 , 433.4
551.45 , 433.9
543.15 , 433.4
535.07 , 432.4
526.88 , 433.15
429.27 , 430.03
423.38 , 425.39
417.02 , 422.03
409.88 , 420.52
402.25 , 420.02
394.5 , 419.77
386.88 , 420.28
379.5 , 421.27
372.38 , 422.74
365.88 , 425.74
359.5 , 429.02
365.7 , 432.73
372.15 , 435.93
379 , 438.02
386.75 , 438.27
394.25 , 437.52
401.75 , 436.77
409.12 , 435.74
416.62 , 435.03
424.37 , 434.77
513.26 , 395.7
521.26 , 388.45
530.09 , 383.39
539.21 , 379.25
548.91 , 376.43
558.76 , 373.95
568.84 , 371.96
579.18 , 370.45
589.86 , 371.2
599.64 , 373.83
604.33 , 382.13
594.53 , 384.7
583.99 , 385.72
573.99 , 387.97
564.26 , 390.7
554.28 , 392.94
544.74 , 395.97
535.56 , 399.92
526.51 , 404.45
516.01 , 405.4
440.59 , 407.91
440.67 , 394.17
429.31 , 385.65
416.79 , 380.39
403.51 , 376.94
389.62 , 374.66
375.21 , 373.41
360.84 , 374.7
347.91 , 378.89
335.84 , 385.48
324.41 , 393.88
313.64 , 403.91
327.79 , 402.16
341.71 , 399.91
355.62 , 397.66
370.49 , 397.91
385.49 , 397.91
399.64 , 399.66
413.31 , 402.34
426.09 , 406.93
