131853693_1
519.6 , 695.5
525.19 , 716.98
530.03 , 739.91
532.95 , 761.7
534.42 , 784.32
536.47 , 807.28
541.72 , 829.58
549.58 , 851.29
558.65 , 873.71
570.16 , 891.14
588.59 , 907.71
604.3 , 922.08
623.56 , 936.82
642.44 , 950.03
660.83 , 962.83
680.21 , 973.9
700.99 , 985.22
721.82 , 995.61
743.34 , 1004.09
766.18 , 1005.77
788.97 , 1001.57
809.84 , 994.12
829.1 , 982.76
848.56 , 969.76
866.46 , 956.76
889.09 , 951.53
908.53 , 938.94
927.06 , 925.41
942.43 , 909.69
959.78 , 892.35
976.66 , 877.37
993.67 , 860.83
1008.01 , 845.58
1019.86 , 824.71
1025.28 , 803.83
1029.95 , 779.28
1033.73 , 758.55
1037.66 , 734.68
1039.88 , 712.34
1041.37 , 690.22
1042.45 , 665.15
674.75 , 694.35
665.35 , 706.65
657.25 , 720.54
655.16 , 735.49
659.44 , 751.19
672.05 , 760.17
687.83 , 767.75
702.95 , 769.42
720.16 , 769.52
734.37 , 765.6
749.25 , 757.36
765.47 , 754.91
778.07 , 747.04
784.11 , 731.3
781.75 , 716.05
772.35 , 703.69
759.9 , 691.71
653.73 , 840.91
665.06 , 829.08
676.75 , 817.38
689.73 , 809.16
705.21 , 806.91
721.38 , 807.66
737.58 , 806.91
753.43 , 808.41
768.65 , 811.16
785.08 , 811.42
800.18 , 814.39
812.7 , 823.86
818.73 , 837.63
816.25 , 852.99
810.48 , 866.81
800.11 , 879.01
790.98 , 891.66
778.56 , 901.37
765.03 , 908.12
750.71 , 912.66
735.36 , 915.16
719.15 , 915.91
703.21 , 914.67
689.68 , 907.85
678.14 , 896.09
669.95 , 883.13
662.98 , 869.66
656.98 , 855.91
673.73 , 837.16
682.31 , 830.08
691.5 , 824.65
702.75 , 823.91
713.88 , 824.91
725.36 , 825.16
736.58 , 824.41
748.18 , 824.41
759.4 , 825.16
770.18 , 826.87
780.56 , 829.4
790.83 , 832.14
800.96 , 835.16
808.06 , 842.6
798.73 , 847.66
789.73 , 853.66
781.13 , 860.73
772.28 , 867.12
762.73 , 871.66
752.23 , 873.91
741.58 , 875.91
730.23 , 875.41
719.23 , 874.16
707.83 , 874.26
697.58 , 871.41
688.65 , 865.33
681.49 , 856.73
678.5 , 846.61
809.62 , 637.8
814.43 , 630.75
821.17 , 625
828.45 , 620.74
836.12 , 617.55
844.45 , 615.77
853.25 , 615.05
861.92 , 616.05
870.37 , 617.55
878.6 , 619.53
886.19 , 623.07
887.44 , 630.99
879.72 , 633.96
871.57 , 636.09
863.32 , 638.05
854.52 , 638.8
845.47 , 639.05
836.42 , 639.3
827.25 , 639.3
818.32 , 638.8
659.88 , 652.27
659.35 , 644.6
653.16 , 638.39
646 , 634.51
638.5 , 631.5
630.43 , 629.77
621.65 , 629.52
612.86 , 629.24
604.8 , 631.01
597.18 , 633.61
590 , 637.55
585.03 , 644.27
592.18 , 648.18
599.48 , 651.78
608.03 , 652.52
616.55 , 653.27
625.45 , 653.27
634.13 , 652.77
642.65 , 652.02
651.33 , 651.52
757.69 , 593.31
769.5 , 577.5
787.52 , 571.74
805.99 , 566.82
825.79 , 564.53
846.42 , 565.06
866.82 , 566.06
887.57 , 566.31
907.94 , 567.31
927.24 , 570.58
944.82 , 577.68
938.64 , 591.81
918.14 , 592.56
897.39 , 592.81
876.99 , 593.81
856.24 , 593.56
835.89 , 594.6
816.07 , 596.78
796.29 , 599.06
775.59 , 599.22
660.33 , 602.97
657.38 , 590.84
644.61 , 585.81
630.9 , 582.61
616.88 , 580.24
601.9 , 579.75
587.68 , 581.72
574.28 , 585.49
561.05 , 589.5
548.25 , 594.5
536.53 , 602.49
533.53 , 616.24
548.15 , 616.61
561 , 611.75
574.53 , 608.24
588.78 , 606.24
602.53 , 603.24
617 , 601.74
631.38 , 603.49
645.98 , 604.74
