2806176202_1
1057.86 , 917.88
1041.22 , 958.25
1027.43 , 1007.84
1018.62 , 1051.99
1011.97 , 1102.11
1009.83 , 1147.89
1011.25 , 1197.42
1016.3 , 1247.86
1023.7 , 1292.92
1033.61 , 1341.05
1045.32 , 1388.78
1060.54 , 1435.12
1082.25 , 1476.32
1106.6 , 1516.23
1133.26 , 1554.45
1168.65 , 1593.88
1200.68 , 1629.26
1227.64 , 1664.3
1268.63 , 1694.42
1314.7 , 1708.38
1359.66 , 1718.75
1409.25 , 1732.17
1453.44 , 1741.21
1500.61 , 1733.49
1547.66 , 1713.26
1588.07 , 1691.84
1629.48 , 1664.6
1669.3 , 1638.17
1707.62 , 1607.45
1740.3 , 1574.01
1773.55 , 1536.39
1802.64 , 1498.86
1829.25 , 1460.53
1851.41 , 1420.53
1871.66 , 1372.5
1886.24 , 1329.35
1898.85 , 1281.99
1911.54 , 1233.45
1922.9 , 1189.28
1934.41 , 1143.24
1946.1 , 1092.3
1399.87 , 1026.42
1376.95 , 1050.94
1354.74 , 1079.7
1345.52 , 1113.69
1356.6 , 1144.38
1391.18 , 1157.86
1425.69 , 1167.45
1459.65 , 1178.96
1490.21 , 1190.51
1527.07 , 1190.94
1561.11 , 1188.74
1595.59 , 1189.37
1632.92 , 1182.14
1647.4 , 1151.1
1638.95 , 1116.75
1627.2 , 1082.81
1614.5 , 1049.44
1244.7 , 1294.5
1273.83 , 1309.12
1309.33 , 1309.5
1343.42 , 1306.25
1378.12 , 1304.25
1412.98 , 1302.5
1443.18 , 1313.74
1471.88 , 1329.44
1504.73 , 1324.23
1538.38 , 1319.98
1569.33 , 1329.53
1599.3 , 1341.35
1628.68 , 1355.24
1654.25 , 1371.45
1627.68 , 1393.01
1600.23 , 1411.99
1571.05 , 1426.53
1541.08 , 1438.5
1509.05 , 1446.15
1475.12 , 1449.75
1440.4 , 1447.73
1407.53 , 1441.98
1376.55 , 1432.51
1347.08 , 1419
1318.93 , 1401.97
1292.17 , 1380.97
1267.48 , 1355.55
1250.42 , 1327.38
1247.45 , 1302.75
1272.65 , 1315.96
1299.03 , 1325.75
1327.75 , 1330.75
1355.67 , 1337.5
1383.17 , 1345.01
1409.83 , 1354.03
1436.88 , 1362.26
1465.23 , 1368
1494.43 , 1372
1524.95 , 1373.25
1555.73 , 1372.5
1586.88 , 1372.5
1617.78 , 1372
1647.59 , 1369.25
1618.98 , 1373
1587.95 , 1372.75
1557.05 , 1373.25
1525.9 , 1373.25
1494.88 , 1373
1465.45 , 1369.5
1437.43 , 1363
1410.35 , 1354.78
1383.72 , 1345.75
1355.7 , 1339.25
1327.35 , 1333.49
1299.22 , 1327.25
1270.08 , 1323.15
1648.79 , 904.9
1663.57 , 897.89
1678.34 , 890.61
1693.29 , 883.9
1709.44 , 880
1727.07 , 879.15
1744.12 , 881.22
1759.84 , 885.92
1774.51 , 893.38
1788.21 , 903.57
1801.09 , 915.95
1797.29 , 930.65
1779.62 , 931.4
1761.94 , 932.15
1744.62 , 930.72
1727.64 , 928.5
1711.16 , 925.27
1695.09 , 921.19
1679.01 , 917.13
1663.59 , 911.93
1399.83 , 864.2
1400.1 , 849.95
1386.77 , 838.12
1373.32 , 826.67
1359.55 , 816.16
1344.97 , 807.98
1329.22 , 802.96
1312.05 , 800.7
1294.15 , 801.45
1278.2 , 806.19
1263.6 , 814.45
1252.35 , 827.95
1266.72 , 836.79
1281.55 , 844.41
1296.92 , 850.46
1313.38 , 854.2
1330.67 , 856.18
1348.07 , 857.95
1365.38 , 859.95
1382.55 , 862.2
1671.65 , 774.68
1692.37 , 745.94
1728.58 , 742.93
1762.85 , 749.93
1797.25 , 756.67
1831.75 , 763.21
1863.8 , 774.59
1892.32 , 796.09
1914.9 , 824.18
1932.66 , 854
1941.42 , 887.45
1934.52 , 921.28
1903.84 , 905.62
1882.9 , 876.93
1858.8 , 849.43
1827.95 , 834.2
1795.08 , 824.45
1761.9 , 815.18
1726.28 , 810.93
1692.23 , 803.45
1508.6 , 765.19
1498.24 , 719.54
1457.85 , 696.44
1414.75 , 681.19
1368.62 , 671.94
1321.62 , 664.44
1272.8 , 660.69
1225.07 , 666.68
1182.6 , 683.69
1145.01 , 714.55
1122.76 , 755.29
1109.6 , 799.44
1150.35 , 778.19
1189.8 , 752.73
1233.07 , 737.94
1282.12 , 734.69
1332.02 , 736.2
1375.4 , 750.71
1418.5 , 765.96
1463.77 , 777.18
