2807842663_1
410 , 696.5
407.71 , 733.97
408.94 , 777.43
421.43 , 817.59
437.42 , 857.68
443.6 , 898.99
459.98 , 935.93
478.16 , 971.46
500.06 , 1008.12
526.28 , 1042.55
553.75 , 1072.06
582.38 , 1102.74
614.32 , 1130.27
646.62 , 1154.67
681.71 , 1181.36
714.47 , 1201.28
753.95 , 1223.32
787.15 , 1245.27
824.83 , 1262.97
865.76 , 1276.73
904.12 , 1284.94
946.8 , 1282.25
989.62 , 1277.68
1027.37 , 1265.78
1064.23 , 1242.08
1093.2 , 1211.3
1119.95 , 1179.15
1143.77 , 1145.97
1170.47 , 1112.58
1191.45 , 1078.53
1215.26 , 1041.81
1233.29 , 1005.06
1246.95 , 968.85
1258.75 , 926.96
1271.82 , 885.99
1281.92 , 845.21
1294.68 , 805.13
1307.49 , 767.3
1314.26 , 724.91
1317.29 , 683.62
1315.5 , 640.7
945.48 , 680.82
926.25 , 705.31
907.93 , 730.15
897.1 , 759.39
896.67 , 792.8
913.77 , 816.25
946.37 , 826.62
976.75 , 833.26
1009.6 , 836.9
1038.45 , 833.5
1073.15 , 832.39
1104.23 , 829.68
1130.71 , 813.32
1132.15 , 781.75
1120.62 , 753.25
1108.52 , 725
1098.99 , 691.75
833.1 , 972.39
854.85 , 965.64
875.33 , 955.17
895.58 , 944.17
916.03 , 933.7
936.73 , 923.86
957.73 , 915.11
979.98 , 909.11
1004.75 , 908.39
1027.95 , 912.38
1052.5 , 913.64
1075.7 , 917.61
1094.77 , 931.82
1107.95 , 951.21
1118.4 , 971.74
1111.2 , 993.29
1097.27 , 1012.48
1078.03 , 1026.17
1054.95 , 1030.39
1030.78 , 1032.39
1005.75 , 1032.64
982.05 , 1029.64
959.33 , 1024.64
937.9 , 1017.16
916.65 , 1009.12
894.73 , 1002.67
873.58 , 994.4
852.93 , 984.4
848.35 , 971.64
866.23 , 967.9
885.78 , 968.14
904.38 , 965.89
922.38 , 962.39
941.1 , 960.39
960.42 , 959.64
979.5 , 958.39
998.95 , 957.89
1018.15 , 958.89
1037.35 , 959.89
1056.68 , 960.64
1074.8 , 963.9
1091.62 , 969.65
1109.35 , 972.64
1092.95 , 965.64
1075.2 , 961.64
1056.35 , 959.89
1037.38 , 958.39
1018.18 , 957.39
998.62 , 957.14
979.18 , 957.64
959.6 , 957.39
940.03 , 957.64
921.68 , 960.36
904.12 , 964.89
885.52 , 967.14
866.08 , 967.64
1114.01 , 552.82
1122.92 , 538.9
1136.09 , 527.73
1150.04 , 518.79
1164.51 , 511.07
1178.71 , 502.86
1193.71 , 496.81
1210.61 , 494.83
1226.86 , 498.17
1241.01 , 506.57
1249.24 , 520.79
1250.01 , 538.29
1243.01 , 553
1229.84 , 564.02
1213.68 , 567.57
1196.06 , 568.07
1179.13 , 566.06
1163.18 , 562.08
1146.51 , 559.57
1128.88 , 559.1
898.25 , 528.8
893.4 , 509.69
884.14 , 491.74
871.79 , 474.96
856.08 , 459.72
838.8 , 448.8
819.95 , 442.31
798.5 , 443.53
778.82 , 448.54
760.35 , 456.1
742.62 , 465.84
725.9 , 478.31
740.22 , 494.38
756.8 , 507.24
774.85 , 516.27
793.58 , 523.07
813.38 , 527.82
833.75 , 531.3
855.58 , 531.81
877.27 , 531.06
1114.67 , 422.14
1118.8 , 402.99
1130.87 , 386.95
1147.89 , 377.65
1166.7 , 372.64
1185.92 , 368.64
1206.72 , 367.89
1227.25 , 369.21
1246.57 , 373.04
1264.34 , 380.36
1278.31 , 395.04
1283.16 , 413.91
1268.2 , 421.65
1251.25 , 412.14
1231.27 , 409.64
1210.35 , 410.13
1190.5 , 412.88
1171.14 , 416.64
1152.5 , 421.82
1133.57 , 426.29
974.4 , 422.12
973.58 , 384.46
949.06 , 356.69
918.61 , 339.58
886.58 , 327.12
853.15 , 317.59
818.7 , 310.09
781.38 , 308.59
746.36 , 314.82
714.4 , 327.6
685.71 , 349.57
669.43 , 380.34
705.93 , 377.09
740.15 , 369.09
774.7 , 361.84
811.55 , 364.35
844.68 , 374.34
878.68 , 382.84
910.45 , 396.08
941.58 , 411.62
