2807859203_1
605.68 , 757.87
607.46 , 780.02
611.69 , 804.01
616.44 , 827.03
622.08 , 849.35
628.13 , 871.6
634.98 , 894.08
642.96 , 916.57
651.57 , 938.72
660.46 , 958.79
671.01 , 979.24
683.24 , 1001.81
693.14 , 1021.07
701.84 , 1043.55
712.75 , 1063.95
727.2 , 1082.08
746.49 , 1095.94
770.19 , 1101.07
792.82 , 1097.55
816.42 , 1093.18
839.59 , 1086.6
859.23 , 1078.55
882.15 , 1066.96
902.76 , 1055.88
923.09 , 1044.83
943.96 , 1034.09
964.53 , 1021.85
984.4 , 1010.59
1004.03 , 998.91
1022.19 , 983.37
1039.35 , 967.17
1053.46 , 948.73
1064.45 , 926.99
1073.91 , 906.14
1080.46 , 883.63
1086.43 , 861.52
1093.84 , 838.55
1099.79 , 816.3
1103.03 , 793.63
1101.51 , 770.97
1094.56 , 746.26
686.62 , 754.57
680.89 , 768.76
673.24 , 783.11
668.58 , 799.74
670.59 , 816.65
677.25 , 830.98
692.68 , 838.97
708.54 , 842.12
725.23 , 840.91
741.4 , 838.39
757.58 , 834.31
773.58 , 833.74
788.57 , 826.01
795.49 , 811.59
796.68 , 794.63
787.21 , 781.75
773.32 , 770.69
681.28 , 926.08
680.78 , 912.08
686.6 , 900.48
695.21 , 889.91
706.5 , 883.34
719.15 , 879.96
733.08 , 880.33
746.33 , 882.35
759.61 , 884.36
771.75 , 888.59
783.36 , 894.39
795.55 , 898.59
808.05 , 902.09
821.33 , 904.07
834.33 , 906.58
837.21 , 917.64
825.53 , 923.33
813.15 , 927.05
801.03 , 931.33
789.18 , 936.33
777.38 , 941.57
765.38 , 946.23
752.43 , 948.81
739.03 , 950.58
725.53 , 952.08
711.9 , 952.83
700.48 , 946.53
690.78 , 936.33
692.78 , 925.58
701.03 , 920.08
709.86 , 916.05
719.33 , 913.56
729.63 , 912.83
740.3 , 912.83
750.63 , 912.08
760.55 , 910.58
770.75 , 909.58
781.08 , 908.83
791.38 , 909.58
801.58 , 910.58
812.13 , 910.83
822.43 , 910.08
832.87 , 910.58
823.13 , 910.83
812.58 , 911.08
801.9 , 911.08
791.61 , 910.33
781.28 , 909.58
770.73 , 909.83
760.53 , 910.83
750.48 , 912.08
740.28 , 913.08
729.61 , 913.08
719.3 , 913.83
710.38 , 917.49
701.73 , 922.09
794.95 , 669.15
797.21 , 658.38
802.95 , 649.02
809.8 , 640.05
818.38 , 632.2
827.78 , 626.59
837.88 , 622.9
849.28 , 621.9
860.65 , 622.88
870.88 , 626.3
879.77 , 633.22
886.95 , 641.9
879.47 , 650.62
870.68 , 657.91
861.23 , 663.39
850.83 , 666.41
839.78 , 668.15
828.75 , 669.9
817.48 , 671.15
805.73 , 670.9
687.44 , 672
681.67 , 664.97
674.62 , 659.17
666.89 , 655.21
659.19 , 651.25
650.94 , 648.75
641.84 , 648
633.32 , 649.97
625.56 , 653.85
619.25 , 660.7
615.69 , 668.5
620.7 , 675.77
626.86 , 682.67
634.59 , 686.65
643.39 , 688
652.64 , 687.5
662.12 , 687.5
671.24 , 686.75
679.77 , 684.72
687.56 , 680.99
744.31 , 588.83
750.55 , 573.35
764.36 , 562.26
779.71 , 555.43
795.53 , 550.07
811.56 , 545.08
828.98 , 542.82
847.38 , 542.58
864.56 , 545.33
880.13 , 551.61
894.16 , 562.08
890.51 , 574.83
873.46 , 571.83
855.68 , 570.3
837.78 , 571.57
820.96 , 575.05
805.48 , 581.4
790.23 , 588.59
774.73 , 594.9
758.33 , 598.84
691.95 , 605.73
686.69 , 596.2
679.56 , 587.45
670.29 , 581.55
660.22 , 577.95
649.32 , 575.95
637.59 , 575.71
627.19 , 578.7
617.47 , 583.44
609.82 , 592.08
605.19 , 601.83
603.19 , 612.7
613.77 , 612.38
623.44 , 607.45
633.67 , 604.2
645.04 , 603.2
655.69 , 605.7
666.02 , 608.77
676.14 , 612.18
686.84 , 614.61
