2808726134_1
986.2 , 1380.1
989.71 , 1423.85
991.15 , 1469.9
983.42 , 1517
985.26 , 1566
996.29 , 1611.75
1008.42 , 1654.93
1025.06 , 1700.33
1048.78 , 1739.52
1071.26 , 1778.32
1091.81 , 1821.77
1115.98 , 1864.43
1144.76 , 1898.15
1182.83 , 1928.87
1218.57 , 1957.84
1256.66 , 1984.33
1299.4 , 2005.28
1342.84 , 2017.34
1391.39 , 2020.8
1437.86 , 2017.23
1482.88 , 2011.52
1531.34 , 2006.86
1577.2 , 1998.82
1623.52 , 1991.48
1666.74 , 1979.51
1709.47 , 1955.4
1750.57 , 1936.27
1788.64 , 1910.91
1823 , 1879.85
1860.03 , 1849.3
1892.74 , 1818.17
1925.98 , 1785.66
1959.89 , 1753.39
1986.99 , 1712.53
2008.03 , 1670.08
2025.48 , 1627.62
2044.35 , 1583.75
2066.52 , 1545.75
2069.13 , 1498.47
2065.63 , 1451.41
2066.35 , 1401.95
1318.46 , 1407.7
1302.81 , 1431.58
1296.55 , 1462.34
1304.79 , 1494.19
1322.07 , 1518.23
1354.21 , 1527.97
1385.79 , 1532.44
1414.7 , 1540.29
1445.47 , 1539.47
1477.65 , 1539.42
1510.67 , 1539.22
1542.28 , 1534.51
1568.14 , 1517.13
1578.18 , 1489.59
1569.13 , 1457.81
1553.14 , 1432.46
1525.25 , 1415.25
1229.08 , 1670.89
1256.95 , 1653.01
1286.2 , 1638.39
1315.88 , 1625.38
1349.11 , 1620.12
1383.18 , 1623.17
1417.61 , 1625.9
1451.78 , 1622.66
1485.95 , 1619.42
1520.5 , 1621.36
1553.73 , 1626.66
1585.36 , 1635.15
1615.55 , 1646.62
1645.73 , 1658.13
1662.46 , 1682.64
1635 , 1701.94
1607.2 , 1720.01
1578.08 , 1734.89
1546.98 , 1744.24
1513.45 , 1748.92
1478.55 , 1750.64
1443.28 , 1751.64
1408.11 , 1750.39
1374.05 , 1746.89
1341.65 , 1739.96
1311.83 , 1727.39
1283.86 , 1709.65
1256.73 , 1689.51
1248.33 , 1671.39
1275.86 , 1674.14
1304.7 , 1674.14
1332.61 , 1676.14
1359.53 , 1680.14
1386.68 , 1683.63
1415.43 , 1683.39
1443.55 , 1684.89
1472.3 , 1684.64
1501.03 , 1684.89
1529.18 , 1683.39
1556.4 , 1680.07
1584.48 , 1678.39
1613.08 , 1677.89
1637.88 , 1673.9
1611.78 , 1679.64
1583.4 , 1680.64
1555.15 , 1681.86
1527.75 , 1684.89
1500.11 , 1687.39
1471.36 , 1687.64
1443.58 , 1685.39
1414.73 , 1685.39
1386.61 , 1683.89
1358.45 , 1682.39
1330.45 , 1680.64
1302.3 , 1679.14
1274.05 , 1677.89
1608.85 , 1187.4
1617.76 , 1175.76
1629.95 , 1168.39
1642.62 , 1162.14
1655.82 , 1157.66
1669.72 , 1154.42
1684.22 , 1152.43
1699.07 , 1151.15
1713.45 , 1153.4
1726.47 , 1158.52
1739.07 , 1164.89
1740.78 , 1176.97
1726.85 , 1180.15
1712.82 , 1183.15
1698.45 , 1185.42
1683.85 , 1187.15
1669 , 1188.4
1653.9 , 1187.65
1639.17 , 1186.15
1623.72 , 1186.15
1286.59 , 1186.29
1272.49 , 1176.91
1257.77 , 1169.2
1242.57 , 1162.8
1226.17 , 1159.07
1208.34 , 1158.32
1191.04 , 1160.17
1174.47 , 1163.5
1158.67 , 1168.3
1143.79 , 1175.66
1129.89 , 1185.57
1145.37 , 1191.05
1161.07 , 1196
1177.41 , 1199.83
1194.07 , 1203
1211.62 , 1204.32
1229.57 , 1203.82
1247.07 , 1202.39
1264.62 , 1201.07
1282.32 , 1200.07
1509.9 , 1106.75
1536.95 , 1076.7
1569.53 , 1056.76
1604.5 , 1043.66
1640.65 , 1033
1677.05 , 1022.84
1714.78 , 1015.22
1755.08 , 1016.43
1791.28 , 1026.87
1823.25 , 1048.57
1844.61 , 1080.17
1835.53 , 1110.91
1803.48 , 1089.57
1769.03 , 1074.38
1730.35 , 1069.77
1692.05 , 1076.1
1655.83 , 1086.57
1621 , 1100.16
1585 , 1110.97
1546.5 , 1116.6
1322.24 , 1089.27
1311.97 , 1057.94
1282.38 , 1042.38
1250.67 , 1032.62
1217.62 , 1025.37
1182.67 , 1022.12
1147.82 , 1025.62
1115.67 , 1034.64
1085.55 , 1048.64
1058.01 , 1069.73
1038.81 , 1097.92
1026.1 , 1128.37
1057.38 , 1118.63
1088.02 , 1106.4
1120.17 , 1097.38
1154.52 , 1092.87
1189.97 , 1090.62
1225.52 , 1092.62
1259.27 , 1098.36
1292.65 , 1104.88
