1327964792_1
888.14 , 1089.54
897.25 , 1145.62
910.07 , 1201.47
928.76 , 1259.03
947.19 , 1309.93
970.47 , 1366.65
988.22 , 1419.86
1010.56 , 1473.97
1040.12 , 1526.21
1070.27 , 1577.07
1100.76 , 1621.02
1146.24 , 1662.69
1191.94 , 1695.93
1239.8 , 1727.01
1287.01 , 1763.75
1335.66 , 1794.18
1387.99 , 1824.59
1436.98 , 1847.73
1495.6 , 1866.13
1550.99 , 1882.74
1608.03 , 1892.07
1668.13 , 1891.17
1726.37 , 1895.35
1779.91 , 1879.76
1834.97 , 1855.3
1884.14 , 1827.34
1930.12 , 1792.37
1973.32 , 1756.29
2016.54 , 1711.76
2053.04 , 1671.07
2095.31 , 1633.43
2142.54 , 1592.1
2178.85 , 1551.55
2214.84 , 1504.82
2242.22 , 1449.75
2261.23 , 1400.07
2282.98 , 1341.7
2303.33 , 1287.67
2323.08 , 1235.18
2345.99 , 1183.04
2372.15 , 1124.85
1580.5 , 1017.75
1555.6 , 1060.25
1523.21 , 1108.3
1501.93 , 1152.65
1507.43 , 1207.87
1549.69 , 1236.97
1598.28 , 1260.04
1648.62 , 1274.98
1700.92 , 1282.74
1757.24 , 1278.07
1808.18 , 1266.21
1858.29 , 1246.42
1892.84 , 1206.66
1889.95 , 1156.22
1863.32 , 1106.66
1835.76 , 1064.53
1802.29 , 1016.7
1411.04 , 1444.78
1450.84 , 1450.53
1490.07 , 1443.53
1527.64 , 1433.19
1563.14 , 1418.02
1599.51 , 1405.52
1641.39 , 1404.03
1677.89 , 1416.38
1719.59 , 1415.28
1760.39 , 1411.5
1800.57 , 1416.55
1836.91 , 1429.16
1871.94 , 1445.94
1906.81 , 1463.29
1906.44 , 1503.87
1874.96 , 1530.29
1842.01 , 1552.54
1807.54 , 1570.78
1771.29 , 1583.78
1731.46 , 1589.53
1689.09 , 1590.02
1647.82 , 1587.28
1608.34 , 1580.8
1571.01 , 1570.01
1536.29 , 1552.28
1504.24 , 1527.48
1473.84 , 1498.08
1443.44 , 1468.66
1445.54 , 1461.78
1477.21 , 1456.53
1511.09 , 1455.78
1544.37 , 1457.78
1577.51 , 1460.03
1610.19 , 1463.25
1641.89 , 1468.53
1673.21 , 1474.46
1705.99 , 1477.53
1739.49 , 1479.03
1771.79 , 1475.03
1804.94 , 1472.78
1837.71 , 1475.28
1870.64 , 1478.03
1904.26 , 1479.28
1878.54 , 1480.78
1845.26 , 1478.78
1811.16 , 1479.06
1777.62 , 1480.46
1744.01 , 1481.78
1710.49 , 1480.28
1677.96 , 1476.78
1644.44 , 1475.28
1610.82 , 1474.03
1577.29 , 1472.53
1543.91 , 1470.77
1511.24 , 1467.53
1477.24 , 1467.03
1889.54 , 850.13
1912.54 , 827.13
1937.71 , 810.15
1964.46 , 797.39
1992.69 , 788.66
2023.14 , 784.28
2054.16 , 787.12
2083.09 , 794.63
2110.54 , 805.13
2136.24 , 820.61
2160.39 , 840.5
2151.16 , 866.9
2122.91 , 875.51
2094.76 , 884.39
2064.39 , 888.88
2032.69 , 890.63
2001.41 , 888
1972.04 , 881.38
1944.24 , 871.83
1917.26 , 859.86
1505.85 , 821.12
1482.03 , 801.1
1456.92 , 784.7
1430.83 , 770.85
1403.12 , 761.61
1372.27 , 759.11
1341.45 , 762.12
1311.95 , 767.84
1283.88 , 776.35
1257.27 , 788.87
1232.05 , 804.86
1257.78 , 819.61
1283.67 , 833.98
1309.45 , 848.6
1336.85 , 858.62
1368.03 , 860.85
1398.4 , 857.36
1427.35 , 850.34
1456.38 , 843.62
1486.88 , 839.83
1854.31 , 742.87
1876.32 , 699.5
1916.28 , 668.63
1960.96 , 650.9
2010.31 , 642.87
2062.09 , 639.87
2114.81 , 638.87
2164.28 , 646.62
2208.81 , 665.12
2248.73 , 696.3
2280.81 , 735.62
2292.58 , 776.12
2250.73 , 750.36
2206.21 , 731.89
2157.93 , 721.62
2106.78 , 717.37
2054.16 , 716.12
2001.43 , 717.09
1950.63 , 722.13
1903.78 , 735.11
1566.42 , 694.31
1531.72 , 658.54
1489.47 , 637.55
1443.22 , 626.28
1394.27 , 620.81
1345.29 , 615.25
1297.32 , 607.78
1248.12 , 602.8
1198.07 , 606.02
1152.49 , 618.53
1112.89 , 646.28
1154.39 , 669.03
1204.07 , 665.53
1254.84 , 667.28
1303.19 , 674.02
1350.82 , 682.29
1399.54 , 688.25
1447.27 , 696.25
1491.67 , 710.8
1535.82 , 725.71
