2809588534_1
1111.55 , 1298.35
1101.5 , 1336.04
1097.29 , 1371.83
1100.44 , 1411.48
1108.86 , 1449.73
1119.9 , 1488.77
1132.72 , 1525.84
1147.36 , 1562.22
1165.81 , 1597.1
1181.12 , 1634.27
1198.68 , 1668.82
1214.45 , 1703.35
1232.31 , 1738.01
1250.93 , 1773.76
1270.72 , 1808.62
1297.25 , 1834.9
1329.91 , 1855.95
1365.64 , 1871.9
1404.88 , 1881.37
1443.48 , 1886.48
1480.65 , 1891.7
1519.74 , 1899.89
1559.98 , 1901.88
1597.54 , 1897.81
1637.95 , 1895.63
1675.92 , 1890.55
1709.59 , 1870.94
1744.67 , 1853.79
1783.68 , 1840.21
1815.61 , 1823.14
1851.8 , 1802.65
1884.99 , 1781.49
1915.2 , 1756.09
1943.81 , 1729.83
1968.78 , 1699.59
1986.38 , 1667.03
2005.46 , 1629.9
2021.55 , 1594.55
2036.45 , 1561.82
2052.97 , 1522.74
2068.5 , 1486
1423.32 , 1238.14
1393.09 , 1254.36
1366.54 , 1275.81
1359.37 , 1307.31
1369.51 , 1338.9
1400.97 , 1357.04
1433.89 , 1367.57
1467.34 , 1374.6
1498 , 1386.95
1534.15 , 1393.31
1568 , 1397.03
1599.57 , 1403.3
1636.37 , 1406.46
1667.37 , 1396.69
1668.18 , 1364.44
1660 , 1330.1
1644.19 , 1296.98
1282.45 , 1470.96
1314.33 , 1454.59
1350.8 , 1448.96
1388.65 , 1451.71
1424.23 , 1459.21
1460 , 1466.2
1496.55 , 1471.71
1531.68 , 1480.21
1564.55 , 1493.49
1596.62 , 1509.4
1628 , 1526.98
1658.55 , 1546.71
1686.84 , 1572.86
1685.34 , 1610.97
1654.72 , 1630.45
1622.23 , 1644.94
1589.15 , 1657.5
1555.83 , 1669.46
1520.68 , 1677.96
1482.58 , 1680.21
1445.18 , 1676.46
1409.62 , 1668.98
1377.1 , 1654.62
1345.88 , 1636.63
1317.44 , 1610.93
1302.95 , 1578.43
1300.2 , 1540.56
1301.13 , 1501.88
1298.2 , 1487.46
1327.35 , 1490.46
1355.67 , 1495.19
1383.48 , 1500.98
1411.3 , 1506.69
1438.8 , 1513.24
1466.88 , 1518.46
1494.85 , 1523.86
1521.9 , 1531.23
1548.05 , 1540.18
1574.55 , 1548.43
1600.62 , 1557.68
1626.15 , 1568.45
1651.85 , 1578.7
1665.62 , 1598.03
1638.35 , 1604.99
1609.3 , 1608.2
1579.3 , 1609.46
1549.05 , 1610.21
1518.55 , 1609.96
1488.43 , 1608.96
1459.83 , 1604.83
1432.38 , 1598.23
1406.83 , 1587.56
1383.33 , 1571.11
1360.23 , 1553.48
1339.68 , 1531.43
1318.58 , 1509.59
1703.79 , 1157.44
1721.96 , 1148.67
1741.32 , 1142.93
1761.69 , 1139.2
1782.79 , 1136.94
1804.74 , 1137.44
1825.46 , 1140.43
1844.89 , 1146.04
1863.01 , 1155.19
1880.77 , 1165.18
1893.34 , 1181.99
1881.79 , 1198.69
1860.82 , 1201.19
1838.87 , 1200.69
1817.76 , 1198.44
1797.26 , 1194.92
1777.91 , 1189.22
1758.84 , 1182.96
1739.21 , 1177.63
1721.76 , 1166.91
1465.38 , 1087.22
1455.48 , 1072.22
1442.69 , 1058.39
1426.92 , 1050.39
1411.09 , 1042.58
1394.22 , 1037.64
1376.79 , 1033.62
1358.44 , 1031.62
1340.09 , 1033.61
1323.62 , 1039.38
1309.89 , 1052.87
1319.86 , 1067.84
1335.04 , 1077.28
1351.22 , 1083.9
1367.19 , 1091.15
1383.59 , 1097.08
1401.19 , 1100.64
1419.67 , 1102.37
1438.27 , 1103.87
1456.74 , 1102.12
1731.45 , 999
1754.1 , 979.87
1781.08 , 972
1810.85 , 970
1841.23 , 970.25
1870.5 , 973.25
1898.48 , 979.01
1925.6 , 986.4
1950.23 , 1000.03
1972.2 , 1020.25
1989.3 , 1043.62
1977.25 , 1055.8
1953.38 , 1039.99
1928.28 , 1027.53
1902.05 , 1018.28
1874.3 , 1012
1845.08 , 1008.87
1814.97 , 1007.98
1785.1 , 1009.78
1756.18 , 1012.49
1496.2 , 944.32
1498.53 , 922.36
1475.92 , 905.55
1452.53 , 891.1
1429.1 , 876.68
1404.83 , 864.36
1378.15 , 857.84
1348.85 , 857.31
1321.85 , 863.08
1297.53 , 875.31
1276 , 894.59
1259.75 , 917.34
1287.6 , 913.35
1313.55 , 905.61
1340 , 898.59
1368.67 , 900.36
1394.25 , 908.84
1419.17 , 919.03
1444.33 , 928.6
1469.67 , 937.53
