2810719929_1
1024.85 , 728.91
1031.38 , 764.01
1038.18 , 802.78
1043.71 , 841.47
1047.68 , 881.08
1062.55 , 919.8
1077.77 , 952.05
1093.85 , 990.59
1109.96 , 1023.14
1129.09 , 1059.31
1147.94 , 1092
1165.69 , 1130.01
1186.82 , 1162.11
1212.87 , 1188.43
1236.65 , 1220.18
1258.09 , 1251.74
1283.12 , 1281.52
1312.12 , 1311.53
1349.9 , 1315.78
1387.3 , 1313
1427.77 , 1314.37
1466.66 , 1307
1505.32 , 1304.61
1541.21 , 1290.66
1574.62 , 1267.75
1603.13 , 1245.48
1635.32 , 1221.99
1666.54 , 1197.15
1699.8 , 1174.38
1730 , 1148.17
1754.29 , 1119.96
1779.06 , 1087.43
1797.89 , 1055.85
1819.15 , 1019.96
1834.51 , 986.29
1846.92 , 949.09
1856.57 , 911.81
1864.22 , 871.01
1866 , 832.35
1864.74 , 795.51
1863.65 , 753.33
1245.5 , 704.38
1227.84 , 731.8
1211.39 , 759.27
1202.22 , 792.84
1225.64 , 814.35
1257.83 , 827.8
1281.5 , 850.95
1312.8 , 862.99
1347.29 , 858.02
1372.81 , 835.6
1405.52 , 821.47
1436.93 , 814.97
1469.64 , 809.1
1486.96 , 778.21
1486.21 , 745.87
1461.87 , 721.26
1430.98 , 706.35
1173.05 , 935.18
1201.65 , 914.09
1237.88 , 916.68
1273.33 , 921.18
1308.67 , 925.92
1344.25 , 930.18
1381.05 , 928.43
1416.03 , 922.93
1451.95 , 919.43
1485.92 , 911.8
1519.28 , 902.94
1555.95 , 900.93
1590.55 , 907.18
1587.08 , 942.15
1566.54 , 970.95
1542.63 , 998.42
1515.08 , 1022.42
1485.58 , 1040.92
1454.97 , 1056.74
1423.55 , 1069.93
1389.75 , 1077.93
1352.47 , 1078.68
1316.53 , 1075.17
1284.8 , 1062.93
1254.6 , 1046.23
1226.17 , 1024.56
1202.12 , 997.03
1185.56 , 966.75
1194.05 , 932.43
1223.38 , 937.93
1251.08 , 946.69
1279.12 , 954.75
1308.12 , 961
1339.83 , 961.68
1370.2 , 958.28
1399.2 , 951.93
1428.67 , 946.68
1458.78 , 942.68
1487.78 , 936.45
1516.8 , 930.18
1545.8 , 923.93
1576.87 , 921.95
1564.77 , 944.46
1540.55 , 962.68
1515.42 , 978.43
1489.4 , 991.84
1462.53 , 1002.67
1434.4 , 1010.69
1405.3 , 1016.68
1374.72 , 1019.68
1342.9 , 1019.28
1312.95 , 1014.93
1284.55 , 1007.43
1257.5 , 997.16
1232.9 , 980.02
1210.8 , 957.18
1483.35 , 541.02
1495.75 , 528.59
1510.15 , 521.54
1525.12 , 516.26
1540.77 , 512.26
1556.88 , 509.27
1573.85 , 508.02
1590.55 , 509.77
1606.92 , 512.28
1621.9 , 517.53
1635.38 , 527.03
1625.4 , 540
1611 , 547.12
1595.9 , 552
1580.55 , 556.52
1563.45 , 557.52
1546.75 , 555.76
1530.75 , 552.51
1514.65 , 549.52
1497.57 , 548.5
1228.36 , 543.95
1221.68 , 533.77
1210.71 , 528.76
1198.31 , 527
1185.28 , 526.5
1172.13 , 526.25
1159.33 , 527.24
1148.01 , 531.13
1137.36 , 537.03
1127.66 , 545.47
1117.88 , 553.75
1127.53 , 562.43
1138.56 , 567.27
1150.71 , 569.49
1163.63 , 570.25
1176.53 , 569.5
1188.71 , 567.25
1200.01 , 563.22
1211.38 , 559.5
1222.35 , 554.51
1401.7 , 438.43
1421.92 , 409.23
1453.35 , 395.52
1487.5 , 387.41
1523.1 , 382.44
1560.25 , 380.69
1596.7 , 383.93
1631.95 , 389.68
1663.9 , 402.67
1692.83 , 423.93
1720 , 449.98
1712.8 , 476.71
1680.55 , 464.9
1648.15 , 453.41
1613.43 , 446.68
1577.1 , 443.17
1539.93 , 441.93
1503.22 , 444.68
1466.55 , 447.45
1432.4 , 454.89
1243.58 , 444.95
1239.41 , 418.78
1217.21 , 405.02
1190.07 , 402.7
1162.51 , 404.2
1134.94 , 405.7
1109.32 , 411.22
1084.24 , 417.85
1061.01 , 429.07
1040.62 , 447.98
1027.4 , 470.42
1017.39 , 493.95
1042.87 , 499.46
1065.21 , 486.1
1087.39 , 472.2
1112.29 , 465.18
1138.64 , 461.2
1166.57 , 461.95
1193.89 , 459.95
1220.34 , 456.19
