2813805354_1
171.67 , 317.56
174.55 , 328.07
177.53 , 339.8
179.81 , 351.48
181.24 , 363.42
182.44 , 375.35
183.75 , 386.12
186.42 , 397.68
191.51 , 408.46
198.75 , 417.95
207.79 , 425.46
217.43 , 431.73
228.43 , 438.1
238.15 , 442.94
249.69 , 447.57
260.19 , 451.74
271.1 , 455.69
283.14 , 459.69
293.79 , 463.46
304.6 , 467.08
316.37 , 469.81
327.84 , 470.92
340.37 , 470.7
351.85 , 468.35
362.07 , 464.31
372.49 , 457.64
379.72 , 448.82
385.03 , 438.25
390.36 , 427.98
396.55 , 417.67
402.76 , 407.9
409.54 , 398.25
416.01 , 388.11
420.62 , 376.86
423.36 , 366.01
424.93 , 353.92
426.15 , 341.72
427.18 , 330.63
428.06 , 318.62
427.8 , 306.62
426.32 , 294.62
312.36 , 300.93
308.59 , 308.7
305.95 , 317.51
306.49 , 327.37
311.09 , 334.96
319.82 , 338.41
328.16 , 341.39
338.21 , 342.14
346.65 , 341.45
356.63 , 340.56
364.81 , 335.95
373.15 , 332.6
379.51 , 325.71
377.99 , 317.22
372.72 , 308.92
369.33 , 300.37
366.67 , 291.2
269.58 , 378.26
278.35 , 374.02
287.28 , 369.99
296.53 , 367
306.2 , 364.77
316.25 , 363.26
326.53 , 362.26
337.18 , 362.51
347.33 , 361.26
357 , 359.01
367.06 , 357.51
377.43 , 358.24
386.16 , 362.81
383.85 , 372.31
381.34 , 381.86
379.86 , 391.88
375.8 , 400.81
368.06 , 408.02
359.18 , 412.26
349.5 , 414.51
338.73 , 414.51
328.36 , 413.76
319.28 , 410.22
310.55 , 405.73
301.86 , 401.04
293.11 , 396.54
284.4 , 391.86
276.1 , 386.29
271.58 , 378.76
279.18 , 376.24
287.25 , 374.51
295.56 , 373.26
303.6 , 371.51
311.78 , 370.01
320.7 , 370.01
329.48 , 370.26
338.03 , 371.01
346.81 , 371.26
355.23 , 370.26
363.4 , 368.77
371.58 , 367.26
379.77 , 368.78
375.11 , 375.21
370.1 , 381.96
365.83 , 389.01
359.43 , 394.98
351.38 , 396.76
342.83 , 397.51
334.05 , 397.76
325.25 , 397.51
316.86 , 396.52
309.03 , 394.26
301.08 , 392.26
293.13 , 390.24
285.65 , 387.27
278.48 , 383.38
365.04 , 245.79
367.74 , 242.84
370.72 , 240.12
374.04 , 238.29
377.44 , 236.8
380.77 , 235.06
384.64 , 234.54
388.74 , 234.55
392.24 , 235.78
395.16 , 238.67
396.96 , 241.96
395.49 , 245.29
391.87 , 246.31
388.37 , 247.51
384.74 , 248.53
380.74 , 248.79
376.87 , 249.29
373.02 , 249.79
369.14 , 250.29
365.28 , 249.78
287.22 , 255.11
285.25 , 251.84
281.88 , 249.18
278.1 , 247.57
274.05 , 246.58
269.9 , 245.85
265.5 , 246.09
261.48 , 247.09
257.43 , 248.12
253.7 , 249.86
250.38 , 252.69
248.5 , 256.34
252.62 , 256.84
257.02 , 257.09
261.43 , 256.84
265.82 , 257.09
270.23 , 256.84
274.6 , 257.09
278.88 , 256.59
283.4 , 256.59
357.65 , 206.84
361.38 , 201.87
366.55 , 198.68
372.02 , 196.31
378 , 195.1
384.22 , 194.34
390.7 , 194.09
396.67 , 195.35
401.82 , 198.55
406.02 , 203.21
408.46 , 208.66
403.27 , 207.71
397.75 , 205.34
391.42 , 204.84
385.27 , 205.72
379.77 , 208.06
374.42 , 210.82
368.97 , 213.31
363.62 , 216.08
358.39 , 213.06
306.77 , 210.24
297.47 , 204.74
286.6 , 202.99
275.1 , 203.49
263.72 , 204.23
252.97 , 206.28
243.4 , 211.11
234.2 , 216.84
224.97 , 222.54
216.27 , 229.74
210.02 , 238.74
220.4 , 235.96
230.25 , 231.98
240 , 227.73
249.9 , 223.96
260.77 , 222.24
272.14 , 221.49
283.77 , 221.74
295.14 , 222.49
306.02 , 220.74
