1328530642_1
609.64 , 1255.29
604.41 , 1297.08
600.69 , 1344.49
599.17 , 1387.83
596.25 , 1432.93
599.79 , 1476.22
608.57 , 1518.94
618.77 , 1564.95
628.91 , 1606.16
641.24 , 1651.02
654.79 , 1691.53
673.34 , 1737.24
694.34 , 1775.76
717.56 , 1815.18
740.33 , 1850.95
769.12 , 1886.44
803.14 , 1914.84
837.98 , 1940.71
877.92 , 1966.06
919.32 , 1984.9
961.68 , 1997.01
1004.99 , 1983.63
1044.29 , 1970.49
1089.6 , 1953.13
1129.47 , 1943.28
1168.61 , 1915.26
1202.99 , 1885.76
1234.09 , 1856.66
1259.45 , 1821.14
1284.95 , 1780.97
1310.99 , 1746.76
1339.52 , 1709.47
1363.43 , 1673.83
1387.05 , 1633.15
1406.75 , 1594.98
1428.9 , 1553.45
1443.6 , 1511.48
1457.75 , 1469.06
1471.93 , 1425.91
1484.68 , 1382.83
1497.15 , 1339.54
1020.72 , 1328.25
996.94 , 1349.37
975.37 , 1371.83
953.39 , 1399.1
954.52 , 1429.17
980 , 1449.93
1002.54 , 1471.18
1034.27 , 1479.89
1067.89 , 1487.57
1100.11 , 1492.3
1130.4 , 1498.85
1163.17 , 1487.27
1190.99 , 1472.03
1189.91 , 1441.97
1180 , 1409.76
1164.6 , 1380.96
1144.9 , 1352.35
814.3 , 1576.97
843.8 , 1552.47
877.55 , 1539.97
912.82 , 1530.47
952.57 , 1530.22
987.82 , 1539.71
1022.8 , 1549.72
1059.88 , 1555.47
1096.6 , 1561.97
1129.72 , 1576.4
1162.42 , 1592.34
1194.35 , 1610.23
1202.3 , 1645.89
1182.06 , 1676.89
1159.43 , 1707.1
1133.25 , 1736.02
1104.08 , 1761.46
1073.08 , 1781.71
1039.3 , 1794.22
1002.35 , 1800.22
962.72 , 1799.72
926 , 1793.23
892.75 , 1779.19
863.65 , 1753.6
844.51 , 1722.17
829.53 , 1689.2
819.8 , 1654.05
815.8 , 1616.12
828.3 , 1599.97
837.99 , 1571.24
865.55 , 1557.47
896 , 1564.22
926.92 , 1569.96
958.2 , 1574.96
988.45 , 1582.24
1019.17 , 1588.35
1051.12 , 1591.96
1082.53 , 1596.7
1113 , 1603.45
1143.55 , 1609.97
1174.33 , 1615.96
1199.64 , 1632.57
1181.78 , 1658.24
1156.45 , 1677.98
1129.62 , 1693.46
1102 , 1707
1073.78 , 1718.49
1044.8 , 1727.97
1013.38 , 1732.72
980.15 , 1733.72
947.55 , 1731.47
918.57 , 1721.98
892.05 , 1705.72
868.01 , 1682.92
851.89 , 1656.32
838.48 , 1628.64
1262.19 , 1193.56
1274.24 , 1181.55
1288.52 , 1175.29
1303.77 , 1171.31
1320.94 , 1171.31
1336.62 , 1174.49
1351.69 , 1178.81
1365.59 , 1186.24
1378.23 , 1196.61
1385.44 , 1210.59
1384.29 , 1227.24
1371.27 , 1237.03
1355.52 , 1240.06
1338.94 , 1241.31
1322.34 , 1242.56
1305.89 , 1241.06
1289.79 , 1238.84
1275.27 , 1233.38
1262.2 , 1224.59
1258.69 , 1209.06
998.17 , 1161.78
988.79 , 1146.78
979.25 , 1131.83
965.45 , 1119.04
949.47 , 1112.31
931.52 , 1109.88
912.75 , 1110.63
894.1 , 1111.64
876.3 , 1114.38
859.65 , 1119.35
844.05 , 1127.13
852.43 , 1142.53
866.17 , 1155.5
881.77 , 1163.37
898.75 , 1167.86
916.92 , 1169.88
935.57 , 1170.88
954.1 , 1172.13
972.12 , 1174.45
990.43 , 1176.16
1239.82 , 1033.41
1267.38 , 1023.41
1295.27 , 1032.89
1321.9 , 1046.43
1349.92 , 1055.65
1382.32 , 1056.15
1413.77 , 1053.62
1441.32 , 1064.14
1465.22 , 1085
1476.86 , 1112.17
1481.35 , 1142.62
1452.67 , 1149.16
1427.4 , 1132.22
1401.42 , 1117.15
1369.02 , 1117.65
1336.97 , 1118.9
1304.57 , 1118.88
1276.42 , 1109.73
1253.07 , 1087.85
1234.35 , 1063.15
1095.81 , 1054.08
1080.86 , 1029.44
1053.86 , 1020.18
1022.61 , 1019.43
991.5 , 1020.43
960.15 , 1020.93
929.63 , 1018.68
899 , 1016.68
868.73 , 1019.4
840.96 , 1027.34
818.38 , 1048.93
841.68 , 1068.7
873.15 , 1068.93
904.38 , 1068.18
932.75 , 1074.93
960.58 , 1082.69
989.36 , 1088.43
1020.36 , 1087.18
1050.98 , 1085.18
1079.26 , 1078.15
