2816846040_1
971.74 , 1211.3
977.35 , 1249.26
981.49 , 1292.33
991.68 , 1333.98
1001.76 , 1375.25
1011.58 , 1417.64
1025.38 , 1460.06
1040.41 , 1498.94
1057.49 , 1537.54
1074.87 , 1577.89
1093.44 , 1611.9
1117.35 , 1649.72
1141.43 , 1682.49
1171.65 , 1714.91
1197.2 , 1748.19
1222.87 , 1780.19
1253.89 , 1810.41
1293.34 , 1832.26
1334.38 , 1842.95
1376.4 , 1850.25
1416.04 , 1851.82
1461.76 , 1853.27
1502.46 , 1858.03
1544.16 , 1853.64
1583.04 , 1835.48
1617.24 , 1807.03
1651.76 , 1788.61
1675.92 , 1752.25
1695.25 , 1716.08
1718.82 , 1678.31
1741.66 , 1644.09
1765.67 , 1609.66
1789.9 , 1570.65
1808.1 , 1535.58
1822.9 , 1492.81
1838.69 , 1456.03
1853.13 , 1415.89
1876.39 , 1377.7
1905.36 , 1347.16
1929.37 , 1313.56
1941.82 , 1270.4
1378 , 1248.07
1355.27 , 1282.28
1334.93 , 1319.33
1319.13 , 1355.35
1324.79 , 1394.33
1361.36 , 1416.08
1397.34 , 1434.81
1437.15 , 1451.38
1477.5 , 1459.31
1519.83 , 1462.03
1558.85 , 1446.46
1596.02 , 1432.45
1633.94 , 1413.8
1641.44 , 1375.28
1629.99 , 1333.71
1613.86 , 1296.09
1594.57 , 1256.33
1228.2 , 1555.62
1258.5 , 1547.37
1288.58 , 1556.15
1318.17 , 1565.62
1350.73 , 1569.37
1384.85 , 1568.87
1417.4 , 1572.63
1446.68 , 1582.85
1479.2 , 1586.62
1509.55 , 1578.34
1543.43 , 1577.37
1575.98 , 1581.12
1609.25 , 1583.37
1640.7 , 1589.37
1620.98 , 1614.59
1596.38 , 1638.13
1570.03 , 1656.61
1541.7 , 1669.87
1511.93 , 1679.12
1480.35 , 1684.87
1446.85 , 1683.14
1416.5 , 1674.9
1387.47 , 1663.89
1359.3 , 1650.21
1332.18 , 1633.84
1306.35 , 1613.78
1280.85 , 1592.78
1255.33 , 1571.97
1252.45 , 1570.37
1277.9 , 1578.64
1303.85 , 1586.14
1330.7 , 1591.87
1357.23 , 1598.37
1383.33 , 1605.64
1410.65 , 1610.37
1438.48 , 1614.12
1468.1 , 1614.12
1496.88 , 1612.37
1525.55 , 1610.37
1554.08 , 1608.12
1581.78 , 1604.12
1608.85 , 1598.88
1635.23 , 1593.11
1609.12 , 1600.38
1581.68 , 1604.87
1553.73 , 1608.37
1525.33 , 1610.87
1496.4 , 1612.37
1468.12 , 1615.12
1438.47 , 1615.12
1410.8 , 1611.11
1383.6 , 1606.11
1356.97 , 1599.87
1330.12 , 1594.11
1303.05 , 1588.9
1276.8 , 1581.9
1633.95 , 1101.86
1650.73 , 1090.58
1667.42 , 1078.89
1684.78 , 1069.05
1702.62 , 1060.34
1720.95 , 1053.36
1740.28 , 1048.33
1761.43 , 1047.11
1781.1 , 1051.39
1798.35 , 1061.49
1811.33 , 1077.71
1816.48 , 1096.6
1798.65 , 1105.35
1778.6 , 1108.86
1757.83 , 1110.86
1736.1 , 1110.85
1716.05 , 1107.35
1696.12 , 1103.61
1674.4 , 1103.61
1653.75 , 1105.86
1324.57 , 1053.73
1314.19 , 1045.35
1303.6 , 1037.48
1292.12 , 1032.02
1279.35 , 1029.61
1265.89 , 1028.61
1252.77 , 1030.32
1240.52 , 1033.83
1229.1 , 1039.45
1218.72 , 1047.86
1209.97 , 1058.11
1221.47 , 1063.36
1232.92 , 1068.85
1245.02 , 1072.65
1257.89 , 1074.88
1271.72 , 1075.11
1284.87 , 1073.46
1297.55 , 1070.87
1310.07 , 1067.86
1322.8 , 1065.35
1578.84 , 1045.25
1605.37 , 1018.98
1634.41 , 999.75
1666.04 , 987.78
1701.04 , 982.77
1737.89 , 981.5
1774.59 , 983
1807.62 , 991.99
1838.79 , 1005.47
1867.49 , 1025.75
1887.59 , 1054.1
1879.21 , 1083.37
1850.66 , 1062.56
1820.39 , 1046.48
1787.64 , 1036.99
1752.01 , 1033.25
1714.69 , 1033.52
1679.66 , 1038.51
1646.61 , 1047.49
1612.24 , 1053.65
1467.15 , 1044.45
1445.2 , 1005.81
1408.18 , 977.75
1368.13 , 957.72
1326.98 , 941.4
1284.55 , 928.17
1236.43 , 926.43
1191.8 , 935.44
1150.63 , 951.67
1113.48 , 979.43
1090.06 , 1017.95
1084.83 , 1064.43
1120.55 , 1036.45
1161.11 , 1018.16
1203.18 , 1004.33
1246.83 , 993.18
1295.11 , 994.68
1339.83 , 1003.43
1382.23 , 1016.71
1422.86 , 1034.69
