2817580682_1
857.24 , 1371.73
846.9 , 1410.71
835.22 , 1454.27
828.56 , 1494.09
824.57 , 1538.54
823.9 , 1578.6
830.04 , 1622.32
839.9 , 1665.72
849.49 , 1706.44
859.81 , 1746.2
874.06 , 1791.2
896 , 1827.41
928.42 , 1855.12
963.69 , 1875.59
1006.49 , 1890.24
1048.09 , 1899.6
1089.26 , 1905.5
1130.84 , 1907.47
1176.66 , 1905.42
1218.54 , 1903.15
1262.43 , 1903.92
1302.1 , 1907.58
1347.26 , 1912.13
1388.02 , 1910.97
1430.55 , 1901.61
1474.19 , 1890.96
1515.04 , 1878.33
1551.02 , 1855.73
1584.18 , 1828.13
1612.27 , 1795.64
1633.16 , 1759.29
1649.89 , 1720.81
1664.75 , 1681.82
1681.95 , 1639
1694.7 , 1600.11
1709 , 1556.92
1721.93 , 1517.83
1732.29 , 1478.14
1740.65 , 1433.53
1741.96 , 1392.55
1737.13 , 1346.62
1258.64 , 1219.95
1239.88 , 1258.34
1226 , 1300.8
1209.03 , 1346.7
1210.35 , 1388.86
1252.31 , 1403.34
1297.87 , 1405.64
1343.47 , 1406.92
1388.16 , 1406.26
1434.86 , 1400.26
1478.73 , 1393.74
1525.93 , 1388.77
1559.43 , 1361.26
1546.45 , 1318.17
1515.08 , 1285.14
1486 , 1250.89
1462.9 , 1208.6
1110.14 , 1531.57
1141.19 , 1513.05
1177.57 , 1507.07
1215.99 , 1505.32
1254.79 , 1506.32
1291.19 , 1500.33
1329.02 , 1497.32
1366.37 , 1493.32
1404.32 , 1490.57
1443.47 , 1490.32
1481.92 , 1492.07
1518.89 , 1496.82
1553.22 , 1506.8
1585.22 , 1523.13
1577.84 , 1558.12
1549.72 , 1584.98
1519.72 , 1606.59
1486.14 , 1618.07
1449.77 , 1624.07
1411.44 , 1626.07
1372.39 , 1625.57
1334.32 , 1623.09
1297.34 , 1618.33
1262.07 , 1610
1228.12 , 1599.3
1194.64 , 1587.57
1161.19 , 1575.85
1128.17 , 1562.83
1126.39 , 1536.32
1158.24 , 1535.07
1189.14 , 1531.82
1220.39 , 1529.32
1252.74 , 1529.57
1284.59 , 1530.82
1316.22 , 1532.55
1347.84 , 1534.3
1379.82 , 1535.32
1411.79 , 1536.31
1443.67 , 1535.07
1474.57 , 1531.81
1506.29 , 1530.32
1538.29 , 1530.82
1555.17 , 1544.8
1527.09 , 1553.61
1497.14 , 1558.82
1465.89 , 1561.32
1434.39 , 1563.32
1402.64 , 1564.82
1370.66 , 1565.82
1338.44 , 1566.33
1306.57 , 1567.57
1274.47 , 1566.82
1242.49 , 1565.85
1211.22 , 1563.32
1181.29 , 1558.04
1152.72 , 1550.08
1467.75 , 1176.27
1481.17 , 1165.6
1495.33 , 1156.98
1509.6 , 1148.68
1524.28 , 1141.25
1539.72 , 1136.29
1557.58 , 1136.02
1574.58 , 1138.02
1590.72 , 1141.75
1605.62 , 1148.52
1618.42 , 1160.94
1618.5 , 1178.27
1603.4 , 1184.36
1587.1 , 1187.77
1569.38 , 1187.27
1552.38 , 1185.27
1534.9 , 1184.26
1518.03 , 1182.02
1500.05 , 1182.02
1482.58 , 1183.01
1170.14 , 1157.72
1157.98 , 1147.57
1144.33 , 1141.42
1129.45 , 1138.17
1113.61 , 1136.92
1097.88 , 1135.43
1082.75 , 1138.16
1068.53 , 1142.65
1054.95 , 1149.04
1042.48 , 1158.28
1030.58 , 1169.17
1045.36 , 1172.67
1060.61 , 1175.17
1075.73 , 1177.91
1090.86 , 1180.67
1106.93 , 1181.42
1123.15 , 1180.92
1139.25 , 1180.17
1154.86 , 1178.42
1168.78 , 1173.21
1412.84 , 982.34
1421.44 , 957.74
1449.39 , 958.59
1476.69 , 961.82
1503.74 , 965.59
1530.06 , 970.84
1555.84 , 977.34
1581.44 , 984.12
1606.32 , 992.1
1629.14 , 1005.66
1647.1 , 1025.87
1634.24 , 1039
1610.46 , 1027.71
1584.54 , 1021.59
1556.74 , 1019.34
1527.99 , 1019.59
1499.46 , 1018.84
1470.84 , 1018.84
1443.79 , 1015.05
1418.59 , 1008.47
1250.99 , 1008.94
1246.52 , 974.21
1216.68 , 957.68
1179.61 , 957.93
1143.99 , 954.68
1109.31 , 959.94
1075.16 , 966.17
1043.11 , 976.52
1013.44 , 993.46
988.59 , 1020.28
970.39 , 1049.48
954.21 , 1079.43
984.79 , 1064.95
1015.46 , 1050.68
1047.21 , 1039.68
1078.56 , 1027.65
1110.21 , 1016.43
1144.49 , 1010.43
1181.09 , 1011.68
1216.71 , 1014.93
