2821337875_1
321.21 , 417.56
326.71 , 429.12
333.33 , 440.51
339.54 , 452.54
346 , 465.09
352.35 , 476.92
358.82 , 489.05
365.74 , 499.64
373.57 , 510.62
380.91 , 522.81
389.85 , 531.93
401.2 , 541.4
410.79 , 549.5
421.9 , 557.79
433.61 , 565.74
445.38 , 572.23
457.12 , 579.05
468.78 , 585.04
480.53 , 591.56
491.51 , 599.14
504.19 , 605.3
516.67 , 608.89
530.23 , 609.55
543.08 , 607.16
556.62 , 603.24
568.49 , 597.45
579.86 , 589.31
588 , 578.91
596.25 , 568.51
607.22 , 560.01
618.08 , 552.94
630.17 , 545.66
639.12 , 536.77
648.32 , 525.59
656.17 , 515.37
663.32 , 503.45
669.53 , 492.11
675.96 , 479.03
680.52 , 466.38
681.93 , 452.94
682.3 , 439.19
542.96 , 415.28
535.1 , 423.99
528.67 , 432.75
522.2 , 443.48
523.31 , 454.56
532.89 , 461.42
544.25 , 464.94
554.81 , 467.25
566.62 , 468.38
579.25 , 468.69
590.26 , 469.14
601.54 , 467.32
613 , 462.9
616.19 , 452.6
613.69 , 440.84
608.5 , 429.99
604.25 , 418.54
479.1 , 503.93
489.18 , 504.68
499.6 , 504.68
509.8 , 504.18
520.12 , 503.93
530.33 , 503.43
540.5 , 502.93
550.83 , 503.18
561.28 , 503.18
571.35 , 503.93
581.55 , 504.43
591.62 , 505.18
600.37 , 508.73
600.69 , 518.83
596.07 , 527.2
589.95 , 535.07
582.12 , 541.17
573.42 , 544.92
563.6 , 546.18
553.28 , 546.43
543.1 , 545.93
533.88 , 543.45
525.2 , 539.72
516.73 , 535.27
508.5 , 530.3
500.38 , 524.96
492.6 , 518.68
485.01 , 511.85
482.6 , 505.18
491 , 505.68
499.53 , 505.93
507.7 , 506.93
516.23 , 507.18
524.77 , 507.43
533.05 , 508.19
541.35 , 508.93
549.88 , 509.18
558.3 , 509.68
566.7 , 510.17
575.35 , 510.18
583.9 , 510.43
592.43 , 510.68
591.62 , 514.92
584.05 , 517.16
576.45 , 519.33
568.58 , 520.93
560.4 , 521.94
552 , 522.43
543.7 , 521.66
535.65 , 520.42
527.85 , 518.68
520.42 , 516.17
512.88 , 513.95
505.33 , 511.67
497.68 , 509.71
490.28 , 507.2
605.69 , 370.33
608.35 , 365.4
613.09 , 362.09
618.14 , 359.59
623.24 , 357.29
628.69 , 355.83
634.72 , 355.58
640.39 , 356.56
645.54 , 358.67
650.34 , 361.71
653.74 , 366.45
651.81 , 371.57
646.77 , 374.07
641.57 , 376.07
635.79 , 376.83
629.99 , 376.08
624.22 , 375.33
618.17 , 375.58
612.27 , 376.08
606.43 , 376.14
524.2 , 373.2
521.08 , 367.25
517.93 , 361.32
513.84 , 355.79
507.85 , 352.78
500.88 , 352.05
493.8 , 352.56
487.07 , 353.79
480.72 , 355.79
474.85 , 359.12
469.07 , 362.63
463.65 , 367.05
469.55 , 370.21
475.75 , 372.54
482.6 , 373.55
489.7 , 374.05
496.77 , 374.55
503.75 , 375.3
510.82 , 375.8
517.92 , 375.3
606.75 , 333.81
614.4 , 328.9
622.62 , 325.53
631.6 , 323.82
641.05 , 323.06
650.75 , 323.31
660.35 , 323.81
670.05 , 323.56
678.8 , 325.82
685.62 , 332.66
689.25 , 340.81
685.15 , 348.46
676.85 , 345.4
668.15 , 343.05
658.92 , 341.81
649.6 , 340.81
640.25 , 339.81
630.8 , 340.56
621.45 , 341.56
611.66 , 341.51
542.63 , 319.47
530.68 , 313.72
517.36 , 311.24
503.4 , 309.96
489.1 , 309.46
474.68 , 309.69
460.88 , 311.18
447.78 , 314.21
435.63 , 319.34
425.03 , 328.71
418.28 , 340.21
432.1 , 341.71
445.8 , 339.96
458.8 , 336.7
471.95 , 333.78
485.15 , 331.08
498.88 , 329.36
512.98 , 328.46
526.88 , 329.81
540.85 , 330.95
