2822983493_1
376.75 , 491.03
376.97 , 504.85
376.81 , 520.27
376.83 , 534.26
377.3 , 549.63
377.62 , 563.44
379.09 , 578.55
381.9 , 592.65
386.33 , 607.53
392.11 , 621.15
398.99 , 633.37
408.13 , 646.5
416.52 , 657.85
426.09 , 669
437.53 , 679.19
449.6 , 687.08
462.94 , 693.87
475.79 , 700.34
489.15 , 707.88
501.8 , 713.64
516.11 , 719.78
529.36 , 724.31
543.93 , 728.66
558.67 , 731.21
573 , 732.07
588.1 , 732.19
602.65 , 729.04
615.18 , 721.84
625.41 , 711.64
634.94 , 699.81
642.97 , 688.09
651.48 , 676.36
660.31 , 664.4
667.75 , 652.05
675.22 , 638.28
681.41 , 625.05
688.16 , 611.89
694.93 , 598.23
700.71 , 585.67
706.91 , 571.72
712.39 , 557.55
592.44 , 508.3
585.93 , 517.99
578.9 , 527.16
572.91 , 537.09
570.15 , 549.09
573.82 , 559.83
583.64 , 566.1
594.99 , 568.57
607.02 , 569.1
619 , 570.9
629.75 , 574.4
641.37 , 575.36
652.66 , 569.86
657.46 , 559.17
656.87 , 547.92
655.5 , 535.68
653.55 , 523.6
529.1 , 620.03
537.27 , 615.6
546.08 , 612.77
555.05 , 610.27
564.4 , 608.53
573.75 , 606.79
583.1 , 605.03
593.05 , 604.53
602.15 , 606.78
611.28 , 609.03
620.98 , 610.04
629.6 , 613.28
635.35 , 621.03
638.59 , 629.65
638.12 , 639.61
633.97 , 647.93
627.13 , 655.27
618.73 , 659.25
609.75 , 661.77
599.92 , 662.52
590.7 , 660.55
582.08 , 657.29
573.38 , 654.27
565.03 , 650.22
556.73 , 645.9
549.08 , 640
541.12 , 634.81
533.73 , 628.18
538.35 , 621.53
544.23 , 619.25
550.52 , 617.79
556.83 , 616.28
563.35 , 615.28
570.12 , 614.78
577.12 , 614.78
583.65 , 615.78
589.95 , 617.27
596.38 , 618.53
602.65 , 620.03
608.83 , 621.79
614.58 , 624.51
620.07 , 628
623.18 , 633.63
620.88 , 639.28
614.25 , 638.52
607.83 , 637.28
601.43 , 636.02
595.03 , 634.79
588.85 , 633.03
582.92 , 630.81
576.92 , 628.78
570.62 , 627.28
564.1 , 626.28
557.58 , 625.28
551.15 , 624.03
544.75 , 622.77
646.9 , 481.77
652.6 , 476.07
658.62 , 471.3
664.92 , 467.26
671.7 , 464.52
678.92 , 462.77
686.88 , 462.52
693.95 , 464.56
700.22 , 468.6
704.85 , 474.69
705.65 , 482.37
704.42 , 489.84
701.4 , 496.52
694.9 , 500.02
686.85 , 500.03
679.9 , 497.77
673.15 , 495.02
666.2 , 492.75
659.3 , 490.43
652.95 , 486.58
563.5 , 451.92
559.25 , 444.65
554.75 , 437.42
549.38 , 430.52
542.38 , 425.43
534.27 , 423.17
525.2 , 422.92
516.38 , 423.64
508.27 , 425.91
501.05 , 430.36
494.5 , 436.67
498.6 , 444.05
504 , 450.92
510.95 , 456.15
518.52 , 459.68
526.75 , 461.67
535.7 , 462.17
544.52 , 461.42
553.45 , 460.92
562.28 , 460.17
663.26 , 430.23
671.18 , 423.53
680.63 , 420.86
690.61 , 419.24
701.26 , 418.98
711.28 , 420.5
720.34 , 424.05
728.09 , 431.31
732 , 440.21
733.28 , 450.38
732.02 , 460.53
728.51 , 467.78
729.02 , 457.5
725.31 , 448.51
717.31 , 441.99
708.31 , 438.23
698.13 , 436.98
687.63 , 437.48
677.36 , 438.48
667.01 , 439.18
604.54 , 408.38
593.77 , 395.89
580.33 , 387.41
566.48 , 379.93
551.98 , 374.31
536.4 , 370.93
519.95 , 369.43
503.73 , 371.4
488.78 , 376
474.95 , 383.59
462.6 , 395.18
478.95 , 393.42
493.58 , 388.2
509.55 , 385.68
526.12 , 386.93
541.48 , 390.8
555.58 , 397.68
569.03 , 406.17
582.3 , 415.16
596.72 , 420.93
