2823021392_1
822.1 , 993.45
837.03 , 1027.7
850.75 , 1066.7
865.9 , 1104.5
882.83 , 1144.96
902.63 , 1182.27
923.25 , 1215.06
947.88 , 1250.09
972.53 , 1282.7
997.49 , 1316.7
1023.67 , 1345.26
1058.94 , 1371.87
1089.51 , 1393.84
1125.33 , 1414.9
1163.75 , 1433.86
1202.1 , 1449.07
1240.72 , 1461.71
1279.23 , 1472.47
1322.14 , 1480.41
1361.81 , 1481.33
1404.17 , 1474.86
1442.26 , 1464.8
1477.79 , 1446.8
1513.44 , 1421.7
1545.24 , 1398.59
1579.19 , 1374.37
1610.08 , 1346.23
1638.47 , 1314.86
1664.66 , 1282.15
1686.94 , 1251.08
1710.5 , 1214.03
1726.9 , 1179.29
1740.42 , 1137.99
1750.02 , 1099.34
1756.64 , 1059.09
1759.67 , 1018.3
1761.11 , 974.16
1762.12 , 936.64
1761.61 , 891.71
1758.07 , 850.93
1754.43 , 809.34
1222 , 1006.89
1209.88 , 1029.47
1205.31 , 1054.39
1209.17 , 1080.06
1226.9 , 1096.25
1252.05 , 1099.06
1277.88 , 1098.77
1305.95 , 1100.51
1330.09 , 1099.31
1356.99 , 1094.43
1380.63 , 1090.35
1407.03 , 1084.94
1430.63 , 1076.6
1452.33 , 1061.9
1464.59 , 1040.06
1459.43 , 1014.06
1446.87 , 989.83
1210.6 , 1240.2
1224.8 , 1222.23
1244.6 , 1212.95
1265.22 , 1206.17
1286.22 , 1200.08
1307.17 , 1193.88
1329.9 , 1191.2
1353.67 , 1191.7
1377.2 , 1190.7
1400.72 , 1191.7
1423.9 , 1189.95
1447.17 , 1188.45
1469.95 , 1185.85
1493.9 , 1185.7
1498.73 , 1206.3
1483.5 , 1223.71
1464.07 , 1233.97
1443.62 , 1241.19
1423.25 , 1248.54
1403.2 , 1256.94
1383.35 , 1265.95
1362.42 , 1272.2
1339.02 , 1273.45
1315 , 1273.45
1292.1 , 1271.2
1270.7 , 1265.73
1249.8 , 1259.4
1229.62 , 1251.46
1233.1 , 1237.2
1252.47 , 1234.95
1272.72 , 1234.45
1291.9 , 1231.71
1310.82 , 1228.47
1329.82 , 1225.46
1349.12 , 1222.94
1368.52 , 1225.22
1387.72 , 1222.57
1406.22 , 1218.47
1424.15 , 1213.18
1442.5 , 1208.7
1460.57 , 1203.72
1478.07 , 1197.69
1495.58 , 1191.69
1480.52 , 1200.69
1462.7 , 1206.1
1444.07 , 1209.96
1426.15 , 1215.16
1407.85 , 1219.7
1389.5 , 1224.23
1370.35 , 1226.95
1350.47 , 1225.7
1330.42 , 1226.63
1311.57 , 1229.97
1292.4 , 1232.7
1273 , 1234.95
1252.88 , 1235.7
1442.65 , 814.73
1448.15 , 797.23
1458.4 , 781.48
1470.7 , 766.43
1485.08 , 752.31
1501.03 , 742.61
1518.5 , 736.95
1538.38 , 736.23
1557.15 , 739.23
1574.43 , 745.25
1590.77 , 753.99
1602.52 , 769.13
1587.9 , 780.48
1571.3 , 788.58
1553.98 , 794.46
1535.68 , 798.48
1516.53 , 800.73
1497.38 , 802.98
1477.6 , 803.97
1460.7 , 810.99
1137.01 , 840.25
1127.29 , 829.8
1116.56 , 820.81
1104.71 , 814.88
1091.76 , 811.66
1077.86 , 810.4
1064.21 , 812.16
1051.39 , 815.65
1039.57 , 821.7
1030.61 , 832.42
1025.89 , 844.65
1031.9 , 856.43
1042.84 , 864.84
1055.89 , 867.9
1070.14 , 867.4
1084.16 , 866.4
1097.81 , 864.63
1111.29 , 862.5
1124.49 , 859.8
1136.44 , 854.14
1396.13 , 707.91
1409.37 , 681.46
1434.28 , 664.23
1461.06 , 651.98
1488.63 , 642.16
1517.48 , 634.81
1547.91 , 630.66
1579.83 , 631.16
1610.78 , 634.16
1639.48 , 641.76
1664.21 , 659.73
1656.33 , 683.67
1626.73 , 677.89
1596.61 , 673.16
1565.41 , 670.66
1533.61 , 671.92
1504.93 , 679.62
1478.36 , 692.67
1452.03 , 706.25
1424.53 , 716.07
1149.08 , 731.11
1122.47 , 719.1
1092.92 , 713.98
1063 , 709.6
1031.58 , 708.83
1000.52 , 710.85
970.55 , 715.1
942 , 722.39
915.65 , 734.97
890.72 , 751.17
867.3 , 771.6
896.3 , 777.85
927.47 , 776.1
956.72 , 770.34
985.72 , 764.11
1015.2 , 758.86
1045.17 , 754.61
1076.47 , 753.1
1108.5 , 753.1
1140.18 , 753.85
