2823022939_1
534.45 , 708.6
534.83 , 729.6
538.88 , 753.35
544.69 , 775.16
550.53 , 797.08
559.62 , 817.2
569.16 , 837.05
579.98 , 857.23
591.26 , 876.94
604.32 , 894.48
617.56 , 914.12
628.85 , 934.61
639.31 , 955.03
650.41 , 973.2
665.32 , 992.05
681.42 , 1004.84
702.42 , 1012.89
724.98 , 1016.6
747.73 , 1018.35
771.27 , 1014.86
791.85 , 1007.52
812.83 , 997.64
832.9 , 986.89
851.32 , 975.21
870.3 , 961.54
888.35 , 949.21
907.52 , 936.45
924.75 , 922.08
942.33 , 907.24
959.14 , 892.62
976.15 , 876.76
991.68 , 860.11
1006.41 , 841.85
1016.57 , 822.8
1023.51 , 801.85
1030.21 , 778.43
1034.78 , 757.65
1038.78 , 735.38
1040.33 , 712.37
1038.57 , 688.99
1035.03 , 666.09
629.91 , 723.94
621.08 , 736.26
614.96 , 750.98
615.57 , 766.45
625.84 , 777.98
638.61 , 787.25
654 , 794.43
668.31 , 798.52
685.25 , 799.14
701.27 , 798.43
715.96 , 796.32
732.22 , 794.51
746.68 , 787.9
751.75 , 774.2
750.7 , 758.26
743.97 , 743.74
733.35 , 730.3
608.56 , 852.02
622.83 , 841.26
639.68 , 836.99
656.88 , 840.52
674.66 , 842.77
692.71 , 844.52
711.36 , 845.02
728.91 , 847.78
745.46 , 852.55
762.01 , 857.29
778.73 , 861.78
795.58 , 866.03
810.81 , 872.77
801.88 , 887.69
789.46 , 901.39
775.36 , 912.71
761.28 , 924.05
747.08 , 935.01
732.16 , 944.05
714.73 , 947.02
696.58 , 945.52
679.03 , 942.75
662.41 , 938.12
647.62 , 928.82
636.09 , 914.79
627.06 , 899.89
619.3 , 884.47
613.59 , 868.42
623.56 , 858.52
636.43 , 857.77
649.58 , 857.52
662.11 , 859.02
674.63 , 860.52
687.41 , 861.52
699.93 , 863.01
712.83 , 863.77
725.83 , 864.27
738.36 , 865.81
750.41 , 868.28
762.71 , 870.24
774.76 , 872.77
786.36 , 876.06
781.81 , 885.02
770.53 , 889.04
759.26 , 893.06
747.83 , 896.77
736.13 , 899.95
723.76 , 901.77
710.51 , 901.78
698.08 , 900.04
685.88 , 897.84
673.98 , 894.99
662.81 , 890.77
652.66 , 883.59
642.61 , 876.08
632.76 , 867.97
764.56 , 642.01
771.23 , 634.32
780.63 , 632.02
790.88 , 631.51
801.16 , 632.01
811.43 , 632.51
821.68 , 633.01
831.96 , 633.51
841.86 , 634.75
851.64 , 636.29
856.91 , 643.38
848.66 , 648.54
839.56 , 651.26
829.88 , 652.98
820.36 , 655.01
810.33 , 656.01
800.43 , 654.79
791.01 , 652.47
782.03 , 649.49
773.18 , 646.04
636.67 , 631.53
634.87 , 625.81
629.16 , 623.04
622.93 , 621.53
616.61 , 620.29
609.78 , 620.04
602.96 , 619.79
596.36 , 619.04
589.53 , 619.29
583.21 , 620.52
577.31 , 622.54
580.41 , 628.12
583.81 , 633.54
590.13 , 634.78
596.96 , 635.04
603.78 , 635.29
610.48 , 634.79
617.31 , 634.54
624.13 , 634.29
630.73 , 633.53
698.85 , 532.83
724.98 , 530.83
750.2 , 534.68
776.4 , 536.57
803.03 , 535.58
828.55 , 532.33
854.1 , 529.08
880.6 , 529.83
904.23 , 536.86
926.5 , 547.49
933.7 , 563.83
907.25 , 562.48
881.3 , 560.08
855.15 , 558.59
828.78 , 560.07
803.85 , 564.58
778.67 , 568.58
751.7 , 568.86
725.8 , 566.31
703.1 , 557.88
654.01 , 582.74
652.51 , 568.32
643.26 , 555.99
631.68 , 544.73
619.36 , 535.56
606.24 , 528.48
591.91 , 524.49
577.11 , 521.49
561.71 , 519.74
546.43 , 521.81
533.48 , 529.27
526.76 , 542.49
539.38 , 550.86
553.88 , 554.48
568.59 , 557.73
583.38 , 560.74
597.86 , 564.52
611.91 , 568.89
626.28 , 572.76
639.84 , 578.55
