2826061016_1
943.32 , 949.88
955.23 , 985.28
969.92 , 1020.12
987.71 , 1053.51
1010.56 , 1089.3
1031.5 , 1121.58
1048.12 , 1154.52
1064.63 , 1191.48
1077.75 , 1226.09
1094.39 , 1263.26
1118.63 , 1291.45
1153.36 , 1314.51
1190.14 , 1327.31
1225.07 , 1335.78
1264.49 , 1346.99
1301.95 , 1361.53
1337.04 , 1373.65
1374.1 , 1379.53
1415.36 , 1377.63
1451.84 , 1370.69
1488.88 , 1362.06
1529.62 , 1353.96
1565.84 , 1345.85
1604.36 , 1332.59
1637.17 , 1316.19
1673.27 , 1297.2
1706.99 , 1278.15
1737.36 , 1253.66
1759.98 , 1223.75
1780.36 , 1189.65
1791.54 , 1151.6
1792.69 , 1113.27
1789.11 , 1072.72
1788.55 , 1035.08
1788.57 , 995.77
1785.78 , 957.53
1776.62 , 917.95
1766.33 , 882.36
1758.4 , 843.32
1752.88 , 804.07
1747.35 , 764.8
1344.89 , 808.92
1329.8 , 831.29
1321.47 , 855.85
1317.69 , 881.87
1326.87 , 909.02
1349.1 , 920
1375.47 , 912.59
1400.99 , 905.69
1427.12 , 901.27
1454.72 , 897.9
1483.53 , 896.36
1510.43 , 895.81
1527.87 , 878.05
1529.84 , 850.6
1518.7 , 825.63
1505.19 , 801.84
1484.87 , 783.12
1276.12 , 1105.48
1290 , 1083.58
1308.92 , 1063.42
1330.89 , 1049.7
1353.39 , 1037.22
1376.37 , 1025.98
1401.42 , 1019.73
1429.19 , 1019.23
1455.89 , 1016.48
1480.07 , 1008.73
1506.52 , 1005.45
1530.69 , 1013.21
1553.74 , 1024.2
1576.72 , 1035.45
1600.38 , 1044.33
1594.37 , 1069.48
1578.07 , 1090.54
1555.94 , 1103.97
1532.02 , 1112.23
1506.17 , 1116.73
1478.74 , 1117.98
1452.04 , 1120.73
1426.19 , 1125.23
1400.09 , 1129.23
1373.77 , 1132.73
1347.07 , 1135.48
1319.64 , 1134.23
1296.07 , 1124.95
1286.37 , 1115.48
1307.89 , 1110.46
1326.59 , 1098.51
1345.84 , 1087.98
1365.12 , 1077.48
1385.24 , 1069.61
1406.44 , 1063.91
1428.34 , 1059.75
1450.59 , 1056.25
1472.84 , 1052.75
1495.09 , 1049.25
1518.89 , 1048.98
1542.12 , 1050.48
1564.94 , 1052.8
1584.9 , 1055.48
1562.89 , 1051.48
1540.42 , 1048.5
1517.44 , 1046.48
1493.99 , 1047.45
1471.44 , 1050.41
1448.97 , 1053.38
1427.02 , 1057.51
1406.17 , 1063.71
1384.84 , 1069.24
1364.77 , 1077.33
1344.89 , 1085.96
1325.09 , 1095
1305.52 , 1104.82
1466.3 , 680.49
1478.65 , 662.64
1492.12 , 645.16
1507.07 , 628.22
1524.47 , 614.53
1544.15 , 607.24
1565.58 , 603.49
1587.83 , 605.49
1608.55 , 610.74
1626.42 , 623.09
1638.4 , 641.09
1645.8 , 660.72
1639.8 , 680.99
1620.12 , 688.26
1598 , 690.49
1575.62 , 692.24
1553.12 , 693.74
1530.62 , 692.24
1508 , 690.99
1485.28 , 690
1258.8 , 699.26
1241.53 , 688.26
1223.81 , 678.42
1205.63 , 669.63
1185.06 , 666.43
1164.15 , 668.93
1145.15 , 675.18
1127.61 , 685.49
1111.75 , 700.57
1100.18 , 717.67
1089.93 , 735.17
1107.56 , 745.26
1125.45 , 754.68
1145.51 , 758.91
1167.26 , 758.17
1187.31 , 753.9
1206.13 , 747.21
1224.65 , 739.68
1242.78 , 730.83
1260.11 , 719.96
1386.73 , 594.14
1390.73 , 558.99
1408.55 , 529.82
1435.33 , 505.13
1465.4 , 489.37
1497.86 , 480.01
1531.15 , 472.14
1566.53 , 468.63
1600.83 , 474.39
1630.4 , 491.32
1657.23 , 515.39
1671.23 , 545.39
1636.86 , 550.26
1606.13 , 536.38
1570.76 , 533.39
1537.31 , 540.88
1506.68 , 554.9
1479.2 , 577.65
1451.08 , 598.55
1417.56 , 605.37
1332.65 , 577.04
1303.67 , 551.77
1270.12 , 539.26
1233.27 , 533.51
1194.39 , 532.01
1156.85 , 536.28
1120.44 , 542.95
1087.6 , 557.52
1056.97 , 578.17
1028.75 , 605.61
1010.87 , 637.26
1042.37 , 655.51
1074.87 , 639.76
1105.07 , 617.77
1137.95 , 603.2
1174.45 , 596.73
1212.72 , 599.51
1249.45 , 605.5
1285.82 , 612.22
1325.39 , 612.26
