2826630295_1
349.8 , 473.06
350.73 , 486.53
351.55 , 500.39
352.96 , 514.62
355.98 , 528.02
361.03 , 540.97
365.92 , 552.94
371.27 , 566.4
376.93 , 578.33
384.14 , 590.46
392.23 , 602.91
400.1 , 612.87
410.53 , 621.87
422.01 , 630.33
433.98 , 637.2
447.26 , 642.5
459.61 , 648.04
472.9 , 653.39
486.28 , 657.58
499.64 , 659.84
513.51 , 659.26
527.76 , 657.43
540.4 , 654.3
553.75 , 647.9
565.34 , 640.65
576.38 , 632.25
585.84 , 621.99
593.87 , 610.75
601.4 , 599.6
609.42 , 587.29
616.37 , 576
622.96 , 564.24
628.73 , 550.55
633.1 , 537.5
636.34 , 524.61
638.52 , 510.07
639.15 , 496.86
639.25 , 483.24
638.1 , 468.2
637.12 , 454.4
636.65 , 440.35
471.1 , 456.94
466.85 , 467.25
462.81 , 479.47
460.15 , 490.4
467.94 , 498.94
478.29 , 506.37
485.94 , 515.31
496.55 , 521.4
507.69 , 520.8
518.46 , 516.4
526.65 , 506.36
534.68 , 497.73
543.78 , 489.99
547.3 , 478.44
542.36 , 468.1
534.54 , 458.57
527.75 , 448.19
438.93 , 539.45
449.13 , 534.44
460.93 , 532.95
473.2 , 532.45
485.36 , 531.7
497.25 , 532.95
509.41 , 533.71
519.53 , 528.36
530.56 , 525.18
541.86 , 522.68
553.4 , 520.7
565.2 , 519.2
571.2 , 528.93
567.7 , 539.68
563.27 , 550.1
557.73 , 560.15
550.33 , 569.55
541.11 , 577.29
531.46 , 583.94
520.88 , 587.94
509.08 , 589.45
496.68 , 589.2
485.03 , 587.48
474.58 , 583.11
464.68 , 577.2
455.36 , 569.63
448.15 , 560.18
442.95 , 549.98
443.68 , 541.95
453.2 , 540.95
463.11 , 541.2
473.13 , 541.2
482.31 , 542.98
491.36 , 544.97
500.66 , 546.45
510.56 , 546.2
519.56 , 544.08
528 , 540.88
536.08 , 536.45
543.65 , 530.71
551.93 , 526.95
559.65 , 529.5
556.06 , 537.83
551.18 , 545.7
544.38 , 552.71
536.31 , 557.08
528.08 , 561.04
519.68 , 564.45
510.5 , 566.21
500.96 , 567.2
490.93 , 567.2
481.58 , 565.85
472.81 , 563.32
464.58 , 559.36
456.5 , 554.99
448.74 , 549.76
529.85 , 389.86
532.36 , 384.56
535.48 , 379.49
539.32 , 374.64
544.03 , 370.41
549.38 , 367.87
555.25 , 366.61
561.73 , 366.58
567.48 , 368.08
572.88 , 370.38
578.32 , 372.55
580.65 , 377.81
577 , 382.73
571.68 , 385.35
565.9 , 386.86
560.02 , 388.11
553.8 , 388.61
547.68 , 389.36
541.7 , 390.36
535.58 , 391.11
460.01 , 401.72
457.56 , 395.7
451.89 , 391.01
445.62 , 387.99
439.16 , 385.51
432.34 , 383.73
425.16 , 382.73
417.76 , 383.23
410.84 , 384.73
404.49 , 387.57
398.7 , 391.89
394.59 , 397.73
401.09 , 399.98
408.01 , 401.48
415.44 , 401.98
422.84 , 401.48
430.26 , 400.98
437.79 , 400.73
445.31 , 400.48
452.49 , 401.47
525.62 , 357.27
527.48 , 349.39
533.7 , 343.18
540.5 , 338.64
547.97 , 336
555.82 , 334.06
563.95 , 332.7
572.14 , 331.51
580.57 , 330.76
588.72 , 332
595.42 , 336.83
591.92 , 341.79
583.87 , 340.27
575.32 , 340.29
566.92 , 341
559.35 , 343.54
552.32 , 347.55
545.8 , 352.82
539.12 , 357.77
532.22 , 361.52
452.17 , 368.62
450.47 , 359.23
442.33 , 354.09
433 , 351.85
422.95 , 351.1
412.68 , 350.85
402.62 , 351.6
392.95 , 353.08
384.23 , 356.62
376.36 , 362.55
371.93 , 370.98
369.3 , 380.1
377.52 , 376.13
385.45 , 370.44
394 , 366.34
403.55 , 364.6
413.48 , 363.6
423.62 , 364.1
433.2 , 365.85
442.03 , 369.08
