2826953443_1
1130.87 , 946.36
1141.62 , 1026.7
1157.36 , 1114.45
1183.65 , 1195.72
1207.33 , 1274.33
1230.56 , 1358.11
1253.41 , 1434.08
1278.91 , 1516.98
1308.57 , 1597.64
1344.54 , 1680.41
1375.85 , 1760.1
1410.37 , 1829.81
1450.78 , 1904.27
1507.17 , 1972.93
1574.79 , 2021.54
1648.36 , 2072.86
1717.93 , 2111.38
1800.35 , 2141.69
1887.17 , 2165
1968.57 , 2178.61
2048.74 , 2161.39
2132.47 , 2146.96
2216.85 , 2132.87
2300.06 , 2113.3
2379.69 , 2082.84
2456.96 , 2045.94
2532.16 , 1997.17
2589.65 , 1934.1
2634.35 , 1862.1
2668.81 , 1790.15
2688.73 , 1709.62
2724.97 , 1626.17
2740.71 , 1548.19
2771.41 , 1465.82
2794.06 , 1378.76
2812.47 , 1295
2839.27 , 1218.86
2865.98 , 1135.36
2875.93 , 1049.94
2885.38 , 970.02
2891.26 , 878.7
1999 , 1050.29
1960.11 , 1100.81
1917.49 , 1158.19
1881.81 , 1221.51
1888.27 , 1286.86
1954.77 , 1315.12
2021.86 , 1328.03
2085.31 , 1351.77
2150.87 , 1371.53
2217.57 , 1355.31
2279.62 , 1318.23
2341.6 , 1290.14
2412.95 , 1268.54
2409.97 , 1201.7
2373.84 , 1145.15
2341.93 , 1078.46
2321.26 , 1010.87
1772.79 , 1645.47
1812.89 , 1616.72
1861.69 , 1609.07
1911.26 , 1602.98
1960.89 , 1596.99
2012.07 , 1594.22
2063.26 , 1591.49
2114.09 , 1587.97
2166.36 , 1587.47
2217.41 , 1590.47
2268.84 , 1592.72
2319.44 , 1596.72
2368.19 , 1604.47
2415.24 , 1615.93
2460.39 , 1630.75
2427.89 , 1654.98
2379.24 , 1662.99
2328.91 , 1667.47
2278.16 , 1671.1
2226.41 , 1672.69
2174.84 , 1674.68
2123.44 , 1676.97
2071.64 , 1677.98
2021.07 , 1673.97
1970.84 , 1669.22
1918.82 , 1668.22
1866.66 , 1668.96
1816.49 , 1664.18
1781.54 , 1647.72
1824.54 , 1639.72
1871.46 , 1639.72
1916.69 , 1636.22
1963.01 , 1634.97
2009.69 , 1635.47
2055.16 , 1632.47
2101.01 , 1630.22
2147.44 , 1629.22
2193.16 , 1626.72
2238.61 , 1623.69
2284.09 , 1626.74
2329.44 , 1629.94
2375.89 , 1629.47
2418.12 , 1629.15
2372.41 , 1631.72
2325.74 , 1631.22
2279.44 , 1629.99
2233.84 , 1627.22
2187.29 , 1627.97
2142.16 , 1631.72
2096.47 , 1634.22
2050.49 , 1636.22
2003.59 , 1636.23
1959.19 , 1641.45
1915.79 , 1648.72
1872.37 , 1641.47
1825.82 , 1642.22
2306.94 , 726.71
2323.97 , 695.94
2346.14 , 667.01
2371.47 , 639.19
2399.19 , 613.71
2428.19 , 591.71
2459.24 , 575.19
2495.22 , 570.21
2530.26 , 577.03
2559.94 , 596.96
2578.42 , 627.19
2589.46 , 660.06
2578.68 , 693.06
2551.09 , 718.71
2519.59 , 733.93
2486.41 , 744.46
2449.49 , 747.46
2411.84 , 748.96
2375.27 , 745.21
2338.34 , 742.23
1836.83 , 791.64
1834.23 , 760.62
1814.18 , 736.82
1788.31 , 722.47
1759.78 , 714.72
1728.38 , 712.97
1698.06 , 716.97
1669.13 , 723.94
1642.18 , 735.09
1616.94 , 751.1
1595.97 , 774.55
1580.56 , 799.97
1604.68 , 819.13
1632.41 , 828.21
1662.98 , 831.72
1694.76 , 832.72
1726.53 , 831.72
1757.93 , 829.97
1787.91 , 825.21
1815.08 , 814.71
2296.55 , 498.1
2329.65 , 470.5
2366.23 , 452.11
2404.43 , 438.88
2444.83 , 429.83
2485.98 , 422.38
2527.23 , 415.1
2569.83 , 410.6
2613.75 , 411.81
2654.65 , 419.84
2688.98 , 444.26
2662.95 , 471.35
2619.62 , 468.35
2575.33 , 468.35
2533.7 , 474.83
2493.5 , 484.35
2453.95 , 495.08
2413.73 , 504.6
2374.65 , 516.1
2331.8 , 519.6
1903.13 , 584.42
1859.98 , 542.77
1809.68 , 520.5
1756.58 , 505.3
1701.33 , 494.27
1643.38 , 489.27
1585.56 , 495.04
1532.31 , 510.21
1482.98 , 535.52
1437.13 , 570.12
1396.48 , 613.77
1443.63 , 644.51
1498.83 , 633.92
1550.08 , 614.67
1601.7 , 596.53
1655.58 , 582.52
1713.31 , 587.52
1765.01 , 605.53
1817.43 , 622.04
1874.78 , 628.79
