2828057266_1
788.48 , 1062.9
794.65 , 1093.33
803.03 , 1123.53
814.3 , 1153.05
831.89 , 1180.79
848.29 , 1205.38
865.54 , 1232.78
880.02 , 1260.85
892.94 , 1292.86
906.2 , 1321.61
922.45 , 1348.56
939.45 , 1375.78
955.83 , 1402.7
973.64 , 1429.62
991.14 , 1453.23
1015.19 , 1477.3
1043.55 , 1491.89
1073 , 1498.31
1105.05 , 1502.79
1137.9 , 1504.36
1168.4 , 1502.14
1200.59 , 1493.37
1228.54 , 1480.75
1255.77 , 1463.1
1281.11 , 1446.1
1308.44 , 1428.71
1335.99 , 1410.05
1361.51 , 1391.6
1385.06 , 1372.63
1407.06 , 1349.68
1426.11 , 1322.71
1443.75 , 1295.33
1458.2 , 1269.57
1474.68 , 1240.63
1489.36 , 1210.81
1499.74 , 1183.18
1508.55 , 1152.08
1515.25 , 1120.76
1519.04 , 1089.35
1518.67 , 1057.83
1516.04 , 1023.55
977.61 , 1035.49
965.49 , 1057.21
959.37 , 1083.96
956.96 , 1109.18
959.22 , 1137.05
976.27 , 1158.47
999.92 , 1171.49
1024.33 , 1177.51
1051.98 , 1174.09
1076.74 , 1164.43
1099.81 , 1153.34
1124.64 , 1139.71
1144.56 , 1124.91
1157.28 , 1099.59
1157.95 , 1074.43
1148.24 , 1049.52
1130.97 , 1026.65
935.3 , 1210.42
966.38 , 1208.92
996.62 , 1212.17
1027.22 , 1214.67
1058.2 , 1216.42
1089.3 , 1214.92
1118.8 , 1210.17
1147.97 , 1204.74
1177.95 , 1200.9
1207.33 , 1195.9
1236.75 , 1190.96
1268.43 , 1191.17
1279.05 , 1217.17
1263.23 , 1242.02
1244.37 , 1265.82
1224.27 , 1289.2
1201.38 , 1310.6
1176.33 , 1325.9
1149.88 , 1337.35
1122.3 , 1345.92
1092.8 , 1350.67
1061.57 , 1351.92
1031.35 , 1348.69
1004.82 , 1337.45
982.05 , 1315.85
967.05 , 1290.67
955.03 , 1264.39
944.32 , 1237.72
951.8 , 1217.42
977.05 , 1221.17
1000.15 , 1229.2
1022.72 , 1238.69
1047.62 , 1243.16
1074.45 , 1242.67
1099.6 , 1238.67
1124.22 , 1233.65
1148.88 , 1228.64
1173.08 , 1222.66
1197.03 , 1216.19
1220.95 , 1209.77
1244.45 , 1202.51
1270.03 , 1199.42
1256.23 , 1219.75
1237.45 , 1239.04
1217.12 , 1254.91
1195.97 , 1268.42
1174.25 , 1280.46
1150.6 , 1287.42
1126.17 , 1292.89
1101.65 , 1298.17
1075.17 , 1299.42
1049.8 , 1295.92
1026.88 , 1287.49
1005.75 , 1273.87
985.68 , 1257.3
969.48 , 1237.1
1142.35 , 910.26
1153.88 , 899.73
1165.12 , 888.48
1176.8 , 878.32
1189.3 , 870.55
1202.8 , 865.5
1217.27 , 862.51
1233.07 , 862.76
1248.05 , 864.76
1261.72 , 869.26
1274.35 , 876.76
1273.65 , 892
1261.32 , 900.26
1248.47 , 907.13
1234.57 , 911.26
1219.47 , 913.01
1203.92 , 912.26
1188.47 , 911.26
1172.9 , 910.51
1157.57 , 911.76
946.2 , 907.04
937.13 , 897.97
926.98 , 891.86
916.43 , 886.79
905.28 , 883.42
893.16 , 881.92
880.93 , 883.18
869.18 , 885.39
858.43 , 889.77
848.97 , 897.75
842.31 , 907.67
852.31 , 914.17
862.23 , 920.86
872.91 , 925.45
884.78 , 927.42
897.38 , 927.92
909.48 , 926.42
921.36 , 924.43
933.36 , 922.67
944.26 , 918.71
1034.35 , 859.58
1051.67 , 825.23
1081.72 , 796.21
1116.88 , 781.56
1154.65 , 772.59
1193.1 , 765.08
1231.22 , 756.81
1271.12 , 752.33
1309.35 , 759.83
1345.67 , 771.4
1380.7 , 786.42
1375 , 822.08
1335.25 , 826.73
1294.3 , 824.33
1252.42 , 824.76
1212.15 , 828.58
1173.92 , 836.51
1134.97 , 843.08
1100.07 , 858.59
1067.45 , 879.94
916.94 , 834.46
908.12 , 820.25
895.17 , 808.05
881.47 , 797.84
867.44 , 788.58
852.07 , 783.1
835.47 , 780.08
818.72 , 777.33
801.02 , 778.05
785.91 , 784.34
775.94 , 798.08
789.64 , 808.28
806.22 , 811.33
823.32 , 813.34
839.37 , 817.51
854.39 , 824.03
869.37 , 830.76
884.14 , 838.04
898.44 , 846.58
914.46 , 850.84
