2828699255_1
463.55 , 551.85
483.55 , 580.52
505.8 , 612.5
527.63 , 644.37
547.85 , 672.51
571.63 , 702.59
597.08 , 731.41
623.27 , 759.02
650.58 , 785.86
676.86 , 808.64
706.42 , 832.46
735.93 , 856.03
764.79 , 877.66
797.35 , 901.89
827.47 , 923.25
859.4 , 943.28
892.07 , 958.99
927.01 , 968.91
966.67 , 975.63
1002.12 , 972.29
1040.23 , 964.34
1077.19 , 958.27
1112.17 , 945.88
1145.76 , 932.72
1175.97 , 910.2
1203.57 , 881.25
1220.11 , 850.63
1231.46 , 811.85
1237.55 , 774.8
1242.18 , 740.06
1250.42 , 700.55
1255.91 , 666.27
1258.9 , 626.57
1261.5 , 591.01
1261.13 , 554.76
1259.23 , 513.55
1256.85 , 476.03
1253.12 , 439.7
1246.96 , 402.1
1236.31 , 367.67
1224.51 , 329.87
882.09 , 401.68
884.73 , 431.43
874.44 , 460.43
869.27 , 489.31
873.85 , 520.68
895.6 , 540.79
928.71 , 538.86
954.99 , 528.53
984.85 , 514.6
1015.13 , 503.74
1042.37 , 489.99
1067.25 , 473.96
1085.25 , 446.53
1082.3 , 417.91
1057.91 , 396.98
1033.28 , 377.11
1009.87 , 356.5
866.5 , 692.06
888.15 , 683.54
911.23 , 677.8
933.42 , 670.63
955.05 , 661.8
975.95 , 650.81
996.98 , 640.08
1017.8 , 628.79
1038.2 , 616.6
1058.47 , 604.08
1078.62 , 591.15
1099.12 , 579.18
1119.62 , 567.19
1140.47 , 556.07
1145.35 , 578.21
1141.44 , 602.13
1131.83 , 623.49
1113.15 , 640.63
1092.95 , 653.34
1072.72 , 666.08
1052.1 , 677.72
1030.67 , 687.13
1009.08 , 695.99
986.05 , 701.82
961.8 , 705.06
936.98 , 707.06
911.15 , 707.05
887.65 , 702.33
891.75 , 688.81
910.52 , 682.57
929.25 , 676.06
948 , 669.56
966.08 , 661.03
984.1 , 652.27
1002.25 , 644.06
1020.27 , 635.29
1038.58 , 627.5
1056.6 , 618.72
1073.95 , 608.35
1091.08 , 597.3
1108.03 , 585.8
1125.08 , 574.55
1142.36 , 563.94
1127.03 , 577.53
1111.3 , 592.51
1095.4 , 607.06
1078.7 , 619.34
1061.75 , 630.81
1043.92 , 640.12
1025.4 , 647.16
1006.05 , 652.54
986.95 , 658.35
967.83 , 664.03
948.7 , 669.79
930.75 , 678.81
911.77 , 684.81
957.08 , 204.01
964.62 , 190.19
973.13 , 176.69
985.86 , 165.99
999.75 , 158.52
1013.91 , 151.7
1028.4 , 146
1043.4 , 141.53
1058.43 , 137.01
1075.4 , 137.01
1090.08 , 142.26
1090.5 , 158.11
1077.23 , 167.27
1063.43 , 175.04
1048.58 , 179.76
1033.93 , 184.92
1019.63 , 191.22
1004.65 , 195.76
988.4 , 197.76
971.28 , 197.5
728.39 , 294.32
714.83 , 287.85
699.58 , 285.33
684.6 , 288.46
671.05 , 294.98
658.62 , 304.43
646.45 , 314.61
635 , 326.31
625.17 , 338.63
618.11 , 351.96
612.2 , 365.61
627.2 , 363.36
641.3 , 358.64
655.3 , 353.58
669.53 , 349.08
683.15 , 342.9
696.18 , 335.11
708.75 , 326.1
721.7 , 318.11
733.82 , 307.74
942.2 , 172.21
947.45 , 152.46
963.48 , 137.43
981.2 , 127.21
999.45 , 118.21
1017.4 , 108.46
1034.73 , 97.2
1052.53 , 87.15
1070.48 , 77.45
1090.58 , 72.95
1109.2 , 80.21
1108.55 , 99.68
1088.23 , 103.7
1069.48 , 110.95
1052.4 , 122.97
1035.22 , 134.7
1017.28 , 144.4
999.08 , 153.59
981.58 , 164.34
963.48 , 173.71
738.58 , 220.97
706.23 , 223.98
675.95 , 231.26
646.77 , 240.7
618.65 , 252.73
591.08 , 266.65
564.5 , 282.97
539.82 , 304.17
522.24 , 330.29
513.51 , 359.77
510.75 , 392.22
536.37 , 378.62
555.28 , 352.95
575.85 , 327.87
601.48 , 309.23
628.5 , 293.97
656.42 , 281.28
684.38 , 268.59
712.17 , 255.45
740.17 , 242.98
