2831214703_1
475.42 , 578.12
480.36 , 595.88
486.66 , 613.03
492.56 , 630.79
499.81 , 647.08
509.98 , 663.1
520.78 , 678.71
532.36 , 693.43
543.69 , 707.53
556.17 , 721.83
566.62 , 737.13
576.59 , 751.28
589.43 , 764.19
604.97 , 777.02
621.69 , 784.8
639.03 , 791.01
656.73 , 795.22
675.57 , 794.08
691.84 , 786.41
709.43 , 780.51
724.99 , 771.07
742.25 , 762.01
755.96 , 750.2
769.45 , 736.98
782.46 , 725.26
795.16 , 712.34
806.56 , 697.44
814.51 , 679.69
826.69 , 665.53
838.05 , 650.38
846.32 , 633.96
853.08 , 617.35
857.29 , 598.95
860.91 , 581.42
865.6 , 562.81
868.77 , 544.61
871.33 , 526.49
872.69 , 508.67
873 , 489.25
873.34 , 469.93
874.03 , 451.24
553.01 , 552.54
543.63 , 563.37
541.33 , 578.2
546.16 , 592.23
559.78 , 598.33
574.09 , 601.29
589.52 , 600.15
603.22 , 594.32
615.97 , 586.78
629.15 , 581.63
645.53 , 581.78
658.73 , 578.48
672.3 , 571.02
674.49 , 556.57
666.09 , 545.06
652.32 , 537.15
637.78 , 531.57
564.9 , 673.86
568.16 , 661.84
576 , 651.76
587.05 , 646.12
598.07 , 640.43
609.75 , 636.63
622.5 , 634.86
635.48 , 633.59
647.35 , 630.15
659.15 , 626.61
671.4 , 623.86
684.25 , 622.36
697.67 , 622.63
708.81 , 627.52
712.9 , 638.71
704.88 , 648.89
694.8 , 657.18
684.35 , 664.39
673.8 , 671.21
662.92 , 677.34
651.83 , 682.87
640.47 , 687.54
628.9 , 691.61
616.77 , 694.59
604.42 , 697.11
591.27 , 696.23
579.45 , 692.65
569.17 , 685.39
580.4 , 670.36
587.45 , 667.07
594.07 , 662.42
601.12 , 658.88
608.4 , 656.11
615.92 , 653.87
623.3 , 651.33
630.67 , 648.86
638.57 , 647.36
645.95 , 644.84
653.15 , 641.86
661.15 , 640.61
669.55 , 640.11
677.67 , 641.11
686.31 , 641.12
679.95 , 644.6
672.27 , 646.61
664.5 , 648.37
656.72 , 650.09
649.35 , 652.59
641.83 , 654.84
634.45 , 657.34
627.08 , 659.86
619.17 , 661.36
611.9 , 664.11
604.6 , 666.84
596.92 , 668.86
588.67 , 669.61
650.44 , 447.83
656.22 , 440.56
661.47 , 433.06
668.49 , 426.52
676.22 , 421.82
684.59 , 419.06
693.77 , 417.83
703.27 , 417.33
713.04 , 417.33
722.19 , 418.58
730.89 , 420.83
726.66 , 428.6
720.11 , 435.67
712.42 , 440.34
704.12 , 443.31
695.44 , 445.58
686.39 , 447.08
677.37 , 448.58
668.09 , 449.58
658.82 , 450.6
550.63 , 478.02
547.51 , 472.14
541.38 , 469.28
535.13 , 466.79
528.31 , 465.55
521.13 , 466.04
514.88 , 468.52
508.63 , 471.02
502.51 , 473.8
497.39 , 479.01
494.36 , 485.04
496.86 , 491.29
502.06 , 496.26
508.86 , 497.54
516.16 , 497.29
522.99 , 496.04
529.34 , 493.81
535.56 , 491.33
541.63 , 488.28
547.2 , 483.93
603.94 , 408.25
617.14 , 395.05
631.02 , 383.75
646.39 , 376.48
661.77 , 369.22
677.14 , 362.05
692.79 , 355.72
709.44 , 351.5
727.27 , 353.25
742.84 , 359.9
756.1 , 372.92
741.04 , 379.01
723.69 , 381.75
706.79 , 385.4
690.84 , 390.85
674.64 , 395.79
658.27 , 400.47
642.97 , 407.97
629.07 , 419.27
612.35 , 423.2
545.41 , 444.39
540.39 , 435.43
530.62 , 430.67
519.83 , 428.42
508.43 , 427.42
496.9 , 426.67
485.38 , 427.42
474.1 , 428.68
464.12 , 432.67
455.3 , 439.92
450.18 , 449.55
446.05 , 459.42
457.3 , 458.92
467.88 , 456.19
478.45 , 453.39
489 , 450.66
500.18 , 449.17
511.95 , 448.92
523.58 , 448.42
534.5 , 446.41
