2831234659_1
518.74 , 686.82
523.42 , 706.93
529.31 , 729.37
534.06 , 751.75
538 , 771.96
543.31 , 793.97
547.11 , 815.32
555.25 , 837.6
567.69 , 855.84
581.78 , 873.18
594.92 , 890.53
609.58 , 906.19
626.22 , 921.39
642.45 , 936.76
659.7 , 951.01
676.45 , 964.6
694.27 , 980.06
711.35 , 992.54
730.77 , 1002.72
752.34 , 1012.45
772.03 , 1021
794.01 , 1026.41
817.33 , 1027.07
837.73 , 1025.68
859.55 , 1020.38
880.69 , 1009.78
896.18 , 996.38
910.81 , 977.43
922.43 , 958.38
934.05 , 939.12
945.62 , 920.7
957.3 , 901.13
968.31 , 881.88
977.6 , 863.16
986.28 , 841.64
993.59 , 821.2
998.81 , 798.42
1005.42 , 777.76
1011.16 , 756.8
1015.41 , 735.6
1019.9 , 711.99
781.6 , 691.93
769.41 , 706.57
756.79 , 723.43
746.87 , 741.94
747.61 , 760.2
766.05 , 771.1
784.84 , 776.47
804.36 , 779.51
824.55 , 781.9
846.64 , 783.32
865.55 , 779.78
885.95 , 772.91
901.2 , 760.8
907.89 , 742.15
899.85 , 723.14
885.96 , 709.91
871.64 , 693.26
728.31 , 849.61
740.51 , 840.9
753.86 , 835.38
767.76 , 831.09
781.91 , 827.36
796.23 , 823.86
811.61 , 822.6
825.48 , 826.88
841.23 , 827.36
855.63 , 824.11
870.66 , 826.09
884.83 , 829.85
898.36 , 834.88
910.25 , 844.54
905.72 , 858.21
897.01 , 870.41
887.71 , 882.45
875.91 , 892.29
862.68 , 898.39
847.81 , 900.61
832.18 , 901.36
816.31 , 901.11
801.31 , 899.11
786.88 , 895.86
773.53 , 890.34
760.98 , 882.53
749.09 , 872.88
738.16 , 861.46
732.81 , 852.86
744.78 , 854.36
756.76 , 855.86
768.61 , 854.11
780.96 , 853.36
793.28 , 854.11
805.76 , 854.61
818.11 , 855.36
830.43 , 856.11
842.31 , 854.36
853.81 , 851.86
865.91 , 850.61
878.36 , 851.11
890.33 , 849.61
902.56 , 848.61
891.21 , 850.36
878.86 , 851.11
866.26 , 851.36
854.28 , 852.86
842.78 , 855.36
830.58 , 856.36
817.86 , 856.36
805.63 , 855.36
793.31 , 854.61
780.83 , 854.11
768.73 , 855.36
756.51 , 856.36
744.41 , 855.11
879.39 , 611.32
884.64 , 603.32
892.09 , 596.38
900.39 , 591.82
909.14 , 588.57
918.64 , 586.82
928.84 , 587.07
938.44 , 588.57
947.44 , 591.33
955.86 , 595.56
962.61 , 603.05
963.49 , 612.47
954.74 , 615.72
945.84 , 618.57
936.24 , 620.07
926.26 , 619.31
916.79 , 617.59
907.66 , 615.06
898.99 , 611.58
889.26 , 610.32
744.75 , 613.11
743.45 , 604.86
736.2 , 598.65
728.67 , 593.11
720.95 , 588.16
712.62 , 584.85
703.47 , 583.35
693.72 , 583.61
684.82 , 585.64
676.7 , 589.53
669.12 , 594.85
663.62 , 602.35
671.39 , 607.13
679.47 , 611.19
687.89 , 614.11
696.92 , 615.84
706.67 , 616.1
716.45 , 615.85
725.97 , 615.1
735.35 , 614.1
875.89 , 567.12
880.61 , 552.88
894.66 , 547.38
909.44 , 543.37
924.47 , 539.88
939.62 , 536.61
954.76 , 533.34
970.74 , 531.87
986.72 , 533.37
1000.32 , 540.3
1010.38 , 552.6
1012.64 , 566.37
998.39 , 561.37
983.14 , 558.37
967.16 , 556.87
951.32 , 558.6
935.79 , 561.12
919.82 , 562.6
904.74 , 566.02
890.54 , 571.13
775.32 , 555.13
760.7 , 545.79
744.93 , 539.8
728.68 , 534.79
712.3 , 530.01
695.95 , 525.29
679.05 , 521.54
660.95 , 520.29
644.25 , 524.5
629.58 , 533.66
615.7 , 545.04
632.5 , 549.03
649.88 , 551.79
667.38 , 554.29
684.98 , 556.54
702.48 , 559.05
719.98 , 561.55
737.1 , 564.76
753.9 , 568.77
771.75 , 570.53
