2831234659_2
537.23 , 707.06
541.46 , 730.29
544.42 , 756.48
548.04 , 782.63
555.69 , 807.73
562.05 , 833.71
569.18 , 858.6
577.99 , 882.6
587 , 906.47
598.52 , 929.22
613.98 , 951.78
630.23 , 972.74
646.73 , 993.43
664.47 , 1011.27
685.68 , 1025.35
707.99 , 1037.13
732.87 , 1045.64
759.14 , 1048.95
785.01 , 1051.67
812.17 , 1050.15
837.98 , 1045.54
862.49 , 1037.45
884.61 , 1026.1
908.28 , 1013.83
931.5 , 1002.43
954.9 , 991.04
975.2 , 975.18
992.91 , 954.75
1007.84 , 934.3
1023.91 , 914.15
1039.19 , 891.96
1049.61 , 868.69
1057.66 , 845.19
1060.35 , 819.84
1061.22 , 793.88
1060.33 , 765.46
1058.72 , 741.77
1056.67 , 713.54
1054.32 , 687.57
1050.99 , 661.82
1047.22 , 635.98
706.05 , 734.35
699.3 , 752.2
688.69 , 769.88
679.72 , 787.21
683.53 , 805.75
703.18 , 812.25
722.22 , 813.4
742.9 , 814
763.42 , 811.43
781.11 , 805.24
800.25 , 797.73
818.52 , 790.63
832.52 , 776.56
832.07 , 756.41
821.94 , 738.38
805.43 , 726.62
790.95 , 712.32
688.05 , 907.16
700.3 , 898.91
713.22 , 892.26
725.82 , 884.9
739.1 , 879.42
754.25 , 877.91
768.55 , 874.66
782.62 , 870.88
798.15 , 871.67
812.2 , 875.43
826.62 , 878.4
842.02 , 879.41
857.65 , 879.91
872.66 , 878.15
866.23 , 890.96
857.97 , 903.23
846.95 , 914.53
834.77 , 923.19
821.8 , 929.66
808.6 , 935.39
795.17 , 940.38
781.1 , 944.16
766.32 , 946.41
750.45 , 946.43
736.42 , 942.53
723.6 , 935.73
710.85 , 928.72
699.35 , 918.21
690.8 , 905.91
703.62 , 904.91
716.85 , 904.66
729.92 , 905.16
742.65 , 906.41
755.62 , 907.16
768.45 , 906.16
780.95 , 904.42
792.95 , 901.64
805.07 , 899.16
816.9 , 896.07
828.65 , 892.82
839.95 , 888.76
851.35 , 884.87
861.66 , 880.29
850.75 , 885.67
839.67 , 890.54
827.75 , 893.45
815.82 , 896.4
803.97 , 899.48
792.32 , 902.9
780.97 , 906.91
768.12 , 907.91
754.8 , 907.91
741.95 , 906.91
729.47 , 905.16
716.5 , 905.91
703.65 , 906.91
810.6 , 638.77
815.48 , 629.12
822.78 , 620.34
831.7 , 613.42
841.23 , 608.15
851.43 , 604.75
862.2 , 602.49
873.95 , 602.27
885.55 , 602.77
896.45 , 604.8
906.35 , 609.02
907.55 , 620.1
898.88 , 627.76
889.15 , 632.5
879.03 , 636.01
868 , 637.77
856.62 , 638.77
844.88 , 638.52
833.25 , 638.02
821.75 , 637.27
657.79 , 656.54
651.69 , 652.26
644.44 , 650.55
636.94 , 649.3
628.84 , 649.29
621.34 , 650.54
614.06 , 652.29
607.37 , 655.28
601.02 , 659.3
597.13 , 665.69
595.04 , 672.79
600.97 , 677.52
607.69 , 680.53
615.41 , 679.79
623.04 , 678.79
630.54 , 677.54
637.66 , 675.51
644.66 , 673.29
651.24 , 669.85
656.04 , 663.79
766.94 , 586.31
782.72 , 575.05
799.27 , 565.8
816.27 , 557.8
833.19 , 549.56
850.09 , 541.15
868.04 , 535.71
887.49 , 537.35
906.49 , 540.81
924.84 , 545.53
940.74 , 556.57
932.79 , 571.06
912.49 , 570.31
892.22 , 571.05
872.29 , 572.53
852.62 , 574.56
834.54 , 579.8
817.47 , 587.55
800.09 , 594.28
782.07 , 599.45
654.99 , 622.76
652.71 , 610.02
640.97 , 603.76
628.29 , 599.34
614.47 , 597.25
599.72 , 597
585.34 , 596
571.09 , 594.75
557.82 , 597.97
546.49 , 606.22
540.19 , 618.12
538.19 , 632
547.81 , 642.87
560.04 , 637.91
571.62 , 630.52
583.87 , 624.76
597.64 , 622.49
612.49 , 622.5
627.09 , 622
640.89 , 624.21
