2831964442_1
196.33 , 461.56
195.46 , 477.57
195.93 , 495.32
195.9 , 512.73
198.98 , 529.51
201.27 , 546.48
205.03 , 564.83
210.35 , 580.16
216.04 , 596.75
223.7 , 612.98
232.79 , 626.87
243.87 , 640.73
256.16 , 653.7
266.88 , 667.31
277.61 , 680.05
289.1 , 692.81
302.41 , 705.57
314.93 , 716.38
329.28 , 726.14
345.87 , 733.46
362.53 , 736.37
379.84 , 736.53
397.71 , 734.63
414.6 , 729.07
429.81 , 721.13
445.38 , 714.06
460.32 , 706.69
476.58 , 698.74
492.46 , 690.55
506.41 , 680.88
520 , 669.54
531.42 , 657.71
541.35 , 642.94
549.04 , 627.91
556.62 , 611.32
563.71 , 596.43
571.27 , 580.24
578.81 , 563.75
585.52 , 549.03
593.26 , 532.49
600 , 516.04
322.87 , 472.35
315 , 484.22
308.2 , 496.99
305.13 , 511.18
313.4 , 523.82
326.84 , 530.89
340.72 , 535
354.8 , 537.6
369.65 , 537.6
384.43 , 537.87
400.21 , 538.11
413.9 , 537
425 , 526.69
426.43 , 512.85
419 , 499.15
410.49 , 486.82
404.78 , 472.73
287.25 , 574.35
299.48 , 570.35
313.38 , 569.6
327.15 , 570.61
339.43 , 574.62
351.85 , 578.38
365.25 , 580.1
379.15 , 580.85
392.57 , 582.6
405.88 , 584.6
418.83 , 587.35
431.08 , 591.38
443.06 , 596.11
441.87 , 609.5
433.22 , 620.12
422.75 , 629.1
411.38 , 635.6
399.3 , 640.1
386.23 , 642.6
372.1 , 642.85
358.18 , 642.1
344.65 , 640.62
332.5 , 636.35
321.27 , 629.38
310.68 , 620.78
302.05 , 610.15
295.99 , 598.58
291.25 , 586.6
298.25 , 578.1
308.55 , 579.1
318 , 581.85
326.88 , 586.1
335.98 , 589.59
345.18 , 592.82
354.62 , 595.58
364.8 , 596.84
375.6 , 596.85
386.27 , 596.6
396.95 , 596.85
407.5 , 597.35
417.95 , 598.06
428.13 , 599.35
428.05 , 607.31
418.82 , 610.53
409.02 , 612.6
398.85 , 613.85
388.3 , 614.35
377.5 , 614.35
367.2 , 613.36
357 , 612.1
346.93 , 610.57
336.98 , 608.84
327.7 , 605.81
319.15 , 600.75
311.3 , 593.65
303.47 , 586.57
434.76 , 410.82
442.24 , 405.84
450.16 , 401.91
458.26 , 398.57
466.41 , 395.3
475.13 , 393.29
484.69 , 393.57
493.41 , 395.59
501.44 , 399.26
508.94 , 404.31
515.61 , 411.17
515.28 , 420.06
506.44 , 421.82
497.01 , 422.32
487.56 , 421.82
478.49 , 420.55
469.86 , 418.35
461.41 , 415.85
452.81 , 413.57
443.49 , 412.82
326.22 , 397.13
326.45 , 389.51
322.2 , 383.49
316.48 , 378.36
310.08 , 375.13
303.2 , 373.12
295.82 , 372.11
288.1 , 372.36
280.98 , 373.85
274.32 , 376.35
268.1 , 380.05
262.3 , 384.86
267.15 , 390.61
273.55 , 393.86
280.58 , 395.61
287.7 , 397.1
295.55 , 397.11
303.4 , 397.11
311.12 , 397.36
318.75 , 397.86
414.85 , 368.14
419.29 , 352.13
436.05 , 349.14
454.18 , 349.39
471.93 , 350.39
489.3 , 352.15
506.58 , 354.13
523.73 , 356.4
540.2 , 359.99
554.9 , 367.91
566.08 , 381.12
564.25 , 395.79
549 , 389.55
534 , 382.3
518.05 , 377.65
500.93 , 375.38
483.4 , 373.89
465.9 , 372.39
448.28 , 371.14
430.8 , 372.6
348.66 , 365.99
344.92 , 352.46
333.73 , 342.51
320.98 , 336.71
307.73 , 332.46
294.18 , 328.73
279.41 , 327.48
264.66 , 326.23
249.5 , 326.74
236.63 , 331.99
227.33 , 343.31
222.93 , 356.48
237.81 , 357.22
250.75 , 352.2
264.81 , 349.49
279.81 , 348.73
294.58 , 349.98
308.5 , 352.98
321.48 , 357.99
333.66 , 365.22
