2832087247_1
556.6 , 783.1
558.78 , 806.33
563 , 828.42
568.65 , 850.25
576.5 , 873.73
586.55 , 894.32
597.95 , 914.08
609.67 , 935.7
622.68 , 954.39
637.7 , 973.08
654.42 , 990.45
669.06 , 1006.51
687.12 , 1021.07
708.67 , 1034.65
726.99 , 1048.17
747.16 , 1060.08
769.12 , 1067.62
792.16 , 1074.31
814.03 , 1080.62
837.87 , 1086.11
861.41 , 1088.18
882.76 , 1089.45
907.35 , 1087.35
930.57 , 1083.35
953.23 , 1076.12
974.2 , 1064.84
990.77 , 1050.06
1007.31 , 1034.91
1023.16 , 1015.06
1035.71 , 995.86
1047.65 , 974.82
1058.96 , 954.11
1068.61 , 935.12
1077.53 , 913.17
1085.63 , 889.19
1091.36 , 866.59
1095.57 , 844.62
1098.1 , 822.29
1099.95 , 797.4
1104.22 , 774.87
1109.25 , 750.56
834.05 , 704.8
827.46 , 727.22
818.93 , 748.95
813.74 , 773.31
815.11 , 794.86
826.46 , 817.79
847.03 , 826.17
872.01 , 828.73
894.87 , 830.39
918.96 , 829.03
941.57 , 821.32
964.07 , 811.72
980.53 , 795.21
977.73 , 772
966.92 , 751.61
957.85 , 728.3
949.14 , 704.75
764.54 , 905.84
774.6 , 889.53
791.24 , 880.1
808.87 , 873.59
827.54 , 869.09
846.51 , 865.34
866.71 , 864.09
886.56 , 866.09
907.37 , 866.09
927.31 , 864.34
947.29 , 866.09
966.16 , 870.06
983.69 , 876.83
999.55 , 888.37
1006.08 , 905.99
992.51 , 921.12
976.49 , 932.16
960.01 , 941.87
943.66 , 952.09
925.96 , 958.33
906.12 , 960.34
885.54 , 960.84
866.06 , 958.09
847.69 , 953.12
830.31 , 945.85
813.37 , 937.19
796.46 , 928.49
779.74 , 919.28
787.29 , 904.84
801.39 , 903.09
816.21 , 903.34
830.69 , 904.34
845.51 , 904.59
860.46 , 904.59
875.31 , 904.34
889.66 , 905.59
904.49 , 905.84
919.31 , 905.59
934.16 , 905.84
948.87 , 905.34
963.21 , 904.09
977.94 , 903.59
992.17 , 902.59
977.96 , 904.09
963.49 , 905.09
948.76 , 905.59
934.31 , 906.59
919.46 , 906.84
904.64 , 906.59
890.04 , 905.84
875.34 , 905.34
860.62 , 905.84
846.14 , 904.84
831.31 , 904.59
816.49 , 904.34
801.76 , 903.84
954.75 , 655.13
959.1 , 645.51
967.45 , 637.44
976.17 , 630.43
985.73 , 625.64
995.5 , 621.63
1006.1 , 619.38
1017.3 , 618.38
1028.62 , 619.14
1039 , 621.88
1048.42 , 627.01
1050.07 , 637.37
1041.08 , 643.56
1031.22 , 647.4
1020.85 , 650.1
1010.25 , 652.38
999.52 , 654.38
988.33 , 655.38
976.77 , 655.63
965.55 , 656.63
792.55 , 649.86
785.78 , 641.81
777.5 , 635.8
768.57 , 631.48
758.67 , 629.46
748.4 , 628.21
737.67 , 627.96
727.65 , 629.71
718.45 , 633.2
709.95 , 638.64
701.65 , 644.46
708.6 , 652.43
717.7 , 656.21
727.47 , 658.45
737.38 , 660.46
747.65 , 661.71
758.4 , 661.46
768.9 , 660.71
779.4 , 659.96
789.67 , 658.71
951.58 , 614.06
958.58 , 600.81
972.23 , 594.35
985.78 , 587.54
999.68 , 582.03
1014.48 , 578.29
1029.48 , 575.04
1045.18 , 573.31
1060.9 , 575.06
1076.88 , 576.31
1090.48 , 582.96
1087.48 , 597.09
1072.13 , 599.55
1056.28 , 598.06
1040.2 , 599.08
1024.96 , 601.83
1010.33 , 605.81
996.58 , 612.06
981.11 , 614.3
966.21 , 617.83
817.27 , 615.22
816.2 , 597.39
801.28 , 588.41
784.25 , 584.38
766.43 , 582.13
747.98 , 581.13
729.53 , 582.11
712.05 , 585.12
695.18 , 589.36
679.08 , 595.17
664.18 , 604.32
651.38 , 617.88
670.08 , 617.38
688.88 , 617.13
707.81 , 617.13
726.5 , 616.63
745.18 , 617.13
763.98 , 617.38
782.56 , 618.13
800.63 , 619.88
