2832573490_1
640.8 , 830.05
641.14 , 856.9
644 , 882.75
649.73 , 911.24
655.94 , 936.9
665.88 , 963.78
676.71 , 990.03
687.66 , 1013.22
701.75 , 1037.98
714.58 , 1061.68
729.43 , 1084.54
747.51 , 1107.68
764.83 , 1127.49
785.91 , 1145.2
811.21 , 1157.99
836.99 , 1163.57
863.78 , 1163.09
891.83 , 1159.06
919.12 , 1153.54
947.14 , 1148.42
971.74 , 1139.15
999.69 , 1130.11
1023.65 , 1121.86
1049.14 , 1108.07
1073.59 , 1094.29
1097.29 , 1080.53
1122.47 , 1069.56
1146.53 , 1058.36
1172.08 , 1043.97
1191.36 , 1027.18
1211.22 , 1008.05
1231.82 , 987.44
1248.92 , 966.98
1266.94 , 944.67
1282.61 , 922.87
1300.51 , 900.57
1310.16 , 874.61
1318.69 , 849.73
1326.52 , 823.25
1329.31 , 794.78
1327.59 , 767.05
726.8 , 774.15
724.92 , 797.53
713.53 , 819.19
707.28 , 844.18
717.15 , 864.5
739.92 , 874.12
763.95 , 870.64
784.68 , 857.81
809.39 , 848.07
834.69 , 848.25
858.41 , 846.8
883.52 , 841.71
899.54 , 822.95
905.69 , 800.69
896.71 , 776.85
878.72 , 761.92
858 , 745.1
752.28 , 958.07
756.65 , 941.95
766 , 927.85
780.55 , 919.55
797.08 , 916.07
814.08 , 913.57
831.43 , 911.82
848.93 , 913.32
865.55 , 916.57
882.43 , 919.32
899.2 , 922.34
915.5 , 926.33
932.03 , 929.82
948.65 , 933.1
945.55 , 949.06
931.15 , 957.7
916.33 , 965.3
901.88 , 973.81
887.23 , 981.82
872.4 , 989.44
856.98 , 995.11
841.43 , 1000.42
825.65 , 1005.32
808.15 , 1006.82
790.88 , 1008.42
775.46 , 1002.74
763.83 , 989.39
754.28 , 975.32
769.28 , 984.07
777.03 , 973.17
788.08 , 966
799.48 , 959.61
811.3 , 954.3
823.61 , 950.25
836.43 , 947.31
849.25 , 944.34
862.28 , 941.82
875.7 , 940.1
889.61 , 939.32
903.73 , 939.57
917.88 , 939.82
931.9 , 939.82
929.25 , 941.57
915.7 , 943.07
902.3 , 944.82
888.75 , 946.32
875.7 , 948.81
863.13 , 952.34
850.45 , 955.56
838 , 959.34
825.86 , 963.54
813.78 , 968.07
801.36 , 971.81
789.4 , 976.67
779.28 , 986.57
772.31 , 996.89
892.46 , 639.49
898.68 , 628.01
906.21 , 616.99
916.56 , 607.65
927.91 , 601
939.69 , 595.51
952.24 , 591.98
965.31 , 589.46
978.51 , 591.76
991.11 , 595.15
1002.8 , 601
1008.18 , 612.5
996.91 , 619.28
984.91 , 624.03
972.71 , 628.24
959.76 , 630.99
946.09 , 632.24
932.41 , 633.49
919.21 , 635.74
905.16 , 636.23
745.07 , 699.46
740.22 , 691.19
731.85 , 686.24
722.33 , 684.06
712.75 , 685.99
703.9 , 689.83
695.23 , 694.01
686.98 , 699.25
679.03 , 705.48
672.1 , 713.14
667.74 , 721.76
666 , 731.49
675.58 , 732.74
684.58 , 729.46
693.25 , 725.24
701.92 , 721.05
710.67 , 717.06
719.35 , 712.9
728.2 , 709.28
736.88 , 704.98
803.57 , 516.88
826.05 , 499.41
851.52 , 490.4
877.1 , 481.62
903.92 , 475.13
932.4 , 472.15
962.22 , 471.88
990.82 , 474.63
1018.2 , 479.85
1043.44 , 489.6
1063.88 , 510.18
1038.77 , 513.88
1011.12 , 509.17
982.8 , 505.88
953.82 , 503.88
924.85 , 505.88
897.82 , 511.88
872.32 , 520.88
846.39 , 528.85
821.09 , 538.36
715.28 , 598.89
707.48 , 585.44
691.76 , 582.43
676.26 , 586.45
662.06 , 593.69
648.61 , 602.68
635.41 , 612.6
623.84 , 625.17
615.04 , 638.72
609.19 , 653.32
606.56 , 669.44
606.81 , 686.74
621.56 , 684.69
629.28 , 670.72
638.09 , 657.17
649.66 , 644.57
662.56 , 633.94
676.33 , 625.68
690.66 , 618.93
704.83 , 611.68
