2833382427_1
314.53 , 780.24
318.03 , 805.59
323.82 , 835.47
328.94 , 862.12
335 , 888.81
341.61 , 916.03
347.74 , 945
355.77 , 972.09
366.26 , 997.31
379.02 , 1021.64
391.59 , 1047.13
402.92 , 1072.6
417.24 , 1099.44
433.33 , 1121.43
451.71 , 1142.42
469.88 , 1162.67
493.6 , 1178.57
519.44 , 1191.36
543.4 , 1207.43
568.6 , 1216.93
596.77 , 1218.71
624.58 , 1219.98
652.6 , 1216.64
680.66 , 1215.11
708.36 , 1210.89
736.31 , 1201.77
762.96 , 1190.44
786.4 , 1176.33
808.51 , 1159.88
830.85 , 1143.2
852.28 , 1125.12
871.12 , 1105.4
889.02 , 1081.13
901.76 , 1057.72
912.36 , 1029.27
918.32 , 1001.56
924.14 , 975.77
931.75 , 947.07
940.42 , 921.31
950.06 , 895.57
959.99 , 867.12
495.05 , 783.05
491.4 , 803.7
483.53 , 827.09
491.83 , 848.61
503.9 , 867.33
523.84 , 879.36
545.28 , 869.8
567.46 , 861.71
591.08 , 865.4
613.9 , 864.16
637.41 , 867.5
659.05 , 868.82
671.59 , 850.09
673.6 , 825.94
669.66 , 802.82
655.49 , 783.18
634.26 , 772.87
485.31 , 1011.43
492.94 , 995.5
507.99 , 985.53
523.49 , 976.74
539.38 , 968.87
557.13 , 965.4
576.41 , 965.68
594.86 , 963.68
612.24 , 959.45
631.16 , 958.43
650.21 , 957.68
668.88 , 959.17
686.59 , 962.68
703.96 , 966.95
720.31 , 973.43
719.13 , 989.66
702.24 , 994.75
684.61 , 998.43
666.54 , 1001.2
649.13 , 1005.36
632.09 , 1010.18
614.71 , 1014.42
596.88 , 1017.68
578.09 , 1018.93
558.91 , 1019.43
539.86 , 1018.68
521.31 , 1016.93
503.24 , 1014.18
494.56 , 999.43
510.46 , 997.18
526.61 , 995.43
542.03 , 992.2
557.63 , 989.36
572.99 , 985.95
589.51 , 984.93
606.38 , 985.18
622.78 , 983.95
639.16 , 982.7
655.09 , 980.43
671.46 , 979.21
688.11 , 978.43
704.99 , 978.18
721.37 , 979.42
705.16 , 979.93
688.16 , 979.93
671.29 , 980.18
654.88 , 981.43
638.86 , 983.43
622.84 , 985.43
606.18 , 986.18
589.68 , 985.18
573.29 , 986.44
557.86 , 989.64
542.49 , 993
527.11 , 996.41
511.46 , 999.18
666.6 , 656.19
675.45 , 644.06
687.27 , 634.27
699.8 , 626.48
713.08 , 620.69
727.48 , 617.41
742.8 , 616.19
758.65 , 616.44
773.4 , 618.96
786.6 , 624.94
798.6 , 634.19
798.72 , 649.68
786.1 , 657.19
772.73 , 662.67
757.98 , 665.19
742.28 , 664.69
727.05 , 663.19
712.3 , 660.69
697.42 , 658.44
681.95 , 657.44
493.42 , 666.88
490.7 , 653.76
480.5 , 643.66
468.61 , 637.88
455.98 , 634.1
442.36 , 632.36
428.13 , 632.86
415.08 , 635.84
403.06 , 641.11
391.81 , 648.47
384.18 , 659.61
387.42 , 672.54
394.29 , 683.98
405.86 , 690.54
418.86 , 693.61
432.83 , 692.61
445.98 , 689.87
458.16 , 685.1
470.18 , 679.86
482.83 , 676.11
605.45 , 617.38
615.7 , 589.99
644.75 , 583.11
675.38 , 579.45
705.55 , 574.87
735.08 , 569
764.1 , 561.88
795.55 , 559.9
822.95 , 569.88
848 , 586.89
871.35 , 608.53
869.4 , 634.39
840.45 , 627.13
811.65 , 619.64
781.8 , 614.38
749.75 , 614.14
718.68 , 616.89
688.1 , 620.66
658.48 , 626.36
630.28 , 634.38
529.95 , 634.02
513.71 , 616.45
493.24 , 606.39
471.46 , 599.87
448.16 , 596.36
424.74 , 593.1
402.16 , 588.11
379.91 , 582.35
356.01 , 580.09
334.92 , 588.1
321.11 , 607.11
328.86 , 628.28
348.46 , 640.44
370.13 , 634.1
392.71 , 629.08
416.74 , 631.11
440.76 , 629.11
465.41 , 629.86
487.88 , 635.12
509.16 , 642.65
