2837076619_1
475.49 , 1342.69
497.66 , 1432.98
520.43 , 1524.44
536.91 , 1626.34
548.61 , 1721.23
563.13 , 1810.96
584.41 , 1913.58
616.83 , 2001.71
657.39 , 2085.46
708.79 , 2178.12
758.87 , 2256.41
811.94 , 2332.09
880.39 , 2407.97
957.89 , 2471.9
1031.71 , 2527.35
1116.35 , 2583.6
1196.81 , 2628.28
1290.81 , 2658.21
1390.41 , 2677.57
1481.87 , 2691.41
1576.5 , 2681.81
1670.03 , 2655.39
1761.93 , 2625.67
1850.87 , 2586.59
1936.86 , 2542.03
2021.37 , 2497.78
2108.91 , 2442.39
2183.75 , 2381.41
2253 , 2314.05
2316.93 , 2240.89
2375.05 , 2162.99
2429.31 , 2085.81
2476.14 , 1996.25
2512.12 , 1909.04
2545.69 , 1820.89
2580.3 , 1721.85
2606.47 , 1630.25
2625.03 , 1536.44
2643 , 1441.9
2661.79 , 1348.56
2677.36 , 1244.49
1213.69 , 1315.12
1198.29 , 1392.7
1161.36 , 1472.72
1115.54 , 1540.15
1115.35 , 1621.73
1165.78 , 1685.05
1248.78 , 1700.4
1328.56 , 1718.79
1416.62 , 1741.72
1497.18 , 1731.71
1577.45 , 1714.46
1658.02 , 1701.99
1736.54 , 1668.8
1754.6 , 1586
1739.86 , 1502.16
1689.81 , 1432.93
1628.34 , 1373.7
1043.46 , 2070.51
1092.36 , 2034.39
1142.84 , 2002.76
1192.88 , 1970.03
1246.06 , 1945.5
1309.74 , 1944.01
1369.41 , 1953.77
1430.29 , 1946.98
1489.34 , 1936
1553.13 , 1934.76
1612.04 , 1946
1666.81 , 1965.61
1718.81 , 1993.35
1769.11 , 2025.5
1790.99 , 2077.73
1743.86 , 2118.86
1697.99 , 2163.48
1648.91 , 2199.29
1595.11 , 2221.77
1535.93 , 2232.51
1473.59 , 2236.76
1410.54 , 2239.51
1347.24 , 2241.76
1283.61 , 2240.16
1225.31 , 2227.6
1172.18 , 2202.98
1123.71 , 2165.51
1086.61 , 2116.91
1069.96 , 2063.01
1120.96 , 2067.51
1168.86 , 2056.51
1216.31 , 2044.48
1267.34 , 2040.01
1317.11 , 2047
1364.61 , 2058.91
1417.54 , 2059.51
1470.49 , 2059.01
1523.31 , 2058.26
1576.01 , 2057.26
1627.86 , 2060.01
1678.29 , 2065.75
1730.39 , 2068.01
1782.58 , 2066.01
1734.29 , 2072.51
1683.16 , 2068.26
1631.06 , 2066.01
1577.99 , 2066.26
1526.74 , 2062.26
1474.04 , 2061.26
1422.66 , 2065.01
1371.29 , 2061.25
1321.61 , 2054.01
1270.61 , 2049.51
1220.21 , 2055.26
1171.38 , 2064.26
1120.38 , 2068.76
1736.07 , 1034.98
1770.26 , 987.28
1815.47 , 946.09
1863.44 , 912.73
1914.39 , 886.97
1967.55 , 868.24
2025.02 , 858
2087.22 , 857.98
2145.22 , 867.13
2196.39 , 892.29
2242.35 , 931.49
2241.04 , 992.51
2193.32 , 1026.73
2143.55 , 1055.24
2088.87 , 1070.98
2027.87 , 1073.98
1966.05 , 1075.23
1908.22 , 1065.75
1851.8 , 1053.23
1789.37 , 1053.25
1118.37 , 998.34
1096.01 , 957.47
1063.21 , 920.41
1023.06 , 896.25
980.96 , 877.44
935.38 , 866.44
885.53 , 864.44
838.96 , 873.21
797.96 , 895.22
758.53 , 921.37
719.73 , 949.19
752 , 986.47
783.33 , 1024.06
823.48 , 1048.19
867.63 , 1061.71
913.96 , 1070.94
963.56 , 1068.44
1011.73 , 1062.94
1058.93 , 1055.43
1102.74 , 1041.41
1578.28 , 735.36
1650.9 , 679.21
1731.56 , 645.6
1813.43 , 615.71
1897.93 , 591.14
1986.73 , 575.1
2080.53 , 569.36
2176.11 , 570.86
2267.36 , 581.85
2351.01 , 607.6
2426.38 , 655.86
2365.38 , 695.36
2270.03 , 693.36
2175.38 , 697.33
2085.83 , 711.82
1998.11 , 730.04
1910.31 , 748.09
1824.88 , 771.02
1739.7 , 794.43
1647.38 , 801.46
1247.52 , 713.77
1181.62 , 655.88
1108.04 , 618.79
1032.59 , 587.93
956.27 , 559.51
876.91 , 537.44
793.16 , 524.69
705.51 , 529.87
626.62 , 552.95
553.32 , 590.79
484.94 , 641.69
571.37 , 649.44
660.34 , 651.94
746.49 , 660.19
829.64 , 674.69
910.82 , 693.47
989.49 , 716.67
1068.07 , 740.16
1146.74 , 763.48
1227.47 , 783.19
