2837874919_1
224.02 , 396.9
227.24 , 407.49
231.33 , 418
235.04 , 428.58
239.75 , 439.38
243.78 , 449.88
247.61 , 460.72
251.8 , 471.19
257.19 , 481.34
263.33 , 491.82
268.59 , 501.52
277.55 , 509.57
286 , 515.92
293.9 , 523.94
301.24 , 533.35
309.31 , 541.92
317.29 , 549.29
327.76 , 555.06
338.48 , 557.41
349.81 , 558.9
361.3 , 560.47
373.27 , 559.66
384.6 , 557.6
394.85 , 552.3
402.85 , 544.8
409.74 , 535
416.28 , 526.81
423.22 , 517.69
431.93 , 509.23
440.09 , 501.85
448.37 , 493.68
456.19 , 484.82
462.98 , 475.91
469.1 , 466.47
475 , 455.67
479.98 , 446.49
485.34 , 436.5
490.42 , 425.68
494.66 , 415.41
497.61 , 403.84
498.97 , 391.89
347.67 , 393.09
340.56 , 401.42
332.84 , 409.86
328.64 , 420.95
331.11 , 432.25
337.45 , 441.3
347.54 , 447
359.07 , 450.38
370.19 , 451.51
381.6 , 452.05
393.48 , 450.71
403.38 , 446.38
414.05 , 440.15
417.2 , 429.88
416.09 , 417.66
413.51 , 406.74
409.24 , 395.39
307.21 , 474.01
315.91 , 470.5
325.51 , 468.76
335.58 , 468.01
345.91 , 467.76
356.11 , 468.26
365.49 , 470.51
375.06 , 472.25
385.03 , 471.26
395.36 , 471.01
405.69 , 471.26
415.51 , 470.02
425.46 , 469.01
422.99 , 477.46
419.22 , 486.16
414.7 , 494.58
408.91 , 502.52
400.94 , 508.28
392.13 , 511.77
382.44 , 513.26
371.99 , 513.26
361.78 , 513.75
352.31 , 511.79
343.76 , 507.55
335.78 , 501.84
327.93 , 495.74
320.16 , 489.46
313.12 , 481.94
313.21 , 476.26
320.71 , 474.01
328.88 , 475.01
336.71 , 476.76
344.58 , 478.38
352.44 , 480
360.16 , 482.01
368.28 , 483.08
376.58 , 482.63
384.81 , 481.78
392.74 , 480.26
400.61 , 478.6
408.13 , 476.33
415.56 , 473.91
419.63 , 474.58
412.86 , 478.89
406.11 , 483.27
399.24 , 487.27
391.69 , 489.51
383.63 , 490.76
375.24 , 491.26
366.71 , 491.01
358.63 , 489.74
350.81 , 487.99
343.24 , 485.78
335.71 , 483.51
328.03 , 481.54
320.33 , 479.54
417.88 , 351.51
423.36 , 347.04
429.13 , 343.51
435.11 , 340.29
440.83 , 336.55
446.86 , 333.53
453.38 , 331.76
460.03 , 330.27
467.28 , 330.02
473.47 , 332.56
477.55 , 338.19
475.38 , 344.41
470.8 , 349.85
465.13 , 353.76
458.93 , 356.27
452.06 , 357.26
444.93 , 356.76
437.81 , 356.26
430.65 , 355.76
423.9 , 354.51
342.74 , 344.79
339.68 , 339.32
334.88 , 334.49
329.45 , 331.36
323.35 , 329.89
317.25 , 328.39
310.57 , 328.15
304.38 , 329.36
298.7 , 331.93
293.38 , 335.27
288.5 , 339.89
291.28 , 345.42
296.3 , 349.65
302.05 , 351.89
308.15 , 353.38
314.73 , 353.89
321.27 , 353.39
327.73 , 352.64
333.95 , 351.39
340.14 , 350.17
416.35 , 326.55
426.33 , 325.8
434.93 , 321.99
443.43 , 318.04
451.85 , 313.8
459.75 , 308.17
467.5 , 302.15
475.93 , 297.99
485.58 , 298.05
494.13 , 302.07
496.8 , 296.74
488.73 , 291.58
479.73 , 288.81
469.98 , 290.05
461.5 , 294.13
453.65 , 299.77
445.62 , 305.03
437.2 , 309.29
428.7 , 313.29
420.6 , 318.16
350.54 , 327.72
349.69 , 317.3
339.69 , 311.02
328.88 , 307.04
317.71 , 303.79
306.38 , 300.81
294.49 , 299.05
282.44 , 300.48
271.88 , 305.26
262.35 , 312.82
256.36 , 322.92
251.11 , 333.29
260.86 , 326.29
270.41 , 318.79
281.13 , 314.54
293.51 , 313.79
305.31 , 315.8
316.79 , 318.47
327.88 , 321.78
338.59 , 326.03
