1342606231_1
876.7 , 1386.35
890.66 , 1454.21
912.05 , 1528.33
935.26 , 1593.88
962 , 1664.11
992.13 , 1733.18
1027.25 , 1800.24
1065.19 , 1862.62
1114.53 , 1918.73
1159.93 , 1977.98
1203.15 , 2041.36
1243.8 , 2100.68
1288.35 , 2156.52
1339.4 , 2211.92
1410.35 , 2236.83
1485.74 , 2258.08
1555.66 , 2274.96
1628.1 , 2285.26
1702.6 , 2288.35
1778.26 , 2277.66
1848.74 , 2272.68
1920.08 , 2262.02
1995.36 , 2234.81
2056.19 , 2199.25
2115.24 , 2151.39
2166.85 , 2097.04
2212.32 , 2039.5
2251.73 , 1975.77
2285.34 , 1909.34
2329.6 , 1851.76
2359.57 , 1779.1
2393.3 , 1713.15
2400.35 , 1641.36
2414.04 , 1571.46
2422.51 , 1494.15
2425.5 , 1423.45
2423.35 , 1344.81
2419.26 , 1274.17
2412.26 , 1195.88
2401.03 , 1126.26
2389.25 , 1047.65
1413.5 , 1290.78
1404.01 , 1339.79
1388.7 , 1393.54
1388.31 , 1441.95
1428.83 , 1479.89
1480.04 , 1493.19
1529.93 , 1504.93
1585.79 , 1514
1634.58 , 1506.34
1673.04 , 1472.22
1706.5 , 1427.12
1755.63 , 1407.93
1792.59 , 1375.65
1795.74 , 1319.18
1770.02 , 1273.24
1738.4 , 1235.12
1695.25 , 1196.19
1383.96 , 1796.65
1409.68 , 1752.18
1447.54 , 1712.06
1495.34 , 1695.77
1545.88 , 1684.63
1596.06 , 1672.62
1646.91 , 1662.19
1699.88 , 1656.15
1748.46 , 1641.4
1795.46 , 1622.9
1846.51 , 1612.91
1898.06 , 1603.92
1949.49 , 1594.65
2001.76 , 1601.67
2020.12 , 1648
1994.71 , 1692.65
1961.34 , 1734.25
1918.61 , 1764.91
1872.79 , 1787.39
1826.31 , 1807.56
1779.31 , 1826.05
1730.63 , 1840.64
1680.13 , 1851.9
1628.34 , 1860.41
1575.81 , 1867.4
1520.01 , 1867.67
1470.74 , 1853.92
1427.36 , 1825.27
1500.21 , 1787.4
1524.77 , 1757.6
1554.54 , 1732.82
1585.81 , 1712.4
1618.54 , 1695.59
1653.79 , 1685.41
1690.26 , 1677.66
1725.09 , 1666.77
1759.04 , 1653.92
1793.29 , 1641.92
1828.46 , 1631.65
1864.11 , 1622.15
1900.93 , 1615.17
1940.41 , 1613.65
1971.23 , 1627.38
1942.66 , 1655.41
1911.41 , 1675.92
1879.18 , 1693.9
1847.18 , 1712.42
1814.96 , 1730.4
1781.88 , 1746.18
1747.63 , 1758.22
1712.88 , 1769.22
1679.49 , 1783.91
1645.24 , 1795.91
1610.21 , 1806.4
1571.09 , 1808.65
1532.29 , 1805.71
1748.95 , 999.89
1762.92 , 982.66
1778.4 , 965.94
1795.92 , 952.67
1814.65 , 942.68
1834 , 934.61
1854.65 , 929.39
1876.5 , 926.64
1899.3 , 926.89
1921.18 , 929.62
1942.25 , 933.93
1932.58 , 948.17
1913.03 , 955.58
1893.73 , 963.87
1874.38 , 971.96
1854.4 , 978.41
1834.03 , 984.07
1811.97 , 986.39
1791.12 , 991.21
1770.3 , 996.11
1271.37 , 1123.91
1255.25 , 1113.71
1237.27 , 1108.47
1217.52 , 1106.73
1197.82 , 1108.58
1179 , 1112.17
1161.67 , 1118.98
1145.05 , 1127.86
1129.62 , 1140.03
1115.79 , 1154.86
1102.17 , 1169.73
1120.14 , 1174.98
1139.89 , 1176.73
1159.62 , 1174.98
1178.3 , 1170.96
1196.25 , 1165.66
1214.42 , 1160.73
1232.14 , 1154.99
1249.37 , 1148.01
1266.62 , 1141.01
1521.75 , 886.34
1546.26 , 837.47
1589.4 , 797.69
1636.12 , 767.83
1686.15 , 747.19
1739.05 , 732.84
1792.78 , 720.08
1851.28 , 721.84
1905.25 , 734.09
1955.53 , 754.1
2002.83 , 782.44
2023.38 , 827.09
1964.25 , 828.59
1905 , 827.84
1847.83 , 833.31
1791.5 , 840.59
1735.12 , 847.71
1681.08 , 859.77
1629.65 , 876.62
1578.22 , 893.34
1299.39 , 965.92
1279 , 924.3
1236.47 , 906.3
1185.92 , 907.28
1140.53 , 919.06
1097.7 , 936.06
1056.67 , 958.57
1017.92 , 987.31
980.6 , 1019.95
950.99 , 1058.38
934.24 , 1101.33
929 , 1149.8
975.55 , 1157.04
1013.88 , 1127.18
1051.2 , 1094.58
1091.22 , 1069.56
1132.78 , 1048.29
1175.03 , 1029.31
1217.2 , 1010.03
1260.85 , 995.29
