2839127417_1
322.5 , 407
325.59 , 420.06
330.12 , 434.28
334.15 , 448.49
337.76 , 461.55
342.71 , 475.03
348.58 , 488.81
354.1 , 502.39
359.55 , 515.38
367.65 , 527.23
377.5 , 537.16
388.27 , 548
393.3 , 560.37
397.9 , 574.57
403.01 , 587.35
410.54 , 600.79
421.4 , 610.11
434.54 , 616.19
447.63 , 617.75
462.73 , 618.45
477.45 , 617.6
490.77 , 614.06
504.49 , 609.64
518.24 , 604.31
531.29 , 597.35
542.94 , 590.56
555.33 , 583.68
568.86 , 575.61
579.43 , 567.25
590.43 , 558.6
600.48 , 548.36
610.04 , 536.03
618.83 , 525.78
627.13 , 513.41
630.61 , 500.05
629.03 , 484.9
627.14 , 470.57
626.22 , 456.95
623.73 , 442.46
619.11 , 428.5
614.15 , 414.5
397.87 , 417.9
394.31 , 428.48
388.65 , 438.31
385.82 , 450.26
383.2 , 460.59
387.58 , 471.15
397.58 , 477.92
408.69 , 482.49
420.05 , 484.48
431.42 , 482.18
442.29 , 479.68
453.54 , 478.56
464.35 , 473.35
469.94 , 463.15
469.29 , 451.45
463.49 , 441.98
459.98 , 430.25
391.05 , 514.27
400.2 , 514.52
408.75 , 513.02
417.78 , 512.52
426.23 , 514.27
435.38 , 514.52
444.28 , 513.77
453.08 , 514.77
461.88 , 515.77
470.68 , 516.77
479.23 , 518.27
488.03 , 519.27
496.94 , 520
492.8 , 527.27
486.1 , 533.47
480.1 , 540.22
473.15 , 545.7
465.58 , 549.5
457.38 , 551.79
448.58 , 552.77
439.55 , 553.27
430.5 , 553.77
421.7 , 552.79
413.88 , 549.77
406.98 , 544.2
401.52 , 537.25
397.54 , 529.72
394.32 , 521.97
403.05 , 521.52
409.25 , 520.78
414.95 , 522.55
420.43 , 524.8
426.28 , 526.28
432.35 , 527.27
438.93 , 527.27
445 , 526.27
450.95 , 525.03
457.05 , 524.02
463.48 , 524.27
469.45 , 525.51
475.65 , 526.27
482.1 , 526.02
487.46 , 525.09
482.1 , 527.76
476.25 , 529.27
470.05 , 530.02
463.73 , 530.52
457.18 , 530.52
450.85 , 530.02
444.4 , 529.77
438.2 , 530.52
431.62 , 530.52
425.43 , 529.77
419.35 , 528.76
413.93 , 526.3
408.5 , 523.79
467.05 , 372.71
470.27 , 366.48
474.82 , 360.68
480.82 , 356.7
487.32 , 354.22
494.23 , 352.46
501.58 , 351.71
508.48 , 353.47
515.45 , 354.96
522.08 , 357.23
528.31 , 360.49
531.21 , 366.83
525.1 , 370.48
518.2 , 372.21
511.1 , 373.47
503.98 , 374.71
496.62 , 375.46
489.02 , 375.21
481.65 , 374.45
474.55 , 373.21
389.88 , 360.19
387.3 , 356.12
384.18 , 352.24
380.1 , 349.76
375.8 , 347.78
370.97 , 347.02
365.8 , 347.02
360.6 , 347
356 , 348.26
351.95 , 350.77
351.96 , 355.97
353.22 , 360.55
355.77 , 364.64
360.08 , 366.55
365.15 , 366.77
370.35 , 366.77
375.27 , 366.27
380.35 , 366.02
385.42 , 366.27
390.01 , 365.01
440.35 , 329.72
446.12 , 322.21
454.93 , 319.69
463.75 , 317.32
472.98 , 315.73
482.5 , 314.73
492.38 , 314.47
502.12 , 314.97
511.9 , 315.47
521.18 , 316.97
529.15 , 321.49
525.38 , 327.97
515.75 , 327.22
505.75 , 327.22
496.1 , 327.97
486.48 , 328.72
476.83 , 329.47
467.33 , 330.47
457.93 , 331.72
448.65 , 333.24
394.67 , 333.94
390.82 , 326.58
384.04 , 321.06
376.62 , 317.36
369.14 , 313.88
361.59 , 310.6
353.87 , 307.86
346.01 , 305.35
337.86 , 303.35
328.91 , 303.08
322.09 , 308.35
325.37 , 315.86
333.37 , 318.1
341.59 , 319.85
349.31 , 322.61
357.04 , 325.37
364.89 , 327.87
372.54 , 330.81
379.99 , 334.51
387.66 , 337.37
