2840009780_1
298.37 , 389.52
297.96 , 400.44
296.51 , 412.38
295.17 , 423.66
295.29 , 434.52
296.4 , 446.2
299.46 , 457.81
302.86 , 467.71
308.28 , 478.37
311.8 , 489.14
316.85 , 499.36
322.39 , 510.03
327.35 , 519.78
334.65 , 529.19
343.75 , 536.85
353 , 543.15
362.28 , 548.89
372.43 , 554.81
382.67 , 559.73
393.51 , 563.93
404.51 , 567.24
415.65 , 569.44
427.81 , 570.66
439.28 , 569.84
450.43 , 566.38
459.81 , 561.47
469.4 , 554.33
477.36 , 546.24
484.4 , 537.17
491.33 , 528.23
498.71 , 519.54
506.61 , 510.21
513.27 , 501.34
519.56 , 492.22
525.82 , 481.51
530.88 , 471.6
535.84 , 461.65
540.91 , 451.39
545.69 , 441.03
551.19 , 429.66
555.97 , 419.18
422.29 , 403.85
416.66 , 410.63
412.5 , 418.63
410.92 , 427.67
414.38 , 436.42
420.32 , 442.56
428.34 , 448.06
436.29 , 451.8
445.5 , 453.73
454.85 , 453.8
464 , 452.6
471.81 , 449.7
480.75 , 445.19
488.36 , 440.17
490.85 , 432.22
489.84 , 423.02
485.86 , 414.01
371.27 , 475.16
380.57 , 473.16
390.64 , 473.66
400.94 , 473.66
411.12 , 473.41
421.07 , 474.16
430.89 , 475.16
440.94 , 475.66
450.89 , 476.41
460.94 , 476.91
471.25 , 476.91
480.7 , 478.63
483.77 , 487.41
480.55 , 496.11
476.37 , 504.56
470.94 , 512.48
463.19 , 518.47
454.44 , 521.65
444.87 , 523.16
434.79 , 523.66
424.97 , 522.66
415.64 , 520.68
406.84 , 517.67
398.54 , 513.19
390.52 , 507.91
383.24 , 500.63
377.81 , 492.71
373.75 , 484.21
374.52 , 474.91
382.17 , 477.19
389.84 , 479.39
397.29 , 482.16
405.84 , 482.66
414.52 , 482.91
423.07 , 483.41
431.37 , 484.41
439.69 , 485.41
448.5 , 485.41
456.92 , 484.66
465.47 , 484.16
474.02 , 483.66
482.01 , 482.24
478.64 , 489.31
471.97 , 494.23
465 , 498.42
457.69 , 501.66
449.62 , 503.16
440.94 , 502.91
432.64 , 501.91
424.44 , 500.66
416.37 , 499.16
408.84 , 496.64
401.39 , 493.88
394.17 , 490.4
387.17 , 486.34
380.57 , 481.21
490.44 , 358.09
492.16 , 353.61
495.92 , 349.86
499.74 , 346.3
504.14 , 344.36
508.69 , 342.84
513.87 , 342.6
518.69 , 343.59
523.06 , 345.69
526.87 , 349.24
529.69 , 353.34
531.2 , 357.91
529.56 , 362.33
524.84 , 363.58
519.66 , 363.34
514.49 , 363.09
509.54 , 362.34
504.47 , 361.84
499.29 , 361.58
494.54 , 360.43
411.15 , 347.88
410.67 , 342.86
407.57 , 338.53
403.76 , 334.43
399.41 , 331.38
394.86 , 328.9
389.78 , 327.63
384.36 , 327.13
379.06 , 327.85
374.28 , 329.79
369.81 , 332.51
366.18 , 336.63
369.83 , 340.81
374.45 , 343.14
379.18 , 345.13
384.25 , 346.37
389.46 , 347.38
394.75 , 348.13
400.31 , 348.38
405.86 , 348.63
485.36 , 323.23
488.83 , 316.99
495.26 , 313.83
502.31 , 312.23
509.66 , 311.23
517.49 , 311.23
525.09 , 310.73
532.53 , 309.98
540.36 , 309.98
547.84 , 310.73
554 , 313.86
549.93 , 319.93
543.59 , 323.22
536.36 , 324.48
528.76 , 324.98
521.19 , 325.48
513.71 , 326.23
506.36 , 327.23
498.88 , 327.98
491.44 , 327.26
436.27 , 311.53
427.28 , 303.02
417 , 297.99
406.58 , 293.33
395.46 , 290.43
383.88 , 288.43
371.71 , 287.68
359.78 , 288.94
348.43 , 291.43
337.78 , 295.34
327.68 , 300.68
338.46 , 304.18
350.5 , 305.18
362.93 , 304.93
375.11 , 305.68
386.68 , 307.68
397.91 , 310.43
409 , 313.46
419.75 , 317
430.38 , 320.89
