2842543891_1
407.54 , 497.55
408.08 , 513.52
412.3 , 528.68
418.6 , 543.82
425.24 , 558.54
433.06 , 573.34
440.76 , 586.97
447.95 , 601.56
455.25 , 617.34
463.55 , 630.62
472.44 , 643.46
482.06 , 658.17
491.94 , 670.11
502.74 , 682.7
518.09 , 688.83
533.81 , 689.96
549.47 , 688.93
565.45 , 683.64
580.71 , 679.97
596.96 , 676.42
611.94 , 670.93
627.9 , 665.51
643.69 , 658.87
657.4 , 652.73
672.75 , 644.51
686.1 , 637.18
701.12 , 629.16
715.33 , 620.2
727.71 , 611.32
740.02 , 601.17
752.67 , 588.56
762.24 , 576.75
771.77 , 562.89
777.9 , 547.18
779.88 , 532.02
781.42 , 515.45
782.47 , 499.96
782.55 , 482.85
781.85 , 465.88
779.89 , 449.68
777.45 , 433.44
464.5 , 469.7
458.53 , 481
455.43 , 493.32
459.14 , 505.11
466.63 , 515.72
477.62 , 520.92
491.4 , 520.96
503.37 , 519.73
516.3 , 516.73
529.08 , 511.82
540.07 , 506.28
550.53 , 498.71
559.84 , 489.1
562.45 , 477.6
557.18 , 465.29
545.9 , 459.55
533.35 , 454.7
474.17 , 554.11
480.1 , 543.12
492.05 , 539.37
505.5 , 538.61
518.67 , 537.36
530.3 , 532.89
542.25 , 529.11
554.72 , 526.36
568.27 , 525.86
581.47 , 527.11
594.64 , 528.36
607.25 , 530.86
618.87 , 535.36
624.22 , 546.56
616.67 , 557.11
606.37 , 565.37
595.75 , 572.57
584.5 , 578.35
572.85 , 582.68
561.27 , 587.33
549.17 , 590.86
536.6 , 593.34
523.89 , 595.61
510.94 , 597.36
497.9 , 595.84
486.89 , 589.58
480.44 , 578.63
476.42 , 566.81
484.42 , 568.36
491.03 , 560.24
500.1 , 556.09
510.92 , 556.36
521.77 , 556.11
531.75 , 554.09
541.55 , 551.74
551.02 , 548.76
560.67 , 546.11
570.42 , 543.61
580.32 , 541.46
590.62 , 540.11
600.97 , 538.87
611.8 , 539.11
615.57 , 547.48
607.5 , 554.3
598.57 , 558.87
589.39 , 562.62
580.22 , 566.32
570.89 , 569.62
561.67 , 573.11
552.42 , 576.61
542.82 , 579.37
532.62 , 580.86
522.14 , 581.86
511.2 , 581.87
501.6 , 579.05
492.94 , 573.89
566.15 , 400.23
568.49 , 394.38
571.46 , 388.68
576.75 , 384.73
582.57 , 382.21
588.98 , 380.99
595.85 , 380.73
602.23 , 381.97
608.62 , 383.23
614.8 , 384.88
620.68 , 387.25
624.15 , 391.73
618.15 , 393.73
612.27 , 396.1
605.92 , 397.48
599.42 , 398.47
593.02 , 399.73
586.27 , 400.23
579.4 , 400.48
572.62 , 400.98
471.09 , 414.98
467.32 , 412.28
463.14 , 410.79
458.47 , 410.29
453.8 , 409.79
449.25 , 410.54
444.69 , 411.29
440.52 , 412.79
436.72 , 415.42
433.8 , 419.09
432.37 , 423.29
436.12 , 425.54
440.55 , 426.54
445.44 , 426.54
450 , 425.8
454.42 , 424.8
458.85 , 423.78
463.3 , 422.78
467.7 , 421.72
471.51 , 419.3
528.62 , 364.5
538.42 , 358.46
548.6 , 353.27
559.27 , 349.59
570.52 , 346.98
582.17 , 345.23
593.85 , 343.52
605.62 , 342
617.87 , 342.5
629.05 , 345.25
633.67 , 354.21
623.32 , 359.02
611.89 , 361.23
600.39 , 363.25
588.62 , 364.75
577.02 , 366.59
566.27 , 370.1
555.47 , 373.47
544.42 , 376.5
532.63 , 375.01
478.25 , 395.37
474.94 , 387.05
466.8 , 383.07
457.95 , 380.81
448.62 , 379.56
438.82 , 379.81
429.37 , 380.82
420.32 , 382.53
411.62 , 385.15
403.62 , 389.42
396.97 , 396.56
397.45 , 406.26
405.97 , 409.06
414.25 , 405.57
422.6 , 402.28
431.67 , 400.55
441.12 , 399.56
450.8 , 399.06
460.35 , 398.31
470.05 , 398.81
