284499652_1
579.19 , 1240.89
581.93 , 1275.78
586.2 , 1314.33
592.06 , 1352.77
600.49 , 1390.88
611.72 , 1427.74
619.15 , 1468.7
631.91 , 1502.13
649.61 , 1539.13
667.76 , 1572.4
685.59 , 1607.47
712.84 , 1635.67
741.45 , 1657.65
770.5 , 1683.53
803.05 , 1706.68
835.71 , 1727.96
870 , 1747.28
906.09 , 1763.39
939.62 , 1775.37
978.05 , 1786.19
1016.58 , 1795.34
1056.04 , 1802.13
1094.81 , 1804.38
1130.31 , 1805.27
1170.15 , 1803.86
1210.46 , 1800
1245.33 , 1787.88
1273.66 , 1761
1295.19 , 1728.73
1312.7 , 1693.2
1335.12 , 1661.86
1356.86 , 1629.47
1377.85 , 1596.39
1398.97 , 1564.82
1418.45 , 1532.96
1435.98 , 1495.86
1451.14 , 1461.11
1464.88 , 1426.29
1477.9 , 1391.02
1491.23 , 1352.34
1501.5 , 1313.55
1053.43 , 1385.69
1035.72 , 1405.64
1019.95 , 1430.39
1018.84 , 1457.67
1028.31 , 1486.5
1046.82 , 1507.93
1069.54 , 1526.87
1094.78 , 1540.79
1121.55 , 1549.79
1149.45 , 1554.93
1178.17 , 1557.03
1203.34 , 1543.2
1223.61 , 1525.08
1241.42 , 1501.04
1250.45 , 1473.5
1251.78 , 1445.78
1245.68 , 1416.25
934.7 , 1604.64
959.08 , 1607.38
982.6 , 1611.9
1007.7 , 1613.14
1033.05 , 1613.89
1057.33 , 1616.92
1081.45 , 1620.14
1105.1 , 1624.36
1129.5 , 1627.14
1152.93 , 1623.39
1175.62 , 1617.21
1198.55 , 1611.36
1221.38 , 1605.38
1244.23 , 1599.38
1242.98 , 1613.37
1224.65 , 1631.19
1205.6 , 1646.96
1184.93 , 1658.15
1162.38 , 1664.46
1137.7 , 1666.64
1112.22 , 1666.66
1086.9 , 1665.85
1062.6 , 1662.87
1040.28 , 1655.9
1019.45 , 1644.89
999.35 , 1632.07
979.3 , 1619.23
957.9 , 1609.85
1001.2 , 1614.39
1017.65 , 1617.14
1034.25 , 1619.64
1050.35 , 1623.13
1066.35 , 1626.88
1082.48 , 1630.39
1098.48 , 1634.14
1115.05 , 1636.64
1132.62 , 1637.14
1149.1 , 1634.39
1164.68 , 1629.89
1180.58 , 1625.87
1196.8 , 1622.66
1212.55 , 1618.42
1228.11 , 1614.12
1212.8 , 1619.14
1196.8 , 1622.89
1181.22 , 1627.4
1165.62 , 1631.89
1149.4 , 1635.14
1132.58 , 1637.14
1114.9 , 1636.89
1098.18 , 1634.64
1082.18 , 1630.89
1065.97 , 1627.64
1049.62 , 1624.63
1033.28 , 1621.65
1017.05 , 1618.39
1231.7 , 1173.38
1244.61 , 1154.95
1262.48 , 1140.35
1280.92 , 1127.4
1300.65 , 1117.93
1321.62 , 1111.7
1344.55 , 1109.38
1367.5 , 1111.63
1389 , 1116.92
1407.88 , 1128.62
1425.55 , 1143.74
1422.77 , 1166.08
1404.62 , 1179.95
1384.9 , 1189.42
1363.75 , 1195.38
1340.45 , 1196.88
1317.62 , 1194.4
1295.4 , 1190.64
1273.65 , 1185.88
1252.12 , 1180.64
986.35 , 1168.04
974.22 , 1151.89
956.7 , 1143.33
939.12 , 1135.03
920.35 , 1129.79
899.73 , 1128.29
879.48 , 1130.54
860.4 , 1135.31
842.88 , 1143.78
827.18 , 1157.21
816.35 , 1173.79
831.65 , 1188.35
848.2 , 1199.3
866.03 , 1206.81
884.95 , 1211.78
906.28 , 1211.79
926.9 , 1210.29
946.1 , 1205.79
963.9 , 1198.25
980.1 , 1186.29
1257.6 , 1105.8
1269.11 , 1081.95
1289.4 , 1061.25
1312.07 , 1046.58
1334.67 , 1031.75
1356.57 , 1014.83
1379 , 999.43
1402.9 , 988.01
1430.35 , 984.55
1456.72 , 989.67
1479.55 , 1004.02
1470.82 , 1024.55
1442.25 , 1024.15
1415.25 , 1028.56
1391.42 , 1040.25
1368.8 , 1055.06
1346.75 , 1071.55
1325.32 , 1089.81
1303.45 , 1106.79
1280.35 , 1119.8
1065.49 , 1096.24
1033.74 , 1067.49
997.69 , 1050.47
959.89 , 1038.46
920.94 , 1028.5
881.37 , 1019.74
838.44 , 1021.48
798.84 , 1030.14
760.97 , 1042.01
724.57 , 1057.74
690.99 , 1081.24
732.24 , 1075.99
775.29 , 1074.49
817.84 , 1071.99
859.79 , 1068.2
902.37 , 1070.23
941.01 , 1080.75
977.02 , 1098
1012.24 , 1117.24
1050.79 , 1128.26
