2848964141_1
204.31 , 325.92
204.33 , 337.24
204.09 , 348.5
203.59 , 360.15
203.79 , 371.74
203.97 , 383.52
203.67 , 395.25
203.29 , 406.84
203.46 , 418.72
205.13 , 430.01
208.62 , 441.65
213.29 , 452.07
218.85 , 462.07
225 , 471.92
231.33 , 481.92
237.96 , 491.11
246.16 , 500.32
254.81 , 507.43
263.93 , 515.24
272.06 , 522.65
281.48 , 530.91
292.27 , 534.25
302.8 , 537.47
315.18 , 539.05
326.5 , 538.03
337.71 , 534.95
349.03 , 530.88
358.48 , 525.78
368.14 , 518.78
377.19 , 510.91
385.22 , 501.91
391.43 , 492.93
398.29 , 483.4
405.37 , 474.4
412.51 , 465.56
420.45 , 455.94
427.06 , 446.68
432.9 , 436.95
438.98 , 426.06
445.76 , 417.28
452.21 , 406.73
339.06 , 361.53
334.75 , 368
329.23 , 374.19
325.37 , 380.7
327.5 , 388.9
332.96 , 394.67
340.33 , 398.24
347.7 , 401.71
355.32 , 405.15
362.43 , 407.5
370.78 , 409.99
378.87 , 410.46
386.65 , 408.55
394.16 , 405.85
396.39 , 398.15
395.82 , 390.13
395.75 , 381.55
283.15 , 433.32
291.07 , 431.57
299.77 , 431.32
308.32 , 431.82
316.77 , 431.07
325.1 , 430.07
333.77 , 429.82
342.22 , 430.57
350.17 , 432.32
358.38 , 433.57
366.1 , 435.81
373 , 440.14
379.05 , 446.44
382.15 , 453.8
378.89 , 461.09
372.65 , 467.32
366.6 , 473.58
358.88 , 475.82
350.57 , 476.82
342.47 , 475.32
334.92 , 472.81
327.57 , 469.76
320.4 , 466.07
313.4 , 462.07
306.6 , 457.5
299.88 , 452.54
293.59 , 446.52
288.84 , 439.77
287.4 , 433.32
294.47 , 433.07
301.57 , 432.82
308.67 , 433.07
315.65 , 432.57
322.62 , 432.07
329.85 , 432.07
336.7 , 432.82
343.2 , 434.31
349.57 , 436.09
355.6 , 438.56
361.47 , 441.62
366.75 , 446.17
370.95 , 451.62
374.94 , 457.13
369.07 , 459.06
362.1 , 458.58
355.72 , 456.85
349.35 , 455.07
342.75 , 453.81
336.25 , 452.35
329.88 , 450.58
323.65 , 448.57
317.3 , 446.85
310.92 , 445.06
304.8 , 442.85
298.85 , 440.09
292.82 , 437.53
402.8 , 336.35
406.93 , 332.2
411.78 , 329.84
416.93 , 328.32
422.45 , 327.6
428.2 , 327.85
433.5 , 329.1
438.52 , 330.84
443.08 , 333.86
446.71 , 338.23
449.06 , 343.05
447.97 , 348.35
443.07 , 350.6
437.33 , 350.85
431.8 , 350.1
426.8 , 348.35
421.88 , 346.38
417.08 , 343.88
412.33 , 341.37
407.48 , 339.04
340.45 , 309.6
337.71 , 304.88
334.65 , 300.28
330.19 , 296.8
325.29 , 294.5
320.31 , 292.49
315.09 , 290.98
309.51 , 290.23
304.19 , 291.45
299.34 , 293.98
294.84 , 297.23
297.75 , 301.91
301.77 , 306.15
306.37 , 309.24
311.24 , 311.64
316.39 , 313.21
321.62 , 314.73
327.06 , 315.73
333.01 , 315.73
338.34 , 314.48
426.55 , 317.01
429.23 , 312.32
434.32 , 310.26
440.12 , 309.76
445.7 , 310.73
451.03 , 312.27
456.1 , 314.24
461.1 , 316.54
466.12 , 318.8
470.85 , 321.79
474.74 , 326.21
474.18 , 330.99
468.85 , 329.49
463.55 , 328.01
458.18 , 326.63
452.65 , 325.54
447.08 , 324.52
441.52 , 323.49
436.23 , 321.94
431.1 , 320.05
356.54 , 287.3
351.08 , 279.97
342.9 , 276.29
334.62 , 273.01
326.45 , 269.35
318.05 , 266.45
309.25 , 264.2
300.12 , 262.7
290.53 , 262.2
281.28 , 263.47
273.55 , 268.2
281.8 , 271.45
290.8 , 273.2
300.05 , 274.45
308.95 , 276.45
317.33 , 279.46
325.68 , 282.58
333.68 , 286.71
341.55 , 291.2
350.15 , 293.79
