2849785904_1
295.5 , 331.96
294.8 , 343.86
294.25 , 357.39
294.11 , 370.09
294.42 , 383.15
294.94 , 396.34
296.23 , 409.42
297.44 , 421.48
299.74 , 434.67
303.15 , 446.59
307.56 , 459.51
313.31 , 471.66
317.04 , 483.5
322.27 , 495.73
328.36 , 506.57
338.66 , 513.85
351.3 , 518.19
363.57 , 521.2
377.09 , 522
390.18 , 521.44
402.2 , 520.12
415.92 , 518.16
428.06 , 516.22
441.04 , 513.02
453.84 , 509.34
466.15 , 505.91
477.53 , 500.21
488.25 , 493.91
499.85 , 486.87
510.43 , 480.29
521.19 , 473.25
532.06 , 465.42
541.81 , 456.57
548.94 , 446.72
555.24 , 434.26
559.43 , 421.91
562.8 , 409.47
566.03 , 398
569.37 , 385.06
571.62 , 372.26
572.25 , 358.56
354.12 , 314.17
349.54 , 321.63
342.82 , 329.44
340.95 , 338.92
342.44 , 348.43
349.02 , 355.95
358.38 , 358.96
367.9 , 357.1
376.88 , 361.1
385.57 , 364.82
395.42 , 367.31
404.56 , 367.71
411.41 , 361.36
413.4 , 351.73
410.93 , 342.36
405.69 , 333.2
401.71 , 324.23
326.34 , 422.31
332.11 , 416.29
338.29 , 410.86
344.61 , 405.78
351.14 , 401.3
358.34 , 398.81
366.69 , 399.06
374.89 , 399.56
382.12 , 397.05
390.09 , 398.06
397.24 , 400.8
404.04 , 404.49
410.54 , 408.99
416.99 , 413.69
423.28 , 418.75
426.42 , 425.54
419.29 , 428.31
411.69 , 430.07
404.06 , 431.81
396.21 , 433.06
387.99 , 433.56
379.79 , 434.06
371.44 , 434.31
363.12 , 434.56
355.39 , 433.06
346.94 , 433.09
339.59 , 430.81
332.74 , 427.21
333.34 , 423.06
338.89 , 420.53
344.46 , 417.94
350.06 , 415.33
356.11 , 413.8
362.39 , 414.8
368.94 , 415.31
375.24 , 414.29
381.76 , 413.81
388.14 , 414.6
394.24 , 416.06
400.41 , 417.32
406.46 , 418.83
412.39 , 420.58
418.31 , 422.29
414.74 , 421.47
408.76 , 419.82
402.51 , 418.74
396.09 , 418.06
389.66 , 417.31
383.12 , 416.81
376.34 , 416.81
369.69 , 416.59
363.39 , 415.56
356.74 , 415.32
350.49 , 416.41
344.56 , 418.08
338.99 , 420.78
420.31 , 294.84
423.91 , 291.25
427.76 , 288.41
431.63 , 285.51
435.76 , 283.35
439.91 , 281.25
444.46 , 280.19
449.29 , 280.59
454.01 , 281.32
458.49 , 282.59
462.71 , 284.5
462.73 , 288.09
457.66 , 288.09
452.56 , 288.09
447.61 , 287.84
442.51 , 287.84
437.66 , 288.34
432.84 , 288.83
428.51 , 290.38
424.46 , 292.72
359.75 , 285.13
357.47 , 281.85
354.27 , 279.4
350.9 , 277.36
347.43 , 275.61
343.62 , 274.63
339.5 , 274.37
335.48 , 274.86
331.85 , 276.11
328.47 , 278.15
326.19 , 281.42
323 , 283.87
326.9 , 283.13
331.15 , 283.12
335.18 , 283.62
339.3 , 283.37
343.45 , 283.62
347.35 , 284.37
351.6 , 284.37
355.75 , 284.62
397.26 , 260.48
404.14 , 250.56
415.86 , 247.95
428.44 , 248.73
440.76 , 249.98
452.96 , 251.49
464.94 , 253.45
476.28 , 256.73
487.38 , 260.36
498.08 , 265.24
507.41 , 273.88
499.83 , 281.8
488.78 , 277.98
477.28 , 274.97
465.53 , 272.5
453.66 , 270.38
441.74 , 268.23
429.06 , 267.73
416.11 , 267.7
404.56 , 270.32
367.92 , 267.09
367.16 , 259.03
361.79 , 252.88
355.24 , 248.54
348.31 , 245.28
340.71 , 243.53
332.79 , 242.53
324.64 , 243.05
317.79 , 246.63
311.72 , 252.23
307.79 , 258.9
305.66 , 266.28
305.67 , 274.7
313.56 , 274.62
320.24 , 270.72
327.74 , 268.77
335.54 , 267.53
343.84 , 267.28
352.26 , 267.28
360.19 , 268.28
