2850227095_1
1057.87 , 1266.72
1061.12 , 1306.26
1072.96 , 1341.78
1091.95 , 1379.65
1113.62 , 1411.28
1132.69 , 1444.91
1150.51 , 1480.9
1168.74 , 1516.45
1186.89 , 1555.68
1204.95 , 1589.07
1224.53 , 1626.75
1240 , 1661.95
1251.21 , 1701.14
1262.13 , 1740.72
1275 , 1778.19
1289.06 , 1814.1
1315.29 , 1842.13
1350.41 , 1867.44
1384.72 , 1884.66
1424.6 , 1891.71
1464.14 , 1893.71
1503.75 , 1891.17
1542.47 , 1878.53
1575.1 , 1857.33
1604.49 , 1826.3
1628.3 , 1798.46
1658.83 , 1768.5
1687.81 , 1742.96
1717.64 , 1714.27
1745.74 , 1687.54
1776.07 , 1658.15
1801.13 , 1630.23
1827.47 , 1598.44
1853.26 , 1568.85
1874.61 , 1534.8
1886.1 , 1494.68
1901.35 , 1460.83
1915 , 1420.18
1932.66 , 1385.45
1936.88 , 1344.75
1948 , 1305.95
1323.1 , 1274.55
1308.9 , 1302.37
1301.23 , 1332.61
1296.56 , 1366.92
1305.18 , 1398
1322.19 , 1426.51
1345.11 , 1449.54
1374.81 , 1458.44
1407.84 , 1453.47
1433.8 , 1437.75
1465.82 , 1423.37
1494.15 , 1412.29
1525.94 , 1397.79
1548.03 , 1373.96
1553.63 , 1343.01
1545.55 , 1311.38
1532.75 , 1280.05
1218.19 , 1464.48
1257.04 , 1471.73
1294.16 , 1482.46
1332.14 , 1491.74
1370.91 , 1499.21
1410.49 , 1505
1451.69 , 1507.48
1493.59 , 1508.48
1535.39 , 1507.23
1576.82 , 1505.23
1618.27 , 1503.23
1660.54 , 1503.48
1664.94 , 1541.98
1642.71 , 1574.7
1615.69 , 1605.73
1586.37 , 1635.8
1555.19 , 1662.48
1521.57 , 1682.23
1485.54 , 1695.25
1445.32 , 1699.73
1403.89 , 1697.74
1366.54 , 1687.32
1332.76 , 1667.8
1304.44 , 1637.23
1282.42 , 1604.45
1264.32 , 1570.11
1248.47 , 1535.03
1233.45 , 1499.7
1246.44 , 1482.23
1274.77 , 1494.04
1303.07 , 1506.11
1331.77 , 1517.01
1361.02 , 1526.51
1392.44 , 1531.73
1425.57 , 1533.49
1458.84 , 1534.99
1492.57 , 1534.98
1525.72 , 1533.23
1557.89 , 1529.48
1589.44 , 1524.48
1621.02 , 1519.45
1636.16 , 1536.25
1610.87 , 1556.74
1585.12 , 1576.03
1558.66 , 1593.24
1531.47 , 1608.47
1503.77 , 1622.41
1474.87 , 1633.01
1443.29 , 1637.48
1410.59 , 1634.88
1382.24 , 1622.99
1356.16 , 1604.71
1331.71 , 1582.26
1310.99 , 1557.06
1292.32 , 1531.11
1270.12 , 1506.4
1557.37 , 1138.02
1575.12 , 1122.77
1594.62 , 1112.27
1614.02 , 1101.61
1633.87 , 1092.02
1655.02 , 1085.87
1677.92 , 1083.27
1701.12 , 1085.27
1722.44 , 1091.09
1741.87 , 1101.77
1760.17 , 1115.55
1757.32 , 1137.81
1737.92 , 1148.5
1716.04 , 1153.27
1692.49 , 1154.52
1669.52 , 1152.04
1647.87 , 1146.77
1626.62 , 1140.77
1604.14 , 1137.27
1580.94 , 1139.27
1294.01 , 1107.45
1292.13 , 1091.78
1281.54 , 1077.9
1267.98 , 1066.37
1253.56 , 1057.43
1238.46 , 1050.08
1222.09 , 1045.93
1203.96 , 1045.44
1187.28 , 1048.95
1172.26 , 1056.46
1159 , 1068.73
1155.56 , 1085.43
1160.83 , 1101.2
1174.31 , 1112.43
1190.36 , 1117.22
1207.78 , 1119.18
1224.91 , 1116.58
1241.41 , 1112.7
1258.46 , 1109.96
1276.36 , 1108.93
1498.7 , 1007.18
1516.46 , 971.88
1552.5 , 957.45
1591.53 , 948.67
1631.65 , 942.18
1672.12 , 936.41
1713.35 , 932.18
1755.25 , 933.97
1791.93 , 948.17
1826.4 , 967.93
1859 , 992.94
1841.2 , 1012.93
1804.73 , 998.94
1768.05 , 985.16
1728.62 , 977.68
1686.22 , 979.43
1646.22 , 986.17
1607.5 , 995.66
1570.6 , 1008.47
1534.5 , 1022.72
1321.3 , 993.66
1302.5 , 973.86
1281.85 , 956.96
1260.7 , 941.34
1238.83 , 927.92
1216 , 916.86
1192.08 , 909.09
1168.03 , 901.61
1141.92 , 898.64
1118.26 , 907.08
1103.25 , 928.36
1128.08 , 934.64
1155.03 , 936.36
1179.15 , 943.76
1202.25 , 953.86
1225.15 , 964.6
1247.38 , 977.23
1269.2 , 990.79
1291 , 1004.36
1313.83 , 1015.37
