2851042664_1
1021.6 , 1013.62
1018.32 , 1064.64
1020.41 , 1114.99
1028.55 , 1164.72
1035.39 , 1218.81
1046.74 , 1271.68
1060.68 , 1320.19
1078.58 , 1370.77
1097.1 , 1415
1115.65 , 1463.51
1139.9 , 1513
1168.83 , 1556.46
1199.45 , 1595.54
1231.48 , 1637.45
1261.32 , 1684.21
1289.84 , 1723.27
1322.92 , 1767.4
1367.6 , 1795.38
1411.13 , 1815.84
1460.58 , 1832.8
1511.57 , 1842.73
1567.39 , 1843.73
1615.3 , 1837.98
1665.15 , 1817.07
1710.86 , 1795.11
1756.66 , 1768.02
1796.08 , 1732.14
1828.7 , 1695.53
1863.03 , 1653.92
1892.4 , 1613.1
1922.9 , 1569.08
1950.08 , 1525.4
1972.92 , 1475.12
1988.74 , 1426.82
2001.2 , 1377.17
2011.99 , 1323.41
2019.2 , 1273.71
2025.13 , 1220.87
2028.89 , 1169.41
2031.04 , 1116.21
2033.25 , 1063.45
1399.89 , 1101.44
1384.99 , 1131.26
1373.13 , 1166.64
1381.48 , 1200.33
1413.57 , 1215.12
1450.09 , 1226.26
1484.4 , 1230.25
1520.2 , 1224.5
1556.34 , 1218.58
1591.39 , 1214.97
1626.04 , 1208.52
1661.32 , 1195.61
1694.14 , 1181.54
1704.47 , 1148.28
1690.94 , 1115.24
1660.55 , 1093.82
1631.75 , 1070.32
1289.43 , 1381.75
1318.83 , 1342.85
1364.46 , 1330.51
1412.83 , 1323.75
1463.26 , 1321.25
1513.21 , 1317.75
1562.78 , 1313.49
1609.36 , 1303
1660.88 , 1302.75
1708.88 , 1310.25
1755.91 , 1319.75
1799.68 , 1335.6
1813.16 , 1380.3
1797.68 , 1424.25
1782.69 , 1468.4
1761.2 , 1510.47
1726.16 , 1547.52
1688.01 , 1579.49
1647.83 , 1605.59
1604.66 , 1623.5
1556.53 , 1630.74
1508.58 , 1623.16
1464.81 , 1607.13
1425.51 , 1578.32
1387.88 , 1544.95
1355.59 , 1506.92
1329.43 , 1466.75
1307.92 , 1424.67
1297.93 , 1387.5
1336.61 , 1381
1377.46 , 1383
1417.36 , 1379
1458.61 , 1377.75
1500.43 , 1377.75
1541.31 , 1375.75
1580.96 , 1371.25
1620.06 , 1365.62
1659.68 , 1361
1698.96 , 1355.73
1740.56 , 1355.75
1772.92 , 1375.27
1763.67 , 1412.7
1753.68 , 1449.75
1725.68 , 1479.75
1692.18 , 1498.5
1658.38 , 1516.54
1624.21 , 1533.73
1588.56 , 1546.26
1549.13 , 1551.25
1509.06 , 1547.62
1471.68 , 1538.25
1435.7 , 1526.52
1402.98 , 1505.8
1371.41 , 1481.73
1341.81 , 1452.12
1317.93 , 1420.5
1677.75 , 899.38
1688.83 , 883.3
1702.35 , 868.04
1717.88 , 855.26
1734.75 , 846.13
1752.15 , 838.61
1771.25 , 834.88
1791.7 , 835.88
1810.53 , 840.15
1827.48 , 849.1
1839.53 , 864.9
1848.11 , 881.98
1835 , 897.13
1817.08 , 903.13
1797.25 , 905.38
1776.33 , 905.38
1756.72 , 902.63
1736.9 , 900.38
1716.45 , 899.38
1697.1 , 902.63
1329.42 , 904.78
1323.5 , 887.97
1308.8 , 874.83
1292.12 , 867.09
1274.05 , 862.59
1255.05 , 860.09
1235.1 , 859.59
1216.32 , 862.58
1199.38 , 869.34
1184.21 , 881.25
1173.41 , 896.76
1166.35 , 913.59
1182.67 , 921.87
1200.32 , 927.07
1219.77 , 928.59
1239.15 , 926.84
1258.02 , 924.09
1276.52 , 920.57
1295.05 , 917.13
1312.45 , 911.49
1640.65 , 778.75
1650.09 , 756.33
1661.25 , 734.4
1677.72 , 714.41
1698.95 , 701.49
1722.28 , 694.25
1746.33 , 688.25
1772.53 , 686.75
1797.75 , 690.26
1820.45 , 699.01
1841.45 , 712.53
1854.93 , 733.25
1829.48 , 730.25
1804.12 , 727.02
1781.1 , 734.8
1758.8 , 744.72
1736.2 , 753.72
1713.75 , 763.21
1691.48 , 773.27
1667.18 , 778.75
1352.77 , 735.9
1325.79 , 712.18
1295.12 , 698.64
1261.91 , 690.82
1227.02 , 686.65
1192.12 , 682.39
1156.27 , 680.13
1122.24 , 686.14
1092.44 , 702.2
1070.53 , 729.81
1057.74 , 760.64
1086.39 , 742.73
1117.87 , 731.76
1154.37 , 730.89
1188.69 , 736.35
1221.64 , 744.64
1254.49 , 753.14
1286.74 , 762.64
1318.57 , 772.87
1354.04 , 770.89
