2852014535_1
165.4 , 225.15
162.74 , 235.56
160.3 , 245.91
157.1 , 256.41
155.62 , 267.72
158.22 , 279.24
160.27 , 289.79
163.5 , 300.75
167.93 , 311.27
172.84 , 320.67
178.77 , 329.7
185.35 , 339.78
191.68 , 348.04
198.76 , 356.97
206.25 , 365.66
214.73 , 371.72
224.07 , 378.1
232.95 , 385.33
242.98 , 390.73
252.85 , 395.07
263.56 , 397.93
274.6 , 401.56
284.85 , 404.27
296.72 , 404.63
307.09 , 402.6
317 , 398
326.38 , 392.02
336.29 , 387.36
347.24 , 382.42
356.18 , 376.85
365.08 , 370.68
374.78 , 363.6
380.91 , 354.73
386.44 , 345.2
391.57 , 335.52
396.28 , 325.49
400.55 , 315.2
404.3 , 304.7
407.72 , 293.99
411.47 , 282.95
415.05 , 271.94
302.78 , 247.43
299.26 , 254.98
295.04 , 261.89
290.37 , 269.19
288.04 , 276.66
292.08 , 284.17
299.18 , 288.63
307.38 , 291.6
314.81 , 294.46
323.4 , 296.33
331.25 , 296.5
339.62 , 295.51
346.53 , 290.84
350.75 , 283.34
350.48 , 274.81
350.07 , 266.25
348.87 , 257.77
254.9 , 323.62
261.93 , 322.62
268.82 , 321.37
276.1 , 320.87
283.25 , 320.12
290.62 , 319.87
297.55 , 321.11
304.32 , 322.62
311.48 , 323.37
318.62 , 324.12
325.55 , 325.37
331.88 , 327.86
337.93 , 331.15
343.45 , 335.74
340.6 , 341.96
334.88 , 346.15
329.02 , 350
322.75 , 352.64
315.6 , 353.37
308.2 , 353.12
301.18 , 352.12
294.15 , 351.12
287.62 , 349.13
281.45 , 346.13
275.55 , 342.49
269.7 , 338.68
264.12 , 334.1
258.56 , 329.55
260.4 , 326.12
265.73 , 327.86
271.58 , 328.62
277.43 , 329.37
283.18 , 330.37
288.77 , 331.63
294.4 , 332.87
300.12 , 333.87
305.88 , 334.87
311.73 , 335.62
317.33 , 336.86
322.95 , 338.12
328.57 , 339.37
334.68 , 339.62
340.78 , 339.37
335.3 , 338.37
329.32 , 337.87
323.35 , 337.37
317.62 , 336.37
311.88 , 335.37
306.02 , 334.62
300.18 , 333.87
294.55 , 332.61
288.93 , 331.37
283.32 , 330.11
277.7 , 328.87
271.85 , 328.12
266 , 327.37
356.75 , 218.27
359.25 , 213.52
364.1 , 211.01
369.3 , 209.52
374.73 , 208.52
380.43 , 208.02
385.98 , 208.77
390.88 , 210.99
395.7 , 213.46
400.14 , 216.93
403.43 , 221.45
402.92 , 227.02
397.95 , 229.02
392.5 , 230.02
386.7 , 230.27
381.27 , 229.27
375.82 , 228.27
370.65 , 226.8
365.57 , 225.03
360.77 , 222.55
293.2 , 201.31
290 , 195.48
285.78 , 190.01
280.32 , 185.78
274.45 , 182.68
268.02 , 180.93
261.38 , 179.68
254.25 , 179.43
247.7 , 180.93
241.55 , 183.21
235.45 , 185.43
239.31 , 191.03
243.87 , 196.35
249.15 , 201.12
254.92 , 204.41
261 , 206.95
267.77 , 207.93
274.65 , 207.18
281.8 , 206.93
288.8 , 206.45
379.43 , 195.58
381.68 , 190.83
386.03 , 187.3
391.25 , 186.08
397.08 , 186.08
402.66 , 185.58
408.48 , 185.58
414.06 , 186.08
419.63 , 186.58
424.88 , 187.79
429.75 , 189.89
429.76 , 194.58
424.06 , 194.33
418.46 , 193.83
412.63 , 193.83
406.93 , 193.58
401.23 , 193.33
395.4 , 193.33
389.71 , 193.58
384.63 , 195.07
305.09 , 167
298.19 , 161.11
290.64 , 157.06
282.84 , 153.75
274.97 , 150.64
267.14 , 147.39
259.31 , 144.22
250.94 , 142.15
241.81 , 141.62
233.59 , 144.06
225.99 , 147.9
235.12 , 148.4
243.77 , 149.9
252.17 , 151.91
260.19 , 154.63
268.09 , 157.66
276.09 , 160.43
283.94 , 163.61
291.74 , 166.9
299.49 , 170.4
