2854289847_1
572.34 , 1335.81
570.76 , 1389.92
576.88 , 1451.63
586.7 , 1508.53
591.13 , 1565
590.13 , 1624.76
589.85 , 1679.97
593.74 , 1740.32
603.87 , 1800.13
615.41 , 1854.62
629.32 , 1908.52
648.24 , 1967.81
678.33 , 2017.11
720.44 , 2059.07
760.85 , 2097.07
808.73 , 2135.69
854.82 , 2167.92
904.99 , 2195.41
959.58 , 2213.83
1018.53 , 2221.56
1079.45 , 2216.74
1136.46 , 2212.09
1195.78 , 2205.29
1248.39 , 2192.52
1304.62 , 2174.01
1357.42 , 2151.22
1410.66 , 2121.58
1461.92 , 2090.98
1505.87 , 2054.65
1542.56 , 2009.9
1569.56 , 1957.58
1597.08 , 1908.34
1614.77 , 1852.99
1629.82 , 1793.41
1644.37 , 1739.33
1659.91 , 1684.31
1677.17 , 1625.7
1691.96 , 1571.96
1707.12 , 1512.52
1720.56 , 1458.39
1733.13 , 1397.43
1043.15 , 1387.72
1015.71 , 1414.11
988.51 , 1441.58
967.46 , 1477.81
973.61 , 1515.49
1013.47 , 1528.81
1048.76 , 1541.28
1085.84 , 1562.07
1124.24 , 1576.95
1160.9 , 1580.88
1201.35 , 1569.66
1238.38 , 1556.17
1279.16 , 1553.03
1295.54 , 1519.2
1293.75 , 1479.65
1264.13 , 1453.04
1245.45 , 1415.1
896.55 , 1786.85
920.77 , 1763.13
946.8 , 1744.35
973.8 , 1728.35
1002.72 , 1717.88
1034.27 , 1712.62
1068 , 1713.35
1099.05 , 1719.6
1130.22 , 1725.61
1163.1 , 1728.09
1193.38 , 1735.92
1220.83 , 1750.87
1248.25 , 1765.81
1275.15 , 1782.1
1301.08 , 1801.13
1291.78 , 1827.85
1259.38 , 1831.35
1227.72 , 1836.33
1197.8 , 1844.85
1166.28 , 1850.12
1135.42 , 1856.85
1102.22 , 1855.03
1070.15 , 1850.83
1039.1 , 1844.64
1008.27 , 1837.83
976.47 , 1833.1
944.32 , 1829.12
917.72 , 1812.02
946.3 , 1780.35
967.25 , 1769.9
990.3 , 1764.35
1012.82 , 1757.84
1037.55 , 1755.85
1062.15 , 1758.1
1086.17 , 1761.63
1110.4 , 1764.59
1135.62 , 1765.6
1160.25 , 1763.35
1185.45 , 1762.35
1209.72 , 1765.28
1232.2 , 1771.88
1253.3 , 1782.1
1273.7 , 1794.04
1254.1 , 1802.08
1229.47 , 1804.35
1203.9 , 1804.57
1179.53 , 1807.35
1156.85 , 1813.56
1133.35 , 1818.1
1108.17 , 1816.98
1084.67 , 1812.47
1061.45 , 1807.35
1037.2 , 1804.35
1011.97 , 1805.35
987.72 , 1802.37
966.17 , 1793.73
1327.5 , 1225.25
1343.67 , 1213.56
1361.65 , 1206.72
1380.17 , 1201.24
1399.28 , 1196.75
1419.08 , 1193.75
1439.72 , 1192.5
1459.78 , 1195
1477.5 , 1202.5
1494.3 , 1212.53
1506.02 , 1228.78
1500.22 , 1247.02
1482.05 , 1253.25
1462.15 , 1256
1441.25 , 1255.25
1420.6 , 1253.99
1401.05 , 1250.5
1381.62 , 1246.74
1362.53 , 1242.25
1343.53 , 1237.5
980.55 , 1184.98
973.03 , 1169.87
958.95 , 1159.79
944.52 , 1150.63
928.8 , 1145.13
912.38 , 1140.87
895.27 , 1138.11
877.08 , 1138.62
860.55 , 1142.58
845.75 , 1150.86
832 , 1161.86
834.99 , 1178.83
848.15 , 1191.54
864.23 , 1196.36
881.73 , 1198.36
899.92 , 1198.86
917.88 , 1199.86
935.48 , 1201.61
953.45 , 1202.61
970.07 , 1198.88
1302.25 , 1059.19
1329.6 , 1048.8
1355.9 , 1062.96
1387.85 , 1064.19
1420.2 , 1063.69
1452.65 , 1063.44
1483.9 , 1060.69
1514.3 , 1065.18
1542.83 , 1073.47
1570.14 , 1084.44
1584.82 , 1109.93
1559.47 , 1126.43
1529.45 , 1131.69
1497.25 , 1132.44
1464.78 , 1132.19
1433.78 , 1128.94
1404 , 1123.19
1375.92 , 1114.21
1349.28 , 1100.95
1324.55 , 1082.5
1063.97 , 1037.2
1036.27 , 1012.62
1003.07 , 1002.87
970.45 , 992.09
936.67 , 983.34
902.75 , 974.88
867.2 , 969.85
829.8 , 971.1
794.25 , 976.07
762.02 , 987.92
735.37 , 1014.85
761.82 , 1041.6
798 , 1037.85
834.29 , 1034.36
868.64 , 1041.85
902.7 , 1050.11
937.17 , 1057.34
973 , 1061.85
1007.94 , 1068.13
1044.96 , 1066.12
