134979550_1
282.94 , 412.25
288.03 , 426.68
292.7 , 442.9
295.83 , 459.43
299.61 , 475.82
301.45 , 493.16
303.78 , 508.73
308.22 , 525.55
314.71 , 540.17
321.24 , 556.27
328.38 , 571.29
336.5 , 585.85
345.81 , 599.23
356.73 , 610.52
370.38 , 620.13
386.67 , 627.6
402.15 , 632.81
417.82 , 636.69
434.97 , 639.25
451.74 , 639.49
467.73 , 637.07
483.75 , 634.48
500.03 , 631.36
515.14 , 625.35
531.65 , 619.87
546.88 , 612.11
559.87 , 602.97
573.2 , 592.91
586.42 , 581.59
598.08 , 569.54
609.12 , 557.72
619.94 , 544.48
625.29 , 529
630.31 , 512.84
634.7 , 497.37
635.29 , 480.89
635.81 , 464.16
635.85 , 447.52
636.45 , 431.13
637.66 , 414.77
638.14 , 396.9
401.78 , 392.05
396.61 , 403.28
389.3 , 413.14
382.41 , 424.8
381.4 , 437.37
387.86 , 447.76
400.15 , 450.4
412.62 , 454.8
425.05 , 458.25
436.26 , 453.87
446 , 444.9
458.4 , 440.31
469.84 , 437.44
480.87 , 430.3
481.1 , 417.4
474.45 , 406.48
467.44 , 395.4
373.14 , 515.9
378.39 , 506.4
387.66 , 500.37
397.34 , 495.47
406.79 , 489.9
416.84 , 486.14
428.01 , 484.65
439.54 , 485.4
450.81 , 484.15
461.99 , 482.65
473.39 , 483.65
483.54 , 487.12
493.51 , 491.12
503.47 , 495.13
513.05 , 499.77
503.94 , 506.33
494.49 , 511.77
485.16 , 517.62
476.31 , 524.74
466.91 , 530.38
457.01 , 534.68
446.31 , 537.15
434.79 , 537.9
423.01 , 537.65
411.84 , 536.15
400.69 , 534.64
390.71 , 530.66
381.64 , 524.15
383.14 , 513.4
390.62 , 508.92
398.66 , 505.9
407.29 , 504.16
415.94 , 502.41
424.37 , 500.15
433.01 , 498.41
442.39 , 498.15
451.64 , 497.65
460.41 , 496.15
469.69 , 495.65
478.81 , 496.4
487.59 , 497.91
496.62 , 498.9
504.92 , 500.4
496.14 , 501.9
487.89 , 504.4
479.44 , 506.65
470.91 , 508.64
462.89 , 511.65
454.76 , 514.37
446.49 , 516.89
437.59 , 518.15
428.21 , 517.9
419.19 , 516.9
410.41 , 515.4
401.29 , 514.65
391.91 , 514.9
476.19 , 344.74
481.49 , 341.42
486.79 , 337.89
492.37 , 335.06
498.17 , 333.01
504.39 , 331.73
511.21 , 331.74
517.66 , 332.49
523.89 , 333.75
529.72 , 335.76
535.24 , 338.76
535.21 , 344.73
529.12 , 346.24
522.64 , 346.99
515.94 , 347.24
509.24 , 346.99
502.54 , 346.74
495.94 , 346.24
489.37 , 345.74
482.66 , 345.49
393.21 , 352.92
391.18 , 346.69
385.2 , 343.19
378.65 , 341.18
371.82 , 339.68
364.65 , 338.93
357.62 , 339.95
350.92 , 341.66
344.77 , 344.81
338.65 , 347.93
332.98 , 352.36
329.15 , 358.18
336.07 , 359.43
343.62 , 359.43
350.9 , 358.93
358.2 , 358.43
365.5 , 357.93
372.8 , 357.43
379.85 , 356.43
386.77 , 355.16
441.94 , 305.76
449.6 , 294.56
461.71 , 289.24
474.74 , 286.02
488.44 , 284.26
502.64 , 285.01
516.37 , 286.76
530.82 , 287.01
544.89 , 288.01
557.19 , 292.76
566.27 , 303.34
561.29 , 315.04
547.79 , 312.86
535.34 , 308.53
522.34 , 305.26
508.49 , 303.76
494.76 , 305.52
481.41 , 308
468.41 , 311.26
454.09 , 310.78
395.61 , 305.57
390.65 , 296.01
380.17 , 293.01
368.45 , 292.5
357.2 , 291.01
345.47 , 290.48
334.82 , 293.24
324.8 , 297.35
315.15 , 302.51
306.41 , 310.24
301.65 , 320.01
302.41 , 331.63
313 , 330.03
321.5 , 321.66
330.47 , 314.66
340.65 , 311.01
352.25 , 310.26
363.25 , 312.29
374.97 , 312.76
386.02 , 310.89
