2858827135_1
1076.2 , 1160.85
1082.62 , 1203.57
1090.1 , 1245.51
1096.08 , 1287.79
1103.32 , 1329.76
1116.47 , 1374.46
1132.13 , 1414.02
1150.08 , 1452.37
1170.23 , 1490.76
1194.06 , 1529.72
1222.34 , 1561.05
1250.06 , 1594.65
1278.99 , 1626.85
1313.54 , 1655.4
1346.81 , 1685.91
1374.77 , 1713.69
1412.16 , 1741.2
1449.35 , 1760.55
1492.5 , 1777.79
1532 , 1790.15
1575.62 , 1785.82
1618.19 , 1772.19
1657.29 , 1756.24
1694.2 , 1737.35
1735.16 , 1712.67
1769.37 , 1690.56
1801.15 , 1659.09
1824.04 , 1621.1
1848.75 , 1588.36
1871.77 , 1551.52
1893.31 , 1512.7
1912.13 , 1470.67
1929.57 , 1430.75
1943.24 , 1389.7
1956.55 , 1348.35
1966.61 , 1305.38
1972.01 , 1262.37
1975.25 , 1218.68
1977.03 , 1174.68
1978.58 , 1131
1980.35 , 1087.12
1429.86 , 1135.19
1413.83 , 1161.18
1402.16 , 1186.62
1398.03 , 1217.27
1409.29 , 1245.7
1436.56 , 1259.08
1462.86 , 1272.59
1492.87 , 1284.36
1521.3 , 1283.73
1551.29 , 1274.85
1578.46 , 1263.22
1607.42 , 1249.89
1630.32 , 1230.23
1638.25 , 1201.37
1629.85 , 1171.85
1607.42 , 1151.53
1580.24 , 1134.3
1304 , 1352.26
1337.47 , 1337.51
1374.35 , 1330.27
1414.78 , 1330.26
1452.88 , 1335.01
1491.47 , 1338.76
1530.92 , 1336.76
1569.28 , 1332.51
1607.17 , 1327.33
1645.6 , 1323.23
1685.05 , 1325.26
1721.6 , 1333.24
1749.73 , 1359.28
1736.48 , 1393.29
1718 , 1425.51
1695.12 , 1456.13
1667.4 , 1484.83
1637.4 , 1509.52
1604.7 , 1526.78
1568.35 , 1535.26
1527.97 , 1535.24
1490.15 , 1529.91
1453.08 , 1523.02
1421.2 , 1503.71
1392.35 , 1475.86
1365.81 , 1446.56
1340.91 , 1416.68
1319.26 , 1385.61
1316.75 , 1372.76
1348.17 , 1367.76
1381.2 , 1369.51
1413.38 , 1373.01
1446.4 , 1374.76
1478.45 , 1378.51
1511.12 , 1381.01
1543.9 , 1378.76
1575.47 , 1374.01
1606.12 , 1367.39
1637.67 , 1362.58
1669.38 , 1358.13
1701.4 , 1354.24
1732.12 , 1357.91
1711.26 , 1382.96
1689.93 , 1407.85
1665.17 , 1429.57
1637.12 , 1442.23
1608.3 , 1452.47
1577.9 , 1459.74
1546.35 , 1464.51
1512.7 , 1465.01
1480.6 , 1461.36
1450.7 , 1453.21
1422.33 , 1441.79
1394.62 , 1427.92
1369.03 , 1408.54
1344.58 , 1386.03
1613.75 , 945.1
1625.78 , 935.07
1637.62 , 924.48
1650.8 , 917.56
1664.6 , 912.5
1679.15 , 908.95
1694.67 , 907.35
1710.7 , 907.85
1726.12 , 909.62
1740.58 , 913.35
1753.45 , 921.03
1752.25 , 935.6
1737.65 , 939.08
1722.25 , 940.85
1706.92 , 942.83
1691.62 , 944.85
1675.83 , 945.85
1659.67 , 946.1
1644.12 , 944.6
1628.83 , 942.6
1341.65 , 951.25
1340.2 , 941.23
1330.73 , 935.5
1320.55 , 931.71
1309.38 , 929.98
1297.5 , 930.24
1286.12 , 931.55
1275.08 , 933.6
1264.5 , 936.45
1254.48 , 940.7
1245.58 , 948.08
1239.7 , 957.48
1250.5 , 959.97
1262.15 , 960.73
1274.05 , 960.48
1285.95 , 960.23
1297.73 , 959.73
1309.12 , 958.48
1320.03 , 956.16
1330.6 , 953.23
1551.34 , 837.51
1580.54 , 820.05
1611.81 , 808.25
1644.71 , 799.74
1678.41 , 793.02
1712.74 , 787.52
1749.62 , 787.76
1782.89 , 795.51
1813.76 , 808.45
1843.29 , 825.25
1870.06 , 849.73
1834.87 , 847.77
1802.54 , 838.26
1766.76 , 835.76
1731.34 , 839.01
1698.32 , 847.28
1666.69 , 857.98
1635.84 , 871.01
1601.04 , 875.52
1568.12 , 867.02
1399.43 , 884.67
1394.65 , 854.67
1370.63 , 835.16
1343.91 , 823.18
1315.36 , 815.46
1284.66 , 812.2
1252.73 , 812.96
1224.18 , 820.7
1198.28 , 835.08
1174.28 , 854.61
1152.53 , 877.83
1139.43 , 904.2
1167.53 , 896.48
1194.33 , 884.67
1221.43 , 873.95
1250.68 , 867.7
1281.63 , 864.95
1312.11 , 868.71
1340.51 , 876.73
1368.08 , 886.11
