2861948045_1
1028.97 , 996.18
1030.62 , 1039.74
1030.18 , 1083.73
1030.63 , 1125.67
1031.54 , 1168.58
1034.64 , 1212.87
1041.5 , 1257.64
1051.27 , 1298.52
1065.35 , 1339.77
1082.05 , 1383.67
1097.33 , 1424.21
1112.85 , 1463.23
1133.35 , 1503.08
1159 , 1538.1
1189.35 , 1567.62
1226.29 , 1595.02
1266.74 , 1615.75
1304.34 , 1631.86
1348.21 , 1648.58
1388.35 , 1661.95
1429.45 , 1674.47
1473.97 , 1683.78
1517.54 , 1686.04
1559.02 , 1685.08
1604.67 , 1677.57
1643.72 , 1663.22
1683.93 , 1637.15
1720.31 , 1617.05
1752.51 , 1586.94
1778.35 , 1551.4
1799.1 , 1514.66
1814.98 , 1471.38
1835.19 , 1432.87
1853.75 , 1392.35
1867.75 , 1349.46
1875.97 , 1308.56
1880.87 , 1266.65
1882.92 , 1219.13
1885.26 , 1176.52
1889.3 , 1134.4
1894.73 , 1087.6
1478.95 , 959.85
1467.5 , 999.47
1449.95 , 1038.48
1422.75 , 1069.05
1406.55 , 1110.08
1413.68 , 1154.35
1443.59 , 1179.96
1489.26 , 1186.72
1528.07 , 1197.49
1568.88 , 1209.92
1613.29 , 1212.9
1649.16 , 1193.54
1669.44 , 1155.23
1664.84 , 1110.46
1654.44 , 1071.43
1641.32 , 1028.3
1634.29 , 984.75
1327.8 , 1316.43
1352.5 , 1308.42
1378.92 , 1303.68
1404.17 , 1296.56
1429.85 , 1290.14
1455.9 , 1284.58
1483.12 , 1287.42
1507.65 , 1295.9
1533.4 , 1302.16
1559.85 , 1306.92
1586.15 , 1311.94
1611.8 , 1318.43
1635.47 , 1329.67
1658.4 , 1342.78
1676.9 , 1361.68
1654.58 , 1376.42
1629.22 , 1383.43
1603.28 , 1389.19
1576.47 , 1393.18
1548.82 , 1395.43
1520.32 , 1395.93
1491.95 , 1395.2
1465.35 , 1390.72
1440.53 , 1382.91
1416.82 , 1371.95
1393.05 , 1361.18
1369.28 , 1350.41
1346.3 , 1337.43
1350.05 , 1317.18
1372.08 , 1319.93
1394.95 , 1320.93
1418.33 , 1320.93
1441.2 , 1321.93
1463.6 , 1323.93
1485.27 , 1327.43
1505.53 , 1333.68
1526.72 , 1338.18
1548.4 , 1341.68
1570.17 , 1344.93
1592.33 , 1347.43
1614.47 , 1349.93
1637.47 , 1350.68
1659.46 , 1353.18
1636.83 , 1351.68
1614.17 , 1350.18
1592.03 , 1347.68
1570 , 1344.93
1547.25 , 1343.68
1525.7 , 1339.95
1505.28 , 1333.92
1484.55 , 1328.43
1462.65 , 1325.43
1440.38 , 1323.18
1417.72 , 1321.68
1394.5 , 1321.93
1371.85 , 1320.43
1660.92 , 908.97
1677.39 , 903.23
1692.82 , 894.31
1709.14 , 887.96
1727.45 , 885.72
1746.72 , 885.97
1765.37 , 887.47
1783.3 , 890.49
1799.8 , 896.35
1813.18 , 910.02
1821.06 , 925.87
1814.86 , 941.95
1797.2 , 945.47
1778.05 , 944.97
1759.52 , 943.25
1742.27 , 938.69
1725.52 , 933.5
1709 , 927.71
1691.55 , 923.73
1672.27 , 923.49
1407.93 , 864.27
1396.93 , 851.25
1383.81 , 840.63
1369.65 , 832.75
1354.31 , 828.12
1337.75 , 825.87
1320.25 , 825.62
1303.7 , 827.85
1288.75 , 833.39
1274.9 , 842
1261.78 , 852.62
1273.73 , 865.31
1287.51 , 874.1
1302.43 , 879.64
1318.61 , 882.61
1335.4 , 884.37
1352.68 , 885.12
1369.83 , 884.12
1386.51 , 882.12
1402.48 , 878.66
1687.11 , 820.62
1705.11 , 804.62
1726.31 , 797.61
1748.38 , 792.12
1771.88 , 789.62
1795.26 , 792.37
1818.03 , 796.37
1841.06 , 799.88
1861.59 , 808.85
1879.98 , 823.73
1890.13 , 843.92
1884.48 , 865.88
1861.76 , 861.77
1841.98 , 850.62
1821.76 , 840.62
1799.34 , 835.87
1776.56 , 831.87
1753.18 , 829.12
1729.68 , 831.62
1706.09 , 833.85
1465.83 , 773.28
1446.27 , 746.36
1415.9 , 732.75
1384.17 , 722.86
1351.88 , 713.83
1318.8 , 706.35
1282.97 , 705.11
1249.1 , 710.84
1219.75 , 727.35
1196.02 , 754.05
1180.98 , 784.02
1172.5 , 816.6
1202.72 , 803.59
1232.75 , 788.85
1262.3 , 772.81
1294.58 , 763.78
1330.17 , 761.6
1365.4 , 764.59
1398.8 , 771.34
1431.95 , 778.6
