2862378871_1
304.4 , 423.35
305.35 , 434.73
307.06 , 447.21
309.95 , 457.86
314.92 , 470.05
320.18 , 480.71
325.39 , 491.36
331.35 , 502.21
337.74 , 512.62
344.9 , 522.36
352.94 , 531.39
360.56 , 539.5
369.24 , 548.31
378.58 , 556.25
389.59 , 562.05
401.13 , 565.48
413.05 , 566.47
425.05 , 565.65
437.2 , 563.82
448.21 , 561.17
460.24 , 556.53
470.6 , 550.85
480.53 , 544.62
490.62 , 538.05
500.56 , 531.9
511.3 , 524.47
520.11 , 516.67
528.46 , 508.35
536.75 , 499.7
544.73 , 490.49
551.92 , 480.7
556.7 , 470.28
560.18 , 457.97
562.16 , 446.18
563.31 , 434.51
564.86 , 422.74
566.81 , 409.72
568.21 , 397.96
568.81 , 386.37
567.47 , 373.86
564.38 , 361.9
344.3 , 396.65
342.54 , 407.29
339.84 , 417.76
338.6 , 429.17
340.15 , 439.05
345.9 , 449.25
355.82 , 452.4
367.34 , 450.98
377.97 , 448.36
388.21 , 444.72
398.97 , 441.77
407.12 , 435.41
408.65 , 424.7
402.63 , 414.81
397.35 , 405.41
393.66 , 394.69
392.65 , 383.55
353.9 , 496.01
353.4 , 488.01
359.25 , 482.39
365.6 , 478.05
372.47 , 475.23
380.1 , 474.01
387.82 , 473.01
395.2 , 471.27
402.7 , 469.77
410.8 , 469.51
418.77 , 470.01
426.88 , 469.76
434.97 , 469.51
442.09 , 471.72
444.48 , 478.43
438.27 , 483.16
431.72 , 486.97
425.38 , 491.28
419.3 , 496.35
413.1 , 501.07
406.7 , 505.25
399.95 , 508.49
392.85 , 510.74
385.6 , 512.75
377.38 , 512.76
370 , 511.04
363.27 , 507.67
357.15 , 502.76
359.15 , 494.51
364.95 , 492.77
371.3 , 492.01
377.4 , 490.76
383.65 , 489.76
390 , 489
395.97 , 487.53
401.85 , 485.74
407.7 , 484.01
413.8 , 482.77
419.8 , 481.23
425.52 , 479.29
431.15 , 477.01
437 , 475.26
442.81 , 473.74
437.25 , 476.29
431.4 , 478.01
425.55 , 479.73
419.82 , 481.76
413.72 , 483.01
408 , 485.03
402 , 486.53
396 , 488.03
389.88 , 489.26
383.52 , 490.02
377.67 , 491.76
371.57 , 493.01
364.97 , 492.77
405.8 , 356.61
407.53 , 350.89
410.53 , 345.62
415.57 , 342.1
421 , 339.63
426.6 , 337.62
432.8 , 336.86
439.12 , 337.34
444.95 , 338.83
450.53 , 340.87
455.95 , 343.46
458.41 , 348.78
453.53 , 352.88
448.1 , 355.36
442.25 , 356.85
436.05 , 357.61
429.85 , 358.36
423.52 , 358.86
417.33 , 359.61
411.12 , 358.85
344.68 , 375.73
343.9 , 371.15
341.48 , 367.21
337.3 , 365.43
332.77 , 364.45
327.9 , 364.7
323.4 , 365.69
318.87 , 366.7
314.75 , 368.66
311.88 , 372.27
310.2 , 376.45
310.2 , 381.45
311.91 , 385.64
315.83 , 387.73
320.57 , 387.19
324.85 , 385.67
329.02 , 383.92
333.43 , 382.72
337.68 , 381.22
341.84 , 379.45
394.55 , 309.25
396.56 , 302.47
402.85 , 299.21
409.2 , 296.1
415.95 , 294.1
423.05 , 292.75
430.45 , 292
437.95 , 292.5
445.23 , 293.51
451.68 , 296.37
457.55 , 300.75
455.6 , 305.04
448.85 , 303
441.58 , 302
434.2 , 302.78
427.05 , 304
420.38 , 306.18
413.73 , 308.32
407.23 , 310.98
400.5 , 312.95
338.53 , 336.58
333.3 , 332.59
327.8 , 329.32
321.78 , 327.58
315.05 , 327.56
308.75 , 328.84
303 , 331.34
297.65 , 334.98
292.43 , 338.93
288.06 , 344.03
286.28 , 350.08
287.56 , 356.4
293.7 , 356.17
298.65 , 351.45
303.83 , 347.28
309.43 , 344.33
315.53 , 342.58
321.95 , 341.56
328.65 , 341.08
335.23 , 340.37
