135246139_1
664.44 , 892.55
677.07 , 917.46
691.52 , 940.7
708.04 , 964.75
722.09 , 987.12
739.49 , 1012.01
753.62 , 1035
767.39 , 1060.34
782.32 , 1084.86
799.95 , 1106.23
820.89 , 1125.97
841.73 , 1141.51
866.43 , 1157.18
890.46 , 1170.89
916.63 , 1182.21
944.7 , 1192
970.29 , 1196.61
999.99 , 1198.77
1028.68 , 1198.73
1057.37 , 1196.45
1082.77 , 1191.09
1111.2 , 1181.08
1136.91 , 1168.33
1160.15 , 1154.11
1183.18 , 1139.09
1207.13 , 1122.05
1228.76 , 1103.51
1248.73 , 1083.19
1265.66 , 1062.49
1280.09 , 1038.65
1289.54 , 1012.97
1296.04 , 982.47
1298.96 , 955.56
1300.54 , 926.98
1302.21 , 900.26
1304.07 , 870.83
1305.8 , 843.03
1308.71 , 815.49
1309.45 , 786.16
1308.07 , 758.95
1307.39 , 728.65
916.2 , 786.8
913.42 , 809.8
905.71 , 829.94
901.08 , 855.14
909.61 , 876.47
930.4 , 885.83
953.1 , 889.15
976.47 , 888.32
1000.01 , 885.64
1023.12 , 877.36
1042.91 , 865.37
1064 , 851.97
1078.46 , 835.5
1082.35 , 813.35
1067.95 , 792.89
1049.54 , 777.25
1033.8 , 759.5
894.45 , 997.65
902.11 , 977.98
917.55 , 961.05
934.5 , 945.59
953.45 , 935.65
974.08 , 929.91
996.62 , 928.18
1017.23 , 922.38
1036.28 , 912.64
1056.3 , 905.91
1078.98 , 904.4
1100.93 , 907.4
1120.75 , 914.69
1139.2 , 925.9
1150.5 , 944.33
1142.45 , 963.9
1130.34 , 981.99
1112.88 , 995.99
1094.85 , 1008.28
1076.15 , 1018.93
1056.3 , 1026.12
1035.4 , 1031.39
1014.2 , 1035.9
992.73 , 1039.9
969.58 , 1039.39
948.58 , 1034.43
929.33 , 1025.28
911.2 , 1013.15
901.2 , 996.4
917.35 , 987.74
933.85 , 979.87
950.75 , 973.42
968.4 , 968.44
986.73 , 964.9
1005.33 , 961.91
1022.78 , 956.62
1039.55 , 949.81
1055.98 , 941.63
1072.62 , 934.41
1091.23 , 931.39
1110.55 , 929.9
1129.15 , 932.9
1144.89 , 942.78
1129.95 , 954.4
1113.5 , 962.38
1096.05 , 967.62
1078.88 , 973.38
1061.9 , 979.63
1045.15 , 986.65
1027.12 , 990.91
1009.03 , 994.9
990.3 , 997.65
972.08 , 1001.4
954.45 , 1006.4
935.62 , 1008.9
917.1 , 1005.8
1029.75 , 674.78
1038.48 , 667.05
1045.48 , 658.05
1052.85 , 649.18
1061.53 , 641.26
1071.05 , 635.74
1081.67 , 632.85
1093.38 , 633.28
1104.5 , 635.03
1115.4 , 637.3
1126.12 , 639.91
1123.92 , 650.29
1114.65 , 656.53
1104.9 , 661.53
1095.17 , 666.59
1085.03 , 670.27
1074.65 , 673.51
1063.65 , 675.53
1052.5 , 677.28
1040.9 , 676.53
882.59 , 718.57
876.54 , 709.82
864.74 , 705.56
852.19 , 702.79
839.17 , 701.04
825.67 , 700.31
812.57 , 701.91
799.97 , 704.52
788.34 , 709.3
777.77 , 716.96
767.44 , 725.29
773.94 , 736.29
785.12 , 742.28
798.04 , 744.32
810.94 , 742.29
822.62 , 737.6
834.32 , 733.16
846.44 , 729.54
858.42 , 725.8
870.44 , 722.04
968.87 , 605.78
988.72 , 595.94
1009 , 587.25
1029.05 , 577.85
1049.49 , 569.75
1070.14 , 562.27
1091.3 , 555.85
1113.8 , 552.01
1137.52 , 550.78
1161.02 , 552.53
1181.02 , 562.18
1167.07 , 579.8
1145.57 , 585.57
1123.14 , 589.53
1100.39 , 592.78
1077.8 , 596.35
1056.97 , 603.43
1036.07 , 610.28
1013.44 , 613.78
989.22 , 614.06
868.07 , 629.03
851.55 , 620.53
831.83 , 619.28
812.6 , 621.53
792.65 , 622.28
773.55 , 624.76
756.32 , 631.1
740.1 , 640.35
724.62 , 651.56
709.72 , 664.45
696.65 , 679.28
713.88 , 673.02
732.72 , 670.03
751.22 , 666.28
769.25 , 661.5
788.12 , 658.53
807.6 , 656.78
827.17 , 655.28
846.4 , 653.03
863.67 , 646.76
