2862779132_1
1098.27 , 1180.87
1099.52 , 1220.03
1100.2 , 1263.75
1104.84 , 1306.65
1114.84 , 1348.49
1127.65 , 1389.76
1139.8 , 1434.23
1151.56 , 1475.33
1163.65 , 1516.93
1176.21 , 1555.16
1194.14 , 1595.35
1216.82 , 1631.54
1245.85 , 1661.9
1282.09 , 1690.48
1318.77 , 1709.73
1356.75 , 1726.6
1399.73 , 1742.75
1440.02 , 1754.5
1481.37 , 1761.97
1522.67 , 1759.07
1568.81 , 1752.53
1610.41 , 1746.63
1652.28 , 1740.4
1693.21 , 1732.03
1736.02 , 1720.03
1774.86 , 1699.39
1809.47 , 1671.49
1837.27 , 1639.76
1862.77 , 1605.3
1884.75 , 1567.81
1902.43 , 1527.8
1914.56 , 1486.65
1921.95 , 1447.23
1924.76 , 1403.87
1926.84 , 1361.34
1929.39 , 1319.1
1931.96 , 1272.81
1934.28 , 1230.72
1936.56 , 1188.86
1942.37 , 1146.52
1949.08 , 1100.74
1428.88 , 1077.65
1414 , 1104.62
1402.6 , 1133.1
1402.21 , 1167.53
1406.39 , 1199.25
1429.36 , 1218.88
1458.84 , 1225.82
1491.03 , 1222.09
1525.24 , 1217.75
1557.09 , 1214.88
1588.29 , 1213.67
1620.65 , 1210.1
1630.46 , 1181.84
1628.14 , 1150.21
1623 , 1118.59
1605.86 , 1092.04
1587.24 , 1063.08
1334.55 , 1400.37
1360.27 , 1389.37
1388.2 , 1383.1
1414.2 , 1372.72
1440.8 , 1364.12
1470.2 , 1360.85
1499.95 , 1363.37
1530.65 , 1363.87
1560.88 , 1362.37
1590.62 , 1364.9
1618.35 , 1371.64
1645.15 , 1379.97
1670.97 , 1390.81
1696.1 , 1403.88
1706.35 , 1427.83
1681.22 , 1440.91
1656.58 , 1455.11
1631.33 , 1467.88
1604.62 , 1476.37
1575.85 , 1480.87
1545.5 , 1482.12
1514.92 , 1481.37
1485.15 , 1478.97
1457.22 , 1472.59
1430.62 , 1463.94
1404.42 , 1454.24
1381.67 , 1434.75
1358.67 , 1415.97
1355.55 , 1405.37
1380.35 , 1406.37
1403.92 , 1402.87
1427.4 , 1399.12
1452.33 , 1398.37
1477.38 , 1398.87
1501.45 , 1401.37
1526 , 1402.87
1551.17 , 1402.62
1575.97 , 1401.62
1600.9 , 1400.87
1625.58 , 1402.12
1649.2 , 1405.52
1672.62 , 1409.35
1697.07 , 1411.12
1674.17 , 1410.24
1650.7 , 1406.52
1626.92 , 1403.37
1602.25 , 1402.12
1576.95 , 1402.12
1552.03 , 1402.87
1527.12 , 1403.62
1501.82 , 1403.62
1477.28 , 1402.12
1452.82 , 1400.37
1427.78 , 1399.87
1404.2 , 1403.37
1380.38 , 1406.37
1645.35 , 927.97
1660.77 , 915.02
1678.6 , 908.72
1696.82 , 903.21
1714.72 , 897.19
1733.38 , 892.46
1753.32 , 890.47
1773.42 , 892.22
1791.47 , 897.97
1807.74 , 908.6
1817.21 , 925.35
1810.66 , 942.94
1793.75 , 951.98
1775.38 , 957.22
1755.67 , 959.72
1735.1 , 958.97
1715.65 , 955.99
1697.72 , 950
1679.9 , 943.7
1662.25 , 936.96
1372.41 , 952.92
1369.83 , 936.39
1353.88 , 927.39
1337.73 , 918.91
1321.28 , 911.25
1303.18 , 907.4
1283.61 , 906.63
1265.13 , 909.69
1248.53 , 916.8
1233.34 , 927.76
1221.03 , 942.52
1214.18 , 959.15
1229.28 , 970
1246.51 , 975.47
1265.26 , 977.89
1285.08 , 978.15
1303.56 , 975.18
1321.08 , 970.13
1338.16 , 964.42
1355.56 , 959.27
1618.4 , 823.76
1623.17 , 790.49
1652.12 , 775.26
1685.43 , 770.26
1720.43 , 771.76
1753.7 , 776.8
1785.85 , 784.26
1816.85 , 793.74
1846.53 , 806.76
1874.35 , 824.75
1900.68 , 847.03
1914.9 , 871.01
1883.4 , 862.26
1853.18 , 851.03
1821.88 , 842.01
1789.73 , 834.51
1756.33 , 829.78
1721.68 , 827.51
1686.68 , 829.01
1651.08 , 829.28
1422.04 , 863.35
1416.75 , 830.49
1390.64 , 807.14
1361.07 , 793.12
1326.97 , 789.37
1292.29 , 791.87
1257.72 , 794.62
1223.89 , 798.86
1191.97 , 807.09
1162.57 , 821.64
1135.39 , 842.1
1114.62 , 869.12
1147.59 , 863.12
1181.19 , 858.37
1215.77 , 855.62
1251.64 , 855.62
1286.82 , 857.12
1321.27 , 860.12
1355.84 , 862.87
1388.84 , 868.85
