2863670139_1
607.32 , 1145.87
618.62 , 1173.45
632.12 , 1200.92
646.58 , 1230.61
659.88 , 1259.86
673.87 , 1288.17
688.87 , 1314.35
706.97 , 1342.58
724.05 , 1367.1
739.95 , 1394.79
753.71 , 1424.35
773.62 , 1450.18
792.88 , 1472.22
815.15 , 1497.54
835.29 , 1522.45
854.43 , 1546.14
877.55 , 1569.18
903.85 , 1584.3
933.46 , 1588.98
965.36 , 1585.66
995.87 , 1578.61
1026.3 , 1569.74
1055.83 , 1557.98
1083.83 , 1542.72
1109.55 , 1523.05
1132.66 , 1500.21
1152.31 , 1475.7
1169.62 , 1450.23
1186.8 , 1421.89
1202.35 , 1394.96
1217.8 , 1366.51
1229.87 , 1339.47
1240.21 , 1310.12
1249.98 , 1278.46
1260.52 , 1250.04
1272.62 , 1218.46
1284.98 , 1189.43
1295.99 , 1159.75
1306 , 1130.27
1313.9 , 1100.49
1318.62 , 1067.21
854.84 , 1105.06
842.39 , 1125.44
830.16 , 1149.34
828.56 , 1175.33
840.29 , 1198.19
863.5 , 1207.25
889.32 , 1218.01
915.6 , 1218.85
940.49 , 1220.17
965.77 , 1217.21
992.33 , 1210
1016.4 , 1198.85
1035.38 , 1183.28
1043.9 , 1159.77
1035.23 , 1134.52
1021.94 , 1112.58
1010.81 , 1086.72
817.39 , 1354.75
833.26 , 1338.62
848.24 , 1322.15
864.99 , 1307.9
884.56 , 1301.53
906.94 , 1300.75
927.64 , 1305
949.89 , 1304.5
970.79 , 1300.78
993.41 , 1300.5
1013.62 , 1305.75
1032.71 , 1313.32
1051.54 , 1321.74
1070.42 , 1330.01
1077.21 , 1347.5
1059.14 , 1358
1040.87 , 1368.03
1022.87 , 1378.76
1005.09 , 1390.02
987.19 , 1400.96
968.37 , 1409.49
948.87 , 1416
926.62 , 1416.98
905.57 , 1413.49
886.66 , 1405.26
869.34 , 1392.69
852.12 , 1379.74
834.26 , 1368.63
823.64 , 1356.75
840.41 , 1353
857.56 , 1350
875.09 , 1347.75
892.97 , 1346.25
911.09 , 1347.25
929.22 , 1348.25
946.84 , 1346.25
963.64 , 1342.5
980.57 , 1338.98
998.32 , 1337.25
1016.69 , 1336.75
1034.91 , 1337.5
1053.04 , 1338.5
1071.29 , 1337.75
1056.09 , 1342.25
1038.22 , 1343.75
1019.97 , 1344.5
1002.22 , 1346.26
984.69 , 1348.5
967.29 , 1351
948.94 , 1350.5
930.57 , 1351
912.44 , 1350
894.32 , 1349
876.19 , 1350
858.82 , 1352.5
841.04 , 1354.25
1043.5 , 931.96
1050.83 , 918.13
1061.85 , 905.62
1075.15 , 896.84
1088.9 , 889.3
1103.28 , 883.45
1119.3 , 881.21
1135.7 , 882.71
1150.78 , 886.97
1165.08 , 892.97
1178.84 , 900.51
1181.56 , 916.15
1168.85 , 926.64
1155.08 , 934.2
1140.03 , 938.46
1123.97 , 940.71
1107.33 , 941.71
1091.15 , 939.73
1075.95 , 935.72
1059.05 , 935.21
837.18 , 942.23
825.08 , 930.57
812.05 , 921.38
798.7 , 913.3
784.4 , 907.71
768.35 , 905.81
752.1 , 907.21
736.98 , 911.07
722.77 , 916.79
709.35 , 924.74
696.25 , 933.56
706.77 , 946.08
720.1 , 954.32
734.83 , 958.88
750.48 , 961.54
767.27 , 961.81
782.77 , 958.81
797.6 , 954.47
813.5 , 952.31
829.48 , 953.81
974.35 , 834.71
1000.62 , 822.69
1028.67 , 814.97
1057.62 , 808.97
1087.28 , 804.46
1117.33 , 800.71
1147.85 , 797.96
1178.38 , 800.21
1205.47 , 809.96
1229.77 , 827.62
1246.7 , 851.79
1221.47 , 857.2
1191.2 , 853.96
1159.95 , 852.69
1128.93 , 850.96
1097.58 , 851.96
1068 , 856.74
1039.4 , 863.47
1011.6 , 871.21
984.66 , 861.53
859.05 , 870.68
841.26 , 846.85
814.54 , 835.11
785.51 , 828.6
754.49 , 826.36
723.09 , 827.87
693.66 , 833.48
666.91 , 844.96
642.36 , 862.54
621.09 , 885.78
610.04 , 912.61
610.29 , 944.63
635.74 , 931.16
658.99 , 909.89
684.99 , 896.15
713.24 , 888.15
743.29 , 883.86
775.29 , 884.11
806.09 , 886.88
836.87 , 889.68
