2864812753_1
642.9 , 936.8
646.18 , 961.88
651.58 , 987.28
658.21 , 1012.31
667.35 , 1036.88
678.95 , 1059.61
692.74 , 1079.68
709.7 , 1100.21
727.2 , 1121.4
742.28 , 1139.88
762.37 , 1159.47
780.17 , 1174.77
803.18 , 1191.15
823.69 , 1202.85
848.29 , 1216.45
870.67 , 1224.62
896.71 , 1231.2
921.21 , 1239.17
944.91 , 1248.41
971.12 , 1258.33
996.46 , 1264.21
1021.81 , 1268.41
1047.24 , 1267.04
1071.7 , 1264.19
1098.18 , 1260.1
1122.65 , 1252.41
1147.19 , 1244.05
1167.98 , 1228.17
1184.64 , 1208.11
1198.79 , 1186.87
1210.78 , 1164.68
1221.82 , 1141.97
1234.21 , 1116.35
1244.07 , 1094.4
1252.2 , 1069.54
1257.72 , 1042.67
1261.08 , 1016.66
1264.04 , 991.64
1263.21 , 966.22
1265.71 , 940.4
1266.05 , 913.2
1013.49 , 894.78
1004.2 , 909.31
1000.97 , 927.71
1003.57 , 947.23
1014.6 , 962.63
1031 , 968.95
1050.29 , 966.19
1068.64 , 966.1
1087.45 , 962.55
1105.34 , 959.94
1123.59 , 956.95
1142.72 , 950.56
1157.65 , 942.04
1166.36 , 925.81
1164.12 , 906.73
1155.55 , 890.45
1144.43 , 873.36
992.89 , 1080.45
1006.09 , 1072.02
1019.09 , 1063.02
1032.14 , 1054.2
1045.37 , 1045.73
1058.46 , 1036.94
1072.54 , 1030.92
1087.24 , 1026.45
1102.37 , 1022.7
1117.69 , 1019.45
1134.14 , 1018.45
1149.71 , 1021.19
1164.21 , 1026.01
1177.4 , 1034.51
1183.14 , 1048.68
1178.85 , 1063.5
1171.11 , 1076.97
1158.89 , 1088.2
1145.39 , 1095.95
1131.04 , 1101.2
1115.71 , 1104.45
1099.14 , 1105.2
1082.71 , 1106.2
1065.79 , 1106.2
1049.74 , 1104.45
1033.79 , 1102.47
1019.54 , 1096.98
1005.71 , 1090.05
1012.89 , 1075.7
1024.59 , 1072.95
1035.66 , 1068.95
1047.37 , 1066.2
1059.09 , 1063.45
1071.29 , 1061.7
1083.59 , 1060.2
1096.14 , 1059.2
1108.09 , 1056.95
1119.14 , 1052.95
1130.74 , 1049.96
1142.94 , 1048.2
1154.64 , 1045.45
1165.94 , 1041.96
1178.14 , 1040.2
1166.69 , 1043.47
1155.24 , 1046.72
1143.19 , 1048.7
1131.24 , 1050.95
1119.79 , 1054.17
1108.64 , 1057.95
1096.91 , 1060.7
1084.24 , 1061.45
1071.94 , 1062.95
1059.76 , 1064.7
1048.04 , 1067.43
1036.44 , 1070.46
1024.62 , 1072.95
1118.75 , 775.61
1122.15 , 765.44
1129.45 , 756.64
1138.9 , 751.12
1148.7 , 746.64
1158.67 , 742.62
1169.83 , 741.11
1180.95 , 739.61
1192.47 , 740.35
1202.75 , 743.61
1211.49 , 750.58
1215.06 , 760.56
1206.35 , 768.1
1196.45 , 772.35
1185.67 , 774.61
1174.53 , 776.11
1163.15 , 777.11
1151.38 , 776.86
1139.5 , 776.86
1128.75 , 779.11
961.69 , 793.17
950.66 , 786.8
938.16 , 783.92
924.89 , 782.68
911.39 , 781.94
898.26 , 783.45
885.64 , 786.08
873.64 , 789.84
862.34 , 795.63
851.87 , 803.61
841.54 , 811.93
853.66 , 815.45
866.34 , 817.92
879.96 , 818.43
893.59 , 817.93
907.21 , 817.43
920.24 , 815.67
932.39 , 812.21
944.16 , 807.96
955.77 , 803.19
1119.98 , 684.17
1123.55 , 672.57
1131.91 , 662.72
1142.4 , 656.18
1153.48 , 651.17
1165.11 , 647.64
1177.63 , 645.92
1190.51 , 646.92
1201.9 , 650.86
1212.88 , 656.3
1222.45 , 665.37
1223.54 , 677.95
1212.03 , 674.17
1200.01 , 671.42
1188.06 , 668.4
1174.81 , 668.17
1162.76 , 670.92
1151.81 , 676.32
1141.63 , 683.77
1130.7 , 689.18
995.7 , 675.8
970.45 , 665.78
941.18 , 664.28
912.15 , 666.3
884.36 , 670.85
857.58 , 677.63
832.36 , 687.54
808.13 , 700.58
786.25 , 719.93
769.25 , 742.68
755.43 , 766.53
779.83 , 753.91
803.8 , 740.4
828.33 , 728.12
853.68 , 718.53
879.61 , 710.35
907.73 , 706.54
937.15 , 705.28
966.3 , 707.03
994.63 , 703.57
