2864812753_2
540.5 , 1027.95
549.56 , 1054.07
559.17 , 1080.24
568.68 , 1106.4
577 , 1131.94
586.96 , 1159.53
597.67 , 1186.7
609.62 , 1209.93
624.43 , 1233.94
641.98 , 1256.24
661.84 , 1277.78
682.46 , 1295.71
704.72 , 1311.48
728.46 , 1326.4
751.68 , 1342.25
774.47 , 1357.86
801.36 , 1371.89
827.48 , 1380.07
854.24 , 1384.61
883.85 , 1386.22
911.7 , 1383.2
937.94 , 1375.26
964.55 , 1363.78
988.5 , 1351.2
1011.3 , 1336.24
1034.38 , 1317.33
1054.72 , 1297.64
1073.15 , 1277.5
1092.59 , 1254.9
1107.32 , 1232.89
1120.73 , 1207.21
1134.2 , 1181.65
1143.84 , 1157.43
1157.35 , 1131.63
1169.12 , 1105.07
1179.65 , 1080.81
1192.92 , 1054.67
1203.25 , 1028.61
1211.86 , 1001.07
1218.02 , 975.89
1222.5 , 945.73
776.03 , 939.19
767.86 , 959.61
756.75 , 981.37
750.43 , 1004.92
757.06 , 1027.35
778.3 , 1039.32
799.96 , 1040.49
824 , 1036.8
847.45 , 1032.8
872.66 , 1026.76
894.21 , 1022.8
918.55 , 1015.35
934.75 , 997.98
932.45 , 974.85
920.2 , 955.69
903.99 , 936.94
887.77 , 918.1
741.75 , 1148.34
756.38 , 1136.97
771.15 , 1125.97
786.77 , 1117.32
803.23 , 1111.1
820.52 , 1106.59
839.27 , 1105.09
857.05 , 1101.6
874.38 , 1097.07
893.35 , 1096.09
911.5 , 1098.84
929.05 , 1102.86
947.08 , 1105.84
965.22 , 1108.59
974.63 , 1121.44
959.8 , 1132.27
944.67 , 1142.19
929.17 , 1151.15
913.25 , 1159.09
897.05 , 1166.05
880.33 , 1171.59
862.77 , 1175.58
844.27 , 1177.59
825.15 , 1178.36
806.77 , 1176.11
789.88 , 1170.96
773.55 , 1164.37
757.65 , 1156.33
757.5 , 1147.34
771.35 , 1142.35
786.75 , 1140.34
802.38 , 1138.84
818 , 1137.34
833.75 , 1136.09
849.62 , 1135.09
865.15 , 1133.34
880.17 , 1130.6
894.95 , 1127.34
909.52 , 1123.59
924.42 , 1120.59
940.3 , 1119.59
956.05 , 1118.34
971.44 , 1116.34
956.4 , 1118.84
940.52 , 1119.84
925.15 , 1121.84
910 , 1124.34
895.42 , 1128.09
880.75 , 1131.59
865.25 , 1133.34
849.73 , 1135.09
833.98 , 1136.34
818.1 , 1137.34
802.6 , 1139.09
787.08 , 1140.84
772.17 , 1143.85
908.83 , 845.77
917.74 , 834.37
929 , 825.09
940.48 , 816.37
952.78 , 809.81
965.86 , 805.51
980.33 , 804.02
994.68 , 805.77
1009.03 , 807.52
1022.46 , 811.15
1034.83 , 817.52
1031.64 , 830.96
1020.18 , 839.7
1008.01 , 846.58
995.01 , 851.01
981.03 , 853.52
965.93 , 853.77
950.86 , 854.02
935.65 , 854.02
920.51 , 853.95
729.62 , 869
719.6 , 860.24
708.5 , 854.38
696.75 , 850.49
683.89 , 848.75
670.54 , 849.5
657.82 , 851.49
646.1 , 855.52
635.02 , 861.38
624.44 , 868.66
618.12 , 879.5
628.47 , 887.38
639.75 , 892.78
652 , 895.74
665.57 , 896
678.55 , 894.5
691.52 , 893
703.8 , 889.99
715.35 , 885.52
726.87 , 881
877.1 , 764.43
880.57 , 739.69
900.85 , 725.43
922.83 , 715.94
945.8 , 708.91
969.45 , 703.15
993.93 , 699.18
1019.75 , 699.93
1042.9 , 706.47
1064.33 , 717.67
1084.72 , 731.52
1091.8 , 748.19
1068.03 , 742.68
1044.2 , 737.28
1019.28 , 734.68
993.83 , 736.68
970.05 , 742.18
946.7 , 748.58
924.67 , 757.86
902.28 , 766.18
746.99 , 791.79
735.22 , 771.27
713.91 , 761.05
689.82 , 757.29
664.87 , 755.29
639.54 , 754.04
615.32 , 757.53
593.32 , 765.51
573.09 , 778.47
555.76 , 797.01
545.73 , 818.34
542.74 , 842.79
560.44 , 826.34
579.12 , 809.04
599.82 , 797.31
622.24 , 790.29
646.47 , 786.79
672.14 , 787.29
697.57 , 788.27
721.69 , 792.04
