2867434117_1
337.35 , 552.85
342.12 , 572.9
348.84 , 592.13
357.92 , 610.31
369.55 , 627.87
383.35 , 645.65
397.63 , 658.73
412.56 , 673.28
428.99 , 688.4
446.04 , 701.47
464.05 , 711
481.78 , 721.22
497.11 , 735.38
515.2 , 744.4
535.16 , 752.3
556.49 , 756.72
576.61 , 760.86
598.24 , 762.62
618.8 , 763.27
640.47 , 763.34
661.46 , 764.96
682.43 , 764.35
703.11 , 762.57
724.14 , 763.03
743.54 , 767.1
763.92 , 769.77
786.45 , 768.81
805.89 , 763.18
825.1 , 752.14
839.57 , 738.74
854.44 , 723.76
868.43 , 708.09
880.52 , 689.69
887.79 , 671.18
894.98 , 651.31
901.72 , 630.93
906.01 , 610.96
908.28 , 589.06
908.49 , 569.09
906.53 , 546.94
902.98 , 526.16
601.6 , 360.4
585.13 , 376.03
570.83 , 393
560.85 , 412.71
556.04 , 435.47
556.84 , 457.27
578.41 , 460.69
601.22 , 463.04
626.09 , 460.19
647.06 , 461.99
667.93 , 471.21
687.84 , 484.43
705.01 , 473.85
714.24 , 450.91
712.23 , 428.61
705.42 , 406.69
701.95 , 383.69
542.25 , 527.29
549.97 , 515.32
557.12 , 503.14
565.83 , 491.46
576.95 , 481.35
589.1 , 474.03
602.67 , 470.27
617.08 , 472.29
631.38 , 474.55
644.75 , 478.54
657.33 , 484.84
668.64 , 494.44
677.12 , 506.19
684.31 , 518.37
690.03 , 531.09
695.54 , 543.89
700.77 , 556.77
686.98 , 560.04
672.67 , 562.29
658.88 , 565.52
645.15 , 569.03
629.77 , 569.04
614.77 , 568.29
599.65 , 568.81
586.6 , 564.05
574.08 , 557.64
562.17 , 549.71
551.85 , 538.64
565.25 , 515.54
573.95 , 513.79
582.55 , 511.79
591.75 , 511.04
600.38 , 513.04
608.85 , 515.32
618.05 , 516.04
627.27 , 515.29
635.88 , 517.29
644.4 , 519.44
652.42 , 522.73
660.08 , 527.09
667.23 , 532.76
674.7 , 537.53
681.66 , 543.7
675.05 , 539.07
667.75 , 533.79
660.27 , 529.05
652.58 , 524.8
644.25 , 522.29
635.4 , 520.79
626.45 , 519.54
617.83 , 517.54
608.75 , 516.54
600.12 , 514.56
592.02 , 511.54
582.58 , 511.8
574.1 , 514.06
720.45 , 389.55
729.73 , 393.54
739.58 , 396.33
748.93 , 400.31
758.62 , 403.32
768.38 , 406.23
778.23 , 409.06
788.23 , 411.56
797.78 , 414.87
807.12 , 418.74
815.08 , 423.18
804.78 , 425.08
794.53 , 423.11
785.08 , 419.42
775.65 , 415.75
766.4 , 411.5
757.05 , 407.58
747.6 , 403.96
738.48 , 399.33
729.6 , 394.04
568.7 , 372.01
560.95 , 372.51
552.98 , 372.51
545.12 , 372.78
537.62 , 371.78
530.25 , 370.51
522.58 , 371.13
515.65 , 373.26
508.15 , 374.26
500.18 , 374.26
492.45 , 373.76
500.07 , 374.51
508.05 , 374.51
515.67 , 373.76
523.52 , 373.51
531.4 , 373.76
539.38 , 373.76
547 , 373.01
554.85 , 373.26
562.6 , 372.76
726.35 , 334.19
734.32 , 317.95
751.6 , 312.44
769.93 , 315.92
786.4 , 323.73
802.2 , 333.26
817.48 , 344.28
832.73 , 355.44
847.3 , 368.39
858.72 , 383.54
865.86 , 400.22
866.6 , 419.89
854.12 , 407.22
839.82 , 393.42
826.17 , 379.2
811.35 , 366.94
794.73 , 359.57
776.45 , 355.93
757.95 , 352.79
740.92 , 346.78
595.25 , 323.35
593.3 , 308.87
579.17 , 300.28
563.62 , 295.59
546.4 , 294.45
529.55 , 296.58
514.15 , 301.6
499.3 , 308.09
484.85 , 315.85
470.93 , 324.94
457.66 , 335.93
448 , 349.6
464.57 , 346.84
479.57 , 340.79
494.85 , 335.5
510.05 , 330.06
525.75 , 325.6
542.55 , 323.33
559.95 , 322.35
577.48 , 323.1
