2867659261_1
1003.87 , 1179.99
1012.38 , 1226.06
1023.7 , 1273.49
1033.71 , 1317.92
1045.15 , 1366.4
1058.78 , 1413.33
1072.31 , 1459.53
1091.11 , 1505.62
1110.31 , 1550.05
1132.83 , 1590.49
1164.65 , 1632.23
1194.75 , 1667.24
1232.39 , 1701.01
1268.16 , 1731.25
1310.53 , 1754.6
1352.96 , 1774.98
1394.83 , 1802.86
1441.63 , 1819.25
1486.1 , 1827.31
1537.1 , 1828.5
1583.81 , 1825.29
1633.81 , 1818.37
1680.49 , 1808.02
1723.3 , 1784.94
1756.96 , 1750.05
1783.86 , 1711.95
1817.39 , 1676.15
1857.27 , 1651.44
1892.01 , 1612.91
1919.73 , 1573.58
1940.64 , 1534
1962.05 , 1489.44
1980.89 , 1441.13
1998.46 , 1397.9
2006.96 , 1352.45
2013.03 , 1303.79
2011.13 , 1255.75
2011.38 , 1207.29
2011.98 , 1158.74
2009.5 , 1110.53
2004.95 , 1057.6
1465.38 , 1107.4
1443.06 , 1138.67
1420.5 , 1176.8
1403.74 , 1215.07
1412.73 , 1254.19
1448.5 , 1278.96
1488.08 , 1298.43
1526.37 , 1314.51
1564.76 , 1335.46
1605.54 , 1335.4
1639.31 , 1314.41
1672.47 , 1286.75
1702.4 , 1257.4
1727.92 , 1222.62
1722 , 1179.93
1699.45 , 1144.09
1673.39 , 1109.71
1285.12 , 1413.78
1325.77 , 1398.51
1371.84 , 1394.28
1418.04 , 1390.28
1464.87 , 1387.53
1511.54 , 1390.53
1556.54 , 1397.05
1602.87 , 1393.28
1645.72 , 1382.3
1690.69 , 1375.75
1736.54 , 1371.01
1783.22 , 1368.03
1823.03 , 1381.88
1803.12 , 1421.15
1782.62 , 1460.15
1760.62 , 1498.53
1733.37 , 1535.03
1699.47 , 1568.94
1661.42 , 1591.8
1619.77 , 1604.76
1574.39 , 1610.53
1526.47 , 1610.63
1482.84 , 1601.27
1443.42 , 1581.85
1407.12 , 1554.03
1372.69 , 1521.1
1340.29 , 1486.45
1310.31 , 1450.98
1292.37 , 1411.78
1332.84 , 1406.53
1374.54 , 1409.28
1415.62 , 1413.28
1456.24 , 1418.31
1496.52 , 1423.93
1536.84 , 1429.52
1579.27 , 1430.78
1617.49 , 1420.91
1655.62 , 1410.78
1695.04 , 1403.26
1732.49 , 1392.01
1770.57 , 1381.77
1811 , 1376.65
1780.46 , 1399.93
1752.12 , 1431.13
1725.72 , 1462.66
1693.29 , 1487.51
1657.42 , 1502.74
1621.09 , 1516.52
1583.82 , 1528.03
1541.14 , 1527.28
1501.89 , 1519.53
1464.42 , 1508.29
1428.09 , 1494.52
1392.37 , 1478.78
1358.32 , 1458.48
1326.84 , 1431
1672.04 , 951.95
1683.35 , 933.15
1700.29 , 916.45
1718.16 , 902.33
1736.37 , 889.16
1755.37 , 878.14
1775.39 , 870.17
1798.16 , 867.95
1820.09 , 871.95
1840.41 , 879.08
1858.88 , 891.5
1866.51 , 911.46
1848.01 , 923.72
1828.26 , 932.72
1807.49 , 938.94
1785.44 , 942.7
1762.04 , 943.7
1738.91 , 942.2
1715.66 , 943.46
1694.09 , 948.2
1370.12 , 966.97
1362.29 , 951.06
1345.74 , 940.78
1328.59 , 931.89
1311.39 , 923.23
1293.64 , 916.24
1273.77 , 913.74
1253.91 , 916.26
1235.77 , 922.17
1219.47 , 933.22
1206.57 , 948.84
1195.94 , 965.24
1213.82 , 971.77
1231.89 , 977.7
1251.04 , 981.77
1271.99 , 981.99
1291.52 , 978.71
1310.82 , 975.12
1330.07 , 971.36
1350.02 , 968.96
1626.02 , 800.71
1644.67 , 767.31
1676.49 , 744.74
1711.22 , 729.74
1748.47 , 720.25
1787.77 , 715.21
1828.69 , 713.53
1867.89 , 718.59
1902.89 , 733.33
1934 , 758.45
1954.54 , 790.74
1952.87 , 822.56
1922.57 , 795.22
1887.77 , 779.96
1848.94 , 774.44
1809.17 , 778.55
1772.69 , 789.19
1736.67 , 800.74
1699.77 , 810.71
1660.69 , 815.7
1403.62 , 799.7
1371.65 , 780.86
1336.2 , 770.84
1299.4 , 763.55
1261.12 , 759.34
1221.97 , 761.83
1183.1 , 764.85
1146.53 , 772.57
1113.67 , 789.4
1084.6 , 816.46
1063.5 , 847.58
1103.72 , 847.33
1138.85 , 836.73
1173.45 , 825.35
1210.75 , 819.08
1250.72 , 818.33
1290.47 , 819.58
1327.53 , 826.34
1362.67 , 836.84
1402.28 , 836.33
