2868155068_1
492.5 , 752.8
501.68 , 769
512.64 , 787.16
522.73 , 804.65
531.77 , 821.82
542.39 , 838.51
555.87 , 855.4
568.84 , 869.5
584.2 , 883.2
601.26 , 894.51
619.07 , 905.06
635.36 , 914.33
652.65 , 923.91
672.22 , 932.27
690.53 , 940.54
707.48 , 950.72
726.01 , 961.14
742.97 , 971.02
761.25 , 979.54
780.54 , 984.54
799.5 , 988.43
821.31 , 987.09
839.61 , 983.79
857.55 , 975.33
872.79 , 962.1
885.52 , 946.6
896.7 , 929.72
907.19 , 911.72
913.33 , 892.69
921.19 , 873.49
930.98 , 855.06
940.43 , 837.91
950.57 , 819.91
961.16 , 803.54
969.89 , 785.69
977.25 , 767.45
981.9 , 746.52
985.71 , 728.16
988.51 , 707.35
988.31 , 687.43
988 , 666.05
712.37 , 727
705.59 , 748.12
700.56 , 767.83
699.1 , 791.15
713.65 , 805.85
736.7 , 810.67
757.54 , 812.52
781.35 , 811.3
801.55 , 806.44
824.35 , 800
844.75 , 792.6
863.22 , 781.96
879.9 , 766.78
878.6 , 745.15
865.13 , 726.87
848.02 , 711.93
828.41 , 700.97
674.19 , 872.7
693.54 , 868.46
713.52 , 865.44
731.97 , 859.44
750.12 , 852.77
769.27 , 847.92
789.97 , 846.45
810.07 , 843.71
828.84 , 838.3
848.19 , 833.95
867.92 , 830.47
887.07 , 825.72
905.79 , 820.22
905.17 , 840
898.68 , 858.23
891.25 , 876.12
882.29 , 893.58
869.09 , 909.27
852.72 , 920.93
835.07 , 929.33
816.27 , 934.71
796.17 , 937.45
775.47 , 935.96
755.99 , 931.97
738.47 , 923.22
722.07 , 911.58
705.97 , 898.98
689.82 , 886.58
701.94 , 873.95
715.72 , 870.94
729.89 , 868.74
744.89 , 868.2
760.02 , 867.95
774.77 , 866.97
789.29 , 865.45
803.59 , 863.43
816.97 , 859.7
829.89 , 854.98
842.82 , 850.23
855.79 , 845.6
868.74 , 840.91
881.42 , 835.46
885.49 , 839.39
873.99 , 848.19
862.47 , 856.92
850.77 , 865.1
838.94 , 872.95
826.77 , 879.88
813.92 , 884.96
800.27 , 888.2
785.74 , 889.7
770.74 , 889.19
756.22 , 887.7
742.29 , 884.93
728.59 , 881.67
715.02 , 878.27
818.15 , 618.32
820.15 , 607.57
822.64 , 597.1
828.15 , 587.82
836.62 , 580.08
846 , 574.82
855.57 , 570.08
865.65 , 566.82
877.12 , 566.32
887.85 , 568.32
897.75 , 572.08
904.68 , 580.55
897.12 , 589.08
888.12 , 595.34
878.47 , 599.79
868.4 , 603.07
858.3 , 606.29
848.5 , 610.34
838 , 612.81
826.77 , 613.79
676.22 , 662.49
673.45 , 652.54
664.77 , 644.75
655.23 , 639.31
644.52 , 636.77
633.3 , 635.24
621.98 , 636.46
611.45 , 639.45
601.7 , 644.44
592.73 , 651.41
585 , 660.12
579.9 , 669.74
591.12 , 671.24
601.33 , 674.75
612.08 , 677.24
624.02 , 677.23
634.65 , 674.49
644.52 , 669.86
654.27 , 664.99
664.73 , 661.92
780.11 , 570.77
787.41 , 559.2
798.31 , 549.82
809.69 , 541.92
821.59 , 535.28
833.78 , 529.53
846.31 , 524.78
860.29 , 523.02
874.61 , 522.02
889.01 , 521.12
891.31 , 530.81
878.93 , 536.01
866.76 , 541.83
855.01 , 548.78
842.93 , 554.96
831.04 , 561.57
819.91 , 570.24
808.84 , 579.04
797.09 , 586.02
783.35 , 584.05
693.11 , 607.89
686.18 , 587.97
666.63 , 579.47
644.81 , 575.97
622 , 577.47
599.83 , 580.22
577.75 , 583.23
556.88 , 588.74
537.11 , 596.48
518.73 , 608.21
505.39 , 626.02
501.18 , 647.47
522.48 , 644.43
541.81 , 635.25
561.28 , 626.47
582.4 , 621.47
604.36 , 618.22
626.53 , 615.47
649.2 , 613.72
672 , 612.22
