2868566775_1
301.69 , 285.65
301.54 , 299.62
301.88 , 313.67
302.5 , 327.69
303.18 , 341.5
304.22 , 355.17
305.37 , 368.81
307.24 , 383.75
310.03 , 396.94
314.84 , 410.65
321.96 , 422.63
329.93 , 433.6
340.76 , 444.45
350.65 , 454.38
360.3 , 464.77
369.31 , 474.18
380.4 , 483.17
393.01 , 489.32
406.75 , 492.31
420.51 , 494.88
434.43 , 496.82
448.4 , 495.81
462.58 , 492.91
476.07 , 489.11
489.15 , 483.12
501.82 , 476.81
513.8 , 469.29
525.36 , 460.31
535.85 , 450.69
545.07 , 440.26
553.09 , 428.98
561.24 , 418.62
569.92 , 407.13
576.12 , 394.6
581.54 , 381.19
586.12 , 367.68
589.78 , 353.9
593.01 , 339.99
595.71 , 325.98
597.57 , 311.91
599.3 , 297.78
420 , 308.55
413.59 , 316.72
406.91 , 326.2
402.14 , 336.82
401.57 , 347.56
406.77 , 357.15
417.85 , 357.61
429.13 , 358.77
441.04 , 359.77
451.82 , 361.61
463.45 , 361.36
474.06 , 358.56
481.01 , 349.56
480.22 , 338.62
474.37 , 329.66
466.9 , 320
460.4 , 310.45
377.9 , 406.56
383.1 , 399.62
390.42 , 395.3
398.1 , 392.05
406.35 , 390.06
414.62 , 388.06
423.35 , 387.06
432.55 , 387.06
441.27 , 388.06
449.55 , 390.06
457.22 , 393.34
465.02 , 396.18
473.1 , 398.52
481.07 , 401
481.79 , 409.41
475.17 , 415.55
468.17 , 420.8
461.2 , 426.03
453.9 , 430.31
446.17 , 433.55
437.82 , 435.31
428.85 , 435.81
420 , 435.05
411.5 , 433.59
403.85 , 430.27
396.67 , 425.59
389.83 , 419.99
383.88 , 413.28
386.4 , 402.81
392.1 , 399.6
398.42 , 397.8
404.9 , 396.31
411.95 , 396.56
418.55 , 397.71
425.17 , 398.83
431.8 , 399.96
438.95 , 400.06
445.88 , 400.56
452.75 , 401.16
459.5 , 402.04
466.3 , 402.78
473.13 , 403.55
475.1 , 407.29
468.9 , 409.31
462.32 , 410.55
455.97 , 412.24
449.7 , 414.06
443.38 , 415.81
436.8 , 417.06
429.88 , 417.54
423.25 , 416.41
416.62 , 415.29
410.07 , 413.99
403.7 , 412.33
397.55 , 410.22
391.75 , 407.16
485.38 , 273.03
487.88 , 267.03
493.08 , 262.31
498.68 , 258.71
504.58 , 255.79
510.68 , 253.53
517.38 , 252.53
524.46 , 252.76
530.63 , 254.78
536.31 , 258.2
541.66 , 262.55
544.7 , 268.25
538.96 , 271.52
533.03 , 274.28
526.56 , 275.78
519.61 , 276.28
512.53 , 276.03
505.7 , 275.28
499 , 274.28
491.81 , 274.28
402.83 , 271.01
402.43 , 265.19
399.28 , 260.53
394.66 , 257.32
389.76 , 254.8
384.49 , 253.31
378.94 , 252.31
373.54 , 253.56
368.38 , 255.3
363.51 , 257.86
359.06 , 261.56
354.81 , 265.81
359.74 , 268.21
364.36 , 271.32
369.36 , 273.56
374.76 , 274.81
380.66 , 275.06
386.56 , 274.81
392.21 , 274.06
397.86 , 273.31
494.84 , 219.36
500.32 , 212.62
507.76 , 208.93
516.31 , 207.86
525.14 , 208.36
533.74 , 209.35
542.24 , 210.51
550.16 , 212.84
557.46 , 216.86
564.29 , 222.08
570.22 , 228.51
568.82 , 234.85
561.34 , 231.36
553.76 , 228.09
545.51 , 226.36
536.81 , 225.61
528.09 , 224.86
519.01 , 224.86
510.29 , 225.61
501.66 , 224.7
396.8 , 225.08
395.93 , 217.32
388.98 , 212.85
381.3 , 210.33
372.73 , 209.58
364.02 , 210.08
355.6 , 211.06
347.5 , 212.81
340.18 , 216.34
333.65 , 222.13
328.45 , 228.83
322.7 , 235.33
331.57 , 235.2
338.7 , 231.08
345.65 , 226.62
353.6 , 224.56
362.27 , 224.08
370.85 , 224.83
379.42 , 225.58
388.23 , 225.83
