2871609349_1
126.57 , 493.01
129.13 , 511.94
132.47 , 530.72
136.62 , 549.4
140.53 , 568.15
144.68 , 586.82
148.58 , 607.38
152.33 , 626.09
158.59 , 643.76
166.49 , 660.62
175.75 , 678.91
184.42 , 695.19
196.34 , 711.1
210.88 , 725.03
227.43 , 733.89
243.39 , 744.1
259.31 , 754.86
275.32 , 765.47
294.13 , 775.37
311.66 , 781.87
330.02 , 786.97
348.57 , 787.4
368.19 , 781.17
385.26 , 772.47
400.99 , 762.76
418.06 , 751.77
434.83 , 741.33
451.53 , 730.95
467.29 , 720.06
482.24 , 708.49
493.52 , 692.11
499.79 , 674.96
506.23 , 656.07
510.78 , 636.32
514.35 , 617.97
517.73 , 597.74
520.47 , 578.9
522.35 , 560.43
522.36 , 540.07
523.68 , 520.56
523.49 , 500.98
303.94 , 548.63
299.16 , 559.5
291.29 , 570.31
286.25 , 582.44
285.77 , 595.14
293.8 , 604.87
306.41 , 607.18
318.68 , 607.9
331.46 , 608.32
344.93 , 607.04
357.17 , 608.68
370.01 , 608.59
380.66 , 601.5
382.29 , 589.3
378.5 , 576.18
370.95 , 566.21
367.3 , 553.32
276.43 , 685.71
283.78 , 680.35
290.45 , 673.43
297.86 , 668.06
305.36 , 663.06
313.2 , 658.95
321.68 , 656.46
331.25 , 656.21
340.58 , 656.96
350.03 , 656.47
358.71 , 658.48
366.21 , 663.49
373.53 , 669.06
380.58 , 675.36
386.89 , 682.41
383.83 , 690.58
376.53 , 696.14
368.46 , 699.72
360 , 702.23
351.56 , 704.7
342.58 , 706.21
333.63 , 707.71
324.31 , 708.45
315.58 , 706.48
307.11 , 703.98
299.21 , 699.99
291.65 , 695.18
284.15 , 690.18
294.43 , 681.21
299.23 , 679.44
304.2 , 677.95
308.95 , 675.94
313.78 , 674.12
318.86 , 672.78
324.06 , 671.68
329.5 , 672.21
335.11 , 672.46
340.58 , 671.97
346.28 , 671.96
351.25 , 673.44
355.71 , 676.24
360.23 , 679
364.85 , 681.45
365.28 , 684.69
359.96 , 683.96
354.61 , 683.21
349 , 683.47
343.53 , 683.97
338.08 , 684.46
332.56 , 684.58
327.25 , 683.74
322.15 , 682.46
316.68 , 681.96
311.08 , 681.71
305.63 , 681.21
300.03 , 680.96
379.17 , 495.4
382.14 , 487.67
387.54 , 480.78
394.35 , 475.23
401.65 , 470.92
409.47 , 468.16
418.05 , 466.9
427.1 , 467.15
435.32 , 469.15
442.92 , 472.65
449.92 , 477.65
452.75 , 485.35
445.65 , 490.17
438.14 , 493.92
430.5 , 497.12
422.39 , 499.4
413.35 , 499.15
404.39 , 498.65
395.57 , 499.4
386.42 , 499.4
278.38 , 487.3
274.34 , 481.28
268.57 , 476.47
262.27 , 473.1
255.32 , 471.38
248.02 , 470.37
240.7 , 471.37
234.12 , 473.93
227.9 , 477.44
221.77 , 481.28
215.95 , 485.87
221.72 , 490.65
227.9 , 494.33
234.32 , 497.4
241.4 , 498.87
248.82 , 499.62
256.62 , 499.62
263.95 , 498.62
271.02 , 497.12
277.62 , 494.62
383.35 , 424.74
391.01 , 414.32
402.05 , 408.25
413.9 , 404.45
426.83 , 402.74
439.95 , 404.02
452.7 , 406
464.5 , 409.89
475.83 , 415.23
486.37 , 422.52
494.76 , 432.42
491.6 , 441.49
481.38 , 433.26
470.1 , 427.74
458.43 , 423.47
445.43 , 421.99
431.93 , 422.42
419.53 , 425.27
407.68 , 428.99
394.58 , 430.22
287.06 , 428.42
275.88 , 420.49
263.61 , 415.7
250.54 , 412.58
236.94 , 410.55
222.71 , 409.8
208.49 , 410.54
195.39 , 413.62
183.54 , 419.73
173.09 , 429.67
163.71 , 440.3
175.41 , 446.75
187.49 , 441.54
199.19 , 435.06
212.06 , 431.46
225.59 , 429.27
239.78 , 430.05
253.51 , 431.82
266.53 , 435.04
279.56 , 438.28
