1353452443_1
590.87 , 1591.75
598.21 , 1632.4
603.98 , 1682.06
611.33 , 1727.22
620.33 , 1772.27
629.09 , 1817.23
636.43 , 1861.99
642.42 , 1905.12
657.16 , 1948.01
677.67 , 1987.89
703.27 , 2030.69
731.97 , 2066.53
765.4 , 2096.8
798.52 , 2124.41
838.66 , 2151.23
877 , 2171.86
916.88 , 2192.82
959.84 , 2214.61
999.31 , 2233.4
1043.76 , 2251.39
1086.98 , 2264.03
1131.85 , 2271.87
1176.8 , 2271.54
1224.85 , 2260.77
1265.77 , 2241.69
1301.81 , 2213.75
1331.58 , 2183.17
1363.24 , 2145.98
1389.16 , 2110.55
1416.35 , 2070.34
1440.07 , 2033.86
1465.41 , 1994.36
1491.54 , 1955.01
1513.91 , 1918.86
1537.48 , 1878.1
1561.59 , 1836.81
1582.78 , 1799.52
1604.21 , 1757.4
1623.8 , 1714.95
1639.27 , 1671.43
1651 , 1626.79
1124.22 , 1573.83
1102 , 1609.64
1084.7 , 1652.95
1077.32 , 1694.6
1093.08 , 1740.14
1128.26 , 1762.4
1172.79 , 1769.04
1220.87 , 1774.12
1265.82 , 1779.21
1308.45 , 1782.5
1355.66 , 1772.45
1394.67 , 1752.45
1434.99 , 1728.89
1459.25 , 1695.45
1453.83 , 1652.35
1429.64 , 1612.93
1396.45 , 1577.48
963.7 , 1923.92
1004.33 , 1920.17
1045.55 , 1917.67
1082.8 , 1907.08
1119.43 , 1895.43
1157.53 , 1886.35
1195.35 , 1876.67
1236.1 , 1873.18
1275.5 , 1879.46
1316.65 , 1877.17
1358.73 , 1877.92
1395.08 , 1890.2
1429.82 , 1907.29
1430.45 , 1948.3
1406.95 , 1980.67
1387.7 , 2014.57
1365.53 , 2047.35
1335.33 , 2076.83
1301.88 , 2097.2
1265.03 , 2108.42
1223.68 , 2110.16
1183.62 , 2105.16
1148.33 , 2090.01
1115.43 , 2068.16
1083.83 , 2042.55
1053.4 , 2013.62
1023.4 , 1983.62
993.93 , 1953.4
992.2 , 1931.67
1021.4 , 1936.18
1050.98 , 1939.94
1080.92 , 1942.91
1111.48 , 1944.67
1142.75 , 1944.42
1173.9 , 1944.92
1204.1 , 1947.44
1234.53 , 1949.42
1265.43 , 1950.42
1296.6 , 1949.92
1327.5 , 1948.92
1357.7 , 1946.42
1387.5 , 1943.17
1401.83 , 1950.95
1374.33 , 1958.8
1345.75 , 1964.65
1316.28 , 1968.67
1286.1 , 1971.17
1255.3 , 1971.92
1224.62 , 1970.42
1194.83 , 1967.2
1164.9 , 1964.13
1135.3 , 1960.43
1106.7 , 1954.67
1078.53 , 1947.91
1049.93 , 1942.15
1020.23 , 1938.69
1416.29 , 1367.89
1435.66 , 1355.27
1459.57 , 1357.14
1481.32 , 1363.65
1502.59 , 1370.93
1524.51 , 1377.13
1548.46 , 1379.14
1571.12 , 1374.39
1592.29 , 1366.64
1612.94 , 1357.48
1630.67 , 1351.48
1611.62 , 1365.13
1592.39 , 1378.3
1571.79 , 1387.89
1549.89 , 1394.13
1526.91 , 1398.14
1502.32 , 1397.41
1479.32 , 1393.41
1457.34 , 1387.41
1435.57 , 1380.91
1082.62 , 1364.93
1070.12 , 1356.55
1043.72 , 1360.31
1017.92 , 1365.38
991.38 , 1368.81
963.42 , 1368.24
936.85 , 1364.84
911.5 , 1358.81
887.38 , 1350.58
862.8 , 1343.1
837.5 , 1337.06
857.75 , 1356.31
880.23 , 1369.29
903.75 , 1379.31
928.27 , 1386.83
954.58 , 1390.81
982.2 , 1390.56
1007.38 , 1384.28
1031.53 , 1376.07
1057.2 , 1370.83
1431.65 , 1269.88
1456.98 , 1244.31
1484.83 , 1225.39
1512.83 , 1206.9
1542.83 , 1193.89
1573.48 , 1182.9
1604.73 , 1173.1
1636.03 , 1163.51
1668.45 , 1155.88
1702.83 , 1152.37
1729.93 , 1167.33
1710.12 , 1194.91
1683.8 , 1218.2
1655.28 , 1235.25
1625.15 , 1247.88
1594.4 , 1258.63
1563.3 , 1268.65
1531.5 , 1277.38
1497.23 , 1281.13
1461.75 , 1282.41
1221.28 , 1266.27
1186.63 , 1224.82
1140.95 , 1199.3
1091.06 , 1184.82
1040.18 , 1171.92
989.28 , 1159.05
937.13 , 1149.09
881.78 , 1145.57
826.08 , 1148.32
771.75 , 1153.89
722.58 , 1169.57
763.58 , 1208.07
807.68 , 1237.7
856.66 , 1253.89
911.03 , 1259.33
967.23 , 1258.07
1020.88 , 1265.06
1073.43 , 1274.33
1126.33 , 1282.82
1179.51 , 1290.82
