2876286822_1
471.4 , 1178.35
477.85 , 1214.35
487.42 , 1252
496.32 , 1289.94
505.43 , 1326.95
515.86 , 1364.62
524.77 , 1400.63
540.81 , 1437.66
559.44 , 1473.79
578.21 , 1505.83
599.49 , 1539.02
623.53 , 1566.33
652.43 , 1596.22
681.41 , 1618.47
712.45 , 1643.12
743.93 , 1666.15
777.25 , 1685.12
812.81 , 1698.26
849.34 , 1710.99
888.31 , 1718.43
926.14 , 1725.18
964 , 1724.35
1003.84 , 1717.3
1038.25 , 1705.72
1076.32 , 1692.19
1113.82 , 1677.9
1146.5 , 1660.67
1176.82 , 1637.84
1205.28 , 1612.79
1235.75 , 1584.15
1262.51 , 1556.68
1285.75 , 1524.52
1304.7 , 1491.55
1322.76 , 1459.28
1337.96 , 1424.94
1350.32 , 1388.19
1362.35 , 1349.32
1375.5 , 1312.23
1384.52 , 1273.55
1394.32 , 1237.87
1403.63 , 1198.37
868.94 , 1160.33
846.64 , 1183
827.29 , 1205.82
813.33 , 1234.34
812.9 , 1268.48
829.81 , 1296.46
858.85 , 1308.06
889.32 , 1310.96
921.28 , 1313.7
955.42 , 1313.53
987.98 , 1312.56
1017.17 , 1304.52
1037.42 , 1278.05
1036.5 , 1247.13
1023.63 , 1216.5
1005.4 , 1192.25
983.44 , 1164.96
782.3 , 1452.09
785.68 , 1426.96
797.98 , 1405.67
817.15 , 1387.52
837.6 , 1372.83
859.85 , 1363.09
885.67 , 1361.47
909.85 , 1366.84
936.12 , 1367.84
961.7 , 1365.74
985.77 , 1371.33
1007.67 , 1382.09
1027.56 , 1398.16
1043.4 , 1418.19
1055.15 , 1439.69
1060.04 , 1463.61
1046.82 , 1484.56
1027.7 , 1502.85
1006.57 , 1515.6
983.77 , 1523.6
959.47 , 1528.57
934.27 , 1531.84
907.95 , 1530.99
883.57 , 1526.11
860.88 , 1517.84
840.12 , 1504.16
821.07 , 1485.61
802.1 , 1466.87
802.55 , 1450.59
807.98 , 1433.89
819.47 , 1419.42
834.15 , 1408.34
851.22 , 1403.57
869.62 , 1405.59
886.85 , 1410.11
904.05 , 1414.59
921.17 , 1419.21
940.02 , 1420.34
959.15 , 1419.84
978.17 , 1420.59
996.22 , 1423.36
1012.77 , 1429.07
1027.88 , 1438.85
1042.03 , 1451.32
1025.28 , 1454.57
1007.32 , 1451.6
989.65 , 1448.08
971.72 , 1445.09
952.82 , 1444.09
933.57 , 1444.34
914.32 , 1444.09
894.92 , 1444.09
876.05 , 1443.09
856.65 , 1443.09
838.5 , 1445.59
820.07 , 1447.59
1037.84 , 1044.57
1052.04 , 1028.13
1069.81 , 1017.59
1088.81 , 1010.59
1108.76 , 1005.39
1130.06 , 1003.07
1151.89 , 1004.32
1173.37 , 1006.32
1193.29 , 1011.53
1211.49 , 1021.07
1228.03 , 1035.02
1218.27 , 1052.82
1200.51 , 1063.38
1181.16 , 1069.57
1159.46 , 1071.06
1138.59 , 1067.82
1118.34 , 1063.32
1099.21 , 1056.57
1078.96 , 1052.07
1057.01 , 1051.09
806.93 , 1037.47
807.37 , 1021.06
800.2 , 1007.36
787.28 , 998.22
772.96 , 992.99
757.06 , 990.98
740.53 , 991.73
725.26 , 995.03
711.51 , 1002.05
698.26 , 1010.3
685.21 , 1019.11
671.56 , 1026.23
683.96 , 1036.91
697.86 , 1043.46
712.66 , 1047.76
728.46 , 1049.98
745.08 , 1049.48
761.23 , 1047.98
777.16 , 1045.98
792.93 , 1043.72
1012.5 , 921.31
1025.8 , 895.47
1055.45 , 891.06
1086.15 , 893.31
1115.9 , 897.58
1145.97 , 901.06
1176.55 , 903.56
1206.67 , 906.99
1236.38 , 911.29
1264.42 , 918.99
1288.38 , 937.43
1278.82 , 962.29
1248.72 , 958.81
1219.95 , 952.56
1191.3 , 946.1
1162.83 , 939.13
1133.85 , 933.31
1103.3 , 930.83
1073.92 , 925.81
1043.7 , 922.56
847.3 , 905.84
823.77 , 891.61
795.82 , 887.86
766.14 , 888.11
737.1 , 889.61
708.22 , 891.51
680 , 894.74
652.47 , 899.39
627.07 , 908.18
604.67 , 925.53
588.62 , 948.36
616.85 , 945.11
643.62 , 938.86
670.77 , 933.46
698.6 , 929.38
727.14 , 926.86
755.72 , 924.33
785.5 , 924.36
813.6 , 927.84
842.07 , 930.57
