2877095014_1
801.57 , 1113.29
793.96 , 1167.22
785.32 , 1217.03
776.68 , 1270.94
773.36 , 1323.52
778.95 , 1381.83
784.63 , 1435.29
804.48 , 1488.02
824.82 , 1533.86
848.92 , 1584.63
878.41 , 1628.7
910.45 , 1671.93
957.01 , 1706.79
1009.06 , 1720.77
1064.32 , 1727.82
1112.51 , 1740.73
1159.15 , 1775.51
1196.12 , 1812.12
1240.71 , 1839.75
1293.91 , 1862.42
1343.95 , 1873.76
1399.98 , 1871.94
1454.75 , 1862
1507.37 , 1848.22
1558.53 , 1825.49
1603.5 , 1798.31
1648.73 , 1771.83
1704.26 , 1757.02
1756.41 , 1754.12
1809.7 , 1742.65
1857.82 , 1717.27
1897.73 , 1681.6
1929.63 , 1636.82
1955.54 , 1587.87
1972.8 , 1534.6
1980.29 , 1479.73
1995.03 , 1430.21
2009.2 , 1377.78
2015.91 , 1325.59
2019.94 , 1270.86
2019.85 , 1211.88
1205.47 , 1026.62
1184.42 , 1055.59
1166.45 , 1090.9
1160.22 , 1130.8
1179.21 , 1163.37
1213.28 , 1176.46
1255.12 , 1180.22
1292.54 , 1174.07
1332.78 , 1176.01
1371.83 , 1175.61
1410.31 , 1172.25
1448.78 , 1172.46
1487.4 , 1164.2
1510.63 , 1134.89
1521.23 , 1095.96
1504 , 1061.93
1483.27 , 1028.54
1083.25 , 1394.18
1117.95 , 1367.73
1153.05 , 1342.36
1190.65 , 1323.52
1229.72 , 1309.43
1275.25 , 1310.43
1319.2 , 1314.68
1364.97 , 1315.18
1409.53 , 1318.18
1451.4 , 1326.68
1490.5 , 1340.68
1528.5 , 1358.18
1564.38 , 1381.28
1595.78 , 1414.2
1609.8 , 1453.33
1587.44 , 1489.49
1552.03 , 1513.92
1513.67 , 1530.18
1472.55 , 1540.43
1427.28 , 1541.93
1382.12 , 1540.18
1338.67 , 1534.95
1299.17 , 1521.95
1260.67 , 1506.2
1222.38 , 1489.81
1185.92 , 1468.33
1149.2 , 1447.36
1111.75 , 1428.18
1104.75 , 1385.93
1139 , 1375.43
1169.95 , 1355.97
1204.28 , 1345.42
1242.45 , 1342.68
1278.95 , 1348.94
1316.4 , 1353.18
1354.85 , 1350.93
1392.65 , 1347.43
1430.85 , 1350.18
1466.62 , 1357.95
1500.15 , 1370.09
1530.9 , 1390.17
1560.4 , 1413.81
1577.61 , 1445.33
1548.12 , 1469.05
1514.55 , 1481.19
1477.58 , 1486.43
1440 , 1490.43
1402.05 , 1487.17
1366.62 , 1478.71
1331.28 , 1469.93
1295.4 , 1462.42
1259.28 , 1455.43
1223.05 , 1448.7
1189.28 , 1437.18
1153.72 , 1428.93
1119.24 , 1418.67
1544.16 , 923.21
1568.38 , 911.7
1597.29 , 910.46
1624.86 , 914.46
1653.29 , 916.71
1681.46 , 919.46
1708.19 , 925.22
1734.61 , 931.67
1761.26 , 937.55
1788.16 , 942.96
1815.49 , 947.49
1792.09 , 957.71
1763.51 , 955.81
1736.76 , 950.06
1709.99 , 944.49
1683.36 , 938.47
1656.51 , 932.96
1628.71 , 929.46
1601.14 , 925.46
1573.21 , 922.21
1194.53 , 907.5
1171.62 , 900.99
1147.58 , 896.75
1122.67 , 894.25
1097.03 , 893.75
1071.65 , 895.25
1046.5 , 897.25
1021.95 , 900.5
998.02 , 905
975.2 , 911.74
954.35 , 923.5
977.92 , 918.22
1002.28 , 914.57
1026.65 , 911.01
1051.2 , 907.75
1076.33 , 905.75
1101.47 , 903.75
1127.03 , 904.43
1152.28 , 906.25
1177.33 , 908.48
1508.55 , 750.42
1535.05 , 718.42
1568.7 , 696.67
1605.1 , 682.63
1643.97 , 673.68
1684.88 , 668.89
1726 , 672.68
1765.78 , 679.66
1802.35 , 693.43
1835.9 , 715.52
1861.64 , 747
1855.47 , 779.66
1820.1 , 762.19
1782.22 , 751.35
1742.53 , 744.17
1701.03 , 740.67
1658.07 , 741.17
1617.8 , 747.17
1579.25 , 756.95
1542.85 , 770.43
1254.33 , 694.3
1245.27 , 651.59
1207.93 , 628.67
1166.33 , 616.83
1122.03 , 610.35
1075.47 , 612.22
1033.97 , 624.44
996.43 , 646.78
962.1 , 677.98
933.79 , 713.43
911.83 , 751.12
892.35 , 789.85
934.77 , 779.38
970.75 , 752.44
1006.38 , 724.59
1043.1 , 700.1
1082.38 , 682.33
1126.58 , 675.6
1170.75 , 681.85
1210.9 , 696.89
