2879485750_1
303.9 , 425.25
305.6 , 443.15
308.2 , 460.05
310.75 , 478.71
314.92 , 496.04
323.08 , 511.08
332.03 , 527.95
340.91 , 542.35
349.75 , 558.17
358.23 , 574.68
367.74 , 589.95
377.87 , 604.68
386.95 , 618.83
395.45 , 635.76
404.85 , 650.66
416.42 , 665.59
430.39 , 676.57
446.68 , 680.36
465.18 , 682.62
483.44 , 680.86
500.23 , 675.77
516.03 , 667.72
531.59 , 659.22
546.21 , 648.38
560.93 , 636.93
575.73 , 626.66
590.08 , 615.53
602.33 , 602.96
612.96 , 588.69
621.32 , 572.68
630.57 , 555.78
638.34 , 540.9
645.62 , 523.56
651.12 , 506.5
655.98 , 488.75
659.71 , 472.1
663.43 , 454.78
666.77 , 437.39
669.22 , 418.69
667.61 , 400.82
662.08 , 382.84
349.65 , 466.8
347.95 , 477.01
343.65 , 486.55
346.82 , 496.53
355.15 , 503.7
364.4 , 509.1
374.47 , 514.36
385.07 , 513.37
395.04 , 511.36
405.85 , 509.55
415.65 , 505.1
423.27 , 497.14
429.8 , 488.25
432.81 , 477.59
426.49 , 468.79
417.59 , 462.89
408.75 , 456.19
361.22 , 544.69
371.67 , 542.69
382.3 , 540.94
393.15 , 542.19
403.27 , 539.42
413.52 , 536.92
424.37 , 535.7
435.22 , 534.44
446.57 , 534.69
457.55 , 535.69
468.87 , 535.94
480.1 , 536.44
484.17 , 544.5
475.45 , 550.97
466.9 , 557.77
458.4 , 564.78
449.65 , 571.04
440.8 , 577.11
432.12 , 583.57
423.22 , 589.44
413.9 , 594.25
404.2 , 597.94
393.07 , 597.29
384.1 , 591.59
377.66 , 582.87
374.18 , 573.14
371.24 , 563.14
366.73 , 553.72
369.72 , 559.19
377.55 , 561.18
386 , 561.94
394.67 , 561.69
403.12 , 560.94
411.45 , 559.94
419.15 , 557.67
427 , 555.69
434.97 , 553.94
443.05 , 552.44
451.5 , 551.69
459.57 , 550.21
467.27 , 547.96
474.65 , 544.95
481.72 , 540.96
474.4 , 543.92
466.95 , 546.68
459.25 , 548.95
451.4 , 550.94
443.3 , 552.44
434.97 , 553.44
427.12 , 555.44
419.27 , 557.46
411.42 , 559.43
403.1 , 560.44
394.52 , 560.94
385.97 , 560.44
377.52 , 561.18
424.3 , 375.52
427.96 , 368.84
432.78 , 362.55
439.23 , 358.08
446.07 , 354.76
453.5 , 352.76
461.25 , 351.52
469.23 , 352.27
477.1 , 353.26
484.75 , 354.73
492.07 , 356.79
490.75 , 363.8
484.35 , 368.25
477.62 , 371.96
470.73 , 375.09
463.43 , 377.27
455.43 , 378.02
447.33 , 378.52
439.2 , 379.02
431 , 379.23
355.41 , 385.7
353.39 , 380.59
349.75 , 376.04
344.67 , 373.99
338.85 , 373.47
332.9 , 373.72
326.82 , 373.72
321.12 , 374.47
316.07 , 376.74
312.28 , 381.07
310.4 , 386.22
313.18 , 391.02
317.3 , 395.36
322.05 , 398.38
327.2 , 400.24
332.92 , 399.47
338.12 , 397.74
343.15 , 395.47
348.2 , 393.18
353.15 , 390.72
380.78 , 333.36
392.05 , 320.34
406.1 , 311.85
420.85 , 305.35
435.95 , 299.84
451.53 , 295.36
468.33 , 293.37
485.75 , 293.61
502.45 , 295.86
518.18 , 300.14
531.98 , 309.31
520.45 , 314.38
504 , 311.61
487.23 , 309.65
470.13 , 311.12
453.95 , 314.43
438.68 , 319.45
423.93 , 325.95
409.43 , 333.36
395.15 , 341
322.08 , 343.56
317.65 , 340.93
313.18 , 338.45
308.63 , 336.15
303.96 , 334.24
298.98 , 332.99
293.66 , 332.49
288.28 , 332.95
283.46 , 334.5
279.03 , 337.17
276.23 , 341.49
279.05 , 345.86
284.58 , 345.99
289.61 , 344.87
294.91 , 344.24
300.23 , 344.74
305.58 , 345.23
311.03 , 345.49
316.33 , 346.09
321.46 , 346.99
