2879550020_1
915.47 , 1057.56
926.63 , 1095.9
938.03 , 1134.09
947.84 , 1172.75
957.3 , 1211.4
968.68 , 1250.19
982.94 , 1286.97
1001.84 , 1323.41
1024.59 , 1355.74
1049.69 , 1386.91
1078.7 , 1418.26
1103.09 , 1446.27
1133.2 , 1477.83
1164.5 , 1500.92
1196.3 , 1523.11
1230.68 , 1549.11
1262.6 , 1572.78
1295.45 , 1593.15
1333.98 , 1610.53
1370.8 , 1620.54
1411.73 , 1627.29
1450.71 , 1624.46
1490.39 , 1613.92
1527.56 , 1597.95
1561.85 , 1576
1593.09 , 1548.44
1617.76 , 1520.22
1643.78 , 1488.07
1669.95 , 1456.73
1696.07 , 1425.14
1718.26 , 1395.48
1741.33 , 1360.2
1757.67 , 1324.9
1773.46 , 1286.89
1789.44 , 1247.35
1802.99 , 1210.41
1816.49 , 1172.85
1823.85 , 1134.79
1827.39 , 1092.34
1827 , 1053.68
1824.04 , 1010.86
1322.25 , 1185.02
1311.62 , 1214.83
1291.57 , 1245.11
1288.27 , 1278.37
1304.08 , 1309.23
1334.95 , 1312.29
1371.21 , 1317.77
1406.43 , 1320.53
1439.64 , 1320.52
1473.76 , 1312.73
1504.44 , 1296.6
1532.89 , 1276.63
1561.92 , 1258.8
1583.47 , 1232.09
1571.79 , 1201.47
1546.86 , 1177.94
1533.42 , 1144.15
1255.05 , 1424.21
1282.9 , 1415.47
1312.83 , 1410.72
1340.17 , 1400.68
1370.35 , 1396.46
1401.5 , 1394.21
1431.8 , 1390.21
1461.88 , 1385.73
1489.2 , 1375.68
1516.72 , 1366.2
1545.72 , 1359.47
1574.62 , 1352.47
1604.2 , 1346.96
1633.83 , 1352.15
1623.78 , 1379.49
1608.36 , 1404.91
1587.37 , 1428.39
1563.47 , 1448.05
1537.5 , 1462.22
1510.35 , 1472.73
1481.85 , 1480.47
1452.42 , 1486.21
1420.17 , 1486.21
1389.5 , 1482.96
1360.05 , 1477.21
1332.3 , 1468.21
1305.92 , 1455.09
1281 , 1438.39
1292.8 , 1425.71
1315.38 , 1423.21
1338.9 , 1422.71
1361.12 , 1425.99
1382.25 , 1431.44
1404.7 , 1434.23
1427.88 , 1432.96
1450.4 , 1430.36
1472.55 , 1426.96
1493.9 , 1421.86
1513.78 , 1413.47
1533.1 , 1403.42
1552.12 , 1392.71
1571.03 , 1381.72
1586.57 , 1375.93
1569.2 , 1391.21
1550.65 , 1403.17
1530.78 , 1411.48
1510.25 , 1418.01
1490.35 , 1426.17
1470.75 , 1435.5
1449.75 , 1441.21
1426.67 , 1442.74
1404.1 , 1440.25
1382.12 , 1436.46
1358.95 , 1435.21
1335.4 , 1435.7
1313.07 , 1432.72
1524.5 , 1008.35
1535.41 , 989.68
1552.28 , 973.57
1570.05 , 960.05
1588.47 , 948.36
1607.85 , 939.26
1628.33 , 933.03
1650.1 , 929.36
1673.28 , 928.6
1695.62 , 931.13
1712.5 , 945.35
1705 , 965.25
1692.3 , 983.29
1674.92 , 997.92
1656 , 1008.35
1635.83 , 1015.11
1613.85 , 1018.35
1591.15 , 1016.6
1568.67 , 1014.35
1545.38 , 1013.88
1289.74 , 1046.01
1275.3 , 1027.75
1255.47 , 1016.69
1234.7 , 1008.52
1212.62 , 1003
1188.62 , 1001.5
1165.5 , 1004.74
1143.85 , 1010.97
1123.4 , 1020.16
1103.58 , 1031.22
1084.3 , 1043.5
1100.32 , 1061.53
1119.3 , 1074.75
1139.75 , 1084.01
1161.85 , 1089.49
1186.32 , 1090
1208.62 , 1085
1229.7 , 1077.6
1249.92 , 1067.63
1270.17 , 1057.63
1493.45 , 878.01
1511.64 , 851.82
1538.58 , 835.64
1567.6 , 825.36
1597.1 , 816.11
1627.55 , 808.41
1658.43 , 801.78
1691.08 , 798.76
1722.33 , 804.63
1749.48 , 820.28
1774.8 , 841.02
1745.55 , 848.51
1711.7 , 849.01
1678.93 , 851.77
1649.12 , 860.52
1620.53 , 871.95
1592.4 , 885.06
1564.12 , 897.58
1535.38 , 908.76
1501.71 , 908.1
1298 , 909.85
1286.78 , 883.89
1261.35 , 870.49
1234.02 , 862.38
1205.45 , 856.61
1175.55 , 853.61
1145.37 , 851.11
1115.62 , 854.45
1089 , 864.08
1065.32 , 882.23
1047.94 , 906.13
1034.22 , 931.36
1063.67 , 935.36
1091.92 , 928.86
1121.22 , 924.61
1150.77 , 920.86
1181.42 , 919.36
1211.6 , 921.86
1241.74 , 924.36
1272.64 , 923.35
