2882149940_1
551.55 , 691.2
550.14 , 711.57
549.56 , 732.11
549.12 , 752.74
550.29 , 773.4
552.02 , 792.81
555.86 , 814.18
560.13 , 832.76
565.29 , 852.35
575.04 , 872.21
587.02 , 889.14
597.68 , 907.17
607.68 , 923.92
620.44 , 940.62
634.38 , 954.54
652.3 , 967.93
670.95 , 975.86
689.06 , 981.63
710.48 , 988.69
729.96 , 993.87
749.56 , 998.34
769.27 , 1001.93
790.41 , 1006.89
811.18 , 1007.35
830.72 , 1007.56
852.19 , 1005.86
872.99 , 1002.66
890.68 , 992.57
903.03 , 976.78
913.44 , 959.58
925.2 , 943.33
937.63 , 925.94
943.66 , 907.02
950.96 , 886.77
958.81 , 868.72
966.73 , 848.18
971.32 , 828.77
975.87 , 808.08
979.63 , 788.24
984.67 , 768.33
988.1 , 747.05
780.85 , 686
767.98 , 695.69
754.47 , 708
749.73 , 724.02
760.94 , 736.37
777.53 , 742.1
793.34 , 750.45
808.84 , 758.49
823.97 , 763.91
841.05 , 764.32
858.53 , 760.16
874.55 , 754.76
891.35 , 749.48
893.05 , 732.33
884.68 , 718.07
875.67 , 702.1
866.87 , 686.81
732.35 , 848
738.43 , 839.5
748 , 836.22
757.33 , 832.24
766.9 , 829
777.02 , 826.75
787.88 , 826
798.48 , 824.75
809.18 , 823.75
820.03 , 824.51
829.75 , 827.53
839.45 , 830.53
849.03 , 833.77
858.18 , 838.35
866.77 , 844.38
868.61 , 854.72
859.12 , 858.25
848.9 , 860.25
838.17 , 859.25
828.05 , 857.01
818.48 , 853.76
808.12 , 852
797.28 , 852.75
786.2 , 852.5
775.1 , 852.25
764.03 , 852
753.42 , 850.75
742.95 , 849.25
746.35 , 842.5
754.25 , 841.24
761.52 , 838.73
769.55 , 837.75
777.95 , 837.5
786.35 , 837.75
794.5 , 838.5
802.78 , 839
810.93 , 839.75
819.2 , 840.25
827.6 , 840.5
836.12 , 840.5
843.9 , 842.02
851.5 , 843.9
858.83 , 846.24
851.95 , 845.49
843.92 , 844.5
835.9 , 843.5
827.85 , 842.5
819.7 , 841.74
811.8 , 840.5
803.88 , 839.25
795.48 , 839
786.98 , 839
778.58 , 838.75
770.17 , 839
761.65 , 838.98
754.4 , 841.51
887.25 , 617.17
893.25 , 612.92
899.62 , 609.42
906.12 , 606.39
913.02 , 604.42
920.1 , 602.68
927.62 , 601.92
935.15 , 602.68
941.92 , 604.91
947.97 , 609.14
951.73 , 615.39
949.18 , 622.04
942.88 , 625.67
936.1 , 627.92
928.83 , 629.17
921.42 , 628.17
914.38 , 626.45
907.77 , 623.66
900.88 , 621.67
893.8 , 619.92
755.3 , 595.1
752.06 , 587.87
746.15 , 581.64
738.57 , 579.32
730.6 , 577.82
722.02 , 577.57
713.95 , 578.8
706.5 , 581.36
699.57 , 585.29
692.77 , 589.6
686.3 , 594.82
693.35 , 598.39
700.38 , 602.17
707.47 , 605.76
714.8 , 608.57
722.65 , 610.32
731.35 , 610.32
739.8 , 609.82
747.77 , 608.33
754.31 , 603.3
856.61 , 559.96
873.11 , 555.46
890.49 , 552.72
908.34 , 550.96
926.69 , 551.71
944.01 , 554.61
960.04 , 559.98
975.54 , 566.9
990.13 , 576.24
1002.16 , 589.79
1006.86 , 606.29
993.51 , 615.38
979.41 , 604.53
964.81 , 595.17
949.26 , 588.36
932.31 , 584.72
914.68 , 582.45
897.29 , 579.71
879.56 , 577.71
861.6 , 576.18
785.27 , 542.5
770.95 , 534.99
754.95 , 531.49
738.73 , 528.49
721.77 , 527
704.7 , 528.26
687.88 , 530.02
671.65 , 533
656.57 , 538.32
642.42 , 546.22
629.4 , 557.25
643.83 , 564.43
660.25 , 562
676.85 , 559.75
693.45 , 557.51
710.05 , 555.23
727.6 , 555
744.8 , 556
762.25 , 556.5
779.67 , 556
