2882152659_1
369.8 , 513
371.45 , 527.83
372.96 , 544.92
376.45 , 560.6
381.99 , 576.11
387.97 , 591.14
396.68 , 605.75
405.87 , 618.46
418.11 , 629.55
431.17 , 640.12
444.08 , 650.47
456.57 , 661.09
466.23 , 674.82
473.54 , 688.11
482.58 , 702.11
495.27 , 711.86
509.69 , 718.78
525.59 , 723.04
542.37 , 722.82
558.93 , 722.06
574.27 , 717.34
590.48 , 711.18
605.49 , 704.93
619.18 , 696.84
632.15 , 686.79
644.05 , 675.97
655.13 , 664.45
666.96 , 651.78
678.08 , 640.51
690.42 , 628.15
701.09 , 616.96
711.62 , 604.91
721.14 , 591.75
728.43 , 576.41
733.87 , 560.25
736.46 , 543.98
737.92 , 528.23
738.54 , 512.35
739.73 , 496.01
738.39 , 479.12
736.48 , 462.22
473.75 , 495.85
467.5 , 506.09
464.1 , 517.59
464.55 , 530.55
473.41 , 538.84
486.01 , 540.68
498.66 , 542.97
510.91 , 543.68
522.79 , 542.17
533.48 , 535.25
544.27 , 528.93
557.32 , 528.92
566.45 , 521.45
570.64 , 509.51
569.59 , 496.91
562.7 , 487.05
553.4 , 477.5
451.84 , 579.86
465.04 , 577.36
478.89 , 578.61
492.62 , 580.11
506.09 , 578.11
520.06 , 577.11
533.76 , 575.61
546.54 , 572.15
559.54 , 569.1
572.76 , 566.59
585.71 , 563.49
598.66 , 560.33
612.52 , 559.12
618.58 , 570.24
611.41 , 581.51
602.49 , 592.21
592.06 , 601.87
581.26 , 610.41
570.26 , 618.43
558.44 , 624.38
545.57 , 627.61
531.62 , 628.61
518.21 , 626.48
505.64 , 622.65
493.86 , 616.62
482.66 , 609.18
472.44 , 598.96
462.59 , 588.61
462.59 , 584.86
474.51 , 585.11
486.21 , 585.86
497.89 , 585.11
509.46 , 584.11
521.29 , 583.61
533.12 , 583.11
544.31 , 581.36
554.69 , 578.01
565.24 , 574.95
575.79 , 571.86
586.24 , 568.61
596.54 , 565.14
607.16 , 562.11
606.39 , 569.85
596.96 , 575.86
587.19 , 581.02
577.41 , 586.1
567.59 , 591.11
557.71 , 595.98
547.66 , 600.29
537.21 , 603.48
525.71 , 604.64
514.24 , 603.33
503.14 , 601.4
492.39 , 598.65
482.19 , 594.95
472.24 , 590.27
552.68 , 425.51
556.29 , 419.91
561.45 , 414.98
566.95 , 410.98
572.8 , 407.88
578.73 , 404.99
585.23 , 403.52
592.1 , 402.76
599.2 , 403.01
605.93 , 404.01
611.9 , 406.74
611.4 , 413.31
605.95 , 417.5
599.98 , 420.24
593.58 , 422
586.73 , 422.76
579.75 , 423.26
572.88 , 422.51
566.03 , 423.26
559.3 , 424.26
458.44 , 439.06
456.99 , 434.24
452.6 , 431.65
447.85 , 429.79
442.8 , 428.55
437.62 , 427.56
432.48 , 428.56
427.55 , 430.08
422.88 , 432.18
418.43 , 434.89
414.31 , 438.51
411.25 , 442.81
416.9 , 442.81
421.95 , 444.07
427.38 , 444.56
432.9 , 444.81
438.3 , 444.31
443.35 , 443.07
448.62 , 442.3
453.8 , 441.32
521.66 , 389.21
533.56 , 381.05
546.26 , 374.93
559.76 , 370.93
573.31 , 367.06
586.81 , 363.06
601.06 , 360.56
616.24 , 359.96
630.36 , 362.69
643.06 , 368.87
654.93 , 377.24
645.99 , 387.46
630.63 , 387.71
615.91 , 386.21
600.68 , 385.71
585.93 , 387.2
572.01 , 390.36
558.41 , 394.21
544.61 , 397.7
530.77 , 400.83
471.25 , 412.13
465.73 , 402.81
456.12 , 398
445.88 , 395
435 , 393.18
423.62 , 392.43
412.25 , 393.18
401.35 , 394.94
391.5 , 398.94
383 , 406.73
377.82 , 416.16
375.8 , 426.93
386.4 , 426.86
395.3 , 420.18
404.68 , 414.81
414.98 , 411.93
426.1 , 410.68
437.6 , 411.18
448.62 , 412.68
460.12 , 413.18
