2882168825_1
489.25 , 544.05
489.43 , 563.22
489.03 , 582.47
491.37 , 602.56
494.2 , 623.35
498.95 , 642.48
504.28 , 662.47
511.19 , 681.25
522.61 , 697.55
536 , 712.33
548.86 , 725.97
561.15 , 741.88
570.66 , 759.44
583.59 , 774.05
601.63 , 784.74
619.14 , 794.22
637.75 , 800.36
658.14 , 798.4
676.79 , 795.51
696 , 789.19
715.01 , 780.99
732.94 , 773.67
750.21 , 762.34
765.71 , 750.94
783.17 , 738.98
798.25 , 724.98
810.55 , 710.28
824.51 , 695.33
838.78 , 682.87
855.94 , 670.76
870.37 , 658.28
884.39 , 644.01
897.83 , 629.91
906.93 , 610.69
916.7 , 593.81
927.37 , 575.98
936.4 , 558.18
941.68 , 538.92
937.29 , 519.44
934.59 , 500.6
933.55 , 479.25
551.5 , 531.65
553.66 , 545.86
562.34 , 556.55
576.42 , 560.57
590.43 , 558.92
604.66 , 556.12
618.7 , 551.61
631.64 , 546.25
645.43 , 543
660.38 , 540.96
673.92 , 540.55
687.96 , 535.75
691.25 , 521.6
688.26 , 507.71
680.5 , 495.67
669.48 , 487.52
656.69 , 478.1
585.9 , 631.03
592.31 , 622.36
601.15 , 616.28
610.07 , 610.55
619.55 , 606.28
630.07 , 604.35
641.35 , 604.53
652.57 , 604.03
663.15 , 602.28
673.62 , 600.28
684.48 , 601.06
694.73 , 603.55
704.65 , 606.53
714.73 , 609.35
725.28 , 611.28
724.57 , 619.51
715 , 623.56
705.05 , 626.5
695.08 , 629.54
684.7 , 631.74
673.75 , 632.78
662.67 , 633.53
651.33 , 633.78
640.38 , 634.78
629.4 , 635.78
618.08 , 635.55
607.47 , 633.77
596.88 , 632.03
597.4 , 627.03
606.05 , 624.76
614.77 , 622.66
623.55 , 620.51
632.5 , 618.93
641.73 , 617.79
651.38 , 617.53
660.77 , 616.79
670.05 , 615.81
679.1 , 614.27
688.4 , 613.28
698.15 , 613.28
707.67 , 612.78
717.2 , 612.29
726.93 , 612.32
717.72 , 613.3
708.33 , 614.06
698.8 , 614.53
689.15 , 614.78
679.62 , 615.28
670.22 , 616.05
661.02 , 617.16
652 , 618.68
642.88 , 620.03
633.52 , 620.9
624.58 , 622.6
615.85 , 624.77
606.92 , 626.53
679.75 , 429.07
684.68 , 422.37
689.08 , 415.5
695.15 , 409.18
702.17 , 405.13
709.55 , 402.07
717.42 , 400.05
726.12 , 400.32
734.35 , 401.58
742.05 , 403.86
748.95 , 408.23
751.61 , 415.56
744.35 , 419.03
737.02 , 422.31
729.55 , 425.09
721.83 , 427.32
713.73 , 428.82
705.02 , 429.07
696.8 , 427.82
688.1 , 428.07
568.75 , 441.33
565.99 , 435.18
559.9 , 432.55
552.98 , 431.58
545.95 , 432.33
539.38 , 434.11
533.25 , 436.83
527.12 , 439.68
521.83 , 444.76
518.59 , 450.73
516.5 , 457.08
519.35 , 463.23
525.4 , 466.23
532.77 , 466.33
539.45 , 464.83
546 , 463.08
552.42 , 461.06
558.55 , 458.29
564.19 , 454.14
568.28 , 448.48
626.65 , 370.19
642.6 , 356.72
661.77 , 351.57
682.02 , 348.7
703.42 , 348.19
723.98 , 350.47
743.58 , 354.67
761.92 , 361.46
779.45 , 370.7
795.8 , 383.09
806.92 , 399.74
790.8 , 407.09
772.17 , 400.96
754.23 , 392.97
735.3 , 387.44
714.25 , 386.19
692.97 , 386.94
671.58 , 387.44
651.5 , 390.69
630.13 , 390.14
558.89 , 399.41
554.68 , 391.57
545.94 , 389.32
536.62 , 390.31
527.76 , 392.29
519.69 , 396.22
511.76 , 400.39
504.41 , 406.23
497.14 , 412.26
490.59 , 419.31
486.59 , 427.31
487.17 , 436.83
496.62 , 436.03
504.01 , 430.36
511.66 , 425.46
519.62 , 421.3
527.87 , 418.04
536.04 , 414.59
543.99 , 410.37
551.94 , 406.2
