288344083_1
455.37 , 1054.36
466.69 , 1078.22
480.76 , 1104.13
496.53 , 1129.56
511.05 , 1152.82
525.93 , 1178.33
541.36 , 1203.17
555.17 , 1225.8
571.09 , 1250.1
591.67 , 1271.22
612.71 , 1288.14
635.5 , 1306
659.2 , 1321.72
684.5 , 1335.45
712.24 , 1347.57
737.24 , 1357.96
765.65 , 1368.07
791.83 , 1374.87
822.08 , 1379.59
850.1 , 1382.59
877.99 , 1383.54
906.5 , 1381.87
934.08 , 1375.12
960.48 , 1364.68
986.83 , 1349.71
1008.74 , 1333.62
1027.82 , 1312.47
1045.45 , 1289.49
1063.26 , 1266.28
1079.68 , 1241.99
1096.24 , 1217.51
1110.62 , 1195.25
1123.26 , 1169.7
1133.6 , 1140.34
1140.08 , 1112.55
1144.54 , 1084.43
1147.14 , 1055.83
1149.21 , 1027.59
1150.73 , 998.62
1151.36 , 969.86
1152.09 , 940.95
804.61 , 986.7
794.49 , 1008.37
787.37 , 1031.08
788.98 , 1055.75
800.35 , 1078.71
819.5 , 1093.46
846.29 , 1094.09
869.25 , 1088.6
892.91 , 1082.71
919.73 , 1078.76
943.3 , 1070.84
966.3 , 1063.95
984.53 , 1045.79
982.25 , 1023.2
972.64 , 999.45
956.33 , 980.85
943.5 , 957.27
771.55 , 1188.74
788.07 , 1181.74
806.88 , 1179.49
825.05 , 1175.99
841.97 , 1170
857.45 , 1159.87
873.57 , 1151.47
891.07 , 1146.48
909.4 , 1143.21
926.62 , 1137.92
944.17 , 1133.12
963.4 , 1131.74
982.57 , 1133.24
1000.63 , 1137.06
1007.29 , 1153.07
995.57 , 1167.97
981.3 , 1181.49
965.88 , 1191.68
949.42 , 1199.12
931.9 , 1203.96
913.6 , 1207.25
894.9 , 1209.74
876.35 , 1212.47
858.17 , 1215.99
838.77 , 1214.97
822.4 , 1207.28
806.1 , 1199.26
789.1 , 1193.47
797.3 , 1188.49
813.07 , 1187.74
829.1 , 1187.49
844.75 , 1186.49
860.17 , 1184.99
875.6 , 1183.49
890.52 , 1180.99
905.47 , 1178.49
920.52 , 1176.24
935 , 1172.74
949.05 , 1168.49
962.92 , 1164.02
976.82 , 1159.47
989.85 , 1152.42
1002.27 , 1143.79
990.52 , 1154
977.07 , 1159.75
963.4 , 1164.77
949.22 , 1168.72
935.02 , 1172.74
920.55 , 1176.24
905.6 , 1178.74
890.8 , 1181.49
875.97 , 1184.24
860.7 , 1185.99
844.77 , 1186.49
829.38 , 1187.99
813.35 , 1188.24
934.18 , 858.96
937.65 , 846.06
943.15 , 833.99
951.8 , 823.08
962.58 , 814.03
973.98 , 806.7
986.2 , 801.71
999.83 , 799.71
1014.2 , 799.21
1027.36 , 802.18
1039.15 , 808.43
1046.79 , 819.63
1037 , 830.14
1026.2 , 839.18
1014.61 , 845.97
1002.38 , 850.96
989 , 853.46
975.25 , 855.21
961 , 855.96
946.65 , 855.46
760.69 , 881.96
749.21 , 873.46
737.11 , 866.62
724.31 , 861.83
710.36 , 859.37
695.36 , 859.12
681.26 , 861.21
668.26 , 865.47
655.94 , 871.79
644.58 , 880.64
636.11 , 892.12
648.46 , 898.21
661.13 , 903.38
674.71 , 906.65
689.09 , 908.12
703.74 , 907.12
717.91 , 905.1
731.68 , 902.3
744.86 , 898.37
758.31 , 894.87
925.25 , 756.32
939.12 , 742.94
953.8 , 731.77
968.83 , 721.56
984.4 , 712.91
1000.8 , 706.54
1019.02 , 704.07
1037.97 , 704.57
1055.42 , 708.75
1070.98 , 717.54
1077.65 , 731.23
1060.65 , 726.23
1043.5 , 721.57
1024.85 , 720.72
1008.12 , 726.2
992.3 , 734.28
976.52 , 742.56
961.73 , 753.34
947.77 , 766.56
931.51 , 772.71
768.59 , 789.66
746.63 , 776.93
723.21 , 768.25
697.63 , 764
671.11 , 761.75
643.46 , 761.75
617.29 , 764.72
592.13 , 769.82
568.86 , 778.84
546.81 , 791.43
525.46 , 805.75
552.38 , 807.25
578.19 , 803.5
603.29 , 798.22
629.21 , 794.75
656.11 , 793.25
682.06 , 796.78
706.38 , 803.5
731.13 , 809.48
758.16 , 810.75
