288344083_2
672.05 , 870.45
675.24 , 899.4
679.42 , 930.7
683.79 , 959
689.67 , 989.98
696.47 , 1017.71
705.28 , 1047.77
715.46 , 1077.41
726.85 , 1103.29
742.13 , 1129.15
758.56 , 1155.55
773.79 , 1184.03
786.84 , 1208.41
802.76 , 1234.5
820.81 , 1259.32
842.24 , 1281.79
868.64 , 1298.67
896.07 , 1307.07
927.24 , 1311.73
957.82 , 1312.91
986.32 , 1310.15
1015.98 , 1298.15
1043.57 , 1284.86
1067.67 , 1270.49
1093.78 , 1253.91
1119.95 , 1237.3
1144.87 , 1220.17
1168.43 , 1200.94
1189.7 , 1179
1209.85 , 1157.55
1230.4 , 1135.31
1249.36 , 1108.96
1266.19 , 1083.98
1281.74 , 1057.87
1295.02 , 1033.11
1308.74 , 1005.18
1321.23 , 976.58
1330.62 , 947.31
1336 , 917.32
1335.8 , 887.03
1331.5 , 856.45
837.55 , 917.89
830.94 , 933.89
825.3 , 952.1
822.66 , 972.5
830.56 , 989.28
846.52 , 997.43
866.58 , 998.11
885.38 , 998.01
903.75 , 999
923.38 , 999.46
942.3 , 1000.43
960.81 , 999.04
978.78 , 991.86
989.65 , 977.34
992.56 , 959.12
984.25 , 942.52
969.63 , 927.62
808.25 , 1076.47
827.6 , 1077.97
846.12 , 1081.21
862.6 , 1073.13
880.2 , 1068.01
899.9 , 1067.22
919.65 , 1066.47
938.77 , 1064.47
957.77 , 1066.72
975.85 , 1070.95
994.38 , 1074.2
1012.42 , 1078.45
1030.38 , 1082.97
1030.75 , 1101.72
1016.9 , 1116.09
1002.02 , 1128.45
986.05 , 1137.71
969.33 , 1144.96
952.4 , 1151.49
934.62 , 1156.2
916.45 , 1160.22
897.45 , 1162.48
878.88 , 1159.34
862.33 , 1151.57
847.25 , 1139.72
835.6 , 1124.6
825.62 , 1108.87
816.24 , 1092.92
823 , 1083.72
834.98 , 1092.45
848.67 , 1096.65
863.45 , 1098.72
878 , 1101.22
893.05 , 1102.72
907.9 , 1104.62
923.25 , 1105.47
938.9 , 1105.22
954.55 , 1105.47
970.08 , 1104.97
985.23 , 1103.72
999.45 , 1100.46
1013 , 1095.97
1023.25 , 1091.72
1010.1 , 1097.25
996.55 , 1101.68
982.65 , 1105.48
968.23 , 1108.22
953.05 , 1109.47
937.77 , 1108.47
922.73 , 1106.97
907.48 , 1105.95
892.67 , 1103.9
878.1 , 1101.47
862.7 , 1100.72
847.92 , 1098.65
834.48 , 1093.96
988.41 , 800.43
994.32 , 788.75
1005.03 , 780.27
1016.76 , 774.39
1028.66 , 769.18
1041.46 , 765.91
1055.56 , 765.43
1069.16 , 766.93
1082.53 , 768.94
1094.28 , 774.69
1105.63 , 781.42
1103.44 , 794.42
1092.09 , 801.24
1080.11 , 806.22
1067.61 , 809.93
1054.11 , 811.68
1040.03 , 812.17
1026.91 , 809.68
1014.41 , 805.93
1001.78 , 802.44
828.1 , 779.92
822.17 , 772.11
814.42 , 765.87
806.42 , 760.37
798.15 , 755.59
789.38 , 752.34
779.57 , 751.09
769.57 , 751.82
760.93 , 755.58
753.95 , 763.04
747.9 , 770.84
753.4 , 778.84
759.82 , 786.52
767.62 , 792.58
776.12 , 796.82
785.75 , 798.34
795.9 , 797.84
805.33 , 795.84
814.2 , 792.8
822.4 , 787.84
951.23 , 703.68
962.24 , 682.4
983.71 , 671.69
1007.21 , 665.95
1032.11 , 663.19
1057.63 , 661.68
1082.18 , 665.14
1106.11 , 669.9
1128.31 , 678.25
1149.46 , 689.66
1167.61 , 708.05
1163.58 , 730.4
1141.45 , 721.92
1119.7 , 712.18
1096.68 , 705.69
1071.88 , 702.68
1046.13 , 701.68
1020.15 , 702.25
996.13 , 706.78
973 , 713.19
847.05 , 716.11
838.88 , 701.69
826.56 , 688.21
812.24 , 678.02
796.71 , 670.98
779.59 , 667.71
761.49 , 666.46
743.99 , 668.93
728.36 , 675.49
714.51 , 687.09
704.78 , 701.56
695.66 , 716.21
711.03 , 708.93
727.56 , 704.44
744.68 , 701.21
762.09 , 698.46
780.66 , 698.21
798.41 , 700.21
815.21 , 704.23
830.74 , 711.27
