2891259033_1
267.55 , 347.8
273.87 , 358.98
278.82 , 370.11
282.71 , 381.96
286 , 395.09
288.76 , 407.68
291.81 , 420.47
295.59 , 432.62
300.65 , 443.71
309.34 , 452.85
319.72 , 461.79
328.91 , 469.31
340.2 , 476.24
352.19 , 482.46
363.84 , 486.76
375.88 , 490.26
387.78 , 494.72
400.07 , 499.52
412.68 , 502.64
424.93 , 507.86
437.07 , 510.2
449.22 , 509.95
462.4 , 507.13
474.06 , 501.5
485.46 , 494.75
494.52 , 486.71
501.83 , 475.84
507.16 , 463.73
511.44 , 452.32
516.49 , 440.18
522.24 , 428.15
526.32 , 416.35
532.61 , 404.76
537.14 , 393.87
541.82 , 381.13
544.87 , 368.75
547.43 , 356.34
549.49 , 343.72
551.2 , 331.35
553.68 , 318.63
556.24 , 304.87
417.61 , 331.5
417.6 , 342.4
416.45 , 354.72
416.23 , 366.23
419.85 , 376.9
429.72 , 383.86
441.29 , 385.64
452.72 , 383.8
463.86 , 382.4
476.59 , 380.56
486.53 , 375.52
495.22 , 368.25
497.94 , 356.19
492.35 , 346
484.75 , 336.95
477.1 , 328.6
469.29 , 318.99
409.06 , 427.38
416.54 , 426.13
423.79 , 424.38
430.76 , 422.11
437.38 , 418.85
444.16 , 416.1
451.76 , 415.13
459.61 , 415.63
467.21 , 414.62
474.01 , 411.93
480.99 , 409.7
488.69 , 408.88
496.76 , 408.88
497.34 , 416.53
494.8 , 423.4
491.43 , 429.98
487.39 , 436.31
482.76 , 442.43
476.79 , 447.4
470.13 , 450.63
462.41 , 451.38
454.69 , 452.12
447.41 , 450.41
440.74 , 447.32
434.31 , 443.63
428.06 , 439.38
422.01 , 434.57
415.74 , 430.37
416.31 , 428.88
421.99 , 428.13
427.91 , 427.88
433.83 , 427.63
439.76 , 427.38
445.56 , 427.88
451.49 , 428.13
457.41 , 427.88
463.24 , 427.38
468.79 , 426.38
474.36 , 425.39
479.81 , 424.13
484.81 , 421.88
489.83 , 419.62
494.69 , 417.02
490.03 , 419.4
485.38 , 422.62
480.31 , 424.63
474.74 , 425.62
469.41 , 427.12
463.61 , 427.63
457.69 , 427.88
451.76 , 428.13
445.84 , 427.88
439.91 , 427.63
434.11 , 428.13
428.19 , 428.38
422.26 , 428.63
475.5 , 268.42
477.84 , 263.32
480.6 , 258.32
484.27 , 253.65
488.87 , 249.77
493.95 , 247.18
499.05 , 244.69
504.43 , 242.92
510.3 , 242.17
515.9 , 243.39
520.5 , 246.9
519.77 , 252.77
517.29 , 257.87
514.37 , 262.79
509.85 , 266.91
504.57 , 268.92
498.95 , 270.17
492.95 , 270.67
486.85 , 270.42
480.98 , 269.67
391.09 , 283.22
389.59 , 277.24
384.76 , 272.74
379.04 , 270.75
372.46 , 270.49
366.24 , 271.47
360.39 , 273.26
354.89 , 275.92
349.64 , 279.18
344.84 , 283.74
339.84 , 287.74
343.09 , 292.99
348.01 , 297.19
353.87 , 298.99
360.44 , 299.24
367.01 , 298.99
373.37 , 298.25
378.91 , 295.76
384.39 , 292.97
389.46 , 289.13
455.5 , 246.09
459.85 , 237.97
465.93 , 230.42
473.07 , 223.27
480.5 , 216.84
488.12 , 210.99
495.68 , 204.93
503.55 , 199.83
511.48 , 194.85
520.75 , 193.09
530.47 , 193.84
526.85 , 200.81
518.23 , 203.85
510.4 , 209.09
502.82 , 215.04
495.32 , 221.26
487.85 , 227.48
480.23 , 233.37
472.62 , 239.24
464.65 , 244.12
416.34 , 243.71
404.98 , 237.66
392.45 , 234.39
379.32 , 232.39
365.85 , 231.14
352 , 230.64
338.27 , 231.4
325.43 , 233.89
313.68 , 238.91
302.88 , 246.49
291.95 , 253.64
305.8 , 254.16
318.02 , 250.41
330.12 , 246.37
343.23 , 244.39
357.32 , 244.39
370.93 , 245.39
384.05 , 247.39
396.9 , 249.89
408.79 , 254.44
