2891449285_1
422.25 , 574.54
424.9 , 592.12
427.21 , 609.65
430.53 , 627.23
434.74 , 643.12
439.17 , 661.18
443.58 , 678.92
447.25 , 695.44
454.05 , 713.16
460.68 , 730.24
469.1 , 744.8
478.39 , 760.29
487.72 , 775.44
498.55 , 788.78
510.3 , 802.51
527.47 , 810.88
543.58 , 814.61
561.88 , 812.72
580.57 , 811.83
597.38 , 810.64
615.34 , 807.84
632.35 , 803.56
649.77 , 797.28
665.7 , 790.78
683.04 , 783.51
697.82 , 775.16
714.36 , 766.82
730.44 , 760.04
745.52 , 751.74
760.92 , 740.98
774.13 , 729.24
786.56 , 716.5
796.74 , 701.97
805.77 , 686.34
813.9 , 669.73
820.05 , 652.77
825.06 , 636.33
828.66 , 619.68
833.1 , 601.96
836.49 , 584.01
836.73 , 565.37
514.63 , 531.69
506.83 , 546.84
499.68 , 560.81
491.03 , 576.09
483.35 , 591.2
479.55 , 607.75
492.44 , 619.5
508.94 , 618.36
527.12 , 618.48
542.89 , 619.34
560.4 , 620.15
578.35 , 619
585.8 , 604.3
583.9 , 587.25
579.98 , 571.06
574.19 , 555.4
567.81 , 538.12
475.7 , 669.93
480.2 , 659.93
487.35 , 650.94
497.32 , 646.16
507.52 , 650.17
519.42 , 649.68
530.45 , 647.43
541.27 , 650.16
551.25 , 654.91
561.15 , 659.86
571.02 , 664.97
580.7 , 670.43
589.95 , 677.18
598.79 , 685.01
600.73 , 695.41
590.95 , 700.68
580.9 , 705.21
570.7 , 709.18
560.42 , 712.94
550 , 716.41
538.73 , 718.18
527.08 , 719.21
515.77 , 717.5
505.4 , 713.92
495.57 , 708.78
486.7 , 701.28
480.42 , 691.88
477.19 , 681.36
485.7 , 690.18
491.82 , 686.83
497.55 , 682.3
503.85 , 679.19
510.6 , 677.28
517.65 , 675.97
525.3 , 675.93
532.6 , 676.7
539.9 , 677.39
547.27 , 678
554.62 , 678.65
561.67 , 679.93
568.62 , 681.44
575.52 , 683
582.4 , 684.66
578.83 , 686.17
571.77 , 684.96
564.73 , 683.68
557.3 , 683.18
549.75 , 682.93
542.08 , 682.93
534.67 , 682.43
527.35 , 681.68
519.83 , 681.43
512.27 , 681.69
505.12 , 682.75
498.67 , 685.2
492.35 , 688.15
588.43 , 501.86
592.87 , 495.16
599.25 , 489.77
606.4 , 486.38
614.23 , 484.62
622.53 , 483.86
630.95 , 484.36
639.28 , 485.11
647.13 , 486.82
654.55 , 489.33
661.73 , 492.62
660.06 , 499.39
652.73 , 502.07
644.9 , 503.88
636.95 , 505.36
628.88 , 506.61
620.58 , 507.36
611.9 , 507.36
603.36 , 507.11
595.43 , 505.61
506.19 , 505.53
504.48 , 500.52
500.5 , 496.28
495.61 , 494.05
490.66 , 492.04
485.48 , 490.52
479.81 , 490.02
474.38 , 491
469.33 , 492.76
464.66 , 495.6
461.04 , 499.97
457.98 , 504.52
462.75 , 507.04
468.08 , 508.28
473.38 , 509.51
478.93 , 510.27
484.61 , 509.77
490.38 , 509.52
496.06 , 509.02
501.23 , 507.52
554.75 , 443.69
562.47 , 431.45
575.77 , 426.68
590.1 , 423.91
604.9 , 422.2
620.08 , 421.19
635.48 , 421.69
650.27 , 423.46
664.12 , 427.21
676.85 , 433.78
688.33 , 443.7
687.37 , 456.81
672.4 , 455.44
656.98 , 454.94
641.58 , 454.44
626.15 , 454.94
611 , 455.94
595.95 , 457.19
580.52 , 456.69
565.9 , 454.61
495.75 , 451.12
491.52 , 443.1
485 , 435.82
477.25 , 430.58
469.05 , 426.62
459.68 , 425.37
450.53 , 427.12
442.18 , 430.74
434.85 , 437.07
430.54 , 445.17
429.06 , 454.44
428.3 , 464.1
426.3 , 473.12
433.88 , 469.29
441.27 , 463.15
448.9 , 457.59
457.93 , 455.62
467.45 , 454.62
477.45 , 454.62
487.1 , 453.88
