2896253715_1
504.08 , 677.37
504.18 , 698.32
507.38 , 719.29
513.78 , 741.7
518.41 , 762.53
523.97 , 784.44
529.95 , 805.53
538.1 , 827.53
541.78 , 847.71
549.42 , 868.95
555.94 , 889.55
561.4 , 910.44
573.73 , 930.59
577.43 , 951.42
589.92 , 968.65
606.3 , 983.52
625.6 , 995.02
645.66 , 1005.08
667.06 , 1009.16
689.88 , 1007.88
711.05 , 1003.65
732.46 , 996.65
753.25 , 991.08
774.35 , 983.93
794.58 , 974.69
813.96 , 964.95
834.62 , 953.39
853.68 , 943.92
872.25 , 930.67
888.6 , 916.81
906.1 , 903.27
921.99 , 889.64
938.61 , 872.06
950.3 , 855.23
961.46 , 836.14
970.72 , 816.43
979.8 , 794.93
987.46 , 773.86
994.31 , 752.49
999.66 , 730.96
1002.84 , 708.86
614.65 , 682.94
608.27 , 698.77
603.12 , 714.39
601.12 , 732.93
604.16 , 749.34
615.44 , 763.94
628.49 , 774.46
645.16 , 778.24
663.81 , 777.08
680.69 , 776.11
697.67 , 775.02
715.43 , 770.49
722.97 , 754.92
725.45 , 738.97
726.44 , 721
727.19 , 703.25
721.55 , 685.85
587.03 , 808.48
602.8 , 809.98
617.98 , 812.73
632.83 , 816.22
646.88 , 821.26
661.58 , 824.97
676.9 , 827.48
692.08 , 830.22
707.5 , 832.48
723.18 , 834.23
738.36 , 836.98
752.23 , 842.44
759.44 , 855.31
747.78 , 866.98
735.95 , 878.32
723.45 , 887.73
709.98 , 894.51
695.8 , 899.23
680.86 , 902.48
664.58 , 902.98
649.3 , 900.49
634.75 , 896.46
621.08 , 890.27
608.41 , 881.35
598.55 , 869.03
592.78 , 855.25
589.78 , 840.21
588.78 , 824.15
588.53 , 811.73
598.15 , 820.35
608.75 , 826.23
619.45 , 831.92
630.4 , 836.85
642.03 , 840.23
653.98 , 842.94
666.33 , 844.73
678.73 , 846.48
691.23 , 847.98
704.11 , 848.73
717.11 , 848.73
730.33 , 848.73
743.55 , 848.73
744.5 , 855.24
732.38 , 857.48
720.11 , 859.5
707.73 , 861.25
695.33 , 862.96
682.83 , 864.48
669.95 , 864.73
657.4 , 863.35
645.65 , 860.26
634.65 , 855.48
624.4 , 848.63
614.6 , 840.56
605.61 , 831.06
597.16 , 821.36
746.44 , 615.09
753.19 , 605.09
762.77 , 597
773.37 , 591.66
784.47 , 587.83
796.24 , 585.35
808.99 , 585.84
820.12 , 589.52
830.82 , 594.68
840.64 , 602.03
849.44 , 611.34
852.66 , 622.36
841.79 , 626.84
830.02 , 629.34
817.29 , 629.84
804.54 , 629.34
792.17 , 628.09
780.14 , 626.1
768.59 , 623.12
757.82 , 618.37
639.99 , 596.81
638.88 , 587.15
633.57 , 579.05
626.23 , 571.67
618.08 , 566.56
609.58 , 562.31
600.52 , 559.58
590.6 , 558.57
580.7 , 559.54
571.98 , 563.17
564.59 , 570.35
560.35 , 578.82
564.11 , 587.42
571.8 , 593.55
580.45 , 597.35
590.03 , 599.07
600.42 , 599.07
610.58 , 598.57
620.88 , 598.32
630.77 , 599.31
717 , 566
720.08 , 549
736.3 , 544.23
753.75 , 542
771.8 , 541
790.35 , 541
808.65 , 540.5
826.7 , 541.51
844.17 , 543.77
861.02 , 547.26
876.85 , 552.85
877.65 , 564.75
859.15 , 564.85
841.05 , 565.75
823.1 , 567
805.35 , 568.65
787.35 , 569.75
769.17 , 570.5
750.98 , 571.25
732.67 , 571.22
619.91 , 546.93
614.31 , 538.1
606 , 530.99
597.15 , 525.48
588.03 , 520.57
578.73 , 516.26
569.33 , 512.13
559.75 , 508.76
550.08 , 505.49
539.15 , 504.74
530.93 , 511.98
537.81 , 520.38
547.18 , 524.48
557.5 , 526.5
567.11 , 529.92
576.25 , 534.74
584.83 , 541.11
593.65 , 546.71
602.85 , 551.42
612.78 , 554.21
