13601258_1
326.69 , 434.8
323.55 , 454.62
324.84 , 475.36
330.73 , 496.62
339.22 , 515.28
344.68 , 535.1
349.06 , 556.75
352.03 , 576.75
358.55 , 597.54
366.6 , 617.09
376.27 , 634.75
389.23 , 652.06
399.67 , 671.57
412.41 , 687.82
424.44 , 705.07
435.3 , 722.03
448.35 , 740
464.55 , 752.93
483.62 , 759.99
506 , 761.03
525.7 , 760.89
547.16 , 759.19
568.02 , 754.24
587.91 , 746.45
605.98 , 738.64
623.38 , 727.18
641.37 , 715.59
658.39 , 703.21
675.52 , 690.54
691.63 , 677
706.54 , 660.89
721.26 , 644.73
733.28 , 629.02
743.88 , 611.39
753.28 , 591.7
759.14 , 570.7
763.48 , 551.07
767.21 , 528.9
771.47 , 508.49
777.89 , 488.31
785.35 , 468.19
453.06 , 414.79
444.48 , 429.99
436.37 , 445.82
432.3 , 463.62
439.35 , 478.85
455.93 , 487.01
473.5 , 491.16
490.17 , 493.81
508.38 , 496.05
527.03 , 494.42
543.71 , 491.6
562.94 , 490.96
579.76 , 489
588.73 , 474.64
583.99 , 456.02
575.62 , 441.18
563.37 , 426.34
416.44 , 581.38
425.86 , 568.96
435.1 , 556.46
447.76 , 547.62
462.42 , 543.88
478.89 , 543.88
493.76 , 547.13
509.62 , 548.38
525.97 , 548.63
540.62 , 552.4
554.29 , 558.39
567.37 , 566.03
580.04 , 574.7
591.94 , 585.6
583.47 , 598.36
572.19 , 610.13
562.94 , 622.63
550.39 , 631.68
537.94 , 641.13
523.87 , 645.87
508.62 , 648.38
492.17 , 648.38
476.67 , 646.39
462.69 , 641.38
450.06 , 632.5
439.89 , 620.33
430.47 , 607.9
421.96 , 595.15
435.44 , 584.38
446.49 , 583.63
456.72 , 581.13
467.06 , 578.85
477.89 , 577.63
489.19 , 577.38
500.26 , 576.63
511.09 , 575.36
522.04 , 574.35
533.09 , 575.13
543.99 , 576.17
554.37 , 578.39
564.62 , 580.81
574.94 , 583.13
584.62 , 586.81
578.91 , 592.86
567.82 , 592.16
556.76 , 591.37
545.69 , 590.63
534.26 , 590.63
523.07 , 591.13
511.89 , 590.63
500.81 , 589.91
489.99 , 588.63
478.94 , 587.88
467.51 , 587.88
456.31 , 588.38
445.01 , 588.16
577.65 , 374.48
586.75 , 369.64
596.07 , 365.24
605.9 , 362.23
616.5 , 360.75
627.67 , 360.48
638.27 , 361.98
648.48 , 364.3
658.12 , 367.72
667.52 , 371.85
676.82 , 376.22
675.48 , 382.76
664.4 , 382.23
653.2 , 381.98
642.12 , 381.48
631.08 , 380.98
619.97 , 380.55
609.25 , 379.33
598.7 , 377.73
587.88 , 376.73
468 , 369.04
460.85 , 364.18
453.17 , 360.69
444.9 , 358.67
436.32 , 357.19
427.42 , 356.44
418.75 , 357.7
410.35 , 359.51
402.55 , 362.57
394.97 , 366.4
387.42 , 370.19
395.42 , 372.69
403.64 , 374.92
411.95 , 376.94
420.75 , 377.94
429.67 , 378.69
438.7 , 378.19
447.62 , 377.44
456.65 , 376.94
465.45 , 375.94
554.61 , 306.34
568.71 , 292.72
585.34 , 286.11
604.51 , 284.84
623.69 , 286.09
642.54 , 288.02
660.11 , 292.59
676.56 , 299.8
692.76 , 307.83
707.78 , 319
720.92 , 333.14
713.26 , 346.84
696.13 , 341.35
680.13 , 332.86
663.21 , 327.07
644.51 , 324.83
625.66 , 322.88
607.36 , 319.84
589.31 , 316.3
571.81 , 311.55
475.93 , 298.04
467.88 , 284.67
453.42 , 279.37
437 , 278.14
420.8 , 279.89
405.1 , 282.65
389.82 , 286.39
375.52 , 292.18
362.54 , 301.65
354 , 314.94
350.78 , 330.44
348.57 , 346.39
361.22 , 339.71
374.34 , 330.63
389.29 , 326.39
405.97 , 325.64
422.89 , 325.39
438.97 , 323.38
453.27 , 317.69
467.32 , 311.14
