2898256824_1
899 , 726.64
906.06 , 755.36
912.54 , 783.64
918.37 , 814.57
924.77 , 844.12
931.81 , 872.14
942.24 , 900.46
952.55 , 928.53
970.7 , 953.74
989.03 , 977.6
1006.04 , 1000.3
1025.14 , 1026.49
1044.89 , 1047.72
1068.18 , 1068.79
1088.14 , 1091.56
1113.49 , 1106.72
1140.33 , 1118.54
1169.01 , 1129.5
1198.88 , 1137.94
1227.05 , 1144.25
1257.64 , 1146.72
1285.96 , 1148.51
1317.69 , 1144.15
1347.43 , 1135.68
1374.06 , 1127.37
1404.62 , 1118.62
1429.29 , 1103.33
1452.99 , 1084.19
1474.39 , 1063.72
1494.1 , 1039.65
1510.94 , 1016.79
1529.66 , 989.69
1545.97 , 966.93
1561.56 , 939.96
1574.75 , 913.39
1587.41 , 887.12
1599.17 , 857.68
1611.15 , 830.03
1619.24 , 800.94
1625.89 , 772.4
1632.82 , 740.91
1183.5 , 562.4
1166.2 , 581.98
1147.72 , 602.58
1136.28 , 629.45
1143.15 , 654.37
1166.26 , 672.53
1193.3 , 670.35
1219.69 , 668.56
1249.26 , 665.7
1277.8 , 663.14
1303.15 , 663.66
1332.97 , 663.15
1355.72 , 649.87
1362.08 , 622.51
1351.48 , 595.95
1332.51 , 577.71
1309.2 , 558.85
1116.85 , 787.29
1135.6 , 771.29
1156.8 , 762.02
1178.47 , 754.26
1200.5 , 747.27
1224.42 , 744.04
1248.72 , 746.54
1273.88 , 747.29
1298.17 , 744.79
1322.72 , 742.79
1347.88 , 743.54
1370.62 , 749.3
1393 , 755.69
1414.65 , 763.55
1432.01 , 781.66
1415.07 , 800.05
1392.92 , 806.79
1368.38 , 808.79
1344.45 , 812.04
1320.62 , 815.54
1296.2 , 817.79
1271.42 , 819.29
1246.52 , 820.54
1221.62 , 821.79
1196.35 , 822.29
1171.7 , 824.04
1146.17 , 824.06
1127.41 , 808.09
1127.85 , 786.29
1146.27 , 781.52
1166.05 , 779.54
1185.72 , 777.29
1205.25 , 774.8
1225.27 , 773.29
1245.55 , 774.29
1265.82 , 773.29
1284.95 , 769.94
1305.02 , 768.54
1325.77 , 768.54
1346.15 , 769.29
1366.55 , 768.54
1387.18 , 768.79
1392.1 , 785.29
1375.15 , 793.81
1355.35 , 791.79
1336.17 , 788.53
1317.35 , 784.54
1297.67 , 782.29
1277.3 , 783.04
1257.27 , 784.54
1237.12 , 785.79
1217.6 , 788.29
1198.95 , 792.69
1180.97 , 798.29
1162.38 , 802.79
1142.6 , 800.79
1350.08 , 487.32
1362.43 , 474.2
1376.8 , 465.35
1391 , 456.13
1406.05 , 449.09
1423.23 , 446.82
1440.88 , 448.07
1457.23 , 452.07
1472.3 , 459.05
1486.28 , 469.06
1498.28 , 482.27
1497.23 , 499.6
1481.65 , 505
1465.2 , 508.8
1448.15 , 511.32
1430 , 511.57
1412.48 , 510.09
1395.65 , 507.09
1379.88 , 502.1
1364.73 , 495.48
1142.66 , 506.97
1139.48 , 492.03
1126.32 , 483.13
1112.46 , 475.99
1097.64 , 471.48
1081.09 , 470.48
1064.66 , 471.73
1049.69 , 476
1035.49 , 481.97
1022.46 , 491.39
1012.43 , 504.16
1006.14 , 518.23
1019.74 , 525.57
1035.01 , 529.22
1051.44 , 530.48
1068.12 , 529.73
1084.19 , 527.73
1099.82 , 524.8
1114.96 , 520.91
1129.49 , 515.88
1309.14 , 348.03
1336.79 , 332.79
1366.09 , 322.3
1397.52 , 316.06
1431.27 , 317.03
1463.32 , 322.04
1492.82 , 331.96
1519.62 , 349.52
1545.19 , 370.59
1568.54 , 395.15
1586.63 , 421.76
1563.04 , 411.28
1536.64 , 392.53
1509.84 , 374.99
1481.12 , 362.51
1448.09 , 360.05
1415.44 , 363.76
1382.79 , 367.51
1350.87 , 372.78
1319.1 , 377.48
1150.23 , 365.53
1132.11 , 342.93
1105.79 , 333.43
1077.13 , 328.68
1047.26 , 326.96
1018.51 , 331.52
992.91 , 343.13
970.54 , 363.28
953.2 , 386.81
940.11 , 411.93
929.11 , 437.68
929.86 , 468.31
948.92 , 446.63
965.46 , 422.81
984.06 , 399.74
1008.16 , 384.14
1036.74 , 379.15
1066.99 , 377.68
1096.99 , 379.68
1127.09 , 381.43
