2898288466_1
204.65 , 280.19
206.02 , 295.95
207.46 , 311.64
209.74 , 327.33
215.5 , 340.56
223.28 , 354.62
232.22 , 368.94
240.26 , 382.59
247.65 , 395
257.66 , 408.96
267.38 , 421.09
278 , 432.75
288.7 , 443.3
301.45 , 453.62
314.53 , 461.39
329.99 , 466.97
345.23 , 468.28
360.81 , 467.32
377.7 , 464.65
392.22 , 460.97
407.69 , 455.07
422.22 , 448.58
436.42 , 442.55
450.64 , 435.82
463.51 , 427.54
476.02 , 418.4
489.15 , 407.71
499.95 , 395.96
508.21 , 383.58
514.39 , 368.56
519.71 , 353.3
526 , 338.73
531.77 , 324.66
535.98 , 309.43
539.66 , 293.73
542.5 , 278.03
544.94 , 262.07
546 , 246.21
546.03 , 231.82
544.81 , 216.05
542.38 , 198.93
279.53 , 233.03
274.43 , 244.06
271.24 , 255.58
270.46 , 268.3
278.71 , 277.76
289.03 , 283.35
301.03 , 286.48
314.6 , 285.88
327.13 , 284.73
339.32 , 283.52
351.37 , 279.71
363.48 , 276.32
368.52 , 266.38
366.7 , 253.21
363.3 , 241.21
357.12 , 229.88
349.57 , 219.84
276.24 , 346.89
281.17 , 337.19
287.43 , 327.94
294.6 , 319.05
304.12 , 313.52
315.39 , 312.14
326.74 , 313.39
338.69 , 313.39
350.29 , 312.64
361.04 , 315.16
371.19 , 318.84
381.29 , 322.67
391.94 , 325.37
402.62 , 328.01
410.64 , 335.71
403.64 , 344.65
394.22 , 350.4
384.09 , 354.14
373.34 , 356.62
363.14 , 360.14
352.37 , 362.61
341.62 , 365.12
331.29 , 368.39
320.06 , 369.89
308.22 , 370.14
296.64 , 369.41
286.51 , 365.65
277.73 , 358.11
287.74 , 352.14
294.39 , 347.98
301.49 , 344.89
309.04 , 342.9
316.74 , 341.14
324.42 , 339.39
332.72 , 338.89
340.87 , 338.14
348.67 , 336.64
357.06 , 336.39
365.24 , 337.14
373.51 , 337.64
381.92 , 337.39
389.84 , 336.13
397.27 , 333.88
390.42 , 336.38
382.62 , 337.89
374.09 , 337.89
365.92 , 337.14
357.39 , 337.14
349.12 , 337.64
340.94 , 338.39
332.79 , 339.14
324.87 , 340.39
316.94 , 341.64
309.01 , 342.88
301.72 , 345.38
294.69 , 348.62
384.03 , 177.29
387.36 , 170.97
392.7 , 165.37
398.7 , 161.14
404.98 , 157.58
411.43 , 154.52
418.78 , 153.54
425.88 , 155.03
432.88 , 156.82
439.35 , 159.8
445.6 , 163.34
450.03 , 169.29
444.05 , 172.28
437.18 , 174.29
430.08 , 175.79
422.38 , 176.04
414.9 , 176.79
407.05 , 176.79
399.35 , 176.54
391.88 , 177.29
284.34 , 201.52
279.39 , 197.83
273.72 , 195.76
267.51 , 194.79
261.31 , 193.79
254.64 , 193.79
248.67 , 195.31
243.14 , 197.78
238.27 , 202.11
235.03 , 207.36
232.34 , 212.79
236.15 , 217.85
242.14 , 219.28
247.72 , 216.92
253.24 , 214.39
258.94 , 212.44
264.94 , 211.01
271.14 , 210.05
277.34 , 209.04
283.31 , 207.56
350.5 , 123.52
354.28 , 110.47
364.62 , 99.9
376.7 , 93.56
389.77 , 89.77
403.7 , 87.79
418.48 , 87.52
432.15 , 90.01
444.7 , 94.97
456.55 , 101.8
467.53 , 111.05
467.95 , 121.5
455.15 , 117.23
442.65 , 112.27
429.48 , 108.77
415.2 , 108.02
401.6 , 110.68
388.65 , 114.61
376.35 , 120.26
364.02 , 126.02
274.15 , 154.96
270.99 , 148.16
264.8 , 143.34
258.12 , 139.82
250.73 , 138.09
242.48 , 138.09
234.35 , 137.84
226.58 , 138.82
219.45 , 141.08
212.71 , 144.53
208.16 , 150.81
206.15 , 158.09
213.65 , 158.09
221.05 , 156.34
229.18 , 156.09
236.82 , 157.34
244.35 , 158.84
252.23 , 159.59
260.48 , 159.59
268.25 , 158.58
