2898498038_3
347.65 , 512.25
351.18 , 524.85
356.46 , 538.75
361.34 , 553.17
366.33 , 566.41
373.17 , 579.15
380.93 , 591.34
389.62 , 603.01
399.4 , 614.06
408.84 , 624.94
418.81 , 635.44
429.68 , 645
441.41 , 653.12
454.54 , 661.23
467.19 , 668.5
479.35 , 674.8
492.24 , 680.52
507.04 , 684.88
521.71 , 687.64
535.01 , 689.31
549.59 , 690.15
564.25 , 689.7
579.06 , 685.96
591.93 , 679.27
602.31 , 670.28
611.46 , 659.29
621.06 , 648.46
630.98 , 636.76
639.53 , 624.5
646.56 , 613.21
654.09 , 599.43
661.98 , 587.53
669.02 , 574.75
675.06 , 561.35
680.66 , 547.88
685.62 , 534.48
688.44 , 521.16
691.63 , 506.26
691.75 , 492.44
687.38 , 478.88
683.5 , 463.4
489 , 478.55
484.55 , 488.89
480.52 , 500.26
482.96 , 511.5
492.96 , 519.5
503.12 , 524.67
514.76 , 528.09
527.4 , 529.45
539.39 , 528.54
550.99 , 526.4
562.1 , 523.96
574.5 , 519.7
584.11 , 513.48
590.3 , 502.92
590.3 , 490.6
585.84 , 479.66
577.05 , 471.05
443.25 , 559.56
459.43 , 559.06
475.75 , 558.81
491.73 , 557.81
506.95 , 555.31
521.92 , 552.31
537.75 , 551.06
553.35 , 549.31
568.33 , 546.32
583.3 , 543.32
599.15 , 542.06
615.23 , 541.31
630.57 , 543.56
627.49 , 557.88
620.04 , 570.98
612.1 , 583.96
602.33 , 596.24
590.33 , 606.76
577.4 , 614.82
563.73 , 620.81
547.52 , 621.31
531.45 , 620.56
516.25 , 618.06
502.52 , 612.32
489.5 , 604.56
477.3 , 594.61
465.6 , 583.16
454.7 , 571.26
450.5 , 562.81
462.9 , 565.05
475.55 , 566.8
487.98 , 569.04
500.65 , 570.83
513.45 , 572.27
526.05 , 570.52
539.23 , 569.81
552.38 , 569.07
564.8 , 566.79
576.7 , 563.54
588.33 , 559.74
599.6 , 555.03
611.13 , 551.09
611.75 , 560.06
601.8 , 568.53
591.5 , 576.06
580.48 , 581.58
568.98 , 585.58
557.38 , 589.43
545 , 591.81
531.73 , 591.3
518.95 , 589.82
506.52 , 587.58
495.1 , 583.32
484.05 , 577.84
472.95 , 572.51
461.73 , 567.54
574.4 , 405.87
577.05 , 399.72
581.21 , 394.07
586.6 , 389.15
592.67 , 386.1
598.85 , 383.37
605.57 , 381.87
612.52 , 380.87
619.85 , 381.13
626.67 , 382.37
632.64 , 385.5
634.42 , 392.1
629.35 , 397.43
623.52 , 401.12
617.08 , 403.11
610.12 , 404.12
602.67 , 404.12
595.48 , 404.62
588.15 , 404.37
580.95 , 404.87
471.72 , 411.48
464.9 , 408.42
457.42 , 406.92
449.67 , 405.92
441.95 , 404.92
433.85 , 404.66
426.38 , 406.19
419.15 , 408.17
412.32 , 411.15
405.57 , 414.4
398.9 , 417.67
406.38 , 419.17
414.12 , 420.17
422.07 , 420.67
430.17 , 420.92
438.4 , 420.92
446.38 , 420.42
454.22 , 419.67
462.2 , 419.17
469.8 , 417.9
556.9 , 379.76
559.28 , 370.52
567.88 , 366.27
576.88 , 363.26
586.27 , 361
595.67 , 358.76
605.45 , 357.27
615.32 , 355.99
625.7 , 356.26
635.7 , 357.25
644.47 , 361.07
644.05 , 368.76
633.67 , 368.51
623.42 , 369.01
613.55 , 370.25
603.9 , 372.01
594.62 , 374.52
585.2 , 376.72
575.8 , 379.04
566.4 , 381.26
490.39 , 383.87
480.76 , 377.75
469.61 , 375.26
457.88 , 374.02
446.04 , 373.02
433.96 , 373.52
422.11 , 374.52
410.26 , 375.51
399.04 , 377.79
388.79 , 382.28
379.56 , 389.52
391.06 , 391.27
402.53 , 393.02
414.76 , 392.77
427.09 , 392.77
439.06 , 393.52
451.26 , 393.77
463.49 , 393.52
475.56 , 394.02
487.78 , 393.77
