290160311_1
218.9 , 474.4
226.31 , 486.43
231.52 , 498.92
238.14 , 512.01
245.69 , 524.53
253.58 , 536.73
261.3 , 549.17
269.45 , 560.61
278.42 , 571.44
288.59 , 581.22
298.86 , 591.11
309.68 , 601.8
319.33 , 612.64
329.06 , 623.51
338.64 , 633.64
349.98 , 643.45
360.87 , 651.31
373.58 , 657.57
388.19 , 661.94
401.56 , 661.83
416.37 , 660.16
430.73 , 655.97
443.28 , 650.44
456.48 , 642.94
467.59 , 635.67
479.29 , 625.8
489.47 , 615.26
498.54 , 605.42
508.2 , 593.47
516.1 , 582.86
524.12 , 570.9
532.49 , 558.19
541.57 , 546.73
548.89 , 535.5
556.07 , 522.43
561.25 , 509.05
563.57 , 494.3
563.14 , 480.1
561.25 , 466.25
562.42 , 452.01
559.35 , 437.25
322.81 , 473.05
320.69 , 485.22
319.13 , 499.15
321.45 , 511.48
331 , 520.75
342.51 , 527.75
353.64 , 532.92
366.7 , 534
380.12 , 529.95
391.15 , 523.56
402.87 , 516.67
414.01 , 509.55
419.76 , 497.88
421.88 , 485.48
418.96 , 472
411.29 , 461.4
401.56 , 452.01
316.63 , 542.31
329.95 , 544.06
343.18 , 546.06
355.93 , 549.06
368.58 , 552.32
382.65 , 552.56
394.48 , 547.47
406.23 , 542.22
418.28 , 537.91
430.18 , 533.03
441.86 , 527.57
453.68 , 522.53
466.06 , 518.84
465.64 , 531.53
460.59 , 543.36
453.66 , 554.51
445.48 , 565.21
436 , 575.46
425.31 , 583.63
413.93 , 590.01
401.65 , 593.8
388.58 , 596.02
375.58 , 593.52
363.65 , 588.83
352.2 , 582.64
341.58 , 574.26
332.1 , 564.03
324.06 , 553.26
328.88 , 549.31
337.95 , 553.84
347.4 , 557.32
357.38 , 559.81
367.58 , 561.77
378.36 , 562.56
388.9 , 561.31
398.86 , 558.81
408.08 , 554.6
417.23 , 550.22
426.4 , 545.79
435.28 , 540.63
443.9 , 534.78
452.66 , 529.28
453.93 , 537.23
447.5 , 545.69
439.48 , 553.22
431.13 , 559.81
422.56 , 565.85
413.73 , 571.03
404.25 , 574.58
394.08 , 576.56
383.4 , 577.57
373.08 , 575.79
363.33 , 573.01
354.18 , 568.6
345.2 , 563.64
336.78 , 557.21
396.8 , 400.49
402 , 394.54
407.95 , 389.34
414.12 , 384.66
420.53 , 380.77
427.18 , 377.37
434.05 , 374.74
441.95 , 374.24
449.73 , 374.99
456.9 , 377.02
463.8 , 379.49
463.11 , 386.94
457.27 , 392.5
450.73 , 396.05
443.77 , 398.49
436.45 , 400.24
428.55 , 400.74
420.52 , 400.99
412.5 , 401.24
404.85 , 400.24
315.39 , 408.41
310.4 , 402.96
304.62 , 398.95
298.18 , 396.71
291.25 , 395.47
283.7 , 395.46
276.77 , 396.71
270.07 , 398.44
263.8 , 401.28
258.22 , 405.89
253.65 , 411.46
259.38 , 415.68
265.27 , 419.46
271.45 , 422.45
278.52 , 423.46
286.05 , 423.46
293 , 422.23
299.43 , 419.97
305.75 , 417.49
311.96 , 414.43
381.66 , 363.12
388.54 , 351.44
400.59 , 345.44
413.44 , 341.6
426.64 , 338.38
440.24 , 336.05
454.26 , 334.52
468.44 , 333.37
482.81 , 334.12
496.14 , 337.1
507.68 , 344.4
502.83 , 354.12
488.94 , 352.37
474.69 , 351.37
460.19 , 351.85
446.41 , 353.87
433.11 , 356.88
420.69 , 361.6
407.81 , 365.38
394.16 , 367.62
310.58 , 372.28
301.93 , 365.95
291.57 , 363.98
280.7 , 362.98
269.48 , 362.73
258.38 , 363.23
247.62 , 364.49
237.78 , 367.47
228.67 , 372.53
221.75 , 380.98
217.25 , 390.23
224.35 , 398.6
235.28 , 397.98
244.65 , 393.58
254.18 , 389.8
264.3 , 387.21
274.8 , 385.46
285.4 , 383.96
296.5 , 383.48
306.85 , 381.39
