13601448_1
315.75 , 434.5
312.02 , 454.4
314.61 , 476.49
317.19 , 498.3
319.67 , 519.84
324.42 , 540.95
329.53 , 562.74
329.55 , 585.68
334.11 , 607.15
342.93 , 625.34
352.3 , 645.83
361.83 , 666.28
374.79 , 684.33
388.05 , 702.4
399.97 , 719.96
414.75 , 737.25
428.75 , 754.04
444.06 , 767.64
461.58 , 780.27
484.15 , 785.69
505.13 , 789.53
526.75 , 791.52
548.33 , 791.81
569.71 , 788.16
591.64 , 778.51
610.4 , 767.1
625.87 , 754.38
642.14 , 738.55
657.36 , 722.29
671.36 , 705.12
684.93 , 687.72
696.87 , 670.67
707.48 , 650.06
715.65 , 630.37
723.15 , 610.14
730.58 , 589.12
736.12 , 568.04
741.12 , 547.01
745.43 , 525.75
748.73 , 503.05
750.8 , 480.19
461.5 , 436.4
452.65 , 453.22
440.88 , 469.6
431.35 , 487.4
434.78 , 507.03
450.27 , 518.73
470.58 , 523.23
489.97 , 525.61
510.04 , 526.68
530.86 , 526.86
551.3 , 527.53
569.41 , 524.74
585.4 , 512.33
586.1 , 491.28
579.07 , 474.13
569.25 , 455.94
559.75 , 436.9
417.47 , 610.61
427.8 , 600.27
439.4 , 593.46
450.45 , 585.12
462.47 , 579.36
477.1 , 579.36
490.27 , 582.35
504.55 , 583.11
519.05 , 583.36
532.12 , 586.63
544.57 , 590.96
556.64 , 596.55
568.05 , 603.91
578 , 614.38
579.14 , 628.12
567.87 , 635.86
556.62 , 643.61
544.85 , 649.99
532.87 , 655.95
520.6 , 660.84
507.17 , 663.36
492.8 , 662.86
478.67 , 661.87
465.35 , 659.23
454.15 , 651.28
443.2 , 642.59
434.35 , 631.73
423.6 , 622.51
425.72 , 607.61
436.77 , 605.37
447.97 , 603.36
459.55 , 602.11
471.6 , 602.36
483.05 , 603.85
494.47 , 605.36
506.3 , 606.11
518.35 , 605.86
530.14 , 605.11
541.95 , 604.36
553.89 , 604.86
564.6 , 607.89
574.62 , 612.52
574.79 , 623.11
564.07 , 626.13
553.22 , 628.86
542.6 , 631.99
531.62 , 634.46
520.37 , 636.34
509.05 , 638.11
497 , 638.37
485.8 , 636.39
474.62 , 634.27
464.27 , 630.65
454.55 , 625.15
444.72 , 619.86
435.07 , 614.18
575.57 , 398.34
582.82 , 391.84
591.6 , 389.34
600.52 , 387.08
609.55 , 385.09
618.95 , 383.84
628.95 , 383.84
638.32 , 385.09
646.85 , 388.1
654.92 , 392.41
660.7 , 399.94
658.88 , 408.85
649.75 , 410.59
639.75 , 410.59
630.25 , 409.59
620.97 , 408.08
611.82 , 406.34
602.45 , 405.09
593.17 , 403.62
584.97 , 399.6
472.8 , 387.31
462.73 , 381.5
452.43 , 376.24
441.65 , 372.42
430.27 , 369.77
418.1 , 368.77
405.95 , 369.81
394.6 , 372.49
383.43 , 375.59
372.9 , 380.11
363 , 386.27
373.07 , 392.08
384.2 , 395.23
395.88 , 397.3
407.45 , 399.48
419.48 , 400.77
432 , 400.52
444.43 , 400.02
456.57 , 399.02
468.15 , 396.79
559.27 , 325.51
568.4 , 311.59
584.85 , 308.52
602.52 , 309.01
618.77 , 312.51
634.85 , 316.33
650.92 , 320.23
667.04 , 324.01
681.72 , 331.22
695.42 , 341.14
707.42 , 353.91
701.04 , 367.01
684.64 , 363.89
669 , 359.26
653.1 , 355
637 , 351.24
620.5 , 348.25
604.25 , 344.75
588.44 , 340.44
572.89 , 335.64
490.12 , 334.45
483 , 319.82
471.12 , 307.32
456.27 , 300.82
440.1 , 297.32
422.43 , 297.64
406.23 , 301.08
390.48 , 305.34
375.77 , 312.29
362.5 , 323.07
352.81 , 336.75
346.5 , 351.57
363.95 , 352.07
379.23 , 346.84
394.52 , 341.8
411.2 , 339.36
428.43 , 340.57
445.38 , 338.7
462.68 , 339.57
477.98 , 344.8
