2911244712_1
76.04 , 334.63
80.46 , 344.44
85.85 , 354.02
91.82 , 364.61
96.98 , 374.04
102.88 , 384.42
109.4 , 394.37
116.17 , 402.68
124.48 , 411.4
132.46 , 418.72
141.5 , 426.48
149.93 , 433.37
159.41 , 440.8
167.79 , 448.28
176.28 , 455.03
185.68 , 462.14
195.19 , 468.9
205.06 , 474.22
215.3 , 477.75
227.25 , 479.4
238.52 , 480.5
249.77 , 479.04
259.31 , 473.85
267.81 , 466.41
275.19 , 456.5
280.74 , 446.87
285.54 , 436.75
289.45 , 426.06
292.52 , 415.01
295.01 , 403.39
296.57 , 392.79
297.56 , 381.05
298.3 , 369.83
299.39 , 358.59
300.75 , 347.23
301.81 , 335.61
302.98 , 323.91
304.32 , 313.31
305.33 , 301.6
305.18 , 289.9
303.9 , 278.21
176.09 , 292.4
174.53 , 301.87
170.87 , 310.75
165.97 , 319
163.75 , 327.53
170.68 , 334.07
179.86 , 338.41
189.03 , 341
198.4 , 343.2
207.65 , 342.64
216.59 , 338.17
224.1 , 332.09
232.27 , 327.06
236.76 , 318.72
235.56 , 309.84
229.85 , 302.26
223.09 , 294.19
162.71 , 390.24
165.59 , 380.37
170.32 , 371.15
178.86 , 364.75
188.69 , 361.73
199.24 , 360.24
209.69 , 358.49
220.01 , 356.5
229.84 , 353.46
239.79 , 350.71
250.36 , 352.22
257.09 , 360.59
260.46 , 370.24
261.46 , 381.04
262.21 , 391.97
262.46 , 403.14
260.96 , 413.72
257.45 , 423.29
251.27 , 431.93
242.11 , 436.77
230.94 , 436.99
220.84 , 434.52
211.39 , 430.68
202.19 , 425.96
193.36 , 420.39
184.84 , 413.87
176.44 , 406.97
168.46 , 398.99
171.46 , 388.99
175.98 , 382.96
182.36 , 379.33
189.01 , 376.5
196.63 , 375.73
203.66 , 373.73
211.16 , 372.74
218.41 , 371.24
225.19 , 368.73
231.79 , 365.75
239.54 , 365.22
246.41 , 367.48
251.49 , 373.31
253.21 , 380.47
251.96 , 387.84
251.21 , 395.47
248.7 , 402.22
245.66 , 408.83
239.38 , 412.77
232.01 , 413.99
224.14 , 413.74
216.99 , 411.99
209.99 , 409.98
203.14 , 407.76
196.46 , 404.99
189.86 , 401.9
183.44 , 398.46
177.26 , 394.3
231.62 , 251.8
234.57 , 248.58
238.55 , 247.53
242.37 , 246.3
246.47 , 245.56
250.69 , 245.05
255.02 , 244.8
259.37 , 244.55
263.69 , 244.3
267.92 , 243.8
271.78 , 244.66
268.65 , 247.79
264.87 , 249.3
261.02 , 250.55
257.05 , 251.55
252.94 , 252.3
248.62 , 252.55
244.27 , 252.8
239.94 , 253.05
235.72 , 252.55
143.94 , 260.98
140.23 , 258.58
135.71 , 258.1
131.08 , 258.35
126.68 , 259.08
122.53 , 260.35
118.36 , 261.62
114.41 , 263.32
110.53 , 265.35
106.78 , 267.6
103.28 , 270.6
107.93 , 270.85
112.45 , 271.35
117.11 , 271.1
121.63 , 270.6
126.28 , 270.35
130.78 , 269.85
135.08 , 268.86
139.03 , 267.1
142.95 , 265.22
197.55 , 231.5
204.75 , 224.56
212.68 , 219.63
221.98 , 218
231.33 , 216.5
240.35 , 214.23
249.08 , 211.49
257.53 , 208.02
266.75 , 206.24
275.78 , 208.48
284.21 , 211.94
276.6 , 216.01
267.12 , 217.25
257.62 , 218.51
248.62 , 220.72
240.12 , 223.97
231.6 , 227.23
223.1 , 230.52
214.48 , 233.48
205.7 , 235.89
173.71 , 226.9
161.69 , 224.67
149.17 , 223.42
136.54 , 222.43
124.02 , 223.64
111.79 , 225.52
99.94 , 228.13
88.79 , 232.18
78.34 , 238.22
68.99 , 247.3
62.89 , 257.67
74.69 , 254.92
85.94 , 251.15
97.54 , 248.02
108.94 , 244.63
120.67 , 241.66
132.69 , 239.4
145.31 , 238.42
158.44 , 238.42
170.84 , 236.91
