2912595996_1
106.6 , 344.44
110.65 , 361.62
115.21 , 378.68
120.74 , 395.43
127.17 , 411.86
135.26 , 429.5
143.2 , 445.46
152.12 , 460.35
162.89 , 475.91
173.77 , 489.33
184.94 , 502.71
195.91 , 516.87
206.95 , 531.75
218.35 , 547.01
229.47 , 560.43
241.99 , 571.85
258.17 , 579.94
276.81 , 582.69
294.3 , 581.08
311.89 , 577.36
329.16 , 572.54
346.14 , 566.65
362.22 , 558.82
377.26 , 549.05
393.43 , 538.43
408.35 , 529.13
422.3 , 518.91
435.45 , 506.66
448.2 , 492
458.74 , 477.74
468.53 , 462.41
478.5 , 447.15
487.55 , 432.56
497.03 , 416.32
504.1 , 400.49
509.4 , 384.24
512.87 , 366.12
515.56 , 347.69
515.89 , 329.36
514.35 , 311.05
512.55 , 293.05
210.48 , 328.75
205.7 , 342.89
201.27 , 357.83
197.07 , 371.06
200.22 , 386.88
211.19 , 396.02
225.84 , 402.42
239.62 , 405.35
256.01 , 402.95
269.87 , 397.92
283.94 , 392.7
297.98 , 385.79
309.5 , 376.65
314.42 , 362.55
310.43 , 348.19
301.87 , 334.68
293.45 , 321.25
201.4 , 452
210.01 , 441.16
221.25 , 433.65
233.43 , 428.74
247.23 , 427.25
261.75 , 427.24
274.07 , 422.82
286.77 , 419.13
301 , 419.5
314.68 , 421.25
328.6 , 422.5
342.15 , 424.5
354.52 , 428.88
355.02 , 442.88
348.93 , 454.7
341.63 , 466.02
332.45 , 476.69
321.52 , 485.15
309.62 , 491.02
297.4 , 495.75
284.55 , 499.25
271.58 , 502.49
257.77 , 503.99
244.47 , 501.53
232.65 , 495.5
221.9 , 486.5
213.48 , 475.57
206.89 , 463.98
205.15 , 452.75
214.88 , 449.77
225.15 , 447.75
235.93 , 446.75
246.95 , 446.25
258.2 , 446.25
269.1 , 447
279.98 , 446.26
290 , 443.77
300.08 , 441.32
310.48 , 439.51
321.23 , 438.5
331.88 , 437.25
342.52 , 436
347.2 , 440.46
337.9 , 444.75
328.23 , 447.98
318.3 , 450.75
308.3 , 453.35
298.1 , 455.54
287.93 , 457.75
277.75 , 460.02
267.27 , 461.63
256.58 , 462.75
245.43 , 462.5
234.83 , 461.18
224.72 , 458.78
214.67 , 456.26
305.65 , 254.75
309.81 , 248.32
315.92 , 243.22
322.42 , 239.24
329.22 , 235.97
336.38 , 233.77
344.02 , 232.51
352.27 , 232.5
360.17 , 233.25
367.47 , 235.26
373.9 , 239.5
373.79 , 247.35
366.97 , 250.47
359.88 , 252.77
352.52 , 254.74
344.88 , 256
336.85 , 256.5
328.72 , 256.75
320.82 , 257.5
312.92 , 256.75
189.96 , 256.38
186.75 , 251.59
181.8 , 248.88
176.02 , 248.06
170.09 , 248.56
164.42 , 249.56
158.97 , 251.06
153.52 , 252.52
148.29 , 254.5
143.32 , 257.16
141.22 , 262.31
146.24 , 264.32
151.34 , 266.68
156.5 , 268.82
162.17 , 269.81
168.22 , 270.06
173.9 , 269.07
179.44 , 267.81
184.67 , 265.85
189.31 , 262.24
256 , 208.75
270.12 , 198.87
285.95 , 193.54
302.8 , 190.26
320.4 , 188.5
338.35 , 187.5
356.82 , 187.5
374.55 , 189
391.52 , 192.02
407.5 , 197
419.35 , 208.4
403.73 , 214.25
385.65 , 215
367.3 , 214.75
349.23 , 215.5
331.38 , 216.75
313.9 , 218.76
296.77 , 221.5
280.12 , 225.25
262.25 , 224.17
193.1 , 228.17
186.35 , 219.68
176.73 , 215.63
166.38 , 213.12
155.33 , 212.12
144.16 , 211.37
132.75 , 211.62
122.08 , 213.35
111.88 , 216.09
102.31 , 220.36
94.03 , 228.12
99.78 , 237.12
109.5 , 240.88
120.43 , 239.62
130.75 , 237.11
141.33 , 235.13
152.85 , 235.12
164.03 , 235.87
174.96 , 237.12
186.11 , 236.37
