2915550024_1
434.56 , 534.68
434.05 , 552.1
434.8 , 571.17
436.81 , 589.9
439.15 , 608.74
441 , 625.51
442.95 , 645.73
445.06 , 662.54
453.59 , 680.13
462.72 , 696.25
470.93 , 713.51
478.89 , 730.26
487.56 , 745.13
499.39 , 760.98
512.43 , 773.43
528.36 , 784.88
544.19 , 794.01
560.33 , 801.89
577.31 , 808.36
596.47 , 813.67
614.62 , 816.34
632.56 , 814.14
650.45 , 806.53
664.97 , 797.7
680.86 , 785.58
694.58 , 773.28
707.04 , 759.9
719.79 , 745.23
730.26 , 731.36
740.77 , 715.44
750.89 , 700.86
764.02 , 687.15
771.96 , 670.77
779.51 , 653.41
786.34 , 635.89
792.22 , 617.71
797.07 , 599.26
800.61 , 582.47
804.15 , 563.73
806.87 , 544.86
808.22 , 525.67
573.94 , 574.63
570.6 , 588.36
561.93 , 600.63
554.65 , 613.19
554.04 , 628.29
562.04 , 639.99
575.47 , 644.74
591.05 , 647.67
605.43 , 649.17
620.83 , 647.39
635.05 , 645.65
649.25 , 640.1
661.85 , 633.48
665.05 , 619.44
661.68 , 605.17
653.74 , 592.81
649.18 , 577.37
533.74 , 701.83
544.24 , 698.58
555.09 , 695.8
566.07 , 693.34
577.74 , 692.33
589.54 , 693.08
601.34 , 693.83
613.26 , 694.33
624.82 , 693.08
636.26 , 691.57
648.41 , 691.58
660.22 , 692.33
671.51 , 694.1
681.77 , 698.09
682.02 , 709.06
672.32 , 714.6
661.89 , 718.05
651.47 , 721.59
640.59 , 724.23
629.66 , 726.81
618.34 , 728.58
606.19 , 728.54
595.07 , 726.4
584.37 , 723.45
573.91 , 720.01
563.49 , 716.58
553.24 , 712.58
543.19 , 708.04
550.99 , 705.33
558.66 , 706.85
567.09 , 706.83
575.26 , 707.33
583.22 , 708.31
591.26 , 709.1
599.44 , 709.58
607.87 , 709.58
616.16 , 709.33
624.49 , 709.08
632.66 , 708.58
640.84 , 708.1
649.01 , 707.58
656.84 , 706.34
659.07 , 706.51
651.64 , 708.56
644.07 , 710.34
636.49 , 712.08
628.79 , 713.59
620.97 , 714.83
613.01 , 715.83
604.84 , 715.81
596.79 , 715.07
588.97 , 713.83
581.37 , 712.06
573.62 , 710.7
565.99 , 709.08
558.04 , 708.1
659.75 , 491.28
666.7 , 482.83
674.77 , 474.76
683.1 , 467.44
691.88 , 461.4
701.23 , 456.78
711.45 , 454.28
722.73 , 454.53
733.4 , 456
742.65 , 460.91
750.17 , 469.18
751.52 , 479.93
743.42 , 487.78
734.02 , 492.27
724.35 , 495.77
713.77 , 497.53
702.5 , 497.28
691.7 , 496.03
681.38 , 493.78
670.8 , 492.03
544.32 , 486
541.05 , 476.73
534.02 , 468.82
525.48 , 463.59
516.45 , 459.61
506.33 , 458.1
495.57 , 458.34
486.23 , 461.42
477.48 , 466.18
469.8 , 473.85
461.8 , 480.6
467.63 , 488.93
474.4 , 496.95
482.4 , 503.72
491.7 , 506.87
502.33 , 506.35
512.35 , 504.61
522.12 , 502.35
531.38 , 499.07
540.33 , 494.84
647.75 , 454.29
654.3 , 441.22
667.27 , 434.28
680.85 , 429.32
695.1 , 425.54
709.55 , 422.29
724.38 , 419.79
739.33 , 417.54
755.12 , 417.04
770.77 , 417.79
785.6 , 420.27
780.02 , 429.53
765.17 , 432.04
750.17 , 434.11
735.55 , 437.04
720.85 , 439.81
705.92 , 442.03
691.67 , 445.77
677.77 , 450.03
663.2 , 453.04
563.84 , 435.42
554.42 , 428.8
543.45 , 426.07
531.65 , 425.07
519.85 , 424.07
508.05 , 423.07
495.88 , 423.32
484.32 , 424.83
473.65 , 428.11
463.83 , 433.68
457.2 , 443.07
466.42 , 450.31
477.85 , 448.57
489.15 , 446.57
501.32 , 446.32
513 , 445.07
524.8 , 444.07
536.73 , 444.82
548.42 , 446.07
560.69 , 446.08
