13601661_1
413.65 , 452.15
416.13 , 469
418.94 , 487.68
420.47 , 504.53
420.67 , 523.34
418.7 , 540.6
419.83 , 558.91
423.11 , 576.78
428.25 , 594.32
435.77 , 609.15
447.23 , 624.23
458.38 , 636.55
472.03 , 650.45
484.88 , 663.07
498.19 , 675.25
511.82 , 687.29
524.64 , 697.54
539.94 , 706.98
556.59 , 714.24
574.42 , 719.57
591.65 , 723.19
609.3 , 724.95
628.48 , 722.99
645.49 , 718.03
662.21 , 711.89
678.61 , 705.21
695.39 , 697.8
712.03 , 690.4
726.74 , 680.46
740.04 , 668.93
752.03 , 656
763.06 , 641.85
773.64 , 626.96
783.08 , 611.96
789.03 , 594.29
793.89 , 578
797.5 , 560.36
801.53 , 542.18
805.86 , 524.61
810.1 , 506.69
813.95 , 488.8
583.35 , 436.75
572.18 , 447.32
561.08 , 459.62
552.16 , 474.25
558.19 , 488.48
572.95 , 494.48
589.1 , 499.19
605.22 , 502.12
621.25 , 503.8
637.79 , 504.44
653.81 , 504.47
671.08 , 504.96
686.58 , 501.51
694.56 , 488.24
686.77 , 473.02
678.85 , 459.3
670.44 , 444.1
531.25 , 568.13
540.33 , 557.56
551.17 , 549.17
563.2 , 544.11
575.02 , 538.39
587.6 , 534.64
601.4 , 533.39
613.7 , 537.65
626.4 , 541.15
640.23 , 539.88
652.25 , 544.88
663.92 , 551.03
674.9 , 559.01
685.37 , 568.48
691.03 , 580.33
684.69 , 591.94
673.7 , 599.89
661.77 , 605.38
648.8 , 608.36
636.38 , 612.37
622.35 , 611.62
609.38 , 608.63
595.67 , 607.13
582.35 , 604.87
569.5 , 601.63
557.52 , 596.37
545.7 , 590.6
536.5 , 580.06
538.75 , 568.88
550.2 , 568.88
560.9 , 567.38
571.73 , 566.13
582.7 , 567.13
593.4 , 568.63
604.23 , 569.88
615.42 , 570.38
626.62 , 570.88
637.33 , 572.37
647.8 , 574.4
658.38 , 576.16
669.45 , 576.88
680.05 , 578.65
689.77 , 580.14
679.42 , 577.81
669.05 , 575.62
658.48 , 573.88
647.77 , 572.38
636.92 , 571.13
625.98 , 570.13
614.67 , 570.38
603.6 , 569.63
592.77 , 568.38
582.05 , 566.88
571.35 , 565.38
560.02 , 565.63
549.45 , 567.38
678.6 , 411.17
685.5 , 406.55
692.73 , 402.67
700.33 , 399.92
708.52 , 398.42
717.12 , 397.67
725.7 , 398.42
733.68 , 400.45
741.27 , 403.16
748.58 , 406.89
754.35 , 413.4
749.83 , 420.19
742.55 , 423.95
734.45 , 425.67
725.53 , 425.67
716.8 , 425.17
708.7 , 423.41
700.62 , 421.67
692.98 , 419.04
685.8 , 415.1
572.14 , 397.48
565.33 , 390.39
557.05 , 386.37
548.35 , 383.57
539 , 382.08
529.4 , 381.08
519.3 , 381.08
509.95 , 382.62
501.23 , 385.32
492.8 , 388.82
484.75 , 393.33
492.3 , 399.33
500.73 , 402.84
509.48 , 405.56
518.45 , 407.84
527.8 , 409.33
537.52 , 408.58
547 , 407.33
556.12 , 405.3
565.4 , 403.68
659.24 , 357.56
669.64 , 346.13
683.41 , 342.04
698.09 , 339.81
713.87 , 339.81
728.91 , 341.31
743.97 , 342.81
757.94 , 346.52
770.39 , 354.06
780.46 , 365.54
785.89 , 378.71
784.24 , 393.61
773.44 , 383.25
761.62 , 373.93
748.32 , 368.8
733.49 , 366.81
718.09 , 366.06
702.44 , 366.31
687.14 , 365.31
672.24 , 363.56
586.24 , 349.51
585.02 , 334.3
572.21 , 326.77
557.51 , 323.77
542.34 , 321.77
526.31 , 321.49
511.51 , 324.25
497.46 , 328.52
484.03 , 334.26
471.41 , 342.33
461.29 , 354.19
454.46 , 367.27
469.83 , 365.64
482.71 , 358.27
496.08 , 352.24
511.49 , 350.77
526.91 , 352.27
542.09 , 354.26
557.16 , 356.52
572.93 , 355.77
