2919219678_1
268.52 , 347.95
270.88 , 364.73
272.2 , 382.97
273.7 , 401.33
276.94 , 420.01
281.29 , 437.2
284.87 , 454.77
289.96 , 471.7
296.27 , 490.51
303.08 , 505.77
314.59 , 521.07
327.32 , 533.65
341.19 , 544.97
356.11 , 557.07
369.77 , 567.88
384.28 , 578.5
400.58 , 588.82
417.26 , 595.45
433.76 , 601.89
451.82 , 608.45
469.49 , 614.28
485.77 , 619.7
504.06 , 623.3
522.82 , 621.87
539.4 , 616.45
555.32 , 608.5
570.35 , 595.93
579.93 , 581.77
588.58 , 564.38
596.37 , 549.77
606.55 , 534.35
614.51 , 517.4
620.07 , 500.4
626.05 , 483.5
632.69 , 465.01
638.05 , 447.64
642.32 , 430.22
646.26 , 411.88
650.38 , 395.28
655.51 , 377.11
660.5 , 358.8
495.65 , 330.55
486.5 , 339.57
477.97 , 349.66
474.5 , 363.55
481.8 , 373.69
492.55 , 382.69
505.82 , 385.96
519.53 , 388.62
531.64 , 392
545.94 , 395.09
559.13 , 393.34
572.94 , 391.27
582.82 , 383.95
589.55 , 371.75
586.4 , 358.23
578.85 , 346.94
572.35 , 334.8
425.44 , 438.4
438.01 , 437.15
450.96 , 437.65
463.67 , 436.65
475.76 , 434.41
487.64 , 431.65
500.12 , 430.15
511.99 , 432.89
523.84 , 435.64
536.57 , 436.65
549.51 , 436.15
561.97 , 437.65
573.12 , 441.89
583.19 , 449.15
587.05 , 460.33
576.66 , 466.67
565.74 , 471.65
553.51 , 473.65
540.69 , 474.4
527.62 , 474.65
514.54 , 474.9
502.19 , 473.15
490.21 , 470.65
478.24 , 468.17
466.79 , 464.68
456.01 , 459.25
445.37 , 453.55
435.12 , 446.82
432.69 , 440.4
442.89 , 442.65
453.62 , 443.9
464.56 , 444.65
475.54 , 445.4
486.26 , 446.65
496.84 , 448.15
507.19 , 450.15
517.54 , 452.18
528.51 , 452.9
539.47 , 453.65
550.41 , 454.4
561.51 , 453.9
572.59 , 453.4
582.71 , 455.91
572.94 , 454.65
561.74 , 454.4
550.41 , 454.4
539.09 , 454.4
528.14 , 453.65
517.54 , 452.15
506.84 , 450.92
496.49 , 448.89
486.24 , 446.65
475.29 , 445.9
464.31 , 445.15
453.62 , 443.9
442.64 , 443.16
569.79 , 274.2
574.84 , 269.65
580.01 , 265.46
585.74 , 262.68
591.69 , 260.68
597.94 , 259.21
604.79 , 259.45
611.26 , 260.44
616.87 , 263.49
622.19 , 267.33
626.54 , 272.45
626.21 , 279.2
620.31 , 281.45
613.59 , 281.95
606.87 , 282.45
600.39 , 283.45
593.79 , 282.7
587.54 , 281.2
581.31 , 279.7
574.96 , 278.4
460.36 , 255.66
454.99 , 251.78
449.21 , 249.01
443.21 , 247.01
437.11 , 245.16
430.71 , 243.91
423.94 , 243.41
417.29 , 244.16
410.74 , 245.17
404.34 , 246.41
398.36 , 248.41
403.46 , 253.03
409.26 , 255.68
415.69 , 256.9
421.99 , 258.4
428.29 , 259.93
435.16 , 260.16
442.06 , 259.91
448.96 , 259.66
455.73 , 260.15
576.24 , 236.91
579.93 , 228.69
587.79 , 223.89
597.01 , 222.41
606.51 , 223.41
616.37 , 223.65
625.24 , 221.41
634.49 , 219.91
641.93 , 225.86
647.5 , 233.44
652.99 , 241.03
651.66 , 249.59
642.51 , 247.92
634.09 , 244.76
625.54 , 241.9
616.16 , 240.66
606.44 , 241.16
597.32 , 242.85
589.14 , 246.9
580.2 , 245.11
493.44 , 217.3
483.02 , 206.13
470.12 , 199.87
455.77 , 197.12
440.07 , 197.12
425.12 , 198.62
409.68 , 199.12
394.57 , 200.37
380.1 , 202.87
366.82 , 207.87
355.25 , 217.62
370.6 , 216.87
385.8 , 217.87
401.25 , 218.37
416.7 , 218.87
431.68 , 220.37
446.15 , 222.86
460.52 , 225.62
474.65 , 228.86
489.37 , 230.89
