292071013_1
1060.12 , 1503.05
1066.79 , 1543.57
1074.6 , 1588.63
1083.63 , 1633.5
1093 , 1676.97
1103.61 , 1720.03
1114.95 , 1762.59
1129.8 , 1809.14
1147.71 , 1849.09
1172.51 , 1888.55
1201.16 , 1920.1
1237.19 , 1950.37
1273.67 , 1973.93
1311.79 , 1995.01
1354.76 , 2016.71
1394.13 , 2036.45
1434.28 , 2054.47
1478.63 , 2070.26
1522.9 , 2080.56
1564.95 , 2085.97
1608.56 , 2087.82
1657.55 , 2088.42
1701.41 , 2083.2
1746.65 , 2075.42
1787.65 , 2065.62
1830.55 , 2049.85
1868.94 , 2027.47
1901.76 , 1996.54
1932.65 , 1963.52
1962.51 , 1928.64
1990.92 , 1892.11
2014.08 , 1857.19
2038.3 , 1816.95
2058.6 , 1779.48
2076.81 , 1736.16
2092.65 , 1692.05
2105.21 , 1651.26
2115.7 , 1605.61
2123.53 , 1564.18
2130.31 , 1517.75
2136.6 , 1471.35
1560.29 , 1468.81
1534.42 , 1490.27
1518.71 , 1522.5
1512.94 , 1554.42
1521.69 , 1589.6
1549.67 , 1605.31
1585.2 , 1612.17
1620.83 , 1616.47
1656.06 , 1617.96
1691.18 , 1617.86
1722.74 , 1612.91
1758.84 , 1603.9
1790.55 , 1593.14
1820.52 , 1573.03
1824.65 , 1541.35
1805.65 , 1509.7
1778.08 , 1487.13
1434.2 , 1754.51
1461.67 , 1736.78
1492.67 , 1728
1524 , 1719.74
1556.98 , 1715.01
1592.12 , 1714.76
1627.3 , 1715.01
1660.15 , 1710.01
1693.03 , 1705.01
1726.85 , 1702.01
1761.53 , 1703.26
1793.9 , 1709.27
1823.33 , 1721.63
1850.2 , 1741.26
1839.48 , 1770.73
1818.2 , 1797.01
1796.35 , 1823.01
1769.25 , 1841.96
1739.28 , 1852.76
1705.8 , 1856.51
1672.22 , 1853.01
1639.25 , 1848.25
1606.75 , 1842.5
1574.15 , 1836.97
1544.1 , 1826.44
1517.9 , 1804.95
1489.88 , 1788.66
1461.15 , 1773.94
1461.2 , 1756.26
1488.25 , 1758.51
1514.95 , 1755.51
1542.5 , 1754.26
1570.68 , 1754.26
1596.4 , 1759.22
1622.12 , 1764.19
1648.1 , 1768.66
1675.38 , 1770.51
1702.12 , 1767.58
1728.05 , 1763.03
1753.65 , 1757.75
1779.05 , 1752.01
1805.15 , 1747.75
1829.42 , 1750.01
1801.65 , 1749.75
1775.43 , 1753.78
1750.38 , 1760.25
1724.88 , 1765.79
1698.8 , 1769.98
1672.1 , 1773.01
1644.75 , 1771.3
1619.4 , 1765.49
1594.22 , 1759.26
1568 , 1755.26
1539.85 , 1755.27
1513.53 , 1759.01
1486.7 , 1761.76
1771.99 , 1296.28
1778.56 , 1277.68
1794.34 , 1263.16
1810.99 , 1251.03
1828.71 , 1241.79
1847.74 , 1236.03
1868.14 , 1233.03
1889.62 , 1232.28
1910.24 , 1234.78
1928.79 , 1241.57
1945.24 , 1253.78
1954.23 , 1271.59
1937.32 , 1282.96
1917.77 , 1287.78
1897.49 , 1291.03
1876.14 , 1292.03
1854.51 , 1291.53
1833.76 , 1289.28
1812.51 , 1290.53
1792.12 , 1293.53
1452.13 , 1267.35
1439.56 , 1254.29
1423.91 , 1248.45
1406.63 , 1245.95
1388.76 , 1244.7
1370.51 , 1244.2
1353.01 , 1246.2
1335.61 , 1248.46
1318.71 , 1251.7
1303.13 , 1257.75
1289.96 , 1270.45
1305.04 , 1277.98
1321.34 , 1282.48
1339.56 , 1282.95
1357.93 , 1283.2
1375.93 , 1284.2
1394.16 , 1284.7
1412.16 , 1285.7
1430.41 , 1285.2
1448.16 , 1283.7
1712.6 , 1138.4
1744.8 , 1117.66
1784.77 , 1119.9
1822.12 , 1111.65
1859.57 , 1103.65
1896.72 , 1095.03
1934.2 , 1087.06
1975.07 , 1087.15
2009.38 , 1102.67
2041.9 , 1122.68
2062.44 , 1154.5
2026.65 , 1159.9
1987.38 , 1156.63
1949.45 , 1163.56
1911.8 , 1171.15
1870.82 , 1170.91
1831.42 , 1174.83
1792.75 , 1180.25
1754.72 , 1186.77
1718.35 , 1176.95
1561.19 , 1165.37
1527.51 , 1130.43
1487.29 , 1108.65
1443.84 , 1095.7
1398.52 , 1086.17
1353.29 , 1076.44
1304.72 , 1074.19
1259.14 , 1083.18
1218.14 , 1102.79
1181.24 , 1133.67
1153.49 , 1171.67
1197.16 , 1158.99
1243.51 , 1151.65
1291.51 , 1147.66
1339.87 , 1150.89
1385.64 , 1159.43
1430.74 , 1169.42
1475.27 , 1180.67
1517.64 , 1196.16
1562.06 , 1207.67
