2921367538_2
580.45 , 815.5
579.03 , 836.22
578.72 , 859.14
579.65 , 882.16
580.71 , 903.05
584.26 , 925.6
591.53 , 947.14
601.5 , 965.59
615.09 , 984.24
629.75 , 1001.94
644.62 , 1016.75
664.34 , 1029.25
684.79 , 1038.28
705.88 , 1045.43
726.67 , 1053.26
747.34 , 1062.4
769.15 , 1069.1
789.39 , 1072.55
812.41 , 1075.76
834.06 , 1079.54
857.19 , 1081.72
879.77 , 1079.97
901.24 , 1074.27
921.93 , 1066.72
943.86 , 1064.09
963.58 , 1055.21
980.85 , 1040.05
997.55 , 1025
1015.92 , 1015.22
1036.35 , 1004.44
1058.46 , 997.27
1077.59 , 990.08
1099.74 , 980.81
1118.39 , 972.27
1128.05 , 951.93
1134.71 , 930.46
1140.44 , 909.62
1145.86 , 888.1
1151.92 , 864.58
1154.5 , 842.49
1154.69 , 819.98
808.79 , 814.41
798.8 , 829.54
789.39 , 846.33
780.01 , 864.29
784.51 , 881.81
800.15 , 893.03
818.17 , 900.89
838.27 , 906.11
857.56 , 908.5
876.58 , 908.2
895.74 , 906.38
915.88 , 901
934.03 , 893.64
946.51 , 879.75
940.65 , 862.28
931.7 , 845.4
918.32 , 829.07
734.35 , 957.76
748.95 , 951.48
764.77 , 947.76
781.55 , 946.01
798.2 , 944.01
814.95 , 942.26
831.85 , 943.76
848 , 946.78
865 , 948.01
881.78 , 946.26
898.9 , 945.26
915.08 , 948.24
929.85 , 954.26
943.68 , 962.86
955.63 , 972.76
940.08 , 977.02
924.3 , 980.8
908.35 , 984.26
892.55 , 988.05
876.23 , 990.76
859.1 , 991.76
841.48 , 991.76
824.48 , 990.54
808.65 , 986.78
793.58 , 981.74
778.9 , 975.54
764.05 , 969.78
748.53 , 965.44
749.1 , 959.51
761.95 , 957.51
774.8 , 955.51
788.25 , 954.76
801.83 , 955.26
815.3 , 956.01
828.53 , 957.28
841.68 , 958.58
855.08 , 959.51
868.78 , 959.26
882.48 , 959.01
895.93 , 959.75
908.68 , 962.04
920.9 , 965.28
933.45 , 967.86
924.1 , 967.26
910.62 , 966.51
896.8 , 966.51
883.1 , 966.76
869.3 , 966.72
856 , 965.66
842.73 , 964.51
829.15 , 965.01
815.58 , 964.51
802.48 , 963.04
789.5 , 961.25
776.4 , 959.76
762.7 , 960.01
939.6 , 763.86
947.03 , 754.18
956.62 , 746.58
966.65 , 740.1
977.38 , 735.61
989.25 , 733.62
1001.73 , 734.36
1013.5 , 736.63
1024.5 , 740.27
1034.8 , 746.05
1043.94 , 754.94
1043.85 , 767.61
1033.75 , 773.87
1022.35 , 776.86
1010 , 777.86
997.62 , 776.86
984.9 , 776.6
973.15 , 774.35
961.4 , 772.11
950.15 , 768.84
790.55 , 745.23
783.74 , 735.93
774.82 , 728
764.69 , 723.38
754.27 , 719.65
742.99 , 717.63
730.99 , 717.14
719.72 , 719.13
709.09 , 722.35
699.12 , 727.48
689.69 , 733.88
695.41 , 743.6
704.79 , 750.23
715.12 , 754.14
726.17 , 756.63
737.79 , 757.88
749.57 , 758.88
761.57 , 758.38
773.07 , 756.89
784.12 , 754.36
920.85 , 698.55
934.65 , 684.24
953.52 , 681.78
972.85 , 680.3
992.23 , 678.92
1011.88 , 679.55
1030.6 , 682.3
1048.15 , 687.28
1064.95 , 694.14
1080.97 , 703.21
1096.35 , 714.05
1086.97 , 724.06
1068.25 , 721.31
1049.9 , 717.82
1032.28 , 712.78
1014.12 , 708.8
995.17 , 706.55
975.45 , 706.2
956.4 , 708.29
937.33 , 706.28
789.89 , 686.85
787.87 , 671.01
771.09 , 661.95
753.22 , 656.09
734.44 , 651.83
714.47 , 650.1
694.01 , 650.85
675.39 , 655.44
658.04 , 662.81
641.47 , 672.38
625.89 , 684.7
610.99 , 698.85
630.62 , 701.34
651.07 , 700.6
670.54 , 697.83
689.22 , 693.35
708.09 , 689.34
728.04 , 687.56
748.62 , 687.1
769.32 , 687.35
