2921368242_1
600.69 , 769.73
597.81 , 793.08
595.32 , 814.86
593.05 , 838.87
591.47 , 863.35
590.81 , 887.91
591.78 , 909.37
596.75 , 934.45
604.45 , 956.81
614.69 , 978.14
626.44 , 998.55
639.87 , 1017.78
657.2 , 1032.44
677.99 , 1044.15
699.29 , 1053.9
722.03 , 1063.63
741.78 , 1078.63
759.41 , 1093.25
778.84 , 1105.23
802.05 , 1114.39
824.64 , 1120.96
847.35 , 1122.59
871.84 , 1121.07
893.75 , 1116.23
918.25 , 1110.85
941.63 , 1104.36
964.36 , 1097.32
985.82 , 1088.94
1007.08 , 1078.62
1027.32 , 1066.72
1047.33 , 1053.64
1067.06 , 1041.93
1087.42 , 1027.58
1106.97 , 1016.13
1126.74 , 1002.62
1144.68 , 987.91
1155.07 , 966.85
1164.36 , 942.76
1173.35 , 920.8
1178.22 , 897.6
1182.43 , 874.12
843.5 , 808.44
841.32 , 830.69
830.88 , 849.37
818.59 , 869.81
816.32 , 891.59
832.04 , 908.12
853.36 , 916.01
875.35 , 924.2
898.15 , 928.44
918.97 , 929.92
943.12 , 928.03
964.9 , 922.29
980.77 , 906.51
977.57 , 883.71
971.1 , 862.98
967.37 , 839.99
965.7 , 815.85
749.69 , 961.53
767.59 , 960.28
785.62 , 961.28
803.27 , 963.03
821.04 , 964.53
838.59 , 966.55
856.49 , 967.78
874.39 , 969.03
891.69 , 971.53
908.62 , 974.77
925.67 , 977.78
942.47 , 981.3
958.32 , 986.65
973.74 , 993.31
977.84 , 1006.26
961.32 , 1010.41
944.42 , 1013.78
927.12 , 1016.27
909.34 , 1017.78
891.07 , 1017.29
873.79 , 1014.78
856.72 , 1011.78
839.67 , 1008.78
823.19 , 1004.53
807.82 , 997.91
793.12 , 989.28
778.27 , 981.07
763.52 , 972.61
768.94 , 963.03
784.59 , 964.03
799.77 , 966.03
814.82 , 968.28
829.42 , 971.53
843.99 , 974.78
858.57 , 978.03
872.77 , 982.03
887.57 , 984.77
903.37 , 985.53
919.39 , 985.78
934.79 , 987.29
949.49 , 990.27
963.84 , 994.06
977.07 , 999.77
961.67 , 998.28
946.12 , 997.03
930.47 , 996.03
914.69 , 995.28
898.89 , 994.53
883.47 , 993.03
868.79 , 990.04
854.32 , 986.52
839.74 , 983.28
825.39 , 979.55
811.34 , 975.31
796.99 , 971.51
782.82 , 967.56
982.75 , 783.68
989.95 , 774.24
1000 , 768.68
1010.27 , 763.66
1021.05 , 760.16
1032.85 , 758.68
1045 , 759.43
1055.7 , 763.14
1066.12 , 767.56
1076.17 , 773.18
1085.25 , 781.43
1086.14 , 793.03
1075.5 , 796.93
1063.58 , 798.18
1051.05 , 798.18
1038.78 , 797.68
1026.85 , 796.43
1015.17 , 794.68
1003.75 , 792.43
992.88 , 789.05
819.76 , 752.94
814.95 , 744.14
807.16 , 736.57
798.56 , 731.2
789.11 , 728.2
778.53 , 727.44
767.81 , 727.95
757.86 , 729.91
748.24 , 732.68
739.16 , 736.7
730.26 , 741.19
738.34 , 748.03
746.93 , 753.38
755.99 , 757.45
765.61 , 760.22
775.36 , 762.72
785.43 , 764.44
796.26 , 764.69
806.86 , 763.94
816.94 , 762.22
974.2 , 722.54
986.89 , 706.84
1006.55 , 703.76
1027.42 , 704.29
1047.67 , 706.02
1067.33 , 709.05
1086.4 , 713.25
1105.05 , 718.29
1123.45 , 723.79
1140.58 , 732.7
1156.1 , 745.94
1144.68 , 758.04
1125.98 , 753.06
1107.75 , 747.29
1089.48 , 741.56
1070.83 , 736.56
1051.88 , 732.04
1032.93 , 727.53
1013.78 , 723.57
994.23 , 720.29
841.83 , 702.14
840.98 , 682.46
822.4 , 672.15
802.03 , 666.42
780.88 , 662.15
758.38 , 660.64
735.55 , 659.89
712.93 , 661.14
691.9 , 665.65
672.73 , 674.35
654.8 , 686.52
637.68 , 700.89
660.05 , 702.64
683.13 , 702.89
705.38 , 700.89
727.98 , 699.64
751.05 , 699.39
773.78 , 700.39
796.5 , 701.39
818.98 , 702.91
