2921821351_1
275.15 , 429.55
278.68 , 450.31
283.21 , 470.74
288.25 , 493.43
292.67 , 513.79
297.97 , 536.31
303.46 , 556.38
311.16 , 578.14
320.12 , 596.91
332.05 , 616.83
344.87 , 633.22
360.12 , 647.54
380.02 , 659.46
400.98 , 666.27
422.47 , 671.36
442.25 , 676.95
464.97 , 682.01
485.67 , 686.02
508.43 , 688.86
529.63 , 689.77
551.49 , 687.46
572.29 , 684.07
594.06 , 678.27
615.91 , 671.14
636 , 665.32
656.46 , 659.04
677.69 , 650.25
694.98 , 639.92
711.91 , 622.96
723.29 , 605.15
733.02 , 585.92
742.15 , 566.24
749.77 , 545.82
756.25 , 524.96
761.39 , 503.73
765.62 , 482.13
770.15 , 459.24
772.75 , 438.41
773.97 , 417.44
773.49 , 394.57
771.05 , 371.75
476.19 , 408
470.9 , 422.63
466.35 , 437.98
464.78 , 455.43
470.11 , 469.99
481.01 , 482.43
495.19 , 489.38
510.8 , 493.91
526.84 , 494.31
542.88 , 490.45
557.54 , 481.25
570.89 , 471.07
581.95 , 460.01
587.41 , 444.06
585.04 , 427.95
579.33 , 412.28
573.5 , 396.93
450.25 , 567.93
461.02 , 561.42
472.32 , 556.2
483.52 , 550.69
495.5 , 547.18
508.7 , 548.19
520.83 , 551.46
534.52 , 551.43
546.77 , 548.43
558.48 , 544.42
571.3 , 542.68
584.88 , 542.43
597.23 , 545.18
608.46 , 550.67
604.01 , 562.15
594.23 , 571.45
584.08 , 579.86
574.2 , 588.99
563.05 , 594.64
551.75 , 599.93
539.65 , 603.17
526.67 , 604.68
513.48 , 603.68
501 , 601.18
489.05 , 597.66
477.82 , 592.19
466.77 , 586.21
456.25 , 578.93
458.25 , 567.68
468.48 , 565.93
478.95 , 564.68
489.8 , 564.18
500.75 , 564.43
511.12 , 565.92
521.12 , 568.21
531.73 , 569.18
542.1 , 567.69
552.1 , 565.4
562.08 , 563.11
572.15 , 561.03
582.3 , 559.14
592.58 , 557.4
601.8 , 556.89
591.65 , 558.78
581.45 , 560.7
571.4 , 562.78
561.4 , 565.03
551.45 , 567.47
541.55 , 569.93
531.05 , 571.18
520.58 , 569.96
510.57 , 567.71
500.68 , 565.18
489.95 , 564.43
479.23 , 565.18
469 , 566.93
571.45 , 298.72
576.38 , 289.52
582.83 , 280.82
591.05 , 273.13
600.35 , 268.31
609.98 , 264.47
620.93 , 263.47
631.9 , 264.47
642.12 , 266.97
651.55 , 271.54
660.15 , 278.15
662.93 , 288.25
655.95 , 296.72
646.83 , 301.97
636.85 , 304.96
625.55 , 305.22
614.35 , 304.72
603.75 , 302.97
593.5 , 300.47
582.18 , 300.22
452.77 , 309.71
444.25 , 303.21
435.3 , 297.82
425.88 , 293.83
415.65 , 291.58
404.6 , 291.08
394.28 , 293.06
384.83 , 297.09
376.3 , 303.63
369.6 , 312.08
363.85 , 320.83
368.91 , 329.89
377.83 , 335.31
388.12 , 337.33
399.3 , 337.08
410.25 , 336.33
420.48 , 334.08
429.98 , 330.33
439.08 , 325.36
447.54 , 318.63
533.91 , 263.64
543.76 , 247.26
558.26 , 232.54
574.74 , 222.83
592.43 , 216.63
611.71 , 213.64
631.71 , 212.1
652.28 , 212.14
670.86 , 216.64
687.21 , 226.65
701.16 , 241.14
702.01 , 257.64
683.28 , 253.39
663.63 , 251.14
643.23 , 250.39
623.18 , 251.89
603.66 , 254.39
585.88 , 260.4
568.34 , 266.96
550.66 , 272.64
476.23 , 265.56
460.34 , 252.2
442.22 , 245.24
422.51 , 241.49
401.49 , 240.49
380.84 , 242.23
362.54 , 248.74
345.49 , 258.87
329.72 , 272.41
316.33 , 288.29
308.14 , 305.99
325.62 , 314.51
342.99 , 305.17
359.49 , 293.64
377.12 , 285.01
396.54 , 280.72
417.94 , 280.49
437.74 , 284.02
456.76 , 289.11
476.76 , 286.24
