2926246380_1
334.49 , 323.81
330.92 , 337.08
329.91 , 350.25
329.2 , 363.92
330.12 , 377.75
331.91 , 392.41
333.59 , 405.41
336.62 , 419.75
340.77 , 432.04
347.13 , 445.1
354.29 , 456.61
362.98 , 468.43
370.77 , 478.72
379.71 , 489.29
391.11 , 498.93
403.08 , 505.23
416.45 , 508.7
430.65 , 509.63
443.79 , 509.95
458.39 , 509.7
471.43 , 508.61
485.73 , 506.81
500.03 , 504.4
513.26 , 501.67
527.13 , 498.92
539.94 , 496.18
553.33 , 491.32
565.64 , 484.66
576.96 , 476.56
586.79 , 466.79
595.67 , 455.78
604.39 , 444.98
611.47 , 432.67
615.66 , 420.34
618.61 , 406.42
620.82 , 392.3
623.01 , 378.23
624.59 , 365.51
625.99 , 351.34
626.12 , 336.99
625.13 , 322.75
402.83 , 302.87
399 , 311.76
394.52 , 321.39
392.33 , 331.57
395.72 , 341.38
403.87 , 347.59
414.14 , 347.92
423.85 , 346.43
434.6 , 344.44
444.42 , 343.78
455.01 , 344.45
465.13 , 344.43
472.79 , 338.06
474.43 , 328.03
468.69 , 319.97
461.09 , 312.74
453.75 , 304.23
385.62 , 397.31
389.84 , 389.59
396.75 , 382.94
404.52 , 378.66
413.25 , 376.81
422.07 , 378.57
431.1 , 379.81
440.52 , 379.31
450.05 , 379.06
459.22 , 380.06
467.92 , 382.08
476.44 , 384.38
484.5 , 387.68
492.47 , 391.4
499.76 , 396.94
493.97 , 403.71
485.72 , 406.46
477.32 , 409.08
469.07 , 411.85
460.77 , 414.54
452.07 , 416.56
442.77 , 417.31
433.12 , 417.31
423.94 , 416.3
415.14 , 414.57
406.72 , 412.09
398.62 , 408.81
390.78 , 404.73
388.12 , 399.06
395.32 , 397.31
403 , 396.56
410.94 , 396.31
418.75 , 396.81
426.57 , 397.31
434.25 , 396.56
442.07 , 396.06
450 , 395.81
458.05 , 395.81
465.87 , 396.31
473.8 , 396.56
481.72 , 396.81
489.55 , 397.31
496.75 , 398.56
489.19 , 397.56
481.37 , 397.06
473.57 , 396.56
465.62 , 396.81
457.69 , 397.06
450 , 397.81
442.44 , 398.81
434.5 , 398.56
426.57 , 398.31
418.87 , 397.56
411.19 , 396.81
403.14 , 396.81
395.44 , 397.56
493.44 , 263.27
496.82 , 258.87
501.61 , 256.5
506.51 , 254.49
511.76 , 253.28
517.24 , 252.52
522.84 , 253.02
528.22 , 254.02
533.19 , 255.77
538.06 , 257.89
542.56 , 261.02
541.44 , 265.77
536.34 , 267.25
531.09 , 268.53
525.59 , 269.27
519.87 , 269.02
514.26 , 268.51
508.91 , 267.52
503.66 , 266.27
498.29 , 265.3
415.07 , 263.52
411.49 , 260.7
407.64 , 258.58
403.74 , 256.56
399.54 , 255.33
394.89 , 255.07
390.21 , 255.32
385.66 , 255.83
381.51 , 257.14
377.64 , 259.25
373.84 , 261.32
376.12 , 265.08
380.09 , 266.82
384.64 , 267.32
389.31 , 267.57
393.87 , 267.07
398.64 , 267.07
403.19 , 267.57
407.86 , 267.82
412.29 , 267.09
479.82 , 205.96
489.97 , 201.19
501.12 , 198.69
513.27 , 198.21
525.14 , 199.21
536.79 , 200.7
547.25 , 204.68
557.27 , 209.95
566.5 , 217.38
575.15 , 226.04
578.07 , 233.46
568.47 , 227.12
559.14 , 220.02
548.92 , 215.21
537.64 , 212.96
525.52 , 212.94
514.77 , 216.2
503.12 , 217.72
491.6 , 219.46
479.8 , 218.35
405.33 , 217.65
403.15 , 211.63
397.46 , 208.39
390.99 , 207.08
383.96 , 207.32
377.06 , 207.82
370.54 , 209.07
364.64 , 211.82
359.19 , 215.77
354.69 , 220.99
351.85 , 226.87
349.89 , 233.07
355.74 , 231.25
360.99 , 226.73
366.34 , 222.59
372.46 , 220.58
379.49 , 220.32
386.51 , 220.57
393.41 , 221.07
400.06 , 222.09
