2932055669_1
481.47 , 1145.23
491.99 , 1196.5
504 , 1248.25
518.07 , 1304.81
530.54 , 1356.29
547.12 , 1408.08
566.23 , 1464.86
583.69 , 1516.76
606.69 , 1567.7
632.64 , 1611.32
664.34 , 1658.23
702.64 , 1701.63
739.56 , 1742.11
770.24 , 1784.13
807.29 , 1828.06
844.89 , 1866.1
892.61 , 1896.51
949.51 , 1908.93
1002.14 , 1912.3
1057.83 , 1913.37
1115.01 , 1917.27
1167.88 , 1907.79
1217.15 , 1889.67
1271.74 , 1873.68
1324.18 , 1850.16
1376.92 , 1831.43
1425.11 , 1810.88
1473.39 , 1785.18
1522.12 , 1755.78
1564.6 , 1725.46
1609.47 , 1686.74
1644.67 , 1646.74
1672.16 , 1601.25
1697.35 , 1548.41
1716.1 , 1498.25
1732.64 , 1446.92
1752.18 , 1391.67
1769.88 , 1341.24
1785.9 , 1290.49
1799.59 , 1232.03
1805.16 , 1176.11
1143.27 , 1125.23
1110.24 , 1150.52
1083.68 , 1184.66
1056.39 , 1223.5
1043.25 , 1261.18
1060.7 , 1303
1100.77 , 1312.98
1146.01 , 1317.18
1189.51 , 1319.12
1235.78 , 1324.27
1277.68 , 1331.72
1322.56 , 1340.23
1362.07 , 1324.74
1380.33 , 1285.57
1370.45 , 1241.35
1355.14 , 1199.62
1339.48 , 1157.08
992.35 , 1536.4
1016.6 , 1521.4
1040.97 , 1506.56
1065 , 1490.78
1088.7 , 1474.05
1115.33 , 1465.42
1144.4 , 1461.65
1174 , 1458.9
1203.83 , 1461.15
1230.95 , 1468.9
1255.42 , 1483.45
1276.17 , 1505.73
1292.5 , 1529.58
1307.16 , 1553.98
1314.68 , 1581.1
1291.03 , 1597.99
1267.97 , 1616.55
1244.47 , 1633.9
1219.15 , 1646.38
1192.8 , 1655.64
1163.22 , 1658.39
1135.2 , 1652.43
1108.08 , 1644.66
1081.55 , 1635.92
1056.03 , 1624.17
1030.7 , 1611.65
1008.6 , 1590.57
997.35 , 1564.9
1046.35 , 1537.4
1058.62 , 1525.62
1072.03 , 1516.96
1086.42 , 1511.12
1100.85 , 1505.4
1115.15 , 1499.12
1129.28 , 1492.41
1145.53 , 1493.91
1160.35 , 1498.65
1175.97 , 1501.93
1192.92 , 1501.4
1209.15 , 1499.4
1224.88 , 1502.39
1237.55 , 1513.1
1247.85 , 1525.9
1253.19 , 1540.5
1240.4 , 1549.65
1223.75 , 1550.55
1207.47 , 1548.63
1191.93 , 1545.22
1176.33 , 1541.9
1159.28 , 1541.65
1142.72 , 1540.27
1126.95 , 1537.4
1110.72 , 1535.4
1094.25 , 1533.9
1078.03 , 1531.9
1060.83 , 1531.89
1387.29 , 1031.62
1397.32 , 1011.34
1415.87 , 996.62
1436.89 , 988.88
1460.24 , 985.87
1485.07 , 985.87
1508.19 , 989.38
1529.79 , 995.87
1549.89 , 1006.44
1568.99 , 1019.56
1586.54 , 1037.12
1577.99 , 1057.66
1558.39 , 1069.52
1537.21 , 1076.85
1513.87 , 1079.87
1490.26 , 1077.37
1467.87 , 1072.39
1446.71 , 1065.05
1426.21 , 1055.56
1406.29 , 1044.62
1039.3 , 987.87
1023.18 , 967.83
1002.61 , 953.16
981.03 , 941.1
957.43 , 934.34
931.71 , 931.84
904.78 , 931.84
880.31 , 936.84
857.53 , 945.35
835.31 , 955.58
814.51 , 969.59
834.34 , 986.43
855.24 , 1000.31
876.93 , 1012.02
899.93 , 1019.86
925.41 , 1022.84
951.71 , 1021.59
977.18 , 1018.59
1002.66 , 1015.59
1026.16 , 1008.68
1407.1 , 851.02
1432.3 , 820.3
1467.42 , 807.49
1508.8 , 807.52
1546.8 , 814.48
1583.75 , 823.75
1618.27 , 838.26
1650.85 , 858.27
1681.65 , 883.28
1703.75 , 914.94
1717.9 , 949.57
1715.22 , 987.74
1679.9 , 975.55
1649.7 , 948.84
1617.55 , 927.73
1583.42 , 911.75
1547.82 , 900.25
1509.82 , 893.27
1470.5 , 889.04
1432.7 , 881.64
1106.47 , 797.59
1102.23 , 755.09
1062.97 , 736.06
1021.62 , 723.11
977.88 , 714.84
931.28 , 712.84
885.9 , 717.85
842.45 , 726.74
801.28 , 740.1
763.33 , 762.37
729.9 , 796.26
703.1 , 832.59
748.5 , 837.59
793.27 , 831.32
837.15 , 823.3
879.95 , 812.86
923.38 , 803.84
968.02 , 797.34
1015.7 , 797.09
1061.08 , 802.09
