293279342_1
602.24 , 718.42
601.73 , 743.61
602.06 , 768.68
602.81 , 793.64
605.18 , 817.36
610.13 , 843.13
614.54 , 868.31
620.04 , 892.99
628.44 , 915.35
640.48 , 938.53
653.74 , 958.96
669.74 , 979.44
688.85 , 996.05
707.49 , 1012.48
730.05 , 1025.8
753.12 , 1035.87
775.45 , 1043.11
800.53 , 1050.81
824.17 , 1056.62
849.08 , 1060.44
874.34 , 1063.23
898.61 , 1064.07
925.58 , 1061.37
949.63 , 1058.48
974.99 , 1053.22
998.07 , 1045.15
1019.33 , 1033.55
1043.52 , 1020.71
1064.74 , 1008
1084.57 , 992.45
1101.65 , 974.28
1116.6 , 955.21
1130.8 , 933.95
1143.26 , 910.19
1152.99 , 888.52
1165.22 , 866.23
1176.99 , 842.6
1182.63 , 818.1
1191.67 , 796.95
1197.14 , 769.93
1200.72 , 744.87
789.9 , 716.62
777.13 , 733.65
765.44 , 750.79
754.84 , 771.79
754 , 792.1
768.91 , 806.82
791.9 , 807.21
812.8 , 805
834.26 , 806.7
856.33 , 806.99
877.14 , 809.7
899.57 , 808.33
908.59 , 790.29
904.52 , 767.01
899.25 , 747.37
887.49 , 728.18
873.75 , 709.73
734.9 , 912.35
747.12 , 900.62
759.5 , 889.25
772.4 , 879.35
786.25 , 872.01
800.82 , 866.84
816.48 , 863.86
833.1 , 862.85
849.15 , 865.1
863.7 , 870.38
878.2 , 875.64
892.95 , 880.39
907.17 , 886.62
920.98 , 894.11
933.92 , 903.86
939.67 , 917.59
924.35 , 921.39
909.02 , 925.07
893.35 , 928.09
877.45 , 930.6
861.3 , 932.6
844.55 , 933.35
827.55 , 933.09
811.65 , 930.6
796.2 , 927.09
780.88 , 923.33
766.35 , 918.1
750.55 , 915.34
752.4 , 906.85
762.92 , 903.86
773.15 , 900.1
783.88 , 897.37
795.32 , 896.1
807 , 895.35
819.05 , 895.35
831 , 895.6
842.55 , 894.6
853.77 , 892.82
865.33 , 891.85
876.77 , 893.09
887.7 , 895.39
898.52 , 897.97
909.65 , 899.85
899.92 , 898.62
888.95 , 896.37
877.75 , 894.6
866.17 , 893.6
854.25 , 893.82
842.92 , 895.35
831.25 , 896.1
819.33 , 896.35
807.38 , 896.1
795.45 , 896.36
784.5 , 898.61
773.55 , 900.83
763.1 , 904.08
921.84 , 655.59
928.53 , 644.64
937.11 , 634.32
946.97 , 624.44
958.09 , 618.09
970.59 , 615.09
984.19 , 615.84
997.29 , 617.6
1008.74 , 623.08
1019.69 , 629.91
1028.43 , 640.17
1028.79 , 653.91
1018.94 , 663.77
1007.77 , 670.1
995.69 , 673.83
982.34 , 675.09
969.49 , 672.83
956.64 , 670.59
943.91 , 668.1
931.19 , 665.62
768.27 , 652.84
762.87 , 642.41
754.93 , 632.95
744.65 , 627.23
732.96 , 625.01
720.63 , 624.01
708.68 , 625.75
697.46 , 629.03
687.06 , 634.42
677.73 , 642.59
672.48 , 653.01
675.72 , 664.21
685.21 , 672
696.06 , 676
707.88 , 678
720.46 , 678.51
732.65 , 677.25
744.03 , 674.24
754.81 , 670
764.97 , 664.04
903.5 , 564.13
918.3 , 556.85
933.85 , 551.78
950.6 , 548.89
968.5 , 549.38
985.9 , 550.88
1003.55 , 551.88
1020.9 , 553.53
1038 , 555.63
1053.68 , 560.56
1066.16 , 573.05
1051.67 , 578.85
1034.53 , 576.88
1017.1 , 575.38
999.1 , 575.63
981.58 , 576.89
964.4 , 578.86
947.35 , 581.13
929.35 , 580.88
912.44 , 578.35
780.83 , 590.58
775.05 , 572.89
757.85 , 564.87
740.4 , 557.55
721.55 , 553.32
702.32 , 549.82
681.55 , 549.57
662.57 , 553.57
644.62 , 559.5
627.2 , 566.91
613.08 , 581.8
606.8 , 599.57
627.32 , 600.07
646.3 , 596.07
664.5 , 590.61
683.12 , 585.79
703.9 , 585.57
723.72 , 587.82
743.42 , 590.31
762.15 , 594.91
