2937757570_1
1121.91 , 867.6
1117.48 , 957.12
1118.35 , 1056.18
1122.5 , 1154
1144.55 , 1252.64
1168.1 , 1345.36
1208.33 , 1439.3
1247.54 , 1520.6
1295.01 , 1606.87
1344.81 , 1690.93
1406.22 , 1769.05
1461.25 , 1845.91
1487.76 , 1943.34
1520.08 , 2031.15
1567.47 , 2127.48
1623.41 , 2202.18
1706.3 , 2247.17
1799.21 , 2270.98
1903.03 , 2267.04
1999.79 , 2263.84
2098.11 , 2250.27
2190.96 , 2233.3
2289.13 , 2212.69
2382.14 , 2186.99
2471.72 , 2155
2561.92 , 2107.65
2646.51 , 2055.51
2728.27 , 2007.23
2812.65 , 1951.05
2882.99 , 1888.49
2950.99 , 1821.46
3026.44 , 1758.64
3100.4 , 1695.91
3169.65 , 1618.48
3213.08 , 1532.58
3228.5 , 1434.66
3243.14 , 1345.74
3253.28 , 1243.73
3258.33 , 1145.82
3264.11 , 1048.18
3256.65 , 948.18
1564.17 , 769.48
1525.41 , 832.36
1502.14 , 905.17
1486.61 , 980.21
1480.75 , 1058.15
1516.79 , 1128.5
1586.43 , 1150.08
1662.41 , 1148.67
1738.61 , 1134.81
1813.77 , 1116.89
1893.15 , 1111.9
1974.73 , 1104.77
2043.14 , 1076.46
2075.84 , 1010.01
2053.55 , 937.32
2004.42 , 879.43
1941.68 , 822.12
1420.17 , 1396.37
1479.52 , 1373.78
1546.67 , 1380.12
1614.55 , 1385.25
1684.14 , 1386.87
1752.95 , 1383.62
1821.27 , 1379.37
1887.3 , 1370.37
1954.72 , 1364.33
2024.17 , 1362.37
2089.35 , 1351.61
2153.64 , 1339.14
2218.82 , 1328.38
2286.89 , 1331.12
2268.49 , 1382.77
2211.89 , 1413.61
2152.92 , 1437.62
2091.87 , 1456.37
2030.3 , 1474.24
1968.82 , 1492.35
1906.27 , 1508.59
1842.77 , 1522.84
1778.12 , 1534.66
1709.39 , 1537.12
1644.97 , 1524.91
1583.7 , 1506.39
1525.97 , 1478.4
1471.75 , 1441.2
1508.67 , 1395.12
1555.95 , 1415.37
1607.22 , 1426.86
1661.62 , 1431.87
1717.12 , 1434.62
1773.95 , 1434.62
1828.7 , 1430.37
1881.42 , 1421.87
1934.12 , 1413.37
1988.27 , 1407.87
2042.2 , 1401.87
2095.87 , 1395.37
2150.14 , 1390.12
2202.12 , 1380.16
2249.74 , 1360.81
2199.22 , 1371.6
2147.85 , 1382.94
2095.87 , 1392.87
2042.07 , 1399.12
1987.67 , 1404.12
1934.85 , 1412.37
1881.05 , 1418.63
1827.5 , 1425.37
1773.47 , 1431.12
1717.5 , 1432.87
1661.87 , 1430.37
1610.05 , 1420.14
1560.35 , 1405.62
2089.19 , 439.06
2123.72 , 408.03
2159.19 , 379.56
2194.07 , 349.43
2230.82 , 324.65
2270.84 , 309.07
2315.47 , 303.04
2360.24 , 308.33
2402.34 , 319.56
2441.64 , 337.55
2477.71 , 364.34
2486.37 , 406.32
2447.39 , 425.34
2407.41 , 441.06
2365.77 , 453.06
2319.19 , 455.06
2273.09 , 452.06
2226.39 , 450.31
2181.14 , 445.56
2133.59 , 445.56
1602.9 , 444.29
1599.41 , 411.47
1578.24 , 385.64
1552.15 , 365.29
1523.85 , 350.78
1493.2 , 342.28
1458.45 , 342.29
1427.05 , 349.29
1397.38 , 359.55
1370.38 , 377.3
1350.74 , 403.69
1340.9 , 433.54
1357.53 , 460.93
1384.08 , 480.03
1415.45 , 487.03
1449.38 , 488.79
1484.03 , 489.04
1516.48 , 484.3
1547.98 , 477.52
1577 , 465.2
1937.04 , 131.4
1988.85 , 73.1
2054.89 , 42.64
2126.72 , 25.47
2206.34 , 24.65
2280.69 , 36.41
2350.16 , 57.62
2416.54 , 87.15
2482.04 , 119.65
2546.51 , 154.64
2607.64 , 198.65
2587.97 , 255.65
2514.09 , 242.94
2442.99 , 224.41
2372.89 , 204.15
2301.94 , 185.42
2229.49 , 169.65
2150.54 , 167.9
2074.49 , 176.15
1996.66 , 179.55
1517.84 , 227.77
1484.47 , 194.66
1449.14 , 166.51
1410.02 , 148.51
1366.12 , 142
1320.3 , 145
1278.44 , 156.41
1241.37 , 179.18
1215.11 , 215.2
1196.11 , 253.95
1182.07 , 294.25
1173.82 , 337.5
1211.02 , 316.5
1247.39 , 291.4
1285.74 , 271.31
1326.05 , 257.24
1369.39 , 249.18
1416.22 , 249.25
1459.24 , 258.01
1503.77 , 263.71
