2938258611_1
174.65 , 417.79
176 , 430.24
177.69 , 442.25
181.93 , 454.36
189.1 , 465.25
194.71 , 476.72
200.52 , 488.47
206.68 , 499.23
212.8 , 511
218.22 , 523.1
224.01 , 534.42
230.16 , 545.54
238.29 , 554.75
248.49 , 563.24
258.78 , 570.51
271.09 , 574.41
284.25 , 576.26
296.82 , 579.55
309.75 , 581.8
321.72 , 584.16
334.46 , 584.84
347.75 , 582.77
359.39 , 580.2
373.05 , 576.75
384.8 , 572.9
395.67 , 567.21
405.91 , 559.29
415.83 , 549.7
423.63 , 539.72
431.26 , 529.71
439.15 , 520.28
446.15 , 508.86
453.05 , 498.04
457.12 , 485.73
461.11 , 473.33
465.11 , 460.86
466.39 , 448.05
465.86 , 435.79
465.78 , 422.94
466.41 , 410.18
467.06 , 396.53
230.36 , 399.75
226.62 , 410.62
221.59 , 422.15
217.8 , 432.94
217.43 , 444.69
226.42 , 452.1
238.11 , 457.81
249.31 , 456.11
259.86 , 449.38
270.77 , 445.7
283.32 , 447.63
294.54 , 444.79
304.07 , 437.18
305.8 , 425.85
297.4 , 417.6
287.7 , 410.74
277.5 , 402.94
228 , 492.52
234.82 , 487.27
242.55 , 484.53
251.62 , 484.52
260.6 , 484.77
269.3 , 484.02
278.02 , 483.27
286.98 , 483.02
295.45 , 481.77
304.43 , 482.02
313.38 , 482.27
322.32 , 482.02
331.28 , 482.27
331.25 , 491.02
326.3 , 497.97
319.82 , 504.19
313.18 , 510.02
306.07 , 514.48
298.62 , 518.14
290.75 , 520.52
282.75 , 522.77
274.02 , 523.52
265.05 , 523.26
256.9 , 521.42
249.53 , 517.55
242.4 , 513.16
235.82 , 507.12
231.06 , 500.09
235.5 , 495.27
242.05 , 495.77
248.12 , 497.26
254.18 , 498.79
260.85 , 498.52
267.5 , 498.77
273.93 , 498.02
280.35 , 497.27
287 , 497.02
293.07 , 495.49
299 , 493.77
305.07 , 492.25
311.12 , 490.74
317.05 , 489
322.64 , 486.37
317.4 , 487.87
311.68 , 490.09
305.75 , 491.77
299.82 , 493.52
293.75 , 495.02
287.45 , 496.02
281.02 , 496.77
274.6 , 497.52
267.82 , 497.52
261.27 , 498.02
254.62 , 497.77
248.32 , 496.77
242.15 , 495.52
299 , 359
302.58 , 353.68
306.52 , 348.47
311.6 , 344.13
317.4 , 341.73
323.93 , 341
330.48 , 341.75
336.9 , 342.74
342.85 , 344.6
348.65 , 346.91
354.3 , 349.77
353.77 , 355.74
348.2 , 358.75
342.52 , 361.49
336.7 , 363.74
330.4 , 365
323.62 , 365.24
317.43 , 363.76
311.38 , 362
305.18 , 360.49
231.15 , 359.3
227.8 , 354.96
223.2 , 352.34
218.43 , 350.09
213.4 , 348.58
207.98 , 347.83
202.33 , 347.58
196.8 , 348.06
191.97 , 350.07
187.4 , 352.83
183.9 , 357.08
188.32 , 360.23
192.85 , 363.01
197.48 , 365.64
202.23 , 367.86
207.62 , 368.58
213.15 , 368.08
218.33 , 366.82
223.38 , 365.35
228.33 , 363.64
263.35 , 325.17
273.03 , 316.75
283.78 , 311.18
295.28 , 307.69
307.9 , 306.42
320.78 , 307.17
333.28 , 308.68
345.28 , 311.19
356.58 , 315.15
367.5 , 320.16
377.8 , 326.86
374.45 , 335.42
362.08 , 333.67
349.95 , 331.41
337.83 , 329.17
325.08 , 328.17
312.1 , 327.67
299.35 , 328.67
287.1 , 330.67
274.03 , 330.85
225.95 , 332.79
221.18 , 326.82
215.45 , 321.34
209.25 , 317.15
202.45 , 314.65
195.25 , 312.9
187.38 , 312.65
179.72 , 313.42
173.25 , 316.9
168.87 , 323.02
165.56 , 329.57
162.5 , 336.15
168.65 , 340.04
175.38 , 337.62
182.18 , 335.22
189.35 , 333.37
197 , 332.65
204.28 , 334.16
212.05 , 334.65
219.47 , 335.88
