2938393693_1
181.89 , 353.47
185.96 , 367.36
191.5 , 382.78
196.84 , 398.05
201.61 , 412
206.37 , 427.51
210.12 , 441.62
214.38 , 457.37
220.1 , 472.66
227.2 , 485.92
236.29 , 498.39
247.2 , 510.8
256.72 , 522.06
267.17 , 533.72
278.49 , 544.71
290.59 , 555.07
303.48 , 564.27
316.08 , 572.57
331.37 , 579.94
346.13 , 583.78
361.3 , 585.61
376.55 , 586.77
393.26 , 587.13
408.19 , 585.61
422.54 , 580.9
436.61 , 573.73
450.54 , 564.13
462.88 , 554.86
474.98 , 545.45
486.25 , 534.9
497.08 , 522.79
505.73 , 510.99
514.25 , 496.79
520.99 , 483.6
527.1 , 467.96
531.62 , 453.55
537.94 , 438.36
542.73 , 424.33
547.16 , 409.04
551.83 , 393.64
555.52 , 378.12
341.29 , 353.55
332.95 , 361.54
325.09 , 371.01
321.55 , 381.75
322.26 , 394.75
331.19 , 402.8
341.37 , 409.04
353.44 , 410.4
365.59 , 411.44
377.06 , 411.23
390.09 , 410
402.06 , 408.14
413.59 , 404.61
420.72 , 395.56
421.11 , 383.08
416.84 , 371.4
411.43 , 360.41
297.37 , 472.9
306.42 , 468.67
316.12 , 465.9
325.67 , 462.88
335.22 , 459.88
345.1 , 457.42
356 , 457.65
366.67 , 458.4
377.25 , 457.4
387.8 , 456.4
398.47 , 457.15
407.97 , 460.25
417.05 , 464.59
425.65 , 470.16
426.22 , 480.58
418.02 , 487.27
409.67 , 493.64
401 , 499.02
391.6 , 502.42
381.62 , 504.65
370.94 , 505.4
360.55 , 504.08
350.94 , 501.18
341.8 , 497.17
332.8 , 492.55
323.85 , 487.87
315.05 , 482.8
306.32 , 477.58
311.62 , 471.4
319.82 , 470.9
328.3 , 470.9
336.52 , 471.4
344.85 , 471.15
353.19 , 471.4
361.17 , 472.4
369.14 , 473.4
377.62 , 473.4
385.6 , 472.4
393.57 , 471.4
401.92 , 471.15
410.27 , 471.4
418.47 , 471.88
425.75 , 473.89
418.14 , 472.15
409.92 , 471.65
401.57 , 471.4
393.25 , 471.65
385.25 , 472.66
377.52 , 474.15
369.17 , 473.9
360.97 , 473.4
352.87 , 472.65
344.52 , 472.4
336.42 , 471.65
328.32 , 470.9
319.85 , 470.9
419.5 , 283.24
423.16 , 276.06
429.43 , 269.82
436.3 , 265.42
443.5 , 261.74
451.38 , 259.71
460.1 , 259.47
467.85 , 261.77
475.25 , 264.74
482.45 , 268.43
488.15 , 274.87
488.64 , 283.36
481.98 , 288.49
474.62 , 291.71
466.9 , 293.98
458.43 , 294.74
449.82 , 294.24
441.73 , 292.74
433.48 , 291.49
425.6 , 289.49
325.69 , 279.56
324.96 , 271.61
320.59 , 265.18
314.42 , 260.03
307.74 , 256.35
300.54 , 254.04
292.46 , 253.56
284.62 , 254.56
277.01 , 256.06
270.09 , 259.13
263.94 , 264.31
259.94 , 270.81
266.37 , 275.21
272.79 , 279.57
279.79 , 282.31
287.29 , 284.06
295.12 , 285.06
303.31 , 285.31
311.29 , 284.56
319.14 , 283.58
409.44 , 236.4
418.87 , 225.7
431.09 , 220.5
444.59 , 218.13
458.76 , 217.15
473.29 , 217.4
487.22 , 218.92
499.59 , 223.61
511.37 , 230.09
522.26 , 238.99
529.56 , 250.3
527.19 , 260.9
516.24 , 252.19
504.19 , 246.4
491.22 , 242.9
477.17 , 241.65
463.12 , 242.88
449.31 , 244.68
435.74 , 242.4
421.94 , 240.65
337.38 , 244.66
334.4 , 230.21
322.65 , 220.46
309.6 , 214.17
295.95 , 209.73
282.15 , 205.46
267.48 , 202.96
251.7 , 203.22
238.08 , 207.72
225.4 , 214.96
215.27 , 226.59
212.65 , 241.21
226.7 , 239.7
239.85 , 233.75
253.45 , 229.21
268.25 , 226.97
282.58 , 230.22
296.9 , 233.46
310.18 , 238.97
323.05 , 245.71
