2939107478_1
89.15 , 579.2
95.96 , 599.25
102.59 , 622.36
110.23 , 644.29
115.98 , 664.95
122.92 , 686.07
131.96 , 708.5
139.71 , 728.65
149.09 , 749.86
157.46 , 771.95
167.88 , 792.22
179.43 , 811.01
195.05 , 829.18
211.02 , 844.83
227.04 , 862.5
240.65 , 878.21
257.74 , 894.16
276.53 , 908.44
296.72 , 918.59
319.02 , 921.78
341.3 , 920.64
363.87 , 918.42
387.8 , 916.59
409.5 , 911.58
429.97 , 902.37
446.73 , 886.49
460.72 , 868.77
472.34 , 849.14
482.13 , 828.5
490.01 , 805.47
499.43 , 786.77
509.59 , 764.89
518.02 , 743.05
527.26 , 722.2
535.85 , 701.93
543.66 , 681.31
549.53 , 659.63
555.27 , 636.27
561.36 , 614.54
564.51 , 591.19
568.85 , 568.14
325.75 , 541
316.51 , 553.74
307.58 , 569.09
301.94 , 585.08
310.19 , 599.69
322.38 , 611.03
336.43 , 620.2
352.94 , 626.3
368.03 , 634.54
384.62 , 635.28
398.81 , 624.25
410.42 , 611.92
422.43 , 599.51
436.27 , 590.09
440.01 , 575
432.67 , 560
422.25 , 544.35
233.37 , 695.95
250.92 , 678.44
272.82 , 672.45
295.42 , 667.95
319.52 , 666.45
343.97 , 665.7
368.64 , 665.45
392.87 , 664.2
416.7 , 662.2
440.89 , 660.95
462.82 , 666.91
480.03 , 684.05
474.91 , 706.4
467.88 , 727.68
459.18 , 748.38
450.62 , 769.12
437.57 , 788.25
419.45 , 804.14
398.97 , 813.61
376.82 , 819.2
352.87 , 820.95
329.8 , 817.38
309.22 , 808.3
290.22 , 794.79
274.5 , 776.6
261.02 , 757.62
249.61 , 737.85
240.14 , 717.38
247.37 , 701.95
262.85 , 692.22
280.92 , 688.7
300.47 , 688.2
320.02 , 687.7
339.82 , 687.7
359.37 , 688.2
378.8 , 687.45
397.14 , 684.45
415.37 , 681.2
434.07 , 678.95
452.4 , 681.96
462.14 , 697.48
454.53 , 713.8
446.37 , 729.95
437.18 , 745.65
425.2 , 760.37
410.32 , 771.95
394.1 , 779.94
376.92 , 785.21
357.97 , 786.95
339.14 , 784.95
321.82 , 779.91
305.67 , 771.77
290.17 , 762.01
275.89 , 748.73
264.12 , 733.95
254.62 , 718.33
427.6 , 471.23
433.87 , 464.46
440.75 , 458.34
448.05 , 453.52
455.85 , 449.98
464.2 , 447.7
473.12 , 446.73
482.08 , 447.73
490.78 , 449.24
498.6 , 452.73
505.52 , 458.63
505.41 , 467.95
497.78 , 471.96
489.23 , 473.73
480.03 , 474.23
470.98 , 473.47
462.28 , 471.97
453.83 , 469.98
445.12 , 468.48
436.8 , 470.72
280.01 , 461.73
274.41 , 455.41
267.64 , 451.12
260.39 , 448.07
252.31 , 446.83
243.64 , 446.83
235.72 , 448.33
228.59 , 451.83
221.99 , 456.69
216.22 , 462.93
211.59 , 469.58
218.31 , 474.06
225.41 , 477.59
232.84 , 480.08
241.14 , 480.83
249.47 , 480.08
257.51 , 478.83
265.37 , 477.08
272.54 , 473.84
279.58 , 470.11
408.75 , 422.24
416.85 , 408.36
429.45 , 396.55
443.7 , 389.28
458.88 , 384.61
474.65 , 380.97
491.3 , 379.24
508.68 , 379.49
523.58 , 384.81
536.55 , 395.55
543.76 , 409.82
545.5 , 426.46
530.33 , 424.06
515.33 , 419.06
500.25 , 414.24
483.35 , 413
467.12 , 415.61
452.07 , 420.46
437.43 , 426.47
422.38 , 431.1
335.98 , 412.96
328.36 , 393.72
309.93 , 383.59
290.38 , 376.84
269.31 , 373.09
246.88 , 372.09
224.58 , 373.35
204.33 , 378.84
185.81 , 388.69
169.16 , 403.62
157.41 , 421.36
152.93 , 442.09
171.43 , 434.09
190.78 , 426.87
211.03 , 421.31
231.28 , 415.81
252.86 , 413.09
275.25 , 414.09
296.36 , 417.86
317.21 , 422.1
