2939530219_1
1335.75 , 1010.39
1329.4 , 1057.03
1327.3 , 1109.52
1325.13 , 1161.84
1322.44 , 1214.64
1321.93 , 1262.41
1325.19 , 1314.62
1332.67 , 1366.72
1344.05 , 1417.61
1358.85 , 1467.13
1377.68 , 1513.59
1399.27 , 1563.88
1419.96 , 1605.67
1448.66 , 1652.87
1478.09 , 1693.78
1508.62 , 1733.92
1541.47 , 1772.44
1576.75 , 1809.19
1620.49 , 1844.2
1664.48 , 1869.45
1711.18 , 1888.39
1760.16 , 1902.13
1810.44 , 1908.47
1861.5 , 1900.91
1911.49 , 1884.85
1959.56 , 1863.49
2004.5 , 1837.37
2043.52 , 1810.75
2084.73 , 1779.16
2125.12 , 1747.92
2168.64 , 1712.88
2207.66 , 1680.46
2245.57 , 1645.95
2283.29 , 1610.34
2318.31 , 1572.02
2347.77 , 1535.23
2377.82 , 1493.13
2405.74 , 1449.51
2431.65 , 1405.01
2453.84 , 1358.96
2475.25 , 1307.25
1798.11 , 1097.22
1766.08 , 1123.51
1740.9 , 1159.2
1739.69 , 1200.79
1771.94 , 1232.18
1806.21 , 1256.97
1843.11 , 1278.96
1883.16 , 1294.62
1925.29 , 1311.97
1965.29 , 1321.15
2008.08 , 1325.53
2054.3 , 1323.2
2096.04 , 1321.55
2137.32 , 1308.47
2163.75 , 1275.58
2161.97 , 1234.81
2141.95 , 1191.45
1574.1 , 1341.25
1622.32 , 1330.5
1670.67 , 1341
1717.35 , 1354.75
1764.77 , 1367.18
1810.4 , 1382.79
1856.35 , 1397.75
1903.3 , 1410.98
1951.97 , 1420.72
2000.12 , 1431.75
2045.35 , 1448.5
2088.68 , 1471.26
2131.62 , 1494.76
2139.9 , 1542.69
2100.6 , 1576.25
2058.72 , 1602.5
2014.8 , 1623.49
1967.88 , 1636.74
1916.97 , 1642
1865 , 1638.97
1816.32 , 1629.26
1769.95 , 1615.01
1727.75 , 1589.63
1687.3 , 1559.2
1649.51 , 1521.42
1618.88 , 1481.05
1594.11 , 1438.6
1575.6 , 1393.97
1582.85 , 1354.25
1622.1 , 1364
1658.97 , 1378.72
1696.57 , 1391.48
1733.1 , 1407.5
1768.7 , 1426.26
1805.97 , 1439.97
1843.2 , 1453.78
1880.67 , 1466.82
1919.7 , 1477.1
1960.12 , 1484.5
2000.95 , 1491.03
2040.7 , 1499.73
2080.2 , 1509.1
2099.97 , 1528.38
2060.65 , 1538
2019.57 , 1544
1976.82 , 1546.5
1933.1 , 1546
1890.57 , 1542.99
1849.02 , 1538.02
1809.65 , 1528.48
1772.47 , 1514.5
1736.12 , 1498.01
1701.25 , 1477.4
1669.47 , 1448.25
1637.67 , 1419.1
1609.15 , 1387.08
2173.95 , 993.27
2191.17 , 984.55
2207.2 , 972.52
2224.65 , 964.56
2243.57 , 959.9
2263.05 , 956.42
2283.65 , 957.27
2302.35 , 962.24
2319.25 , 971.81
2334.33 , 986.39
2346.92 , 1002.22
2347.45 , 1021.77
2327.88 , 1025.04
2307.7 , 1023.02
2288.47 , 1019.04
2269.57 , 1014.4
2250.05 , 1011.05
2231.05 , 1006.55
2211.95 , 1002.27
2191.52 , 1000.8
1774.56 , 856.08
1769.54 , 841.92
1757.33 , 831.76
1743.17 , 826.72
1729 , 821.77
1714.6 , 817.24
1699.05 , 815
1682.9 , 816
1667.85 , 819.25
1653.77 , 824.51
1641.3 , 834.25
1654 , 843.43
1666.88 , 852.01
1680.55 , 858.5
1694.72 , 863.52
1709.4 , 867.5
1724.35 , 871
1739.42 , 874.24
1755.83 , 874.75
1770.5 , 870.75
2136.27 , 855.55
2150.32 , 823.46
2179.89 , 802.43
2217.55 , 804.3
2251.82 , 813.34
2286.62 , 821.4
2323.99 , 824.05
2361.32 , 826.79
2394.64 , 837.42
2424.12 , 858.87
2445.26 , 888.27
2447.57 , 922.55
2414.22 , 911.74
2384.67 , 890.51
2352.17 , 877.7
2316.12 , 872.3
2277.69 , 871.8
2240.12 , 874.05
2202.57 , 876.3
2165.07 , 878.36
1911.42 , 760.14
1881.62 , 726.34
1846.67 , 698.4
1809.47 , 676.94
1770.12 , 661.49
1729.12 , 649.74
1685.97 , 642.22
1640.39 , 640.24
1596.49 , 646.25
1556.82 , 660.73
1518.77 , 680.24
1560.49 , 690.73
1603.89 , 697.75
1647.8 , 703.74
1691.42 , 710.21
1734.22 , 718.45
1775.22 , 730.2
1814.35 , 746.5
1851.69 , 767.7
1889.62 , 787.58
