2939732721_1
836.58 , 1315.48
846.26 , 1384.17
857.37 , 1451.33
877.51 , 1524.06
903.45 , 1587.2
939.83 , 1654.59
978.15 , 1711.45
1025.04 , 1770.42
1078.39 , 1821.21
1135.24 , 1859.54
1194.95 , 1895.32
1257.52 , 1933.16
1315.55 , 1979.22
1366.8 , 2029.49
1415.58 , 2085.91
1461.02 , 2135.58
1520.23 , 2178.18
1590.44 , 2206.12
1658.37 , 2218.95
1728.29 , 2227.63
1804.29 , 2224.87
1874.93 , 2213.07
1942.58 , 2192.19
2005.18 , 2159.39
2062.56 , 2117.43
2114.47 , 2068.54
2164.25 , 2017.74
2213.01 , 1966.26
2259.62 , 1910.15
2305.44 , 1853.75
2356.96 , 1799.68
2405.28 , 1750.4
2456.04 , 1692.1
2495.4 , 1636.02
2527.86 , 1568.27
2546.78 , 1500.62
2555.72 , 1432.05
2562.01 , 1355.24
2569.2 , 1286.28
2577.84 , 1217.57
2593.65 , 1141.77
1522.68 , 1342.26
1465.45 , 1366.95
1425.92 , 1429.79
1418.24 , 1495.9
1454.78 , 1550.88
1517.04 , 1579.29
1585.64 , 1589.75
1658.01 , 1600.98
1724.35 , 1601.5
1789.25 , 1585.27
1857.84 , 1565.9
1927.35 , 1545.65
1974.08 , 1503.32
2001.84 , 1434.09
1970.61 , 1374.3
1932.25 , 1319.54
1876.25 , 1272.02
1334 , 1729.86
1395.17 , 1728.61
1454.4 , 1733.86
1512.53 , 1741.38
1573.25 , 1743.61
1634.55 , 1742.61
1694.9 , 1739.62
1753.9 , 1733.86
1805.6 , 1712.35
1861.45 , 1700.13
1921.9 , 1697.39
1980.9 , 1691.64
2037.33 , 1680.58
2093.53 , 1669.09
2058.93 , 1708.69
2013.65 , 1747.96
1969.03 , 1789.1
1922.6 , 1825.23
1873.83 , 1854.54
1820 , 1870.61
1761 , 1876.36
1699.83 , 1875.11
1641.42 , 1868.09
1586 , 1854.86
1533.3 , 1836.62
1482.15 , 1813.6
1432.28 , 1786.87
1383.45 , 1757.61
1435 , 1753.86
1478.7 , 1760.86
1523.22 , 1766.11
1566.45 , 1774.12
1610.03 , 1781.36
1653.5 , 1788.86
1698.03 , 1794.11
1743.67 , 1797.11
1789.08 , 1793.61
1830.53 , 1782.11
1869.67 , 1765.17
1909.45 , 1750.14
1949.95 , 1736.9
1989.72 , 1721.88
2029.93 , 1712.68
1989.45 , 1725.9
1949.4 , 1740.08
1908.67 , 1752.92
1869.03 , 1768.35
1830.17 , 1786.38
1789.03 , 1798.36
1742.53 , 1799.61
1697.62 , 1795.11
1652.22 , 1791.61
1608.35 , 1784.95
1566.33 , 1774.36
1523 , 1766.61
1478.33 , 1761.6
1904.75 , 1027.97
1919.98 , 987
1943.73 , 949
1976.13 , 914.07
2013.97 , 889.99
2056.12 , 877.19
2101.78 , 871.47
2149.12 , 873.72
2193.8 , 881.47
2234.65 , 897.13
2271.81 , 923.25
2282.05 , 966.42
2250.75 , 1001.72
2215.03 , 1031.95
2173.75 , 1046.47
2128.82 , 1053.72
2082.7 , 1058.47
2035.22 , 1060.47
1988.22 , 1057.47
1942.47 , 1051.95
1411.4 , 1003
1388.72 , 969.57
1357.3 , 941.15
1321.78 , 923.87
1284.28 , 912.25
1243.3 , 907.5
1202.43 , 912.49
1165.2 , 924.71
1130.68 , 944.47
1099.97 , 974.9
1076.4 , 1008
1104.82 , 1039.43
1137.28 , 1064.91
1172.7 , 1082.53
1211.9 , 1091
1254.95 , 1090.5
1295.45 , 1084.75
1334.85 , 1076.74
1373.28 , 1066.62
1406.65 , 1043.75
1811.54 , 842.8
1853.41 , 788.95
1912.01 , 760.32
1972.96 , 738.58
2035.89 , 720.52
2101.11 , 707.29
2168.79 , 699.05
2239.51 , 697.05
2307.47 , 704.3
2369.39 , 723.9
2426.79 , 755.8
2418.47 , 808.82
2348.34 , 805.54
2279.19 , 800.3
2208.09 , 800.05
2138.97 , 805.3
2070.76 , 812.55
2006.09 , 827.05
1943.99 , 846.3
1877.01 , 855.55
1436.25 , 865.12
1424.2 , 810.1
1369.55 , 780.11
1311.45 , 759.93
1249.95 , 746.37
1184.95 , 740.1
1118.22 , 742.87
1054.97 , 752.71
992.48 , 764.06
930.53 , 776.65
874.35 , 802
840.35 , 855.09
904.77 , 862.59
971 , 858.84
1036.85 , 854.34
1104.28 , 853.09
1171.95 , 852.34
1239.53 , 853.34
1304.8 , 859.05
1369.3 , 866.34
