1377746898_1
232.95 , 482.9
235.37 , 501.77
236.99 , 520.49
239.31 , 539.07
244.37 , 559.09
249.48 , 576.49
255.49 , 595.46
262.42 , 613.9
271.54 , 630.94
283.48 , 646.49
296.31 , 659.8
311.71 , 672.83
327.2 , 682.71
344.73 , 693.35
361.1 , 702.48
377.87 , 710.57
396.5 , 718.56
413.79 , 725.04
433.4 , 731.46
451.44 , 736.21
471.7 , 735.89
490.27 , 734.41
508.76 , 731.84
528.64 , 726.04
545.9 , 718.58
561.63 , 708.69
576.1 , 694.13
586.7 , 678.58
595.49 , 661.8
602.99 , 644.48
610.61 , 625.44
617.7 , 606.84
623.58 , 588.21
626.42 , 570.47
629.18 , 551.03
631.91 , 531.69
635.5 , 512.53
640.41 , 493.51
646.97 , 474.63
653.49 , 457.41
660.3 , 438.19
414.35 , 463.31
408.14 , 478.09
401.07 , 491.32
398.12 , 507.48
405.98 , 522.38
421.18 , 528.5
436.25 , 529.82
453.02 , 531.45
469.28 , 530.38
485.69 , 528.3
500.77 , 523.32
516.05 , 516.45
528.5 , 505.67
529.99 , 491.22
523.06 , 475.81
511.3 , 464.38
497.86 , 453.87
374.3 , 603.93
387.25 , 594.72
401.15 , 587.92
415 , 581
428.73 , 573.74
442.65 , 566.93
458.12 , 563.93
474.85 , 563.44
489.23 , 558.16
503.8 , 553.43
520.25 , 552.43
536.48 , 553.94
550.61 , 559.96
560.05 , 572.9
556.33 , 588.05
549.53 , 601.95
540.3 , 614.93
527.85 , 625.62
514.25 , 633.19
500.18 , 639.4
485.73 , 644.41
470.98 , 648.92
454.28 , 648.43
439.1 , 644.68
424.4 , 640.21
410.2 , 634.46
396.35 , 627.49
383.91 , 616.78
383.55 , 598.93
396.9 , 597.42
409.43 , 594.16
422.08 , 591.18
434.95 , 588.66
447.35 , 585.16
459.75 , 581.72
472.73 , 579.41
485.73 , 577.17
498.08 , 573.66
510.12 , 569.61
522.95 , 567.03
536.27 , 565.43
550.13 , 564.93
552.32 , 577.15
542.3 , 586.93
531.4 , 594.31
520.7 , 602.18
509.65 , 609.09
497.78 , 613.7
485 , 616.42
471.88 , 618.43
458.28 , 619.43
444.3 , 619.68
430.45 , 619.18
417.32 , 617.18
404.68 , 614.21
392.95 , 609.11
512.06 , 400.21
517.14 , 393.38
523.86 , 387.91
530.68 , 382.83
538.11 , 379.17
545.88 , 376.64
554.24 , 375.19
562.88 , 374.46
571.68 , 373.96
580.46 , 374.46
588.16 , 377.3
585.33 , 383.7
577.76 , 386.73
570.01 , 389.25
561.88 , 391.22
553.49 , 392.44
545.18 , 393.93
536.99 , 395.69
528.68 , 397.22
520.61 , 399.21
392.61 , 413.55
390.08 , 407.04
382.25 , 402.43
374.06 , 398.74
365.48 , 396.16
356.28 , 394.91
347.03 , 396.16
338.15 , 398.29
329.58 , 400.86
321.4 , 404.54
313.43 , 408.76
306.38 , 415.56
315.28 , 413.57
324.81 , 412.81
334.43 , 412.31
344.2 , 412.06
354.08 , 412.06
363.83 , 412.31
373.58 , 412.06
383.23 , 412.56
489.25 , 355.76
496.03 , 342.48
509.12 , 335.13
522.52 , 328.49
535.9 , 321.86
549.62 , 316.39
563.77 , 311.99
578.62 , 308.88
594.33 , 307.51
608.58 , 311.79
621.28 , 320.04
617.65 , 333.53
602.85 , 336.78
588.6 , 341.04
574.48 , 345.52
560.15 , 349.61
546 , 354.01
531.45 , 357.8
517.02 , 361.76
501.93 , 364.19
394.42 , 363.87
388.39 , 352.37
374.02 , 348.13
358.77 , 345.61
342.9 , 344.37
327 , 343.55
311.65 , 345.88
296.65 , 348.88
281.94 , 352.61
268.45 , 359.31
260.17 , 372.12
261.67 , 387.87
275.52 , 383.37
288.67 , 375.87
302.2 , 369.36
316.27 , 364.52
331.8 , 362.59
347.55 , 364.11
363.42 , 365.37
379.3 , 366.65
