2943363160_1
427.66 , 1379.81
436.28 , 1422.7
441.88 , 1466.54
441.95 , 1510.21
447.66 , 1555.55
459.95 , 1601.89
477.44 , 1641.64
502.66 , 1679.47
532.5 , 1714.64
564.42 , 1745.67
597.94 , 1777.23
630.99 , 1809.51
662.25 , 1839.4
694.12 , 1871.96
726.15 , 1906.95
758.33 , 1936.73
794 , 1965.64
833.2 , 1989.56
872.42 , 2008.69
915.34 , 2022.08
959.94 , 2026.88
1003.9 , 2026.63
1049.54 , 2019.42
1092.45 , 2008.67
1131.25 , 1987.64
1163.59 , 1951.86
1182.75 , 1911
1197.58 , 1870.52
1216.32 , 1825.94
1240.77 , 1787.77
1264.77 , 1749.65
1290 , 1712.31
1314.67 , 1673.62
1337.4 , 1636.45
1356.46 , 1593.8
1368.12 , 1552.88
1381.99 , 1508.93
1393 , 1466.12
1400.58 , 1422.36
1405.66 , 1376.19
1401.01 , 1328.52
890.35 , 1373.7
880.21 , 1400.33
870.12 , 1432.42
880.2 , 1460.8
906.3 , 1478.25
937.84 , 1491.2
969.22 , 1495.27
999.64 , 1500.52
1032.2 , 1508.86
1062.62 , 1513.68
1091.67 , 1503.58
1122.55 , 1492.43
1150.26 , 1480.41
1160.3 , 1450.65
1159.77 , 1418.81
1146.77 , 1388.18
1128.4 , 1360.65
738.45 , 1609.65
776.88 , 1601.9
818.03 , 1599.65
860.15 , 1599.9
900.95 , 1602.9
940.75 , 1607.92
980.7 , 1612.65
1019.53 , 1619.63
1058.75 , 1613.88
1095.98 , 1603.65
1137.12 , 1601.4
1179.35 , 1601.4
1195.04 , 1635.3
1179.32 , 1670.28
1161.89 , 1704.73
1142.48 , 1738.38
1118.05 , 1770.05
1086 , 1793.87
1050.12 , 1806.93
1010.33 , 1811.89
969.53 , 1808.9
931.73 , 1799.66
895.62 , 1787.34
861.83 , 1768.3
835.46 , 1737.18
811.48 , 1705.18
785.64 , 1673.85
760 , 1642.48
757.45 , 1615.9
791.48 , 1614.4
823.83 , 1619.4
857.73 , 1621.15
889.83 , 1626.68
920.9 , 1634.36
952.03 , 1641.97
983.6 , 1648.55
1016.28 , 1652.93
1051.03 , 1652.9
1083.23 , 1647.63
1114.33 , 1639.92
1145.6 , 1632.65
1176.38 , 1624.39
1153.65 , 1647.2
1133.78 , 1673.32
1107.12 , 1692.16
1078.8 , 1706.56
1050.25 , 1720.41
1019.05 , 1727.9
985.03 , 1729.39
952.2 , 1725.4
921.73 , 1716.66
892.38 , 1705.58
864.03 , 1691.19
836.65 , 1674.4
809.28 , 1657.73
783.3 , 1637.01
1100.53 , 1191.91
1105.69 , 1173.49
1120.48 , 1158.69
1137.31 , 1149.4
1154.86 , 1142.43
1172.78 , 1136.41
1191.56 , 1131.91
1211.63 , 1130.16
1231.11 , 1133.17
1249.58 , 1138.2
1266.25 , 1147.85
1269.5 , 1166.93
1257.43 , 1182.66
1240.65 , 1192.03
1221.95 , 1196.66
1201.76 , 1198.16
1181.55 , 1196.66
1161.45 , 1194.91
1141.26 , 1193.41
1120.45 , 1193.66
867.55 , 1171.62
853.7 , 1157.79
839.05 , 1145.86
823.12 , 1137.29
805.1 , 1133.82
785.75 , 1134.57
767.8 , 1138.28
751.12 , 1144.57
735.08 , 1152.78
719.48 , 1162.1
703.75 , 1171.07
719.2 , 1180.78
735.42 , 1188.59
752 , 1195.07
769.62 , 1199.44
788.7 , 1200.82
807.58 , 1199.08
825.83 , 1196
843.27 , 1191.32
861.1 , 1187.34
1076.44 , 1100.37
1081.1 , 1066.44
1101.64 , 1039.13
1128.52 , 1017.05
1157.84 , 1001.62
1188.44 , 990.12
1222.12 , 984.87
1257.09 , 982.37
1292.82 , 983.34
1324.59 , 992.49
1351.71 , 1013.4
1362.84 , 1042.37
1327.12 , 1043.4
1293.09 , 1047.87
1260.39 , 1055.11
1228.74 , 1064.36
1198.32 , 1076.4
1167.54 , 1087.36
1137.27 , 1099.81
1106.77 , 1111.1
962.42 , 1099.72
960.98 , 1051.92
924.45 , 1021.67
884.38 , 1001.07
842.28 , 986.48
797.55 , 977
750.2 , 972.98
701.75 , 974.73
657.36 , 984.92
617.53 , 1006.23
581.08 , 1036.68
550.28 , 1072.98
597.05 , 1067.73
642.08 , 1058.96
689.08 , 1054.21
738.25 , 1053.98
784.78 , 1059.73
828.73 , 1070.94
871.81 , 1083.5
913.73 , 1098.45
