2944315612_1
183.27 , 788.52
194.5 , 825.69
206.33 , 862.61
217.25 , 903.88
224.81 , 941.79
231.63 , 983.71
239.52 , 1022.89
250.42 , 1061.48
263.55 , 1100.86
279.15 , 1139.51
297.01 , 1175.59
321.57 , 1209.44
346.7 , 1238.65
378 , 1266.6
410.79 , 1291.81
443.08 , 1315.72
476.73 , 1336.75
510.8 , 1359.09
545.64 , 1380.33
579.93 , 1399.01
616.36 , 1416.02
658.69 , 1424.5
697.13 , 1427.43
738.3 , 1421.94
775.36 , 1412.75
812.95 , 1390.3
841 , 1362.74
867.97 , 1332.75
892.53 , 1301.35
916.99 , 1268.89
943.18 , 1239.23
974.22 , 1209.25
997.84 , 1175.09
1019.15 , 1142.43
1041.15 , 1107.99
1059.87 , 1070.83
1075.9 , 1035.51
1091.81 , 998.5
1106.93 , 959.97
1117.51 , 921.55
1129.1 , 879.5
748.21 , 908.74
727.43 , 934.6
701.73 , 960.16
681.69 , 991.54
690.15 , 1026.58
718.64 , 1052.59
750.35 , 1066.69
786.35 , 1076.7
820.97 , 1083.19
857.24 , 1086.08
891.07 , 1072.57
918.35 , 1048.15
945.25 , 1022.43
940.11 , 987.93
925.45 , 951.81
912.51 , 919.74
901.08 , 882.1
589.44 , 1169.02
616.52 , 1170.52
642.27 , 1174.77
669.47 , 1176.02
696.92 , 1175.27
723.64 , 1173.02
750.49 , 1175.02
776.72 , 1178.27
802.97 , 1175.02
827.99 , 1169.23
855.34 , 1168.27
882.79 , 1169.02
908.84 , 1172.67
917.78 , 1195.19
901.59 , 1216.12
882.22 , 1235.74
861.64 , 1252.84
840.19 , 1267.52
816.44 , 1275.77
789.74 , 1278.02
762.67 , 1276.5
736.89 , 1272.25
713.09 , 1264.26
690.52 , 1252.53
669.02 , 1238.06
647.69 , 1223.02
626.64 , 1207.22
606.17 , 1189.74
612.94 , 1180.77
633.74 , 1185.26
655.32 , 1188.26
677.37 , 1190.27
699.09 , 1192.92
720.62 , 1195.95
742.64 , 1198.03
764.32 , 1200.74
786.39 , 1202.73
808.42 , 1200.78
830.22 , 1198.27
851.89 , 1195.52
872.87 , 1191.34
893.57 , 1186.54
912.46 , 1182.52
891.64 , 1187.06
871.24 , 1192.48
850.22 , 1196.51
829.02 , 1200.27
807.44 , 1203.27
785.29 , 1205.05
763.12 , 1203.24
741.37 , 1200.7
719.64 , 1198
698.44 , 1194.27
676.89 , 1191.27
654.72 , 1189.53
633.77 , 1185.26
910.7 , 740.68
914.96 , 721.1
925.9 , 704.23
941.6 , 690
958.85 , 680.03
977.35 , 673.69
997.43 , 670.43
1017.88 , 672.94
1037.28 , 677.66
1055.23 , 685.69
1071.2 , 699.03
1079.72 , 716.65
1068.84 , 733.55
1052.28 , 745.42
1033 , 750.44
1011.7 , 751.18
991 , 749.17
971.9 , 743.91
952.18 , 739.93
930.88 , 739.18
690.02 , 714.34
672.38 , 699.63
654.3 , 686.09
635.12 , 675.6
613.53 , 670.85
590.28 , 670.1
568.03 , 673.42
547.15 , 679.55
526.98 , 687.1
507.4 , 696.56
489.1 , 709.35
507.35 , 722.35
527.15 , 731.13
547.65 , 737.87
569.33 , 742.35
592.58 , 743.6
614.75 , 740.08
635.95 , 734.57
658.1 , 731.1
681.6 , 730.85
951.3 , 615.11
964.62 , 592.52
986.75 , 577.88
1010.05 , 566.11
1034 , 556.62
1058.05 , 547.36
1082.27 , 538.6
1108.5 , 533.88
1133.7 , 540.27
1154.98 , 557.35
1172.3 , 578.51
1170.53 , 604.08
1148.57 , 588.88
1125 , 577.86
1097.42 , 579.89
1072.75 , 587.62
1048.92 , 597.49
1025 , 607.15
1000.7 , 615.71
975.82 , 623.12
738.45 , 580.11
707.13 , 553.02
671.45 , 538.09
634.5 , 526.52
596.5 , 516.64
556.28 , 511.5
515.61 , 515.78
477.28 , 525.03
441.2 , 538.71
407.31 , 558.6
376.63 , 587.52
417.08 , 582.77
456.15 , 575.26
496.33 , 570.01
538.71 , 570.77
578.43 , 577.04
616.96 , 585.76
654.13 , 597.02
690.11 , 611.03
730.28 , 616.28
