2945212488_1
283.25 , 370.69
283.72 , 388
286.18 , 406.95
291.12 , 425.42
297.49 , 443.54
304.37 , 462.19
311.17 , 479.99
317.98 , 497.54
325.2 , 516.02
332.52 , 533.27
340.64 , 550.31
349.96 , 567.23
361.63 , 581.93
375.52 , 594.01
391.77 , 603.41
410.12 , 610.57
430.09 , 612.19
448.51 , 611.82
467.02 , 614.16
486.43 , 618.34
505.39 , 618.45
523.28 , 613.91
543.25 , 611.11
561.41 , 608.51
580.82 , 604.53
599.45 , 600.35
617.66 , 594.34
633.15 , 585.87
646.73 , 572.31
656.36 , 555.68
663.74 , 538.12
669.05 , 520.12
676.22 , 500.85
681.89 , 482.83
683.63 , 465.3
684.61 , 446.25
685.22 , 426.41
688.56 , 407.38
691.24 , 389.31
692.57 , 370.18
692.09 , 349.72
428.3 , 328.05
419.31 , 338.39
412.2 , 349.41
410.35 , 364.52
415.8 , 376.8
428.55 , 381.25
442.78 , 382.18
457.34 , 380.26
471.17 , 377.66
484.79 , 377.64
498.61 , 380.75
512.39 , 378.9
524.64 , 371.41
528.52 , 358.38
524.64 , 345.8
515.21 , 335.63
502.25 , 327.35
411.6 , 457.09
417.6 , 447.34
427.33 , 441.11
437.53 , 436.07
448.53 , 433.07
460.38 , 431.84
472.7 , 431.59
484.9 , 432.09
497 , 432.84
508.6 , 434.59
518.95 , 439.13
529.15 , 444.1
539.08 , 449.81
548.19 , 457.66
546.02 , 468.94
537.23 , 477.74
527.25 , 483.35
516.9 , 487.82
505.88 , 490.84
494.4 , 492.84
483.15 , 495.34
471.68 , 497.34
459.48 , 497.83
448.1 , 495.59
437.68 , 491.32
427.53 , 486.26
418.13 , 479.11
412.09 , 469.31
413.6 , 468.59
421.15 , 465.09
429.4 , 463.1
438.38 , 462.59
447.35 , 462.09
456.3 , 461.59
465.28 , 461.09
474.12 , 460.34
483.1 , 459.84
492.05 , 459.34
501.28 , 459.34
510.23 , 458.84
518.85 , 460.09
527.8 , 460.59
536.52 , 461.61
529.08 , 461.34
520.1 , 460.84
511.03 , 460.59
501.8 , 460.59
492.73 , 460.84
483.75 , 461.34
474.55 , 461.34
465.33 , 461.34
456.38 , 461.84
447.75 , 463.09
439.03 , 464.09
429.95 , 464.35
421.7 , 466.31
528.04 , 264.47
535.24 , 259.29
542.59 , 254.46
550.34 , 250.74
558.26 , 247.46
566.64 , 245.19
575.37 , 243.73
584.69 , 243.47
593.41 , 244.97
601.19 , 248.72
608.37 , 254.05
606.05 , 262.19
598.66 , 266.84
590.12 , 268.72
581.26 , 269.97
572.06 , 270.47
562.96 , 269.72
553.87 , 268.97
544.91 , 267.97
535.69 , 268.49
407.77 , 265.71
401.3 , 263.5
394.88 , 261.17
387.8 , 260.2
380.38 , 259.95
372.95 , 259.7
365.65 , 260.2
358.55 , 261.16
352.15 , 263.52
346.6 , 268.33
343.5 , 274.45
350.18 , 276.22
357.38 , 276.95
364.68 , 276.45
372 , 275.95
379.18 , 275.2
386.38 , 274.46
393.55 , 273.68
400.85 , 273.2
407.55 , 271.45
511.35 , 169.64
522.5 , 157.25
536.7 , 151.05
552.62 , 148.64
569.1 , 147.39
585.7 , 147.89
601.58 , 150.39
616.3 , 155.1
629.9 , 162.96
642.37 , 173.92
651.86 , 186.94
643.3 , 191.84
630.67 , 181.24
617.17 , 173.17
602.2 , 168.88
585.75 , 168.24
570.55 , 172.13
555.38 , 176.12
539.62 , 178.89
523.78 , 180.81
407.49 , 177.24
404.71 , 163.7
391.69 , 157.5
376.58 , 155.99
361.61 , 157.71
348.06 , 162.21
335.16 , 168.84
323.43 , 178.56
312.82 , 189.94
303.81 , 201.94
296.82 , 214.67
291.01 , 227.74
306.31 , 227.46
317.13 , 216.14
325.01 , 203.74
336.01 , 192.49
348.71 , 185.53
362.44 , 181.22
377.28 , 179.24
391.91 , 176.72
