2945300917_1
953.88 , 1023.56
956.4 , 1068.21
958.48 , 1109.2
961.94 , 1155.02
967.19 , 1200.08
975.56 , 1246.02
984.64 , 1291.35
995.59 , 1333.87
1006.1 , 1375.09
1018.79 , 1419.88
1042.42 , 1456.29
1068.89 , 1492.63
1099.29 , 1528.32
1131.23 , 1558.86
1168.28 , 1585.83
1205.12 , 1610.7
1242.7 , 1635.39
1284.11 , 1658.37
1327.23 , 1672.24
1368.22 , 1681.95
1414.6 , 1690.53
1458.34 , 1692.19
1503.3 , 1687.99
1542.46 , 1668.6
1583.4 , 1648.12
1627.76 , 1631.23
1665.37 , 1606.17
1701.04 , 1580.98
1736.01 , 1554.27
1768.75 , 1521.85
1804.58 , 1494.2
1829.6 , 1459.35
1850.74 , 1418.22
1869.49 , 1375.9
1881.37 , 1335.05
1886.5 , 1290.76
1888.87 , 1243.9
1890.47 , 1198.3
1895.04 , 1153.82
1899.29 , 1107.88
1901.65 , 1062.45
1415.8 , 1146.85
1395.55 , 1174.16
1375.55 , 1200.6
1350.95 , 1225.22
1341.48 , 1257.89
1361.29 , 1285.6
1392.93 , 1298.15
1427.51 , 1298.46
1461.99 , 1296.56
1493.8 , 1293.69
1530.27 , 1291.73
1563.39 , 1288.68
1595.56 , 1272.95
1603.33 , 1241.11
1591.3 , 1211.2
1562.75 , 1187.4
1535.95 , 1165.85
1303.39 , 1430.07
1325.57 , 1424.57
1350.17 , 1425.07
1373.79 , 1422.58
1396.04 , 1417.17
1416.89 , 1408.82
1441.37 , 1408.07
1465.12 , 1410.3
1489.94 , 1410.32
1514.39 , 1411.07
1538.02 , 1413.58
1561.17 , 1417.07
1584.17 , 1420.82
1606.49 , 1426.05
1607.32 , 1447.86
1587.39 , 1458.82
1566.29 , 1466.42
1545.49 , 1474.84
1523.87 , 1481.32
1500.99 , 1485.32
1476.52 , 1486.07
1452.41 , 1484.57
1428.07 , 1483.59
1404.44 , 1481.05
1382.94 , 1474.35
1362.44 , 1464.86
1341.34 , 1457.31
1321.69 , 1445.62
1313.64 , 1427.57
1335.17 , 1426.82
1356.69 , 1427.57
1377.87 , 1429.07
1398.34 , 1432.03
1419.02 , 1434.6
1439.94 , 1436.59
1461.34 , 1437.57
1483.12 , 1437.82
1505.02 , 1437.82
1526.69 , 1437.32
1547.74 , 1435.57
1568.66 , 1433.57
1589.59 , 1431.57
1607.64 , 1434.57
1586.59 , 1436.32
1565.29 , 1437.57
1543.72 , 1438.25
1522.47 , 1439.57
1501.89 , 1442.32
1480.84 , 1444.07
1459.41 , 1443.09
1438.62 , 1440.81
1418.16 , 1437.84
1397.49 , 1435.32
1376.44 , 1433.56
1355.64 , 1431.32
1334.72 , 1429.32
1581.45 , 1015.09
1591.14 , 997.14
1607.73 , 983.56
1625.65 , 973.63
1644.2 , 965.59
1664 , 960.32
1684.98 , 957.59
1706.7 , 958.84
1727.33 , 962.37
1745.6 , 971.34
1762.34 , 984.47
1761.65 , 1006.15
1744.73 , 1018.82
1725.98 , 1026.33
1705.83 , 1030.84
1684.22 , 1032.34
1662.5 , 1033.59
1640.8 , 1032.34
1619.45 , 1030.34
1598.38 , 1027.77
1331.45 , 1025.94
1319.98 , 1011.45
1304.88 , 1001.68
1288.75 , 994.69
1271.42 , 990.44
1252.9 , 988.69
1234.12 , 989.94
1216.78 , 994.16
1200.62 , 1001
1185.12 , 1009.79
1169.95 , 1019.19
1182 , 1033.5
1197.22 , 1042.95
1213.85 , 1048.46
1231.4 , 1052.19
1250.05 , 1053.69
1268.58 , 1051.94
1286.5 , 1048.95
1304.17 , 1045.44
1321.13 , 1040.5
1581.1 , 922.12
1590.54 , 895.45
1613.2 , 875.03
1639.15 , 863.33
1667.3 , 856.66
1697.2 , 853.62
1727.95 , 852.37
1758.95 , 853.12
1788.38 , 857.13
1814.57 , 868.6
1837.55 , 888.57
1839.02 , 910.64
1812 , 901.89
1783.42 , 896.12
1753.77 , 892.62
1722.9 , 892.12
1692.62 , 894.37
1662.95 , 897.88
1634.3 , 903.41
1607.22 , 912
1350.6 , 913.01
1320.7 , 892.31
1287.03 , 881.76
1251.25 , 875.39
1215.6 , 868.8
1178.17 , 865.79
1140.62 , 868.55
1107.38 , 879.8
1076.85 , 898.8
1047.58 , 921.38
1018.65 , 944.79
1052.8 , 954.44
1087.97 , 946.97
1120.9 , 934.79
1156.22 , 927.53
1194.25 , 925.79
1232.08 , 927.97
1268.75 , 932.54
1304.85 , 938.27
1341.55 , 942.78
