2947222498_1
828.86 , 1093.4
830.1 , 1124.47
833.69 , 1161.56
841.72 , 1194.34
853.93 , 1226.32
867.06 , 1257.89
878.18 , 1290.17
885.4 , 1323.95
896.06 , 1355.11
906.42 , 1387.57
919.94 , 1422.28
934.52 , 1450.61
956.44 , 1478.37
985.2 , 1499.6
1013.7 , 1512.23
1047.46 , 1527.74
1075.93 , 1543.38
1109.12 , 1550.68
1142.25 , 1556.85
1177.21 , 1558
1213.47 , 1559.82
1246.81 , 1550.33
1274.92 , 1535.76
1306.13 , 1521.83
1340.14 , 1511.45
1373.1 , 1505.75
1406 , 1495.46
1435.31 , 1477.83
1461.34 , 1455.99
1481.98 , 1427.77
1499.38 , 1395.85
1509.52 , 1366.12
1522.42 , 1331.23
1533.93 , 1300.04
1536.88 , 1265.32
1538.45 , 1233.1
1540.8 , 1198.25
1545.79 , 1164.26
1552.46 , 1128.79
1555.82 , 1094.21
1562.13 , 1060.08
1099 , 989.14
1088.77 , 1022.09
1079.57 , 1052.5
1062.38 , 1085.84
1054.53 , 1117.95
1070.65 , 1149.12
1102.29 , 1156.45
1138.74 , 1156.17
1171.36 , 1154.78
1206.1 , 1152.66
1242.34 , 1149.41
1270.46 , 1134.49
1273.33 , 1098.39
1261.69 , 1066.16
1241.06 , 1039.31
1221.95 , 1010.96
1207.39 , 977.64
988.2 , 1235.35
1018.15 , 1236.6
1047.15 , 1233.35
1075.5 , 1228.81
1105.98 , 1228.6
1134.55 , 1232.7
1164.58 , 1233.85
1192.83 , 1229.1
1222.28 , 1226.78
1252.28 , 1225.6
1282.6 , 1225.1
1312.43 , 1226.6
1342.03 , 1228.6
1356.33 , 1249.47
1335.03 , 1271.03
1312.75 , 1290.82
1288.83 , 1305.97
1263.45 , 1317.1
1237.23 , 1325.83
1209.45 , 1331.6
1179.85 , 1333.6
1149.75 , 1334.14
1120.43 , 1331.6
1091.93 , 1327.33
1065.95 , 1318.1
1042.03 , 1302.93
1019.89 , 1282.8
1001.2 , 1260.1
1029.2 , 1246.85
1051.73 , 1250.35
1074.38 , 1253.53
1097.4 , 1256.06
1120.88 , 1257.62
1143.4 , 1261.1
1165.8 , 1264.88
1189.05 , 1263.35
1210.88 , 1258.34
1232.7 , 1253.35
1254.72 , 1248.84
1277 , 1244.83
1300 , 1242.36
1323.15 , 1240.14
1333.57 , 1251.35
1313.68 , 1260.87
1292.58 , 1267.22
1270.62 , 1271.92
1248.8 , 1276.87
1226.62 , 1281.1
1204.1 , 1284.6
1180.85 , 1286.6
1156.88 , 1286.07
1133.38 , 1284.62
1111.1 , 1280.61
1088.33 , 1277.61
1066.43 , 1272.83
1047.25 , 1261.4
1252.39 , 917.33
1265.07 , 910.68
1277.07 , 902.18
1288.94 , 893.26
1301.27 , 885.7
1314.12 , 879.33
1328.47 , 876.59
1344.14 , 876.58
1358.84 , 878.59
1372.17 , 883.34
1383.92 , 892.61
1383.76 , 908.01
1371.52 , 915.83
1357.79 , 919.82
1342.72 , 921.08
1327.39 , 920.33
1312.22 , 919.33
1297.37 , 917.58
1282.32 , 916.33
1267.59 , 918.33
1040.41 , 918.6
1039.29 , 907.42
1030.26 , 900.9
1020.16 , 897.42
1009.51 , 894.92
997.81 , 894.67
986.84 , 896.4
976.34 , 899.15
966.34 , 902.94
956.66 , 907.8
948.04 , 915.42
942.29 , 924.67
952.62 , 927.67
963.49 , 929.67
974.94 , 930.42
986.66 , 930.17
997.89 , 928.92
1008.74 , 926.92
1019.84 , 925.42
1030.82 , 923.67
1231.5 , 821.88
1236.52 , 797.87
1258.65 , 788.73
1282.17 , 782.62
1305.65 , 776.48
1329.58 , 771.15
1353.97 , 766.88
1379.85 , 765.63
1404.85 , 768.63
1427.65 , 776.03
1448.8 , 787.92
1443.52 , 804.88
1417.8 , 803.38
1391.8 , 802.88
1366.38 , 805.01
1341.53 , 808.38
1317.4 , 813.1
1294.78 , 820.87
1273.12 , 831.6
1250.6 , 838.73
1068.7 , 829.06
1051.13 , 810.72
1029.43 , 801.03
1006.13 , 795.14
982.38 , 790.23
957.5 , 787.63
932.36 , 785.6
907.78 , 788.88
885.9 , 797.79
866.56 , 813.83
852.53 , 833.88
874.61 , 825.61
897.98 , 819.87
922.9 , 817.38
947.7 , 820.13
971.78 , 824.38
994.88 , 830.63
1017.7 , 837.39
1040.01 , 845.11
1063.36 , 850.88
