294910698_1
1502.6 , 1115.65
1518.39 , 1165.52
1535.6 , 1215.03
1555.75 , 1262.82
1579.86 , 1306.47
1614.59 , 1346.24
1651.11 , 1385.48
1688.03 , 1419.58
1727.95 , 1452.35
1770.74 , 1485.63
1815.17 , 1514.58
1854.01 , 1550.28
1884.11 , 1590.07
1919.09 , 1628.61
1961.67 , 1663.99
2006.14 , 1682.83
2059.5 , 1693.2
2112.61 , 1695.91
2164.9 , 1690.2
2215.67 , 1676.77
2263.22 , 1656.53
2307.24 , 1626.09
2349.8 , 1601.16
2394.61 , 1569.8
2442.68 , 1549.84
2489.77 , 1529
2535.55 , 1504.69
2580.39 , 1475.01
2619.16 , 1436.97
2652.24 , 1401.45
2682.38 , 1360.45
2713.83 , 1313.68
2735.4 , 1264.63
2751.43 , 1219.85
2770.59 , 1166.52
2784.03 , 1119.77
2801.07 , 1068.83
2820.48 , 1017.86
2834.19 , 969.37
2844.24 , 916.35
2852.75 , 863.35
1862.25 , 1064.54
1857.07 , 1117.1
1849.94 , 1169.17
1834.73 , 1222.2
1824.61 , 1273.84
1859.96 , 1310.87
1910.57 , 1322.66
1966.16 , 1334.26
2016.67 , 1336.7
2071.81 , 1328.29
2125.8 , 1317.54
2176.34 , 1300.21
2197.34 , 1257.17
2192.86 , 1199.66
2171.78 , 1150.69
2157.51 , 1098.86
2140.7 , 1046.25
1891.7 , 1434.32
1913.28 , 1415.98
1937.95 , 1406.32
1966.08 , 1408.32
1991 , 1417.3
2017.55 , 1423.08
2044.92 , 1419.58
2072.2 , 1415.32
2101.4 , 1415.07
2128.9 , 1418.82
2155.85 , 1423.72
2183.32 , 1427.56
2210.82 , 1431.35
2238.37 , 1435
2224.17 , 1454.35
2203.45 , 1474.44
2184.52 , 1495.52
2162.18 , 1511.83
2137.6 , 1522.06
2110.6 , 1526.83
2082.85 , 1530.07
2053.88 , 1529.32
2026.22 , 1525.84
2000.12 , 1519.06
1976.03 , 1507.61
1953.12 , 1492.98
1931.65 , 1474.27
1913.3 , 1452.67
1910.45 , 1440.07
1931.97 , 1443.07
1954.45 , 1442.07
1977.18 , 1442.57
1997.68 , 1447.8
2018.68 , 1451.82
2041.4 , 1452.32
2063.62 , 1450.82
2085.75 , 1449.07
2108.72 , 1449.07
2131.45 , 1449.57
2153.7 , 1451.07
2174.97 , 1447.56
2196.15 , 1443.86
2217.33 , 1440.2
2196.97 , 1442.8
2175.97 , 1446.82
2154.1 , 1449.07
2131.12 , 1449.07
2109.12 , 1447.07
2086.53 , 1446.32
2063.93 , 1447.07
2041.92 , 1449.07
2019.68 , 1450.57
1998.3 , 1447.35
1978.12 , 1441.58
1955.17 , 1441.57
1932.42 , 1442.07
2168.82 , 949.98
2182.69 , 927.33
2196.6 , 904.68
2217.1 , 884.7
2240.64 , 872.92
2266.95 , 867.7
2295.02 , 866.23
2322.6 , 868.73
2350.92 , 869.73
2378.39 , 872.47
2402.15 , 883.79
2405.27 , 910.27
2382.52 , 923.99
2358.3 , 933.49
2332.8 , 940.25
2306.3 , 944.98
2277.85 , 945.73
2249.89 , 943.98
2222.3 , 941.48
2195.45 , 945.49
1810.94 , 916.57
1794.63 , 900.99
1775.96 , 891.75
1756.41 , 885.22
1735.76 , 880.72
1715.03 , 876.47
1693.78 , 873.22
1671.11 , 872.97
1650.23 , 876.95
1630.98 , 884.28
1613.31 , 895.97
1630.16 , 910.09
1647.68 , 922.35
1666.61 , 930.72
1687.61 , 934.47
1709.43 , 936.47
1731.76 , 935.47
1753.48 , 933.22
1775.93 , 932.47
1798.13 , 933.73
2004 , 790.08
2058.85 , 761.3
2125.45 , 759.08
2190 , 752.58
2256 , 749.08
2321.18 , 743.83
2385.82 , 737.58
2451.95 , 740.83
2512.25 , 756.33
2568.32 , 781.39
2620.61 , 816.82
2558.53 , 826.83
2491.45 , 825.58
2425.8 , 821.33
2358.1 , 821.33
2292.57 , 825.83
2227.55 , 831.33
2159.85 , 831.33
2095.65 , 838.58
2031.51 , 845.45
1837.35 , 808
1801.85 , 779.5
1760.6 , 766.75
1719.17 , 754.25
1677.17 , 742.78
1632.38 , 737
1584.77 , 737.07
1540.77 , 744.51
1500.67 , 759.93
1464.18 , 785.68
1433.1 , 820.25
1472.77 , 837.02
1513.47 , 823.23
1556.95 , 814.76
1603.57 , 816.75
1647.32 , 824.73
1690.62 , 833.52
1734.1 , 842
1777.55 , 850.51
1823.22 , 847
