2950368779_1
51.2 , 407.75
53.7 , 422.32
56.06 , 437.87
60 , 453.54
64.39 , 467.54
69.09 , 482.96
74.11 , 497.49
79.39 , 512.14
86.03 , 527.75
92.96 , 541.62
100.43 , 553.96
109.89 , 567.09
121.1 , 578.98
132.9 , 589.77
145.43 , 598.86
158.78 , 606.84
173.02 , 613.28
188.25 , 617.23
203.52 , 619.11
218.84 , 619.55
234.08 , 619.45
250.11 , 616.76
265.3 , 611.95
279.28 , 604.61
291.56 , 595.55
303.2 , 585.59
315.82 , 574.61
327.06 , 564.97
338.54 , 553.32
347.22 , 541.57
354.15 , 526.81
357.79 , 511.92
361.1 , 496.26
363.13 , 480.93
365.41 , 464.68
367.2 , 449.5
368.38 , 434.36
370.22 , 417.7
372.45 , 403.4
374.29 , 388.07
376.09 , 370.97
171.59 , 363.3
168.03 , 379.47
167.3 , 395.77
165.31 , 412.78
165.48 , 430.23
177.39 , 441.32
193 , 446.35
209.88 , 449.97
227.66 , 448.65
243.19 , 441.67
258.82 , 435.08
270.11 , 423.45
269.55 , 407.39
261.76 , 391.29
251.89 , 378.54
242.09 , 364.98
234.95 , 347.9
158.28 , 505.29
166.83 , 501.56
175.58 , 498.29
184.98 , 496.29
194.73 , 495.04
204.71 , 495.79
214.33 , 497.29
223.83 , 495.55
233.11 , 493.3
242.98 , 492.29
253.11 , 491.79
263.46 , 491.79
273.21 , 493.04
282.7 , 494.81
281.2 , 503.89
273.81 , 511.03
265.83 , 516.52
257.38 , 520.78
248.85 , 524.76
239.85 , 527.53
230.1 , 528.79
219.98 , 529.29
209.75 , 529.04
200.13 , 527.57
191.16 , 524.82
182.66 , 520.67
174.28 , 516.29
165.96 , 511.71
175.03 , 503.29
181.03 , 502.29
187.28 , 501.79
193.78 , 501.79
200.03 , 502.29
205.93 , 503.53
212.18 , 504.04
218.68 , 504.04
225.06 , 503.79
231.18 , 503.04
237.33 , 502.3
243.2 , 501.03
249.11 , 499.79
254.88 , 498.26
260.81 , 498.04
254.68 , 498.77
248.78 , 500.04
242.86 , 501.22
236.88 , 502.3
230.86 , 503.29
224.61 , 503.79
218.58 , 504.79
212.33 , 504.29
205.83 , 504.28
200.06 , 502.79
193.81 , 502.29
187.56 , 502.79
181.43 , 503.54
250.64 , 312.7
255 , 306.35
260.96 , 300.86
267.41 , 296.67
274.16 , 293.19
281.49 , 291.17
289.41 , 290.45
297.34 , 291.2
305.01 , 292.46
311.96 , 295.25
317.88 , 300.93
318.59 , 308.79
311.89 , 312.45
304.84 , 314.95
297.39 , 316.7
289.62 , 317.7
281.44 , 317.45
273.41 , 316.95
265.37 , 316.45
257.91 , 314.7
155.59 , 319
149.34 , 314.76
142.52 , 312.2
135.42 , 310.23
127.82 , 309.24
120.25 , 310.24
113.02 , 312.04
106.44 , 315.36
99.94 , 318.87
93.95 , 323.84
89.57 , 329.99
95.79 , 334.22
102.64 , 336.77
110.69 , 336.74
118.29 , 335.74
125.75 , 334.47
133 , 332.73
140.09 , 330.73
146.79 , 327.76
153.66 , 325.39
242 , 270.24
248.06 , 258.93
259.15 , 252.25
270.62 , 246.49
282.32 , 241.51
294.25 , 237.24
305.73 , 231.51
319.02 , 230.01
330.12 , 236.62
340.12 , 246.36
348.23 , 256.94
352.47 , 268.51
340.9 , 273.98
327.6 , 272.52
315.55 , 268.52
303.85 , 263.5
290.3 , 264.47
277.82 , 267.74
265.23 , 270.74
253.53 , 275.74
148.81 , 284.67
143.16 , 275.01
132.74 , 271.05
121.21 , 269.3
109.24 , 268.55
97.01 , 268.8
85.51 , 270.53
75.01 , 274.27
64.86 , 279.14
55.46 , 286.05
48.96 , 295.55
49.2 , 307.79
60.68 , 306.05
71.11 , 302.02
81.84 , 298.77
92.36 , 295.03
103.49 , 292.55
114.99 , 290.8
126.39 , 288.78
138.24 , 287.8
