2950978886_1
70.54 , 385
66.91 , 402.21
63.47 , 419.39
59.85 , 438.44
60.2 , 456.17
63.33 , 475.78
65.87 , 492.47
70.74 , 511.65
78.53 , 528.23
87.84 , 544.11
98.14 , 559.54
108.4 , 574.09
121.49 , 588.76
133.94 , 600.83
147.95 , 614.43
161.69 , 626.85
174.54 , 638.14
190.15 , 649.67
204.32 , 660.57
219.97 , 672.11
234.66 , 680.75
252.8 , 686.56
270.16 , 688.88
290.31 , 689.57
307.36 , 687.2
323.72 , 679.53
339.58 , 668.5
354.52 , 657.24
367.4 , 644.97
378.42 , 630.18
390.09 , 615.26
403.55 , 602.09
415.58 , 588.55
427.01 , 573.9
436.81 , 557.78
443.64 , 540.91
449.69 , 524.69
457.03 , 506.38
465.66 , 490.75
472.98 , 474.54
480.43 , 455.86
298.15 , 415.38
288.68 , 427.53
276.69 , 439.71
264.93 , 450.99
258.06 , 466.18
267.28 , 478.37
283.55 , 484.35
298.81 , 485.54
315.32 , 488.02
332.13 , 489.21
348 , 491.1
365.85 , 490.85
378.13 , 480.93
375.38 , 464.69
370.37 , 450.32
364.98 , 433.68
359.62 , 417.56
214.75 , 537.8
227.88 , 535.56
241.6 , 536.55
255.6 , 537.05
269.48 , 537.8
282.98 , 539.3
295.88 , 542.05
309.98 , 542.3
323.12 , 540.05
336.75 , 538.8
350.48 , 539.8
364.35 , 540.53
376.06 , 546.08
382.05 , 557.67
377.21 , 569.6
369.17 , 580.39
358.25 , 588.05
346 , 592.05
332.62 , 593.8
318.4 , 593.8
304.77 , 592.55
291.62 , 590.3
279.4 , 586.33
267.75 , 580.55
256.82 , 572.89
246.3 , 564.1
236.18 , 554.23
226 , 544.55
225 , 539.55
235.03 , 541.04
244.57 , 543.55
254.28 , 545.8
264.05 , 547.8
273.75 , 550.05
283.32 , 552.57
293.1 , 554.54
303.5 , 555.3
313.9 , 554.55
324.43 , 554.05
335.2 , 554.05
345.48 , 553.05
355.75 , 552.05
366.1 , 551.8
355.48 , 552.05
345.77 , 554.3
335.27 , 554.8
324.62 , 555.05
314.1 , 555.55
303.32 , 555.55
293.05 , 554.54
283.27 , 552.55
273.48 , 550.55
263.57 , 548.79
253.78 , 546.8
244.38 , 544.05
234.68 , 541.79
379.4 , 351.07
385.4 , 344.07
392.82 , 339.17
400.42 , 334.79
408.2 , 330.79
416.77 , 328.82
426.07 , 328.33
434.4 , 330.82
442.3 , 334.31
449.87 , 338.79
455.15 , 346.07
456.91 , 354.76
449.67 , 360.05
441 , 361.81
431.45 , 361.82
422.15 , 361.32
413.2 , 360.06
404.72 , 357.81
396.15 , 355.82
387.45 , 354.07
259.18 , 320.21
255.42 , 313.45
249.38 , 307.64
242.57 , 303.98
235.38 , 301.49
227.17 , 300.98
219.1 , 301.74
211.4 , 303.22
204.38 , 306.28
198.23 , 311.71
192.45 , 317.73
198.7 , 322.98
204.88 , 328.4
211.7 , 331.98
218.8 , 334.76
227 , 335.23
235.45 , 335.23
243.75 , 334.98
251.6 , 333.75
257.42 , 327.78
383.3 , 318.39
390.71 , 308.22
400.95 , 300.98
412.4 , 297.04
425.1 , 295.64
437.98 , 294.64
451 , 295.39
463.28 , 297.63
473.88 , 303.89
480.84 , 313.96
483.8 , 325.94
484.3 , 339.06
478.92 , 330.74
470.97 , 321.08
459.83 , 316.15
447.43 , 314.14
434.4 , 313.39
421.38 , 314.14
408.73 , 315.64
395.98 , 316.89
300.67 , 289.4
288.5 , 278.47
274.37 , 272.86
259.04 , 269.87
243.07 , 268.3
227 , 266.9
210.29 , 267.02
194.67 , 269.4
179.97 , 273.61
165.62 , 278.45
151.67 , 284.15
168.19 , 284.65
184.59 , 283.9
200.87 , 282.9
217.52 , 282.65
234.02 , 283.15
249.82 , 285.16
264.75 , 288.97
278.87 , 294.39
293.07 , 299.62
