2952691495_1
810.62 , 1089.8
807.19 , 1121.97
807.61 , 1156.86
816.57 , 1191.11
829.99 , 1225.48
842.12 , 1256.27
853.55 , 1290.51
865.99 , 1324.11
880.51 , 1356.54
896.82 , 1386.67
918.81 , 1413.88
944.48 , 1436.68
971.53 , 1457.08
1001.7 , 1479.3
1030.54 , 1499
1059.61 , 1515.4
1093.42 , 1531.41
1124.5 , 1543.49
1158.36 , 1554.35
1191.63 , 1564.74
1225.37 , 1575.25
1259.9 , 1583.11
1294.92 , 1586.86
1329.26 , 1584.49
1363.23 , 1575.6
1393.77 , 1558.4
1419.32 , 1534.77
1439.93 , 1508.44
1457.75 , 1475.11
1472.6 , 1446.74
1488.24 , 1414.66
1503.09 , 1383.82
1521.69 , 1351.36
1539.48 , 1322.84
1557.79 , 1293.18
1573.23 , 1259.22
1584.5 , 1226.63
1596.74 , 1193.45
1607.06 , 1160.02
1610.58 , 1125.37
1607.86 , 1089.58
1231.99 , 1070.97
1216.25 , 1095.96
1202.71 , 1123.58
1199.31 , 1151.72
1210.6 , 1178.14
1237.8 , 1193.9
1265.54 , 1206.37
1292.35 , 1216.14
1323.34 , 1219.44
1353.76 , 1216.89
1382.3 , 1206.05
1410.2 , 1194
1429.2 , 1173.11
1424.8 , 1142.4
1411.23 , 1117.73
1393.31 , 1092.71
1371.8 , 1068.98
1062.49 , 1258.34
1093.54 , 1248.86
1124.91 , 1239.82
1156.32 , 1230.82
1189.34 , 1225.1
1223.32 , 1228.84
1256.32 , 1234.58
1290.32 , 1238.34
1325.52 , 1239.59
1358.89 , 1234.59
1390.97 , 1226.84
1425.09 , 1223.35
1454.69 , 1236.8
1458.64 , 1270.44
1443.74 , 1299.59
1425.61 , 1327.46
1402.66 , 1353.6
1375.39 , 1373.43
1345.37 , 1385.57
1312.97 , 1392.59
1277.39 , 1393.11
1244.51 , 1387.09
1212.41 , 1379.35
1182.09 , 1368.18
1152.87 , 1353.43
1124.99 , 1335.34
1098.14 , 1314.24
1074.49 , 1288.34
1091.24 , 1265.09
1115.96 , 1257.34
1141.62 , 1251.1
1168.57 , 1254.59
1195.04 , 1259.11
1221.49 , 1263.59
1248.41 , 1267.11
1275.62 , 1270.08
1302.91 , 1272.84
1330.57 , 1270.84
1356.24 , 1264.59
1380.49 , 1255.59
1406.02 , 1249.09
1432.96 , 1252.09
1427.48 , 1277.66
1410.12 , 1298.96
1390.16 , 1319.17
1368.19 , 1334.61
1342.22 , 1340.09
1313.72 , 1339.84
1285.44 , 1339.09
1257.39 , 1337.84
1229.74 , 1335.84
1203.19 , 1331.55
1178.24 , 1324.09
1154.37 , 1313.96
1131.34 , 1301.41
1109.29 , 1286.15
1404.25 , 951.13
1410.91 , 938.2
1422.9 , 928.98
1435.4 , 921.26
1447.65 , 912.76
1460.2 , 905.17
1473.5 , 899.63
1488.45 , 897.63
1503.62 , 899.14
1516.95 , 904.62
1529.15 , 913.23
1535.25 , 926.38
1523.55 , 936.35
1510.22 , 941.87
1496.28 , 945.89
1481.33 , 947.88
1465.53 , 947.63
1449.75 , 947.88
1434.08 , 948.38
1419.83 , 951.88
1184.67 , 955.84
1180.81 , 942.43
1167.72 , 933.59
1154.41 , 925.33
1140.99 , 917.38
1127.49 , 909.6
1113.12 , 904.27
1097.49 , 901.59
1080.99 , 902.55
1066.24 , 907.05
1052.82 , 914.95
1045.44 , 928.59
1058.07 , 938.75
1071.97 , 945.61
1086.82 , 949.97
1102.24 , 953.11
1118.44 , 954.59
1134.91 , 955.59
1151.37 , 956.59
1168.19 , 956.84
1420.35 , 861.26
1424.71 , 843.88
1438.67 , 830.67
1454.32 , 822.03
1471.05 , 816.55
1488.75 , 812.86
1507.32 , 811.01
1526.07 , 812.51
1544.65 , 814.3
1562.82 , 817.01
1579.47 , 822.76
1577.28 , 838.82
1560.6 , 844.51
1542.82 , 848.01
1524.55 , 850.53
1506.52 , 853.54
1488.72 , 856.89
1471.17 , 860.94
1454.07 , 865.76
1436.07 , 868.74
1207.17 , 838.86
1181.35 , 818.79
1152.27 , 807.83
1121.6 , 800.06
1088.8 , 796.81
1054.64 , 797.31
1022.97 , 802.96
993.7 , 813.24
966.47 , 829.46
941.42 , 851.76
917.12 , 876.06
946.89 , 866.8
975.54 , 854.57
1004.67 , 843.78
1035.77 , 837.04
1070.05 , 836.81
1101.64 , 842.56
1132.17 , 850.55
1162.85 , 858.31
1194.77 , 863.46
