2952986052_1
384.28 , 506.42
381.5 , 521.24
380 , 537
380.85 , 553.18
381.83 , 568.89
383.09 , 583.24
385.26 , 598.78
389.31 , 614.24
395.34 , 628.41
404.09 , 643.05
413.16 , 655.82
423.02 , 667.93
433.8 , 679.18
445.41 , 689.59
457.24 , 699.66
469.59 , 709.09
483 , 717.1
497.33 , 723.37
512.22 , 728.52
527.6 , 732.22
543.22 , 734.25
558.92 , 733.61
574.26 , 731.29
589.52 , 727.55
605.82 , 722.76
619.73 , 716.59
632.68 , 708.72
646.12 , 698.6
657.29 , 688.46
668.95 , 677.1
679.24 , 665.83
689.84 , 653.32
699.03 , 641.33
706.59 , 627.86
713.38 , 613.04
719.09 , 598.87
723.72 , 583.09
726.24 , 568.33
726.76 , 552.98
725.09 , 537.48
722.23 , 520.5
527.3 , 498.9
517.47 , 506.45
507.81 , 515.32
504.31 , 527.45
510.45 , 538.75
519.72 , 546.48
531.68 , 550.33
545.47 , 552.58
557.8 , 551.7
571 , 553.17
583.07 , 553.15
595.72 , 550.78
608.14 , 544.93
615.52 , 535.12
616.8 , 522.58
608.81 , 512.55
600.6 , 502
474.25 , 598.68
484.85 , 590.68
497.2 , 587.16
509.4 , 583.4
521.88 , 580.15
535.92 , 580.18
549.23 , 581.68
561.83 , 584.67
574.9 , 586.68
588.73 , 586.18
601.55 , 588.68
613.88 , 592.21
626.22 , 595.66
631.39 , 607.03
625.47 , 618.45
617.75 , 629.18
607.58 , 638.38
596.3 , 644.67
584.45 , 649.18
571.62 , 651.68
558.08 , 652.68
544.02 , 652.68
531.08 , 650.43
519.27 , 645.69
508.23 , 638.9
497.62 , 630.81
487.88 , 620.83
479.99 , 610.15
476.25 , 599.18
486.3 , 595.91
497.68 , 596.68
509.15 , 597.18
520.52 , 596.43
531.62 , 597.67
543 , 598.43
554.35 , 599.18
565.73 , 599.93
577.33 , 599.68
588.92 , 599.43
600.65 , 599.43
612.12 , 599.93
623.85 , 599.93
620.58 , 607.86
611.2 , 613.19
601.52 , 617.66
591.62 , 621.43
581.1 , 623.9
569.88 , 624.93
558.25 , 624.68
546.77 , 624.18
535.55 , 623.17
524.77 , 621.2
514.45 , 618.39
504.52 , 614.7
494.95 , 609.86
485.52 , 604.71
616.69 , 447.99
622.62 , 444.08
627.84 , 438.6
633.72 , 434.47
639.94 , 431.24
646.74 , 429.47
653.57 , 427.71
661.09 , 427.99
667.94 , 429.74
674.24 , 432.76
679.83 , 437.61
680.44 , 444.99
674.52 , 448.92
667.49 , 450.24
660.32 , 451.24
653.02 , 451.99
645.62 , 451.49
638.19 , 450.99
630.67 , 450.74
623.49 , 449.73
508.46 , 437.6
502.93 , 433.04
497.15 , 429.26
491.35 , 425.45
485.18 , 422.69
478.43 , 421.19
470.98 , 421.19
463.78 , 421.69
457.2 , 423.53
451.2 , 426.8
446.3 , 432.19
451.22 , 437.61
457.08 , 441.2
463.35 , 443.68
470.3 , 444.69
477.65 , 444.94
484.85 , 444.44
492.18 , 444.69
499.52 , 444.94
506.48 , 443.96
593.75 , 399.81
601.08 , 393.72
609.08 , 389.3
617.27 , 385.55
626.25 , 383.56
635.7 , 382.56
645.27 , 381.81
655.23 , 381.81
664.55 , 383.05
673.15 , 385.72
680.72 , 391.28
679.45 , 400.05
670.25 , 401.56
660.77 , 402.56
650.85 , 402.56
640.9 , 402.56
631.33 , 403.31
621.52 , 403.56
611.83 , 403.06
602 , 403.31
522.45 , 398.79
523.18 , 385.38
510.45 , 379.16
497.03 , 375.01
483.48 , 370.98
469.18 , 368.51
454.4 , 370
441.4 , 375.26
429.43 , 383.39
418.12 , 393.43
407.52 , 404.53
399.55 , 416.51
412.12 , 409.97
424.33 , 402.49
437.15 , 396.67
450.85 , 392.97
465.68 , 391.51
479.95 , 393.98
493.5 , 398.02
507.9 , 400.24
