1379651992_1
931.3 , 1365.79
939.35 , 1420.18
948.14 , 1474.88
956.75 , 1529.36
962.92 , 1583.68
971.17 , 1636.71
983.22 , 1693.99
993.06 , 1746.47
1005.25 , 1804.65
1013.55 , 1859.21
1018.3 , 1915.44
1030.71 , 1968.48
1045.04 , 2021.14
1063.7 , 2076.44
1092.45 , 2122.68
1125.44 , 2165.61
1165.59 , 2207.77
1211.77 , 2242.44
1256.73 , 2267.92
1314.46 , 2284.5
1367.9 , 2293.96
1423.15 , 2299.41
1477.44 , 2295.22
1529.36 , 2279.39
1584.42 , 2257.39
1635.03 , 2239.92
1688.08 , 2213.37
1729.38 , 2181.13
1771.64 , 2144.53
1809.05 , 2102.88
1848.99 , 2059.7
1885.55 , 2020.07
1914.82 , 1972.2
1937.68 , 1919.68
1956.48 , 1866.05
1968.6 , 1814.43
1982.51 , 1757.89
1996.98 , 1707.39
2016.91 , 1652.36
2036.75 , 1602.24
2057.04 , 1546.62
1311.5 , 1530.55
1286.43 , 1566.51
1259.34 , 1606.43
1236.8 , 1653.15
1249.83 , 1696.99
1289.56 , 1724.18
1328.31 , 1754.36
1366.05 , 1777.21
1415.17 , 1786.75
1461.96 , 1771.35
1504.68 , 1754.76
1549.5 , 1736.6
1586.4 , 1708.45
1591.29 , 1657.8
1568.44 , 1615.25
1541.03 , 1580.75
1506.15 , 1541.32
1133.85 , 1919.67
1167.22 , 1897.55
1209.05 , 1894.92
1252.02 , 1894.67
1293.07 , 1898.92
1332.52 , 1906.35
1373.3 , 1911.17
1415.05 , 1908.42
1455.42 , 1902.85
1498.32 , 1902.92
1538.45 , 1909.02
1578.8 , 1914.65
1619.85 , 1918.92
1658.4 , 1928.44
1688.05 , 1952.71
1646.5 , 1955.92
1604.12 , 1957.4
1563.12 , 1961.67
1523.3 , 1968.41
1483.85 , 1975.92
1444.02 , 1982.67
1402.75 , 1986.42
1360.65 , 1984.44
1321.77 , 1975.64
1285.17 , 1962.49
1248.42 , 1949.69
1209.88 , 1940.17
1170.67 , 1932.19
1159.1 , 1907.17
1195.62 , 1902.17
1232.75 , 1905.92
1270 , 1909.42
1305.8 , 1915.92
1342.32 , 1920.92
1379.35 , 1924.92
1416.85 , 1927.92
1455.67 , 1927.67
1493.65 , 1925.67
1532.25 , 1924.92
1570.95 , 1924.42
1609.07 , 1926.17
1642.22 , 1937.92
1673.7 , 1953.97
1641.77 , 1938.35
1608.4 , 1927.17
1569.7 , 1926.67
1531.35 , 1927.92
1493 , 1929.17
1455.62 , 1932.42
1417.75 , 1934.67
1379.4 , 1933.42
1342.75 , 1928.66
1307.22 , 1921.66
1272.32 , 1913.17
1236.65 , 1906.42
1197.82 , 1906.67
1632.95 , 1344.6
1650.1 , 1327.71
1669.6 , 1317.22
1687.8 , 1303.22
1708.1 , 1295.08
1732.03 , 1294.6
1753.7 , 1299.85
1774.38 , 1306.87
1794.53 , 1315.36
1813.8 , 1326.42
1831.48 , 1341.87
1822.87 , 1361.67
1802.6 , 1369.82
1782.1 , 1377.35
1759.75 , 1381.1
1735.8 , 1381.6
1712.47 , 1379.85
1690.6 , 1375.12
1669.22 , 1369.34
1648.58 , 1362.25
1278.68 , 1320.26
1264.39 , 1304.96
1249.89 , 1289.7
1234.26 , 1276.33
1217.34 , 1266.51
1198.84 , 1260.91
1179.68 , 1256.54
1159.51 , 1254.27
1140.04 , 1257.98
1122.97 , 1267.52
1111.46 , 1283.79
1118.47 , 1301.64
1131.94 , 1317.27
1148.49 , 1328.06
1166.63 , 1334.26
1185.74 , 1338.81
1205.71 , 1341.54
1226.96 , 1341.54
1247.16 , 1339.33
1266.49 , 1335.29
1544.25 , 1154.86
1575.75 , 1120.36
1614.8 , 1101.1
1657.38 , 1090.36
1701.8 , 1083.61
1747.05 , 1078.61
1792.33 , 1073.61
1839.3 , 1074.61
1882.95 , 1082.87
1921.13 , 1104.23
1946.49 , 1140.28
1933.7 , 1178.09
1891.62 , 1166.6
1846.72 , 1160.86
1802.67 , 1153.36
1758.62 , 1145.86
1711.3 , 1145.59
1669.03 , 1156.87
1627.83 , 1169.86
1582.9 , 1175.11
1339.5 , 1109.33
1309.76 , 1080.32
1276.11 , 1061.26
1239.45 , 1050.26
1198.63 , 1047.51
1157.2 , 1049.01
1116.15 , 1051.28
1078.11 , 1059.77
1043.23 , 1075.47
1009.73 , 1094.99
976.18 , 1114.26
1009.1 , 1135.25
1050.03 , 1133.26
1086.63 , 1122.05
1123.15 , 1110.77
1161.26 , 1102.44
1202.23 , 1104
1239.55 , 1113.88
1275.2 , 1127.27
1313.53 , 1135.11
