2954583227_1
856.29 , 1155.68
866.29 , 1183.18
877.3 , 1213.25
887.21 , 1240.64
900.86 , 1269.99
913.07 , 1297
926.87 , 1324.77
938.64 , 1353.43
951.23 , 1381.97
966.78 , 1408.47
986.45 , 1432.59
1004.18 , 1455.13
1024.65 , 1477.87
1049.23 , 1500.81
1072.54 , 1520.88
1097.13 , 1539.46
1121.62 , 1554
1150.4 , 1565.23
1180.48 , 1569.81
1211.2 , 1568.87
1241.83 , 1565.95
1273.73 , 1555.72
1299.56 , 1543.77
1328.69 , 1527.63
1351.5 , 1509.92
1375.68 , 1488.18
1393.94 , 1464.13
1410.59 , 1438.29
1425.1 , 1411.43
1440.71 , 1385.03
1454.03 , 1358.88
1466.67 , 1328.24
1475.57 , 1300.29
1480.85 , 1268.73
1486.65 , 1240.4
1495.42 , 1210.59
1504.76 , 1180.83
1513.23 , 1150.91
1523.99 , 1120.68
1535.11 , 1092.98
1545.03 , 1062.08
1068.14 , 1142.39
1059.72 , 1166.33
1053.77 , 1191.37
1061.33 , 1215.47
1084.1 , 1228.5
1110.55 , 1229.89
1137.51 , 1226.32
1163.52 , 1224.7
1188.31 , 1220.99
1215.46 , 1216.76
1240.11 , 1210.95
1258.64 , 1193.45
1265.84 , 1167.42
1257.91 , 1144.63
1238.51 , 1125.38
1216.57 , 1109.27
1195.3 , 1093.6
1052.1 , 1358.72
1066.43 , 1342.65
1082.2 , 1327.38
1099.7 , 1316.96
1118.47 , 1310.25
1139.5 , 1307.98
1160.88 , 1309.47
1181.12 , 1305.7
1200.27 , 1299.7
1222 , 1298.97
1242.65 , 1301.96
1262.6 , 1306.47
1282.52 , 1310.98
1303.08 , 1314.22
1303.35 , 1334.35
1289.1 , 1350.47
1273.4 , 1365.91
1257.1 , 1379.72
1240.07 , 1391.48
1221.62 , 1399.22
1202.2 , 1404.74
1181.92 , 1408.44
1161.27 , 1411.47
1139.65 , 1412.01
1119.38 , 1408.23
1101.12 , 1399.73
1084.42 , 1387.05
1068.8 , 1371.42
1075.6 , 1347.22
1089.85 , 1340.97
1104.5 , 1335.81
1120.12 , 1332.46
1136.38 , 1330.47
1152.62 , 1328.46
1169.35 , 1327.47
1185.97 , 1326.19
1201.55 , 1322.76
1217.17 , 1319.44
1233.67 , 1317.97
1250.27 , 1316.71
1267.02 , 1315.75
1284.12 , 1315.47
1293.5 , 1321.31
1279.15 , 1327.46
1265 , 1334.23
1250.75 , 1340.75
1236.1 , 1345.97
1220.92 , 1350.15
1205.4 , 1353.73
1189.75 , 1357
1173.25 , 1358.47
1156.22 , 1358.59
1139.97 , 1356.59
1124.12 , 1353.72
1108.12 , 1351.22
1092 , 1348.97
1239.45 , 970.46
1242.94 , 954.29
1250.45 , 939.71
1260.9 , 926.27
1274.12 , 915.26
1288.75 , 907.98
1304.85 , 904.21
1322.75 , 904.21
1339.67 , 906.21
1355.65 , 910.23
1370.53 , 916.73
1381.05 , 929.88
1368.35 , 942.46
1354.15 , 950.75
1339.2 , 956.96
1323.78 , 961.93
1308.1 , 966.47
1291.53 , 969.21
1274.12 , 970.21
1256.72 , 971.21
1017.23 , 986.63
1009.69 , 975.37
998.8 , 966.71
987.12 , 960.22
974.85 , 955.45
961 , 953.96
947.02 , 952.71
933.3 , 954.46
921.1 , 959.45
910.3 , 968.46
902.8 , 979.71
911.1 , 990.76
921.6 , 1000.47
933.65 , 1005.99
946.77 , 1008.96
960.88 , 1009.96
975.07 , 1009.21
989.17 , 1008.21
1002.42 , 1005.46
1014.42 , 999.7
1170.67 , 867.61
1188.02 , 840.71
1216.3 , 826.74
1245.2 , 814.85
1274.55 , 804.33
1305.57 , 797.09
1337.82 , 792.36
1371.39 , 790.38
1404.57 , 793.11
1434.35 , 802.63
1460.94 , 820.89
1437.67 , 835.11
1403.87 , 836.6
1371.39 , 840.86
1339.17 , 845.61
1307.2 , 850.87
1277.52 , 860.6
1249.2 , 874.34
1221.25 , 889.09
1189.41 , 894.06
1060.79 , 897.92
1040.31 , 875.21
1015.32 , 859.46
988.64 , 848.22
960.19 , 840.95
929.72 , 838.47
899.74 , 842.57
872.79 , 852.77
848.54 , 870.3
831.3 , 894.77
823.59 , 922.97
849.44 , 933.35
870.07 , 910.23
893.77 , 890.75
922.57 , 884.22
952.69 , 887.95
980.32 , 896.7
1007.42 , 906.54
1033.97 , 918.1
1060.84 , 928.47
