2957223413_1
316.15 , 452.15
319.27 , 465.94
322.95 , 479.71
327.12 , 493.28
330.58 , 507.03
335.1 , 520.63
339.99 , 533.88
345.34 , 546.94
350.46 , 559.58
356.73 , 573.16
363.88 , 586.05
371.18 , 597.22
379.82 , 608.31
388.3 , 619.74
400.24 , 628.49
413.31 , 631.9
428.05 , 633.4
442.29 , 633.92
456.56 , 633.79
470.85 , 633.18
485.62 , 632.82
499.32 , 631.04
512.33 , 626.61
525.79 , 621.35
539.71 , 615.43
551.19 , 607.23
561.35 , 597.22
571.6 , 587.11
581.59 , 577.48
592.28 , 567.34
600.42 , 556.76
607.66 , 544.34
613.76 , 530.46
618.59 , 517.74
622.82 , 503.35
625.84 , 490.56
628.34 , 476.31
629.71 , 462.19
630.5 , 447.93
630.77 , 433.73
629.6 , 418.37
406.46 , 411.09
398.51 , 418.09
391.53 , 427.07
391.28 , 437.46
398.57 , 446.52
408.36 , 448.65
419.82 , 448.43
431.41 , 449.17
442.57 , 449.45
453.57 , 449.89
463.9 , 449.25
475.55 , 449.04
487.06 , 448.55
495.49 , 442.16
495.44 , 432.13
488.21 , 422.54
480.25 , 414.51
366.5 , 502.94
373.38 , 491.29
384.4 , 482.52
397.57 , 479.2
411.23 , 476.94
425.73 , 476.44
440.12 , 477.19
453.77 , 479.44
466.7 , 483.2
480 , 486.19
492.9 , 489.97
505.35 , 494.7
516.88 , 502.04
527.44 , 512.12
523 , 524.62
512.65 , 535.06
500.62 , 541.19
488.18 , 545.92
475.55 , 550.17
463.02 , 554.68
449.98 , 558.19
435.35 , 558.44
421.68 , 556.21
408.77 , 552.45
396.8 , 546.26
385.2 , 539.13
374.75 , 528.69
368.22 , 516.84
375 , 499.69
385.35 , 497.2
396.68 , 496.68
406.9 , 493.92
418.12 , 493.19
429.45 , 493.69
440.4 , 494.94
451.35 , 496.19
462.07 , 497.93
472.48 , 500.42
483.18 , 502.21
494.62 , 502.44
505.58 , 503.69
515.77 , 506.46
512.32 , 515.67
502.88 , 520.44
493.32 , 524.87
483.27 , 527.92
473.32 , 531.17
462.73 , 533.19
451.27 , 532.94
440.2 , 531.94
428.88 , 531.44
417.8 , 530.43
407.43 , 527.96
397.98 , 523.16
389.48 , 515.91
380.97 , 508.66
496.68 , 379.61
500.56 , 377.23
504.73 , 375.61
509.2 , 374.61
513.93 , 374.11
518.88 , 374.11
523.58 , 374.61
528.18 , 375.36
532.4 , 376.84
536.56 , 378.62
539.92 , 382.06
537.52 , 385.87
532.93 , 386.61
528.23 , 386.11
523.5 , 385.61
518.81 , 385.1
514.33 , 384.1
509.86 , 383.12
505.63 , 381.61
501.15 , 380.61
417.4 , 370.64
412.93 , 368.4
408.45 , 366.12
403.42 , 365.14
398.3 , 364.39
393.05 , 363.89
387.67 , 363.64
382.42 , 364.14
377.85 , 366.16
373.78 , 369.51
370.65 , 373.64
375.02 , 376.17
380.15 , 376.89
385.52 , 377.14
391.02 , 377.14
396.02 , 376.15
401.15 , 375.39
406.4 , 375.89
411.77 , 376.14
416.9 , 375.39
484.84 , 351.96
487.94 , 341.09
497.34 , 334.21
507.59 , 329.71
518.21 , 326.19
529.46 , 323.97
541.59 , 324.46
551.91 , 328.77
561.32 , 335.7
569.74 , 344.36
576.59 , 353.78
581.15 , 364.03
570.49 , 365.96
560.21 , 361.45
550.59 , 355.21
540.39 , 350.46
528.76 , 348.94
517.37 , 350.96
506.34 , 353.71
495.09 , 355.96
424.98 , 336.12
420.63 , 327.76
413.63 , 320.63
405.45 , 315.87
396.25 , 313.64
386.3 , 313.35
377.52 , 316.37
369.65 , 322
363.11 , 329.54
357.32 , 337.34
352.99 , 345.69
351.25 , 355.14
359.84 , 353.82
366.17 , 346.21
373.73 , 339.66
382.6 , 336.89
392.75 , 336.64
402.05 , 338.68
411.18 , 341.16
419.89 , 344
