2957223541_1
621.6 , 858.99
628.05 , 881.33
634.25 , 906.33
641.67 , 929.38
651.87 , 955.25
660.56 , 977.45
672.11 , 1001.31
683.94 , 1023.77
695.49 , 1044.87
707.59 , 1066.31
720.84 , 1087.89
735.47 , 1108.71
751.12 , 1128.65
768.71 , 1147.37
790.54 , 1162.64
810.53 , 1174.42
836.1 , 1184.36
859.75 , 1191.09
883.61 , 1196.6
908.98 , 1203.24
933.25 , 1205.58
957.9 , 1203.61
984.4 , 1198.1
1007.36 , 1189.36
1030.46 , 1181.67
1055.69 , 1172.56
1075.51 , 1160.26
1095.07 , 1141.05
1111.66 , 1122.38
1130.38 , 1104.91
1148.04 , 1086.98
1164.77 , 1069.22
1179.06 , 1047.51
1190.3 , 1027.06
1202.92 , 1004.51
1212 , 980.77
1219.38 , 957
1227.01 , 931.1
1232.51 , 907.69
1236.25 , 883.08
1239.71 , 855.97
849.73 , 807.66
834.39 , 825.91
816.79 , 846.21
806.58 , 868.7
809.78 , 894.34
829.32 , 908.93
856.28 , 915.29
880.04 , 920.37
906.97 , 919.79
930.69 , 916.43
957.74 , 910.16
980.87 , 902.57
1004.07 , 888.65
1010.76 , 865.23
999.39 , 841.65
984.73 , 820.99
970.36 , 798.51
764.44 , 974.79
787.67 , 966.28
811.39 , 958.77
835.42 , 951.81
861.14 , 948.29
887.77 , 950.04
913.74 , 953.04
939.62 , 949.79
966.97 , 949.54
992.47 , 953.54
1017.99 , 957.53
1042.77 , 963.11
1064.32 , 974.16
1052.41 , 996.34
1037.61 , 1017.39
1021.94 , 1038.16
1006.49 , 1059.01
985.77 , 1074.73
963.12 , 1085.31
938.84 , 1091.77
913.09 , 1095.29
886.62 , 1093.29
860.39 , 1090.75
837.74 , 1080.35
818.88 , 1060.74
803.49 , 1039.87
789.81 , 1018.44
776.84 , 996.71
782.19 , 982.79
802.62 , 982.29
821.97 , 985.04
842.29 , 985.79
862.72 , 985.29
883.04 , 984.54
902.52 , 987.07
922.47 , 988.54
940.84 , 983.81
958.94 , 978.54
978.42 , 976.06
998.49 , 974.79
1018.92 , 974.29
1039.61 , 974.29
1034.94 , 990.54
1019.09 , 1001.8
1001.92 , 1009.31
984.49 , 1016.02
966.37 , 1021.32
947.32 , 1024.66
927.79 , 1027.04
907.12 , 1027.04
887.27 , 1025.28
867.62 , 1023.22
848.54 , 1019.89
830.49 , 1014.57
813.57 , 1006.17
797.02 , 996.86
989.48 , 744.17
996.01 , 734.4
1005.21 , 726.19
1014.73 , 718.92
1024.61 , 712.54
1034.95 , 707.44
1046.06 , 704.35
1058.26 , 703.42
1070.06 , 705.2
1080.88 , 708.88
1090.96 , 714.65
1093.83 , 724.94
1082.68 , 727.96
1071.01 , 729.91
1059.18 , 731.67
1047.15 , 732.92
1034.88 , 733.67
1022.58 , 734.43
1011.25 , 737.16
1000.36 , 740.64
814.7 , 741.93
812.34 , 733.66
805.24 , 727.54
797.64 , 722.92
789.69 , 719.19
781.59 , 715.91
772.04 , 715.66
762.87 , 716.66
754.47 , 719.13
746.59 , 723.16
739.61 , 729.63
734.09 , 736.91
742.27 , 739.93
750.82 , 742.17
759.41 , 744.43
768.34 , 745.91
777.99 , 745.91
787.42 , 745.41
796.82 , 744.91
805.99 , 743.91
956.87 , 674.61
973.35 , 665.38
992.02 , 661.37
1011.07 , 658.1
1030.12 , 654.86
1049.77 , 652.86
1070.27 , 653.11
1089.8 , 655.36
1108.19 , 659.93
1124.77 , 669.01
1136.66 , 684.43
1120.17 , 690.59
1102.62 , 684.36
1083.69 , 680.86
1063.19 , 681.11
1043.55 , 683.11
1024.25 , 685.86
1004.25 , 687.12
985.19 , 690.36
965.39 , 691.42
850.17 , 677.47
834.15 , 665.32
815.52 , 660.05
795.38 , 657.82
774.88 , 656.32
754.12 , 655.32
733.27 , 656.09
713.85 , 659.8
696.45 , 668.39
681 , 682.12
666.55 , 697.32
686.07 , 693.82
706.22 , 691.57
726.47 , 689.57
746.97 , 688.07
767.72 , 689.07
787.75 , 691.58
807.77 , 694.05
827.47 , 697.25
848.17 , 696.32
