2957533922_1
1234.45 , 846.7
1238.87 , 889.43
1244.16 , 936.6
1248.33 , 983.81
1251.33 , 1030.21
1256.37 , 1073.8
1264.96 , 1119.41
1275.8 , 1165.43
1286.9 , 1210.84
1301.39 , 1252.79
1321.56 , 1297.27
1341.14 , 1337.55
1360.22 , 1381.75
1377.59 , 1422.56
1408.02 , 1458.76
1444.08 , 1483.3
1488.55 , 1504.87
1529.65 , 1515.33
1575.07 , 1524.6
1621.18 , 1532.61
1666.21 , 1526.09
1710.65 , 1513.66
1757.92 , 1498.8
1798.86 , 1485.05
1844.7 , 1468.7
1886.97 , 1450.65
1927.93 , 1429.78
1968.58 , 1412.29
2013.04 , 1396.35
2051.13 , 1369.19
2086.53 , 1337.73
2115.73 , 1302.59
2150.22 , 1271.82
2179.31 , 1239.25
2209.49 , 1203.36
2242.71 , 1170.02
2271.1 , 1136.56
2291.99 , 1092.03
2311.33 , 1049.08
2331.67 , 1009.1
2352.54 , 965.5
1469.17 , 814.39
1450.55 , 850.87
1432 , 887.25
1415.45 , 929.33
1413.68 , 971.14
1441.7 , 1003.25
1480.65 , 1006.15
1523.83 , 1006.85
1568.5 , 1011.35
1607.91 , 1015.77
1649.31 , 1022.67
1691.94 , 1033.11
1726.16 , 1009.82
1729.2 , 969.91
1713.17 , 926.91
1692.57 , 890.4
1677.11 , 848.82
1366.1 , 1154.71
1394.02 , 1136.02
1424.85 , 1125.46
1460.22 , 1123.96
1492.6 , 1131.71
1523.22 , 1142.99
1556.4 , 1148.95
1591.4 , 1151.21
1625.45 , 1155.47
1658.65 , 1161.46
1691.45 , 1168.24
1724.22 , 1175.08
1756.3 , 1183.47
1787.1 , 1194.21
1798.05 , 1222
1768.85 , 1237.46
1738 , 1248.06
1706.47 , 1257.34
1673.6 , 1263.96
1638.7 , 1266.46
1602.85 , 1265.96
1567.92 , 1263.53
1533.67 , 1259.69
1500.75 , 1253.24
1469.92 , 1242.56
1441.72 , 1224.59
1415.2 , 1201.84
1393.55 , 1174.9
1387.35 , 1153.21
1416.75 , 1155.21
1444.1 , 1161.46
1470.82 , 1168.97
1497.1 , 1177.21
1523.95 , 1184.49
1551.55 , 1190.22
1580.22 , 1193.71
1609.75 , 1195.46
1639.4 , 1196.96
1668.8 , 1198.96
1698.2 , 1200.96
1727.97 , 1202.21
1757.97 , 1202.96
1786.98 , 1203.21
1757.07 , 1204.21
1726.82 , 1204.46
1696.82 , 1203.71
1667.3 , 1201.96
1638.25 , 1199.21
1609.32 , 1196.21
1579.92 , 1194.21
1551.12 , 1190.96
1523.32 , 1185.69
1496.45 , 1178.49
1470.45 , 1169.74
1443.75 , 1162.21
1415.92 , 1156.96
1769.65 , 691.73
1787.93 , 670.2
1810.98 , 656.17
1835.62 , 646.75
1862.18 , 641.22
1890.58 , 639.48
1919.45 , 640.23
1946.88 , 643.96
1972.4 , 651.48
1995.42 , 665.48
2013.41 , 686.83
2005.22 , 711.42
1980.55 , 720.83
1955.25 , 728.73
1926.85 , 730.49
1899.8 , 725.98
1870.83 , 726.41
1844.23 , 721.01
1818.1 , 714.49
1791.78 , 708.38
1511.64 , 655.67
1497.3 , 640.57
1480.48 , 631.01
1462.4 , 625
1443.03 , 621.5
1422.92 , 619.5
1402.48 , 618.25
1381.75 , 618.98
1363.25 , 624.24
1346.83 , 634.88
1334.7 , 650.75
1348.5 , 666.06
1364.97 , 676.51
1383.5 , 681.77
1403.6 , 683.75
1424.18 , 682.75
1444.75 , 681.75
1465.58 , 681.25
1485.67 , 679.25
1503.59 , 672.84
1643.03 , 476.29
1689.6 , 434.24
1747.38 , 420.96
1811.03 , 419.94
1875.05 , 420.19
1938.35 , 418.43
1999.1 , 424.95
2054.15 , 443.44
2104.85 , 473.66
2148.97 , 518.02
2145.23 , 569.21
2088.82 , 553.16
2034.83 , 532.13
1980.88 , 510.69
1922.08 , 501.22
1862.05 , 509.72
1805.12 , 524.68
1750.45 , 543.9
1692.25 , 555.29
1637.4 , 537.69
1559.04 , 538.01
1546.03 , 503.98
1526.53 , 472.23
1496.81 , 446.99
1463.03 , 433.23
1424.86 , 428.73
1384.98 , 427.73
1348.28 , 435.23
1311.08 , 441.73
1277.88 , 457.48
1250.78 , 486.48
1237.78 , 520.48
1271.83 , 508.49
1310.86 , 505.73
1350.36 , 507.48
1389.38 , 510.23
1425.95 , 517.99
1461.18 , 528.38
1494.68 , 543.13
1528.18 , 557.87
