2958855782_1
808.31 , 1084.08
817.12 , 1117.11
827 , 1149.54
836.17 , 1186.75
846.66 , 1220
856.95 , 1255.08
868.16 , 1287.84
879.8 , 1319.15
894.69 , 1352.12
913.38 , 1383.71
935.01 , 1410.8
960.19 , 1438.32
987.2 , 1461.56
1013.77 , 1482.92
1039.72 , 1507.99
1067.7 , 1531.6
1096.34 , 1553.13
1127.37 , 1570.78
1160 , 1583.05
1193.34 , 1591.27
1231.09 , 1597.14
1264.89 , 1598.51
1298.77 , 1598.35
1336.76 , 1592.78
1370.39 , 1579.63
1399.52 , 1559.25
1419.66 , 1534
1439.64 , 1502.46
1460.73 , 1475.52
1487.4 , 1448.95
1508.57 , 1423.36
1531.86 , 1392.84
1550.5 , 1362.67
1566.28 , 1330.91
1579.38 , 1300.22
1591.85 , 1264.31
1599.79 , 1229.63
1604.25 , 1196.27
1607.78 , 1158.28
1609.96 , 1125.75
1612.85 , 1087.2
1245.58 , 1099.53
1229.67 , 1128.8
1211.41 , 1153.31
1194.68 , 1184.7
1190.82 , 1218.94
1202.05 , 1247.85
1232.19 , 1264.5
1262.86 , 1270.41
1297.25 , 1276.1
1330.1 , 1274.55
1363.86 , 1266.65
1389.14 , 1245.31
1417.06 , 1226.74
1429.03 , 1196.3
1419.72 , 1163.98
1400.67 , 1135.06
1386.2 , 1104.35
1110.45 , 1333.06
1138.65 , 1333.06
1164.67 , 1337.56
1191.67 , 1340.06
1219.4 , 1339.06
1247 , 1337.81
1274.98 , 1338.31
1302.83 , 1337.56
1328.48 , 1332.3
1353.1 , 1325.06
1377.35 , 1317.16
1402.4 , 1310.55
1428.05 , 1305.3
1432.7 , 1328.56
1422.7 , 1352.06
1410.61 , 1374.91
1391.63 , 1394.91
1369.73 , 1409.29
1346.25 , 1419.52
1321.08 , 1425.78
1293.97 , 1427.56
1267.7 , 1423.56
1243.4 , 1415.76
1219.55 , 1406.9
1196.38 , 1395.75
1174.05 , 1382.44
1152.15 , 1368
1130.88 , 1351.74
1126.45 , 1338.56
1146.95 , 1347.31
1168 , 1354.58
1190.05 , 1360.09
1213.15 , 1363.31
1236.73 , 1365.56
1259.83 , 1368.8
1283.3 , 1371.31
1307.85 , 1371.06
1330.12 , 1366.05
1351.25 , 1359.02
1371.8 , 1350.22
1391.95 , 1340.06
1411.33 , 1328.05
1430 , 1317.05
1410.6 , 1329.06
1391.68 , 1342.33
1371.97 , 1353.54
1351.28 , 1361.74
1329.55 , 1367.82
1306.58 , 1371.31
1282.75 , 1373.06
1259.4 , 1370.32
1237.03 , 1365.56
1213.08 , 1364.06
1190.1 , 1360.55
1168.08 , 1355.09
1146.6 , 1348.59
1385.7 , 978.49
1395.76 , 964.19
1408.42 , 950.76
1422.5 , 939.93
1437.23 , 930.98
1452.62 , 923.72
1468.83 , 918.71
1486.3 , 916.24
1504.15 , 918
1519.92 , 923.98
1533.42 , 936.44
1535.85 , 953.84
1525.95 , 968.24
1510.8 , 976.15
1494.33 , 980.73
1476.6 , 982.74
1458.05 , 982.49
1439.6 , 982.99
1421.88 , 980.99
1404.03 , 979.24
1176.65 , 992.47
1166.72 , 978.44
1151.05 , 968.69
1135.35 , 959.06
1118.87 , 951.44
1101.25 , 946.69
1081.67 , 945.98
1063.27 , 949.15
1046.52 , 955.9
1031.17 , 966.49
1017.79 , 980.84
1007.22 , 996.19
1024.55 , 1001.47
1043.17 , 1004.19
1062.87 , 1004.69
1081.97 , 1002.94
1100.72 , 1000.44
1119.3 , 997.62
1138.1 , 995.16
1157.8 , 994.69
1374.45 , 933.82
1383.27 , 910.47
1402.65 , 890.87
1423.65 , 875.33
1445.65 , 862.61
1468.25 , 851.28
1491.28 , 841.51
1514.1 , 830.91
1537.08 , 820.94
1561.78 , 814.75
1586.37 , 820.25
1581.35 , 842.83
1555.9 , 847.36
1532.68 , 856.58
1510.15 , 868.08
1487.4 , 878.83
1464.83 , 890.2
1442.58 , 902.31
1420.25 , 914.3
1397.95 , 926.32
1223.02 , 904.67
1193.37 , 887.26
1161.99 , 874.64
1130.19 , 863.28
1097.87 , 853.01
1065.44 , 843
1031.85 , 835.01
995.39 , 833.5
962.6 , 843.04
935.33 , 866.81
922.37 , 898.01
952.12 , 881.76
983.47 , 869.16
1020.47 , 869.26
1052.74 , 879.54
1084.6 , 890.75
1116.3 , 902.44
1148.17 , 913.52
1180.37 , 924.01
1214.72 , 930.27
