295960450_1
239.55 , 768.75
249.48 , 793.86
260.31 , 820.89
272.61 , 847.64
283.77 , 872.72
299.15 , 897.61
316.18 , 918.83
335.68 , 939.19
357.56 , 958.29
381.85 , 974.91
406.42 , 989.26
433.26 , 996.21
462.61 , 1000.5
488.88 , 1006.46
516.88 , 1012.66
545.45 , 1018.89
573.69 , 1025.36
600.7 , 1032.3
630.66 , 1036.66
658.34 , 1031.97
685.39 , 1025.13
711.22 , 1013.22
730.91 , 993.93
750.5 , 971.7
767.81 , 949.68
784.29 , 926.88
805.91 , 908.62
828.49 , 890.47
851.04 , 874.39
872.22 , 852.11
887.63 , 828.59
898.75 , 802.14
904.1 , 776.11
908.51 , 745.23
909.45 , 718.06
908.5 , 689.11
902.77 , 659.82
898.05 , 633.14
890.56 , 606.87
884.85 , 578.15
878.1 , 548.3
576.1 , 698.93
560.5 , 705.56
548.96 , 720.14
547.38 , 738.55
559.22 , 750.58
578.32 , 753.52
595.95 , 754.01
615.77 , 751.79
632.95 , 752.1
651.2 , 752.85
669.12 , 744.75
683.28 , 733.21
699.77 , 725.08
715.5 , 718.55
718.7 , 700
705.41 , 687.9
691.07 , 676.19
505.48 , 852.63
523.36 , 840.75
542.81 , 833.1
562.81 , 826.85
582.96 , 820.9
602.63 , 813.98
622.46 , 807.4
642.53 , 801.34
663.18 , 796.17
683.03 , 789.65
704.71 , 786.65
726.96 , 784.88
748.86 , 787.37
766.33 , 797.53
758.48 , 816.88
747.32 , 835.05
734.24 , 852.58
719.95 , 869.65
704.63 , 886.22
686.4 , 897.2
665.31 , 901.38
642.93 , 902.88
620.56 , 901.41
599.65 , 896.81
579.31 , 891.16
559.03 , 885.4
539.03 , 879.16
520.18 , 869.57
520.98 , 852.13
536.58 , 845.04
553.08 , 840.15
569.25 , 834.62
585.68 , 829.65
602.61 , 825.5
619.93 , 822.17
637.56 , 819.56
654.96 , 816.38
671.71 , 811.9
687.98 , 806.63
705.33 , 803.39
723.53 , 801.88
741.4 , 799.7
752.2 , 801.66
738.15 , 813.2
724.06 , 824.55
709.56 , 834.87
694.23 , 842.88
677.58 , 847.53
660.75 , 851.87
644 , 856.38
626.53 , 859.38
608.93 , 862.13
590.63 , 863.38
572.06 , 862.63
553.63 , 863.65
535.9 , 861.12
698.25 , 563.92
707.17 , 558.99
717.12 , 556.67
726.95 , 553.96
736.52 , 550.91
746.35 , 548.32
756.42 , 546.15
766.8 , 544.68
777.9 , 544.67
788.88 , 544.42
798.08 , 543.24
787.73 , 541.67
777 , 542.42
766.73 , 544.17
756.35 , 545.64
746.23 , 547.66
736.12 , 549.8
726.33 , 552.42
716.17 , 554.41
706.6 , 557.54
501.85 , 593.33
491.65 , 587.9
480.12 , 585.65
467.97 , 585.15
456.2 , 586.86
444.92 , 589.65
434 , 593.05
423.17 , 596.64
412.77 , 601.53
402.57 , 606.91
392.9 , 613.65
404.2 , 610.91
415.97 , 609.12
427.97 , 607.87
439.75 , 606.14
451.4 , 604.15
463.3 , 602.65
475.17 , 601.15
487.55 , 600.65
499.92 , 601.16
673.31 , 512.84
676.06 , 495.59
691.53 , 488.6
706.96 , 481.43
722.61 , 475.05
738.73 , 469.83
755.63 , 466.1
773.83 , 465.09
791.48 , 467.27
807.41 , 472.93
821.51 , 483.78
825.36 , 496.86
808.86 , 492.34
790.98 , 490.61
772.91 , 489.31
755.03 , 491.09
738.53 , 495.58
722.28 , 500.6
705.63 , 504.81
689.68 , 510.36
495.04 , 506.25
475.72 , 499.65
453.56 , 498.9
431.16 , 499.15
410.09 , 502.14
389.24 , 505.66
369.12 , 510.71
350.51 , 519.11
333.76 , 532.8
322.19 , 550.27
314.69 , 569.15
332.24 , 558.88
350.12 , 548.41
368.71 , 539.89
389.06 , 535.42
410.62 , 533.38
432.44 , 531.9
454.46 , 530.9
475.76 , 528.4
496.36 , 524.39
