2962437091_1
365.45 , 408.14
371.25 , 419
375.27 , 431.28
378.97 , 444.47
382.07 , 456.84
385.3 , 469.66
389.22 , 482.27
393.34 , 493.8
397.54 , 506.73
403.81 , 517.61
409.63 , 529.34
416.21 , 541.42
423.39 , 552.25
429.74 , 562.5
437.91 , 572.98
446.98 , 581.89
455.91 , 591.54
463.49 , 601.99
473.51 , 611.68
486.27 , 612.95
499 , 616.32
511.05 , 617.35
524.81 , 616.38
538.24 , 614.85
550.81 , 612.58
563.68 , 610.16
575.51 , 606.47
586.38 , 599.53
594.95 , 588.47
601.96 , 578.99
610.69 , 568.14
617.04 , 557.35
618.61 , 543.99
622.23 , 531.81
626.58 , 518.88
629.79 , 506.52
634.35 , 494.93
637.58 , 482.13
642.2 , 470.01
645.48 , 457.23
649.36 , 443.93
527.19 , 414.74
522.76 , 424.77
516.71 , 432.99
509.67 , 441.83
507.22 , 453.12
510.36 , 463.29
518.17 , 470.34
528.85 , 473.9
539.9 , 474.4
551.19 , 475.22
561.85 , 475.99
573.31 , 475.92
580.56 , 468.5
581.1 , 457.5
578.94 , 446.4
577.5 , 436.31
573.53 , 425
482.3 , 513.59
490.23 , 513.84
498.3 , 513.84
506.23 , 513.59
514.3 , 513.59
522.1 , 514.09
529.33 , 515.84
536.55 , 517.59
544.12 , 518.59
551.7 , 519.59
559.27 , 520.59
567.23 , 520.85
574.3 , 522.84
580.8 , 526.34
577.47 , 532.91
571.45 , 537.71
564.88 , 541.02
557.67 , 542.83
549.62 , 542.84
542.17 , 541.6
534.7 , 540.36
527.62 , 538.32
520.77 , 535.85
513.95 , 533.37
507.2 , 530.62
500.6 , 527.35
494.48 , 522.77
488.52 , 517.81
489.55 , 515.09
495.4 , 516.1
501.12 , 517.34
506.98 , 518.34
512.95 , 519.09
518.8 , 520.09
524.65 , 521.09
530.5 , 522.09
536.6 , 522.59
542.83 , 522.84
548.8 , 523.59
554.65 , 524.59
560.5 , 525.59
566.35 , 526.59
572.55 , 526.84
566.7 , 525.84
560.73 , 525.09
554.75 , 524.34
548.77 , 523.59
542.92 , 522.6
536.83 , 522.09
530.73 , 521.59
524.77 , 520.84
518.92 , 519.85
512.95 , 519.09
507.1 , 518.09
501.25 , 517.09
495.5 , 515.84
581.37 , 386.93
585.04 , 383.23
589.45 , 381.45
594.1 , 380.18
599.07 , 379.68
604.2 , 379.93
609.07 , 380.69
613.7 , 381.91
618.02 , 383.93
621.82 , 387.35
623.41 , 391.83
620.12 , 395.68
616.07 , 398.44
611.57 , 399.92
606.32 , 399.93
601.57 , 398.94
597.1 , 397.44
592.7 , 395.66
588.32 , 393.89
584.34 , 390.91
506.95 , 372.51
503.47 , 368.8
499.3 , 366.62
495.07 , 364.56
490.55 , 363.32
485.88 , 362.33
480.85 , 362.08
475.82 , 362.34
471.43 , 363.89
467.5 , 366.58
469.09 , 370.93
471.28 , 375.11
474.98 , 378.55
479.15 , 380.74
483.52 , 382.33
488.43 , 382.83
493.2 , 382.08
498 , 381.33
502.38 , 379.7
506.47 , 377.39
574.87 , 369.73
580.82 , 362.29
588.97 , 358.14
597.27 , 354.45
606.07 , 352.02
615.22 , 350.2
624.85 , 349.48
634.62 , 349.98
643.64 , 352
651.04 , 358.16
655.18 , 366.31
652.71 , 374.87
643 , 375.25
634.35 , 372.48
624.72 , 371.73
614.97 , 372.23
605.57 , 373.48
596.62 , 375.73
587.85 , 378.24
577.86 , 378.22
536.22 , 351.48
531.46 , 338.96
520.09 , 330.81
507.87 , 324.84
495.56 , 319.22
482.24 , 315.97
468.22 , 314.22
454.06 , 315.69
440.89 , 319.31
428.89 , 325.79
419.86 , 336.82
416.24 , 349.97
428.09 , 344.13
440.44 , 338.72
454.34 , 336.72
468.99 , 337.22
482.51 , 339.97
495.72 , 343.48
508.92 , 346.99
521.49 , 351.72
