2966783423_1
1040.86 , 1137.48
1044.3 , 1178.11
1048.57 , 1220.94
1054.55 , 1265.44
1064.24 , 1306.54
1079.3 , 1344.94
1095.3 , 1383.15
1117.65 , 1423.96
1140.42 , 1455.87
1160.51 , 1494.79
1182.12 , 1533.99
1209.5 , 1568.37
1231.24 , 1601.25
1250.96 , 1641.75
1269.29 , 1678.9
1290.11 , 1715.89
1321.39 , 1747.41
1360.53 , 1766.42
1401.73 , 1776.77
1443.04 , 1780.92
1484.91 , 1777.32
1530.57 , 1776.3
1572.45 , 1764.92
1607.82 , 1748.61
1646.78 , 1722.28
1678.32 , 1697.8
1714.71 , 1669.54
1746.37 , 1642.52
1772.63 , 1612.37
1801.13 , 1575.91
1824.56 , 1541.6
1847.22 , 1503.08
1867.74 , 1469.5
1888.14 , 1428.24
1905.92 , 1388.61
1918.83 , 1347.42
1929.81 , 1307.58
1935.44 , 1265.75
1942.15 , 1224.41
1946.61 , 1180.91
1946.9 , 1135.21
1322.13 , 1068.57
1303.27 , 1093.12
1286.51 , 1124.5
1283 , 1155.64
1297.74 , 1187.79
1324.18 , 1205.76
1357.79 , 1218.4
1388.62 , 1230.3
1420.43 , 1239.21
1454.67 , 1235.9
1486.36 , 1225.97
1517.95 , 1217.93
1550.06 , 1210.7
1580.2 , 1191.75
1593.68 , 1162.19
1592.67 , 1127.62
1580.25 , 1095.1
1229.6 , 1299.88
1268.02 , 1296.63
1306.55 , 1293.63
1345.72 , 1295.39
1380.82 , 1305.38
1416.85 , 1313.63
1456.85 , 1313.63
1496.62 , 1313.13
1535.15 , 1316.13
1573.82 , 1318.88
1613.6 , 1319.38
1651.05 , 1324.63
1684.92 , 1336.07
1662.13 , 1366.36
1636.4 , 1395.57
1606.6 , 1419.63
1575.88 , 1441.12
1542.92 , 1456.6
1509.22 , 1469.6
1474.27 , 1479.89
1436.7 , 1484.88
1398.05 , 1482.09
1364.72 , 1468
1332.2 , 1451.23
1302.26 , 1427.53
1278.2 , 1397.76
1258.42 , 1366.43
1241.62 , 1333.91
1244.35 , 1313.88
1273.4 , 1319.15
1300.12 , 1329.15
1326.88 , 1339.14
1355.25 , 1345.88
1384.05 , 1351.64
1412.75 , 1357.64
1443.27 , 1359.88
1474.27 , 1359.13
1505.4 , 1358.13
1536.17 , 1356.38
1566.32 , 1353.38
1596 , 1349.37
1625.55 , 1345.13
1627.97 , 1361.76
1601.8 , 1373.67
1575.5 , 1384.97
1548.65 , 1394.84
1519.92 , 1400.88
1489.52 , 1403.38
1458.02 , 1403.13
1427.25 , 1401.37
1396.97 , 1398.63
1367.67 , 1393.91
1340.22 , 1385.29
1315.52 , 1369.56
1292.17 , 1349.95
1269.77 , 1327.81
1551.48 , 876.25
1568.4 , 860.55
1587.88 , 851.72
1607.73 , 844.25
1628.15 , 837.99
1649.73 , 834
1672.63 , 832.75
1694.33 , 836.5
1714.76 , 842.76
1733.86 , 852.6
1751.09 , 867.6
1742.32 , 886.95
1723.15 , 896.73
1701.83 , 901.25
1679.28 , 903.25
1656.63 , 901.5
1634.58 , 898.53
1613.86 , 892.78
1593.43 , 886.5
1571.88 , 882.52
1327.56 , 867.15
1314.56 , 856.15
1300.71 , 847.56
1286.23 , 840.59
1271.48 , 834.58
1255.51 , 831.15
1238.86 , 829.15
1221.36 , 828.9
1204.59 , 830.64
1190.16 , 837.75
1180.31 , 851.15
1189.81 , 864.65
1202.41 , 876.77
1216.84 , 883.91
1233.03 , 886.88
1250.26 , 886.15
1266.81 , 883.9
1282.96 , 880.93
1299.43 , 878.53
1315.88 , 876.08
1513.65 , 770.13
1530.64 , 734.4
1569.2 , 724.36
1611.7 , 722.38
1652.95 , 717.84
1695.03 , 714.88
1736.3 , 718.88
1774.48 , 729.66
1810.18 , 746.89
1836.52 , 777.48
1854.06 , 813.03
1834.58 , 835.3
1807.08 , 804.53
1772.9 , 783.38
1735.03 , 772.14
1694.2 , 767.59
1652.98 , 772.32
1617.12 , 789.14
1579.08 , 800.12
1538.12 , 803.11
1363.98 , 761.26
1351.37 , 728.11
1321.36 , 706.57
1287.81 , 695.06
1251.18 , 689.56
1214.33 , 684.56
1177.38 , 689.28
1144.2 , 701.87
1113.55 , 721.53
1086.34 , 749.51
1066.53 , 780.06
1067.26 , 818.97
1099.93 , 805.19
1129.45 , 782.33
1161.88 , 767.32
1198.23 , 761.31
1237.03 , 762.31
1271.26 , 772.57
1304.08 , 786.08
1341.18 , 790.56
