296814969_1
370.28 , 458.56
373.14 , 472.54
376.46 , 487.09
379.22 , 501.77
382.44 , 516.22
386.58 , 531.31
391.23 , 545.9
395.22 , 559.43
398.92 , 574.49
406.69 , 586.52
417.47 , 597.6
427.27 , 608.65
437.07 , 620.22
447 , 631.8
456.22 , 643.39
467.91 , 653.43
479.29 , 661.44
492.81 , 669.32
504.99 , 676.87
520.05 , 681.63
534.48 , 680.77
548.95 , 679.7
564.85 , 677.42
579.59 , 673.78
593.87 , 668.96
606.02 , 662.18
619.08 , 654.08
630.67 , 644.84
641.5 , 633.65
651.48 , 622.8
661.14 , 612.08
670.92 , 599.49
678.16 , 587.25
683.82 , 573.26
687.95 , 558.13
691.15 , 543.14
695 , 528.83
702.02 , 516.14
704.78 , 501.45
707.76 , 487.21
711.25 , 471.4
502.15 , 431.94
499.17 , 446.21
490.58 , 460.03
481.56 , 472.3
480.58 , 487.17
492.11 , 497.66
505.77 , 503.33
521.97 , 507.74
537.25 , 507.73
552.44 , 504.6
568.14 , 503.73
581.93 , 499.5
591.75 , 487.56
587.77 , 472.29
579.33 , 459.4
571.82 , 445.85
568 , 429.89
461.75 , 540.65
472.6 , 536.62
485.23 , 536.15
497.98 , 535.9
510.73 , 536.15
522.4 , 538.64
534.3 , 540.64
546.67 , 539.65
559.42 , 539.9
571.92 , 540.65
584.67 , 540.9
597.08 , 541.9
608.85 , 544.18
610.76 , 555.62
604.62 , 565.77
595.83 , 574.89
585.88 , 581.52
574.98 , 585.67
563.42 , 588.4
551.15 , 589.65
538.4 , 589.9
526.27 , 588.41
515.12 , 584.93
504.23 , 580.91
493.65 , 575.81
483.7 , 569.09
474.28 , 560.93
467 , 551.15
465 , 546.65
475.25 , 545.4
485.98 , 545.65
496.35 , 546.65
506.98 , 547.15
517.23 , 548.4
527.25 , 550.15
537.98 , 550.4
548.35 , 549.4
558.73 , 548.4
569.33 , 547.9
580.2 , 547.9
590.8 , 548.4
601.3 , 547.65
597.92 , 555.48
589.65 , 561.5
580.77 , 565.9
571.25 , 568.65
561.35 , 570.66
551.1 , 571.9
540.38 , 572.15
530 , 571.15
519.62 , 570.18
509.6 , 568.43
499.9 , 566.05
490.32 , 563.43
481.43 , 559.09
472.95 , 553.59
578.94 , 401.32
581.29 , 396.95
585.52 , 394.06
589.97 , 391.8
594.84 , 390.55
600.17 , 390.32
605.39 , 390.82
610.37 , 391.81
615.34 , 392.82
620.11 , 394.25
624.78 , 395.83
625.16 , 400.59
620.69 , 402.82
615.47 , 403.32
610.37 , 404.07
605.04 , 403.82
599.82 , 403.32
594.47 , 403.07
589.27 , 402.57
583.92 , 402.32
487.18 , 393.21
484.11 , 389.4
479.88 , 387.33
475.66 , 385.33
471.01 , 384.33
466.11 , 383.83
460.99 , 383.83
456.11 , 384.3
451.56 , 385.6
447.41 , 387.71
443.51 , 390.58
447.28 , 393.86
451.31 , 396.34
455.53 , 398.33
460.19 , 399.33
464.96 , 400.08
469.83 , 399.58
474.61 , 398.83
479.26 , 397.83
483.91 , 396.86
574.15 , 356.3
582.65 , 352.05
592.02 , 349.81
602.12 , 349.05
612.38 , 349.55
622.48 , 350.3
632.7 , 350.8
642.92 , 351.3
652.8 , 352.54
661.49 , 356.39
664.69 , 365.17
656.1 , 369.31
646.73 , 367.08
637.32 , 364.8
627.22 , 365.55
616.75 , 365.55
606.4 , 365.3
596.77 , 367.05
586.8 , 368.07
577.9 , 364.98
491.12 , 361.99
489.22 , 353.06
481.88 , 346.9
473.45 , 343.74
464.45 , 341.74
455.07 , 340.5
445.95 , 338.74
436.45 , 337.74
426.72 , 338.24
418.35 , 341.58
411.39 , 348.54
407.7 , 356.74
417.27 , 356.74
427.02 , 356.24
437 , 356.24
446.1 , 357.99
455 , 360.23
464.25 , 361.74
473.38 , 363.49
482.62 , 364.98
