1384775111_1
351.19 , 522.04
355.36 , 537.64
360.61 , 554.84
366.74 , 571.88
373.82 , 586.81
383.56 , 602.75
393.29 , 616.67
404.52 , 631.7
414.51 , 645.05
425.64 , 659.44
436.62 , 671.83
446.58 , 687.61
453.22 , 703.23
460.78 , 719.36
468.96 , 734.42
480.11 , 748.19
495.27 , 759.82
510.08 , 768.04
526.94 , 770.89
544.76 , 771.37
559.92 , 763.5
576.12 , 757.47
593.17 , 751.04
609.25 , 743.12
624.73 , 733.41
637.44 , 723.39
654.59 , 717.67
672.47 , 712.29
687.76 , 703.78
701.63 , 694.28
716.04 , 683.44
730.38 , 673.2
744.67 , 664.95
758.89 , 652.72
772.2 , 641.28
784.9 , 629.38
796.49 , 617
807.36 , 603.08
817.07 , 587.9
825.54 , 572.47
833.64 , 555.5
429.6 , 470.6
423.71 , 485.41
416.47 , 500.78
410.93 , 517.21
412.59 , 535.77
420.89 , 550.73
433.06 , 561.61
449.62 , 568.78
467.06 , 570.45
483.99 , 568.7
499.17 , 562.91
514.96 , 554.95
523.18 , 540.04
524.93 , 522.26
524.75 , 504.7
523.42 , 487.8
519.35 , 470.6
421.65 , 603.39
431.97 , 608.45
443.05 , 611.79
454.32 , 614.62
464.75 , 619.65
477.17 , 619.64
489.6 , 619.14
501.9 , 619.89
514.58 , 619.89
527.02 , 619.39
539.45 , 618.89
551.88 , 618.39
564.17 , 617.64
576.47 , 616.91
571.48 , 622.61
560.85 , 626.91
550.05 , 630.64
538.97 , 633.87
527.62 , 636.64
516.08 , 638.96
504.47 , 641.15
492.65 , 642.89
480.45 , 641.93
469.5 , 638.4
459.3 , 632.82
449.45 , 626.4
439.88 , 619.13
430.08 , 612.56
426.4 , 605.64
435.35 , 609.91
444.97 , 612.46
454.2 , 615.92
463.4 , 619.39
473.52 , 621.02
484.25 , 621.39
495.02 , 621.14
505.8 , 620.89
516.45 , 620.39
527.12 , 619.89
537.73 , 619.32
548.3 , 618.62
559.07 , 618.39
561.8 , 624.16
552.25 , 626.79
542.1 , 628.39
531.8 , 629.64
521.52 , 630.89
511.27 , 632.27
500.8 , 633.14
490.15 , 633.14
479.88 , 631.87
470.52 , 628.77
461.42 , 624.9
452.52 , 620.51
443.65 , 615.89
434.97 , 610.93
537.19 , 421.84
541.85 , 412.92
549.77 , 405.27
558.37 , 399.65
567.92 , 396.61
578.84 , 396.34
589.42 , 397.34
599.74 , 398.83
609.72 , 401.1
619.12 , 404.53
628.03 , 409.35
631.61 , 418.16
622.39 , 422.08
612.32 , 424.09
601.74 , 425.09
590.67 , 425.09
579.74 , 424.84
568.79 , 425.09
558.12 , 424.34
547.54 , 423.34
445.4 , 409.86
442.85 , 401.18
435.98 , 394.24
427.88 , 390.23
418.61 , 388.98
408.83 , 389.23
399.4 , 390.23
390.36 , 391.98
381.56 , 394.21
373.2 , 397.48
365.88 , 403.48
373.36 , 409.21
380.81 , 414.9
388.68 , 419.49
397 , 422.76
405.95 , 424.73
415.73 , 424.98
425.25 , 424.23
434.56 , 423.01
442.37 , 418.26
478.9 , 379.46
486.03 , 365.31
496.65 , 352.46
509.92 , 342.95
524.5 , 337.2
539.95 , 333.21
556.1 , 330.73
572.85 , 331.46
588.75 , 334.45
603.88 , 338.96
618.1 , 345.92
624.68 , 357.46
607.33 , 357.46
590.08 , 357.71
573.2 , 358.72
556.58 , 360.21
539.95 , 361.69
524.1 , 364.75
509.92 , 371.94
495.17 , 377.19
430.9 , 376.93
427.59 , 367.36
419.45 , 360
410.25 , 355.54
400.38 , 352.82
390.5 , 350.04
380.9 , 346.76
371.48 , 343.03
361.25 , 341.04
351.5 , 344.04
344.25 , 352.04
340.75 , 361.54
350.6 , 364.03
361.57 , 364.54
372.2 , 365.79
382.68 , 367.29
392.93 , 369.31
402.98 , 371.77
412.55 , 375.09
421.7 , 379.75
