296961468_1
829.39 , 1542.4
839.62 , 1585.67
852.98 , 1633.9
865.91 , 1675.3
880.46 , 1724.75
894.07 , 1766.45
911.08 , 1815.3
929.71 , 1858.3
952.36 , 1896.05
981.87 , 1934.57
1012.22 , 1970.11
1047.96 , 2006.41
1083.04 , 2036.38
1121.5 , 2060.28
1166.52 , 2082.25
1207.67 , 2102.49
1249.33 , 2123.98
1290.88 , 2146.28
1338.9 , 2165.3
1384.16 , 2176.86
1431.02 , 2182.69
1478.87 , 2187.22
1526.18 , 2184.96
1572.13 , 2173.54
1614.34 , 2151.76
1649.98 , 2121.86
1683.78 , 2089
1722.1 , 2058.29
1753.34 , 2024.6
1782.47 , 1986.03
1810.37 , 1946.38
1833.09 , 1905.81
1853.86 , 1863.5
1870.38 , 1819.57
1885.24 , 1772.86
1897.43 , 1728.97
1905.45 , 1681.65
1915.09 , 1633.72
1924.43 , 1587.39
1934.2 , 1539.87
1940 , 1492.3
1452.92 , 1467.43
1426.95 , 1492.61
1403.66 , 1524.25
1389.95 , 1557.96
1397.17 , 1595.75
1428.92 , 1616.94
1466.9 , 1624.43
1503.32 , 1626.33
1543.17 , 1631.03
1580.48 , 1631.67
1618.82 , 1637.08
1654.39 , 1631.65
1672 , 1599.77
1667.17 , 1560.26
1652.62 , 1524.37
1638.87 , 1490.51
1620.15 , 1454.84
1303.1 , 1834.84
1327.53 , 1809.41
1354.38 , 1788.81
1382.5 , 1771.93
1412.05 , 1758.89
1443.35 , 1750.09
1478.6 , 1749.34
1508.75 , 1760.5
1543.95 , 1761.34
1575.77 , 1753.41
1610.85 , 1754.34
1640.8 , 1766.05
1667.33 , 1787.56
1685.12 , 1815.37
1685.61 , 1850.49
1670.1 , 1879.19
1650.17 , 1906.27
1624.15 , 1929.06
1595.55 , 1944.87
1564.8 , 1954.59
1531.5 , 1959.34
1496.6 , 1957.84
1463.55 , 1952.6
1432.72 , 1942.96
1403.85 , 1927.84
1376.12 , 1909.87
1350.75 , 1885.24
1325.18 , 1861.16
1329.6 , 1838.59
1352.27 , 1832.57
1374.3 , 1825.38
1396.02 , 1817.41
1418.65 , 1811.3
1442.27 , 1807.16
1467.65 , 1806.59
1492.9 , 1807.34
1518.42 , 1807.59
1543.67 , 1806.84
1569.07 , 1806.34
1593.72 , 1808.37
1615.75 , 1815.56
1636.85 , 1825.59
1661.27 , 1828.06
1642.5 , 1834.62
1620.05 , 1841.11
1598.05 , 1848.34
1574.52 , 1852.66
1550.07 , 1855.1
1525.55 , 1857.34
1500.52 , 1856.09
1475.25 , 1855.34
1450.12 , 1854.34
1425.22 , 1852.87
1401.52 , 1848.86
1378.32 , 1843.84
1353.55 , 1842.09
1613.6 , 1302.1
1624.23 , 1281.2
1642.65 , 1263.79
1663.22 , 1252.22
1684.52 , 1242.83
1706.88 , 1236.1
1729.92 , 1230.61
1754.75 , 1228.85
1778.5 , 1232.85
1800.35 , 1240.6
1814.88 , 1259.92
1813.85 , 1285.1
1801.04 , 1305.16
1780.85 , 1317.6
1757.7 , 1322.84
1732.15 , 1323.1
1707.55 , 1320.85
1682.85 , 1318.85
1658.85 , 1315.35
1634.62 , 1312.35
1342.57 , 1279.81
1334.82 , 1259.68
1316.08 , 1247.96
1295.55 , 1241.21
1273.13 , 1238.21
1249.58 , 1238.96
1228.2 , 1244.18
1208.48 , 1253.3
1189.25 , 1263.81
1170.78 , 1276.27
1154.08 , 1293.21
1171.53 , 1308.65
1190.53 , 1319.67
1210.93 , 1326.7
1233.48 , 1329.46
1256.65 , 1330.96
1278.61 , 1326.96
1300.55 , 1322.96
1321.36 , 1316.7
1339.05 , 1302.01
1647.7 , 1178.77
1656.98 , 1152.47
1680.15 , 1134.29
1705.95 , 1123.52
1734.05 , 1117.78
1762.65 , 1113.02
1791.48 , 1108.77
1821.9 , 1109.77
1850.12 , 1115.2
1876.1 , 1125.51
1899.23 , 1143.78
1904.67 , 1171.92
1875.97 , 1173.79
1850.18 , 1162.77
1820.6 , 1160.02
1790.55 , 1161.74
1761.35 , 1165.25
1732.28 , 1168.99
1703.7 , 1173.77
1676.88 , 1182.02
1407.01 , 1160.11
1370.93 , 1135.81
1329.76 , 1124.6
1286.51 , 1117.6
1242.26 , 1112.62
1197.93 , 1107.85
1152.03 , 1106.83
1110.58 , 1117.76
1071.86 , 1134.72
1034.5 , 1155.58
1003.73 , 1189.35
1045.48 , 1179.1
1087.9 , 1170.42
1131.98 , 1165.1
1178.23 , 1164.35
1223.03 , 1168.14
1266.18 , 1175.36
1308.78 , 1183.64
1351.56 , 1191.58
1395.65 , 1196.85
