297461011_1
363.85 , 575.05
363.4 , 593.14
366.94 , 613.24
369.9 , 632.94
372.96 , 650.84
377.39 , 670.5
382.52 , 690
389.5 , 707.87
397.3 , 725.13
408.32 , 742.51
419.57 , 757.47
432.85 , 773.11
445.74 , 786.74
459.88 , 802.33
472.84 , 817.21
485.42 , 829.99
502.23 , 842.83
518.34 , 851.05
537.69 , 856.07
557.48 , 858.49
577.62 , 855.48
595.69 , 849.98
613.3 , 841.95
630.11 , 831.05
645.67 , 818.05
658.97 , 805.26
672.87 , 790.95
686.52 , 776.69
700.18 , 762.86
712.02 , 747.16
722.59 , 730.24
733.04 , 712.93
739.79 , 696.51
745.12 , 677.48
750 , 658.29
753.93 , 638.43
755.62 , 618.48
757.38 , 598.61
759.2 , 579.6
760.13 , 560.93
762.71 , 539.88
502.6 , 591.07
495.73 , 604.17
487.83 , 617.41
483.44 , 632.42
485.85 , 647.39
499.81 , 651.7
515.3 , 655.69
530.27 , 658.85
544.71 , 659.28
560.92 , 658.3
575.69 , 655.25
589.76 , 650.92
604.06 , 642.24
609.25 , 629.5
606.25 , 614.35
595.95 , 603
584.72 , 590.88
458.6 , 700.05
473.85 , 694.3
491 , 692.3
507.65 , 689.3
524.68 , 687.05
542.55 , 686.55
560.18 , 685.55
577.8 , 684.55
594.7 , 687.05
612.2 , 688.3
629.83 , 689.3
647.47 , 690.28
654.88 , 705
650.26 , 720.9
641.15 , 735
628.28 , 747.64
614.55 , 757.87
600.43 , 767.04
585.03 , 772.53
569.28 , 777.29
552.12 , 779.3
534.98 , 777.29
518.33 , 774.28
502.93 , 768.87
489.05 , 758.99
476.98 , 745.95
468.09 , 731.72
461.85 , 716.57
470.6 , 708.8
483.6 , 707.8
496.85 , 708.3
509.98 , 707.55
522.88 , 706.3
536.25 , 706.05
549.5 , 705.55
562.5 , 704.55
575.3 , 703.09
588.15 , 701.78
601.53 , 702.05
615.03 , 702.05
628.15 , 701.3
636.03 , 709.15
626.95 , 718.68
617.18 , 727.5
606.75 , 734.64
595.9 , 740.57
584.55 , 745.04
572.67 , 748.27
559.78 , 749.57
546.95 , 748.15
534.48 , 746.03
522.67 , 742.61
511.38 , 738.06
500.43 , 732.34
489.78 , 725.95
479.43 , 718.62
601.6 , 519.12
607.37 , 512.6
613.33 , 506.14
619.85 , 500.37
626.85 , 495.87
634.3 , 492.66
642.5 , 491.1
651.33 , 491.37
659.18 , 493.65
666.8 , 496.33
674.24 , 499.52
675.3 , 507.16
668.3 , 511.62
660.98 , 515.24
653.4 , 518.13
645.05 , 519.37
636.23 , 519.62
627.75 , 518.62
619.03 , 518.12
610.45 , 518.87
483.67 , 514.19
478.03 , 509.56
472.33 , 505.1
466.45 , 501.14
460.23 , 498.16
453.48 , 496.39
446 , 496.64
439.12 , 498.13
432.8 , 500.92
426.78 , 504.46
421.1 , 508.88
425.38 , 514.66
431.28 , 518.53
437.38 , 521.89
443.75 , 524.4
451.1 , 524.88
458.58 , 524.63
465.43 , 523.14
472.3 , 521.63
478.8 , 519.42
586.05 , 471.33
589.28 , 459.35
600.88 , 455.01
612.88 , 451.6
624.7 , 447.8
636.82 , 444.57
648.52 , 440.6
660.3 , 436.83
673.17 , 435.09
685.92 , 436.96
697.22 , 442.32
697.27 , 453.34
684 , 454.12
670.88 , 455.31
658.6 , 458.29
646.67 , 461.8
634.97 , 465.83
622.85 , 469.04
610.38 , 471.55
598 , 474.34
501.65 , 472.59
494.92 , 462.1
484.08 , 456.17
472.78 , 451.64
461.06 , 448.14
449.58 , 444.13
437.98 , 440.41
425.73 , 437.91
412.5 , 437.41
400.65 , 440.73
392.92 , 450.71
389.73 , 462.66
402.56 , 462.16
415.91 , 461.92
428.53 , 463.65
440.53 , 466.7
452.31 , 470.15
464.33 , 473.17
476.58 , 475.66
489.93 , 475.93
