2975463532_1
670.94 , 946.45
678.18 , 971.16
686.4 , 995.43
697.38 , 1021.75
707.3 , 1045.62
716.11 , 1069.98
724.33 , 1097.61
731.16 , 1123.18
741.91 , 1146.92
755.11 , 1171.55
766.04 , 1193.54
780.83 , 1217.28
797.99 , 1238.67
815.5 , 1256
839.67 , 1272.15
863.53 , 1281.77
889.04 , 1286.24
915.74 , 1283.9
942.39 , 1278.41
969.48 , 1274
995.85 , 1267.62
1019.55 , 1260.51
1044.71 , 1249.43
1067.87 , 1236.27
1092.6 , 1221.72
1116.45 , 1210.37
1139.87 , 1199.77
1164.34 , 1186.97
1186.21 , 1172.68
1207.78 , 1157.11
1230.64 , 1141.11
1247.63 , 1121.13
1258.56 , 1097.96
1264.36 , 1071.3
1265.84 , 1044.46
1266.4 , 1018.4
1267.2 , 992.11
1270.09 , 963.1
1273.46 , 937.18
1275.57 , 910.93
1273.87 , 883.01
792.54 , 856.99
786.2 , 875.25
779.25 , 895.84
773.02 , 915.23
767.5 , 934.23
772.05 , 955.2
789.85 , 963.63
811.5 , 964.3
830.69 , 963.01
851.14 , 960.58
872.37 , 957.97
893.49 , 953.64
912.1 , 945.78
925.97 , 931.3
928.03 , 910.43
915.25 , 893.76
899.87 , 879.4
778.64 , 1088.56
783.14 , 1072.56
787.52 , 1056.43
795.97 , 1041.99
809.74 , 1031.56
825.16 , 1025.81
841.91 , 1022.81
859.26 , 1021.06
877.24 , 1020.56
894.74 , 1022.06
911.74 , 1024.56
928.97 , 1026.56
945.87 , 1029.31
962.16 , 1033.3
976.76 , 1041.38
972.57 , 1057.38
957.97 , 1065.5
942.84 , 1072.07
927.51 , 1078.07
913.26 , 1087.06
899.34 , 1097.06
884.46 , 1104.49
869.24 , 1110.72
853.82 , 1116.55
837.07 , 1119.56
820.01 , 1117.18
805.19 , 1109.58
790.41 , 1101.83
796.39 , 1088.81
805.66 , 1079.54
815.44 , 1071.55
826.69 , 1067.83
838.24 , 1064.53
849.94 , 1061.54
861.87 , 1059.06
873.91 , 1056.81
886.44 , 1055.56
898.97 , 1054.31
911.74 , 1053.56
924.14 , 1052.06
936.32 , 1050.06
948.37 , 1047.81
961.24 , 1047.31
949.72 , 1050.06
937.41 , 1051.81
924.76 , 1052.81
912.37 , 1054.31
899.59 , 1055.06
886.82 , 1055.81
874.54 , 1057.54
863.79 , 1062.9
853.39 , 1069.06
840.74 , 1070.06
827.59 , 1070.05
816.84 , 1075.35
806.29 , 1081.16
939.74 , 759.58
944.92 , 749.38
951.4 , 739.66
960.69 , 731.86
971.14 , 727.31
983.09 , 726.08
995.16 , 727.08
1006.76 , 729.08
1018.01 , 731.83
1028.49 , 736.33
1037.62 , 743.73
1029.64 , 752.95
1019.94 , 759.61
1009.22 , 763.33
997.99 , 766.08
987.29 , 769.81
976.32 , 773.08
964.84 , 775.33
952.41 , 775.6
941.97 , 771.03
784.73 , 800.9
778.9 , 794.76
771.6 , 792.1
763.98 , 790.12
755.5 , 789.88
747.05 , 790.13
738.95 , 791.13
731.2 , 792.9
724 , 795.88
719.34 , 802.28
717.25 , 809.88
721.07 , 816.75
728.12 , 820.16
736.58 , 820.38
744.33 , 818.63
751.83 , 816.35
759.45 , 814.37
767.12 , 812.51
775.05 , 811.13
782.22 , 808.15
879.65 , 699.13
896.7 , 681.33
916.77 , 670.5
937.4 , 661.13
958.23 , 652.6
980.25 , 646.6
1004.42 , 645.11
1028.72 , 645.88
1052.08 , 649.13
1073.53 , 656.16
1092.88 , 668.85
1078.75 , 674.48
1056.9 , 668.38
1032.47 , 667.38
1008.05 , 668.39
984.77 , 671.76
963.33 , 678.69
942.72 , 688.07
922.33 , 698.14
901.25 , 705.73
791.9 , 721.53
784.88 , 708.29
771.38 , 701.55
756.78 , 697.61
740.62 , 696.86
725.3 , 699.33
710.58 , 703.08
696.93 , 709.38
684.32 , 718.46
674.67 , 730.88
667.58 , 744.24
663.2 , 758.61
676.4 , 752.17
688.62 , 741.94
701.23 , 732.85
715.5 , 728.34
731.65 , 727.61
747.33 , 729.36
763.12 , 730.86
779.15 , 729.86
