2978322154_2
564.55 , 926.55
570.95 , 947.36
578.74 , 967.6
589.36 , 988.98
603.1 , 1006.72
619.56 , 1020.51
636.44 , 1035.47
655.64 , 1049.17
674.83 , 1059.35
696.79 , 1066.13
719.7 , 1072.04
740.62 , 1077.33
763.43 , 1083.03
785.13 , 1087.25
806.19 , 1090.29
828.96 , 1091.56
852.25 , 1090.66
875.09 , 1090.68
898 , 1088
919.4 , 1084
941.35 , 1081.05
963.99 , 1074.41
984.73 , 1066.26
1004.2 , 1054.09
1022.72 , 1040.92
1040.42 , 1029.56
1061.21 , 1018.16
1080.79 , 1005.48
1096.5 , 991.99
1112 , 973.08
1123.11 , 954.3
1131.84 , 933.81
1136.44 , 910.75
1137.91 , 888.12
1136.95 , 867.31
1133.9 , 844.15
1129.97 , 821.43
1126.02 , 800.86
1121.19 , 777.09
1116.71 , 755.99
1110.64 , 732.6
887 , 796.9
878.5 , 813.6
869 , 830.29
862.31 , 848.48
862.35 , 867.65
877.14 , 879.72
895.3 , 877.52
914.72 , 871.09
932.19 , 866.26
951.33 , 864.53
971.32 , 865.41
989.58 , 860.67
1002.57 , 846.83
1000.7 , 827.6
983.58 , 816.75
969.66 , 803.41
959.4 , 786.7
872.45 , 959.82
879.08 , 950.18
888.85 , 943.91
899.1 , 938.83
909.35 , 933.7
919.08 , 927.23
928.98 , 921.3
940.4 , 919.07
952.45 , 920.07
963.12 , 916.3
973.62 , 912.05
986.03 , 911.82
997.1 , 914.85
1007.62 , 919.01
1017.67 , 924.56
1021.4 , 934.86
1010.83 , 938.79
1000.03 , 942.29
989.38 , 946.05
979.08 , 951.04
968.5 , 955.07
957.28 , 957.82
945.6 , 959.57
933.55 , 960.57
921.12 , 960.32
908.85 , 959.82
896.8 , 960.82
884.38 , 961.07
881.45 , 957.32
890.15 , 952.89
898.58 , 947.7
907.65 , 944.31
917.65 , 942.81
926.88 , 939.8
935.98 , 936.56
945.98 , 935.07
955.85 , 933.32
964.95 , 930.07
974.33 , 927.3
984.2 , 925.57
994.55 , 924.82
1004.78 , 925.82
1013.89 , 929.03
1005 , 926.57
994.88 , 925.32
984.53 , 926.08
974.9 , 928.31
965.7 , 931.32
956.3 , 934.06
946.3 , 935.58
936.55 , 937.54
927.05 , 940.04
917.83 , 943.06
907.83 , 944.54
899.03 , 948.84
890.18 , 952.84
954.33 , 731.23
956.82 , 721.5
963.08 , 713.23
971.08 , 706.23
979.81 , 701.25
988.98 , 697.57
998.68 , 694.97
1008.91 , 693.48
1019.43 , 694.32
1028.83 , 697.48
1037.09 , 702.95
1034.59 , 712.71
1029.78 , 721.53
1021.73 , 728.33
1012.71 , 732.61
1003.21 , 735.46
993.33 , 737.73
983.01 , 738.98
972.31 , 739.48
962.26 , 737.66
821.22 , 755.21
812.54 , 746.26
802.27 , 741.19
791.17 , 738.19
779.12 , 737.21
767.52 , 739.21
756.85 , 742.99
746.55 , 747.95
736.64 , 754.01
727.52 , 762.16
719.22 , 771.21
729.7 , 775.47
740.3 , 779.44
751.39 , 782.48
763.32 , 783.71
775.64 , 783.21
786.87 , 780.46
797.97 , 777.46
808.39 , 772.97
817.98 , 766.15
961.84 , 661.11
964.89 , 646.56
975.11 , 634.83
988.14 , 628.07
1002.01 , 623.68
1017.19 , 621.87
1033.09 , 622.11
1048.54 , 623.36
1062.74 , 627.13
1075.71 , 633.99
1086.45 , 645.21
1090.74 , 659.26
1078.82 , 656.1
1066.09 , 648.61
1050.66 , 647.36
1034.99 , 648.11
1019.79 , 649.86
1004.97 , 652.35
990.29 , 655.1
975.91 , 658.63
808.62 , 665.17
789.27 , 660.7
768.95 , 663.63
748.77 , 666.94
729.4 , 671.92
711.02 , 678.92
693.9 , 689.42
677.45 , 701.87
662.78 , 717.52
651.46 , 734.34
643.65 , 752.42
661.3 , 744.18
678.62 , 734.17
696.38 , 725.17
713.7 , 715.15
731.35 , 705.96
749.62 , 698.68
769.12 , 693.93
789.8 , 691.65
808.4 , 685.17
