2982058191_1
347.58 , 1513.17
342.92 , 1562.94
343.83 , 1615.45
353.5 , 1664.91
372.92 , 1712.96
396.69 , 1759.89
418.49 , 1801.92
443.69 , 1851.59
466.14 , 1897.67
488.12 , 1941.93
514.02 , 1986.75
545.96 , 2024.59
574.07 , 2071.21
601.35 , 2114.7
625.7 , 2159.09
647.43 , 2208.2
666.06 , 2256.64
690.9 , 2298.51
726.1 , 2337.95
777.29 , 2348.57
826.2 , 2352.41
879.29 , 2345.44
926.8 , 2337.38
975.07 , 2312.92
1016.97 , 2281.91
1056.2 , 2251.85
1101.13 , 2221.12
1144.48 , 2198.46
1186.14 , 2167.95
1220.85 , 2129.35
1257.93 , 2090.16
1288.89 , 2053.86
1323.42 , 2009.89
1350.76 , 1967.03
1375.83 , 1923.5
1394.3 , 1877.65
1410.66 , 1829.16
1429.02 , 1780.67
1446.06 , 1727.46
1460.21 , 1681.04
1474.84 , 1627.93
510 , 1596.1
496.71 , 1630.67
496.59 , 1666.15
502.32 , 1703.86
523.98 , 1731
555.87 , 1755.09
589.38 , 1769.21
627.13 , 1763.85
657.87 , 1746.78
687.25 , 1721.44
718.17 , 1702.87
753.77 , 1691.52
777.75 , 1660.45
793.75 , 1629.6
798.91 , 1592.77
780.14 , 1559.43
751.35 , 1532.85
544.45 , 1839.69
588.93 , 1820.96
637.8 , 1811.59
686.73 , 1802.42
736.5 , 1794.9
788.5 , 1791.94
838.03 , 1783.94
886.7 , 1774.19
938.3 , 1770.43
989.65 , 1766.19
1042.23 , 1764.44
1092.55 , 1770.79
1087.47 , 1817.64
1073.14 , 1864.02
1050.36 , 1907.29
1018.03 , 1946.85
978.75 , 1980.43
937.58 , 2008.6
896.33 , 2036.56
851.23 , 2053.67
804.03 , 2066.42
754.85 , 2075.19
702.05 , 2073.97
657.36 , 2055.68
629.89 , 2014.37
611.68 , 1969.66
597.72 , 1923.14
581.88 , 1877.62
565.2 , 1843.19
606.58 , 1848.69
646.12 , 1858.12
689.55 , 1856.94
729.98 , 1849.45
768.95 , 1838.94
808.68 , 1829.94
846.75 , 1817.96
884.45 , 1805.19
923.83 , 1795.46
964.23 , 1787.92
1007.35 , 1785.94
1048.85 , 1791.16
1051.98 , 1830.91
1027.8 , 1864.59
999.15 , 1896.49
966.9 , 1924.51
932.1 , 1945.53
894.98 , 1959.94
855.62 , 1969.75
818.18 , 1983.19
779.83 , 1994.7
737.33 , 1997.41
695.7 , 1992.44
660.21 , 1973.46
634.2 , 1940.44
616.71 , 1904.27
598.57 , 1868.32
775.45 , 1341.59
783.67 , 1325.37
795.58 , 1310.47
809.88 , 1296.91
825.4 , 1286.86
842.38 , 1280.87
860.62 , 1277.37
879.6 , 1275.32
899.43 , 1275.59
917.45 , 1279.59
933.78 , 1287.65
934.32 , 1305.97
917.78 , 1313.33
901.88 , 1322.4
885.58 , 1330.62
868.33 , 1335.97
850.25 , 1339.85
831.75 , 1342.85
813.28 , 1345.84
793.58 , 1345.33
551.95 , 1352.25
537 , 1340.29
520.2 , 1333.57
502.6 , 1328.61
484.05 , 1325.57
464.5 , 1324.57
445.38 , 1326.5
428.1 , 1332.03
411.93 , 1340.7
397.03 , 1352.84
382.55 , 1366.07
398.57 , 1375.08
415.35 , 1381.84
433.93 , 1384.81
453.48 , 1383.82
472.18 , 1381.05
490.3 , 1377.07
508.6 , 1373.53
527.3 , 1370.82
546.02 , 1368.09
677.99 , 1271.73
685.71 , 1235.08
716.04 , 1211.45
747.89 , 1192.04
780.94 , 1175.52
814.62 , 1161.11
849.76 , 1150.46
887.91 , 1145.76
926.64 , 1148.22
961.07 , 1160.79
991.21 , 1184.95
993.89 , 1215.63
957.24 , 1207.73
917.54 , 1209.23
880.39 , 1215.96
844.41 , 1225.29
810.79 , 1239.71
778.54 , 1258.18
744.89 , 1272.57
711.22 , 1286.46
536.67 , 1284.28
529.59 , 1260.92
512.62 , 1241.27
491.42 , 1228.51
468.74 , 1220.04
445.87 , 1212.04
422.64 , 1204.77
398.64 , 1198.78
372.67 , 1197.02
348.84 , 1203.34
328.97 , 1219.75
317.69 , 1241.52
337.74 , 1257.54
363.24 , 1260.27
389.34 , 1261.77
414.24 , 1265.77
438.54 , 1271.01
463.56 , 1274.77
488.09 , 1279.54
511.19 , 1287.02
