2983130985_1
364.67 , 456.63
376.66 , 481.38
390.99 , 504.73
405.91 , 530.28
421.82 , 553.25
438.68 , 575.53
455.05 , 600.02
468.62 , 623.87
483.65 , 646.03
503.97 , 666.07
526.62 , 684.73
551.29 , 699.84
575.98 , 709.59
603.36 , 719.36
631.34 , 724.12
659.36 , 726.4
687.97 , 733.39
714.95 , 738.24
742.92 , 740.24
771.43 , 742.43
801.5 , 743.48
828.37 , 740.43
855.96 , 736.29
885.59 , 732.41
912.74 , 726.59
937.3 , 712.35
948.93 , 688.75
956.33 , 659.52
961.69 , 633.58
970.53 , 604.78
979.6 , 579.57
986.43 , 551.12
989.67 , 523.81
992.95 , 494.19
996.96 , 465.5
1006.41 , 438.72
1012.3 , 412.37
1015.19 , 383.68
1012.65 , 355.62
1008.07 , 327.67
998.87 , 299.78
754.69 , 322.78
744.28 , 344.51
732.39 , 367.75
723.32 , 392.86
725.99 , 418.68
744.48 , 435.51
767.49 , 446.14
792.62 , 447.82
819.73 , 449.68
844.91 , 446
868.79 , 440.79
893.55 , 430.6
911.18 , 410.99
923 , 388.7
909.23 , 367.93
891.28 , 349.82
871.76 , 330.87
711.2 , 573.66
726.1 , 558.98
744.4 , 553.39
762.33 , 547.16
779.35 , 538.25
797 , 531.18
814.35 , 523.13
831.93 , 515.9
849.93 , 509.9
869.62 , 507.16
889.33 , 504.4
906.98 , 497.4
926.05 , 493.42
945.88 , 495.89
958.46 , 511.54
953.79 , 530.31
944.77 , 547.33
929.08 , 559.9
911.43 , 566.91
892.55 , 571.41
872.85 , 574.16
852.55 , 575.66
832.28 , 577.16
811.6 , 577.91
790.95 , 578.66
770.65 , 577.16
751.33 , 573.66
731.28 , 571.66
732.45 , 563.41
748.9 , 561.66
764.43 , 557.91
780.18 , 554.66
795.93 , 551.41
811.55 , 547.92
827.53 , 545.17
843.65 , 542.66
859.88 , 540.4
874.6 , 535.13
889.15 , 529.46
903.55 , 523.12
917.8 , 516.38
932.75 , 511.64
948.61 , 508.65
936.1 , 518.29
921.95 , 525.41
907.58 , 531.63
892.6 , 536.41
876.75 , 539.41
860.28 , 541.16
843.93 , 543.16
827.58 , 545.17
812.05 , 548.92
796.18 , 551.91
780.65 , 555.65
765.4 , 559.9
749.05 , 561.91
827.99 , 236.07
833.52 , 225.29
841.09 , 215.22
850.09 , 205.7
860.37 , 198.69
871.39 , 193.79
882.79 , 190.08
895.24 , 188.32
907.44 , 190.57
918.34 , 195.89
926.99 , 205.57
930.24 , 217.29
925.61 , 228.31
914.79 , 233.78
903.07 , 237.09
890.39 , 238.32
877.72 , 239.57
864.89 , 240.57
851.97 , 241.32
838.82 , 241.6
681.32 , 267.59
674.6 , 258.37
663.57 , 252.87
652.2 , 248.52
639.88 , 246.11
626.52 , 246.38
614.12 , 248.62
602.15 , 251.77
591.35 , 257.8
581.74 , 267.16
575.87 , 278.04
572.05 , 289.61
584.77 , 290.86
598.02 , 290.36
610.65 , 288.62
623.17 , 286.59
635.32 , 283.84
647.1 , 280.37
658.5 , 276.09
670 , 272.09
836.46 , 142.47
835.48 , 125.6
847.86 , 113.73
861.43 , 105.11
875.43 , 97.64
890.18 , 92.33
907.4 , 92.1
922.18 , 97.37
935.18 , 107.54
944.22 , 120.8
949.98 , 135.35
951.23 , 148.35
943.19 , 134.55
934.26 , 121.11
921.36 , 110.61
905.61 , 107.85
890.18 , 111.9
877.05 , 121.77
864.98 , 134.1
852.36 , 145.37
723.24 , 139.04
694.1 , 125.17
659.64 , 123.65
626.72 , 128.64
596.47 , 139.04
568.85 , 156.69
543.02 , 179.52
518.92 , 204.87
494.27 , 230.02
471.25 , 255.77
455.62 , 284.17
483.47 , 267.1
510.47 , 247.6
537.02 , 226.79
563.1 , 204.69
590.32 , 185.95
619.22 , 171.33
650.27 , 162.42
685.3 , 162.67
717.32 , 169.65
