2983659912_1
703.8 , 1015.8
701.7 , 1044.27
706.53 , 1075.1
710.47 , 1102.5
715.24 , 1133.04
724.86 , 1161.97
738.2 , 1189.88
753.49 , 1213.92
771.82 , 1236.5
793.9 , 1260.16
814.26 , 1281.4
831.52 , 1303.35
848.2 , 1330.47
866.05 , 1354.2
886.3 , 1375.47
908.78 , 1394.57
933.5 , 1410.24
963.57 , 1422.69
992.1 , 1430.05
1021.11 , 1434.02
1052.78 , 1434.49
1081.81 , 1432.66
1110.58 , 1429.83
1141.34 , 1422.82
1167.7 , 1408.63
1190.8 , 1391.2
1213.99 , 1371.74
1236.81 , 1353.27
1261.33 , 1337.06
1287.9 , 1318.86
1308.87 , 1298.63
1325.86 , 1275.16
1343.1 , 1248.15
1358.91 , 1223.37
1374.55 , 1198.22
1388.41 , 1172.08
1400.9 , 1145.3
1411.45 , 1114.94
1418.68 , 1086.85
1425.56 , 1058.64
1433.49 , 1027.61
968.5 , 985.28
950.6 , 1003.47
936.4 , 1024.55
935.41 , 1050.62
950.37 , 1069.77
974.44 , 1079.42
1000.59 , 1083.94
1026.31 , 1086.51
1051.51 , 1089.16
1077.72 , 1089.21
1105.51 , 1087.06
1129.94 , 1083.58
1155.46 , 1078.11
1165.86 , 1055.01
1155.66 , 1032.36
1142.12 , 1009.31
1127.26 , 986.73
882.1 , 1172.09
902.18 , 1158.08
924.48 , 1150.32
948.45 , 1145.85
973.28 , 1143.09
998.7 , 1141.59
1023.15 , 1145.09
1048.7 , 1146.34
1073.78 , 1144.09
1096.97 , 1150.21
1119.12 , 1158.36
1141.47 , 1165.96
1163.22 , 1175.46
1183.28 , 1189.54
1177.88 , 1212.31
1157.72 , 1226.19
1137.93 , 1241.08
1117.65 , 1254.55
1095.97 , 1264.22
1072.93 , 1270.59
1048.1 , 1273.34
1022.68 , 1271.87
999 , 1266.74
977.38 , 1256.87
957.62 , 1241.87
939 , 1223.74
919.77 , 1207.26
900.68 , 1190.41
908.85 , 1173.84
928.43 , 1174.84
948.25 , 1174.34
967.5 , 1176.11
985.55 , 1180.35
1003.3 , 1185.07
1020.4 , 1191.07
1038.33 , 1195.59
1058.17 , 1196.09
1077.75 , 1195.09
1097.35 , 1194.09
1117.17 , 1194.09
1136.65 , 1195.34
1155.53 , 1197.84
1162.7 , 1204.84
1143.47 , 1206.59
1124.6 , 1209.09
1105.88 , 1211.84
1087.12 , 1214.57
1068.03 , 1216.59
1048.55 , 1217.34
1029.2 , 1215.87
1011.38 , 1211.11
994.67 , 1203.91
977.92 , 1196.91
960.65 , 1191.34
943 , 1186.32
925.48 , 1181.21
1163.45 , 871.74
1168.79 , 856.87
1178.77 , 843.65
1192.67 , 835.5
1207.98 , 830.99
1224.75 , 829.49
1241.75 , 830.49
1258.3 , 832.49
1274 , 836.24
1288.65 , 842.2
1302.57 , 850.31
1307.6 , 864.99
1293.67 , 873.01
1277.98 , 876.73
1261.8 , 879.49
1245.15 , 881.24
1228.12 , 882.24
1211.1 , 881.23
1194.7 , 878.99
1178.18 , 876.97
942.6 , 845.88
935.36 , 834.66
923.61 , 828.66
910.76 , 825.42
897.31 , 823.41
883.51 , 822.16
869.21 , 822.41
855.76 , 824.39
843.19 , 828.18
831.36 , 833.91
819.61 , 839.66
827.61 , 850.66
838.91 , 857.69
851.76 , 860.93
865.46 , 862.41
879.86 , 862.41
893.91 , 861.66
908.21 , 861.41
921.54 , 859.17
934.83 , 856.92
1144.7 , 788.8
1162.58 , 773.16
1184.5 , 767.78
1207.62 , 765.05
1230.88 , 762.55
1254.25 , 760.31
1278.25 , 759.3
1301.85 , 761.04
1325.25 , 763.32
1347.05 , 768.83
1365.73 , 782.33
1353.77 , 799.8
1329.9 , 800.56
1307.15 , 797.01
1283.88 , 794.55
1260.03 , 793.3
1236.28 , 794.8
1212.9 , 797.05
1189.15 , 798.55
1164.8 , 798.33
994.5 , 780.25
973.38 , 760.65
947.95 , 752.85
921.52 , 746.85
895.12 , 740.86
868.6 , 735.1
842.1 , 729.35
814.47 , 725.85
786.15 , 727.86
760.85 , 735.84
738.8 , 752.85
763.15 , 763.35
789.45 , 769.59
816.57 , 774.1
843.2 , 779.59
869.92 , 784.85
897.3 , 788.85
924.02 , 794.1
950.9 , 799.1
978.49 , 802.62
