2983659920_1
587.4 , 804.04
590.15 , 828.27
593.8 , 850.43
600.6 , 875.08
607.37 , 897.83
614.99 , 922.21
624.69 , 945.06
635.55 , 965.76
649.19 , 987.45
661.99 , 1008.36
675.36 , 1029.26
688.91 , 1049.65
704.95 , 1065.56
725.38 , 1081.77
742.28 , 1098.68
761.17 , 1114.78
781.1 , 1127.9
802.2 , 1137.59
827.05 , 1145.07
849.6 , 1150.86
873.74 , 1154.48
899.57 , 1153.06
923.23 , 1147.16
945.38 , 1139.55
969.32 , 1129.93
990.19 , 1120.22
1011.72 , 1107.67
1031.89 , 1093.56
1049.87 , 1076.98
1067.07 , 1059.11
1082.23 , 1039.13
1094.25 , 1017.46
1105.75 , 995.49
1117.23 , 973.7
1127.9 , 953
1139.49 , 930.23
1148.85 , 909.49
1157.26 , 885.73
1163.81 , 861.56
1168.96 , 837.1
1171.79 , 812.54
812.29 , 788.6
805.07 , 812.13
792.08 , 835.32
783.71 , 862.27
784.47 , 888.27
800.56 , 911.17
823.78 , 920.73
850.82 , 926.56
878.16 , 929.26
904.76 , 927.04
931.45 , 920.07
957.08 , 912.59
967.83 , 888.81
965.99 , 861.84
954.95 , 838.62
944.18 , 814.62
940.3 , 786.19
760.56 , 988.71
774.41 , 981.93
789.93 , 978.96
804.66 , 974.43
818.71 , 968.06
833.43 , 963.58
849.63 , 964.96
865.98 , 966.21
882.46 , 965.21
898.71 , 966.71
913.86 , 970.45
928.01 , 976.42
941.53 , 984.2
954.51 , 993.41
955.96 , 1008.22
942.03 , 1014.98
928.38 , 1022.45
914.86 , 1030.17
900.91 , 1036.93
886.41 , 1041.86
870.56 , 1044.21
853.98 , 1043.39
838.33 , 1040.72
823.13 , 1037.02
808.83 , 1031.49
796.38 , 1020.76
783.38 , 1011.54
770.74 , 1001.39
776.56 , 991.96
788.88 , 990.21
801.71 , 990.96
814.53 , 990.21
827.71 , 990.21
840.28 , 991.46
852.16 , 994.2
864.38 , 996.21
877.43 , 995.96
890.13 , 994.96
903.08 , 994.46
916.03 , 994.96
928.36 , 996.71
940.23 , 999.48
950.59 , 1004.73
939.28 , 1000.96
927.31 , 998.46
914.96 , 996.71
902.13 , 995.96
889.56 , 997.21
877.11 , 998.71
864.41 , 997.71
852.18 , 995.7
840.21 , 993.2
828.36 , 990.46
815.41 , 990.96
802.58 , 991.71
789.51 , 991.46
953.44 , 727.15
960.35 , 717.73
969.89 , 711.19
980.19 , 706.65
991.39 , 704.14
1003.42 , 703.4
1015.57 , 703.9
1027.62 , 704.65
1039.16 , 706.41
1049.77 , 709.97
1059.31 , 716.65
1056.14 , 726.91
1045.62 , 730.72
1034.14 , 732.65
1022.12 , 733.4
1009.84 , 733.65
997.79 , 734.39
986.64 , 731.86
975.97 , 728.41
964.99 , 725.4
791.14 , 714.17
786.21 , 706.47
778.32 , 702.11
769.69 , 699.63
760.44 , 698.37
750.97 , 697.62
741.24 , 697.87
731.51 , 698.12
722.29 , 699.41
714.49 , 703.98
708.09 , 711.12
713.19 , 718.74
721.02 , 723.31
729.77 , 725.64
739.37 , 726.12
748.97 , 725.62
758.32 , 724.62
767.92 , 724.12
777.51 , 723.62
786.39 , 721.63
935.34 , 648.19
947.94 , 631.04
967.72 , 625.32
989.01 , 622.69
1010.74 , 620.94
1033.07 , 620.44
1054.29 , 623.17
1074.16 , 628.71
1092.44 , 638.28
1110.37 , 648.72
1126.54 , 664.14
1120.16 , 681.69
1099.29 , 678.17
1080.02 , 671.62
1060.66 , 665.18
1040.14 , 660.94
1017.94 , 660.19
995.87 , 661.19
974.04 , 662.69
952.74 , 660.09
827.28 , 652.61
826.55 , 632.61
807.25 , 623.38
786.08 , 618.62
764.18 , 615.36
741.68 , 613.86
719.9 , 617.35
699.53 , 623.6
679.8 , 631.36
660.75 , 641.28
643.36 , 655.68
629.18 , 673.11
652.05 , 674.35
672.61 , 668.43
692.4 , 660.87
713.23 , 655.37
735.25 , 652.33
758.36 , 651.61
781.45 , 652.36
804.3 , 653.61
