1392458475_1
610.45 , 954.1
615.54 , 975.88
626.14 , 997.58
631.1 , 1019.85
640.26 , 1042.11
646.49 , 1062.57
654.46 , 1085.92
663.07 , 1108.59
670.77 , 1129.48
683.95 , 1148
703.89 , 1160.83
725.2 , 1169.59
747.37 , 1176.79
771.52 , 1183.77
794.2 , 1189.44
816.25 , 1193.32
839.39 , 1195.34
864.44 , 1197.29
886.05 , 1200.65
909.22 , 1204.05
933.86 , 1207.61
956.05 , 1209.3
978.98 , 1208.79
1003.34 , 1208.21
1025.85 , 1208.39
1048.29 , 1198.25
1069.56 , 1186.59
1088.65 , 1175
1106.53 , 1160.9
1123.91 , 1144.66
1142.82 , 1128.9
1158.22 , 1112.33
1171.69 , 1093.64
1185.38 , 1073.35
1196.64 , 1053.87
1205.63 , 1031.6
1209.42 , 1007.76
1213.14 , 984.49
1215.67 , 962.41
1217.12 , 938.48
1214.5 , 914.29
922.51 , 807.81
919.03 , 830.38
911.37 , 852.35
903.69 , 874.12
903.95 , 895.01
917.63 , 914.1
940.13 , 915.09
962.05 , 908.5
983.35 , 899.2
1005.33 , 899.61
1028.72 , 908.36
1050.32 , 910.03
1058.18 , 890.21
1057.85 , 865.82
1046.23 , 846.75
1033.74 , 826.33
1027.6 , 803.3
885.95 , 1032.25
895.13 , 1017.05
905.67 , 1002.27
916.95 , 987.75
929.87 , 973.82
944.25 , 962.19
959.85 , 953.84
976.98 , 949.25
996.05 , 948.75
1014.5 , 950.49
1030.62 , 957.24
1045.3 , 968.11
1058.4 , 981.95
1069.51 , 996.55
1079.11 , 1011.65
1084.46 , 1028.3
1077.39 , 1044.33
1066.64 , 1059.05
1052.2 , 1070.5
1036.35 , 1078.25
1018.62 , 1081.5
999.3 , 1081.5
980.7 , 1080
962.98 , 1076.75
945.83 , 1072.28
929.78 , 1065.26
914.6 , 1055.9
900.28 , 1044.07
898.7 , 1021
909.12 , 1018.32
919.73 , 1015.98
930.05 , 1012.98
940 , 1009.22
949.55 , 1004.41
959.03 , 999.21
969.25 , 995.96
980.55 , 995.5
992.18 , 995.75
1003.68 , 996.25
1013.85 , 999.74
1023.18 , 1005.24
1033.17 , 1008.99
1044.1 , 1010.75
1045.2 , 1012.5
1033.55 , 1012.25
1022.18 , 1012.52
1011.4 , 1014.52
1000.5 , 1016.26
988.85 , 1016.5
977.23 , 1016.25
965.73 , 1015.75
954.2 , 1015.25
942.78 , 1014.93
931.55 , 1016
920.9 , 1018.29
909.85 , 1019.75
1034.06 , 740.65
1037.69 , 730.97
1047.11 , 726.37
1056.88 , 722.91
1067.16 , 720.4
1078.26 , 719.65
1089.11 , 720.94
1099.09 , 723.92
1108.48 , 728.55
1116.99 , 735.55
1122.82 , 744.48
1120.45 , 754.8
1111.03 , 759.41
1101.18 , 762.65
1090.31 , 763.9
1078.98 , 764.15
1068.36 , 762.42
1058.63 , 758.93
1049.18 , 754.52
1039.94 , 749.54
873.76 , 740.78
863.03 , 734.82
851.58 , 731.02
839.62 , 728
826.38 , 727.73
814.1 , 729.98
802.48 , 733.48
791.53 , 738.94
780.95 , 745.25
771.18 , 753.78
763.2 , 763.75
774.98 , 767
787.12 , 769.5
800 , 770.5
813.03 , 769.75
825.53 , 768
837.6 , 765.23
849.12 , 761.57
860.8 , 758.16
871.8 , 752.91
1027.76 , 656.53
1035.11 , 638.88
1052.23 , 629.78
1072.06 , 627.03
1092.61 , 628.28
1112.46 , 631.03
1132.04 , 634.27
1149.41 , 642.68
1165.68 , 653.96
1181.13 , 667.63
1193.02 , 683.73
1196.98 , 702.51
1178.68 , 696.68
1162.86 , 684.03
1146.43 , 673.22
1128.43 , 666.77
1108.61 , 664.03
1087.43 , 664.03
1066.51 , 663.53
1046.09 , 662.06
921.58 , 649.18
896.98 , 637.59
868.63 , 634.59
839.31 , 633.59
809.86 , 634.31
781.73 , 637.84
756.25 , 646.58
732.08 , 659.27
709.73 , 676.84
691.76 , 699.04
679.48 , 723.34
705.48 , 715.59
730.61 , 705.97
755.88 , 696.69
781.38 , 688.12
807.08 , 679.87
835.06 , 676.02
864.78 , 675.84
894 , 677.09
923.33 , 676.09
