2988905072_1
522.3 , 746.85
524 , 768.31
526.05 , 791.9
528.71 , 813.25
533.35 , 836.46
539.63 , 857.13
550.1 , 879.03
561.73 , 897.78
573.34 , 916.65
587.24 , 936.28
600.21 , 952.99
616.23 , 969.93
634.38 , 984.56
653.21 , 997.91
670.75 , 1009.3
690.24 , 1021.97
710.49 , 1033.72
731.18 , 1043.25
752.43 , 1051.52
773.97 , 1059.71
793.93 , 1066.55
817.8 , 1071.45
840.61 , 1071.01
863.01 , 1066.69
884.34 , 1058.15
902.55 , 1047.63
920.9 , 1033.75
937.95 , 1018.72
953.9 , 1001.73
969.04 , 984.97
984.88 , 968.8
1000.97 , 952.35
1015.73 , 934.76
1029.39 , 916.17
1043.03 , 897.46
1054.43 , 880.06
1065.34 , 860.06
1074.15 , 839.33
1080.71 , 815.94
1083.65 , 794.13
1085.45 , 770.1
808.45 , 759.5
793.08 , 772.2
779.76 , 785.14
771.61 , 803.12
779.21 , 821.32
796.32 , 832.62
814.84 , 840.51
833.02 , 844.77
854.3 , 848.35
874.42 , 850.26
892.64 , 845.6
911.6 , 839.85
931.65 , 834.86
944.73 , 820.15
944.52 , 800.37
938.85 , 781.74
926.97 , 764.18
734.4 , 902.43
749.48 , 894.9
767.02 , 892.93
784.8 , 891.43
802.1 , 888.93
819.17 , 885.93
837.33 , 885.18
854.98 , 886.93
873.25 , 887.43
891.4 , 888.18
909.9 , 888.18
928.17 , 888.68
945.37 , 891.41
951.93 , 905.88
940.4 , 919.53
929.08 , 933.25
916.32 , 946.44
902.52 , 957.56
887.42 , 965.18
870.83 , 969.18
853.05 , 970.68
835.25 , 969.21
818.6 , 965.39
803.47 , 957.75
789.22 , 947.97
775.02 , 938.02
760.85 , 927.87
747.5 , 915.53
744.15 , 907.68
756.2 , 902.91
769.5 , 900.65
783.17 , 899.17
797.55 , 899.18
811.95 , 899.18
826.35 , 899.18
840.5 , 899.68
854.77 , 899.93
869.17 , 899.93
883.45 , 899.68
897.73 , 899.43
912.12 , 899.43
926.4 , 899.18
929.95 , 905.9
917.67 , 910.18
904.98 , 913.69
891.9 , 916.43
878.6 , 918.7
865.17 , 920.68
851.5 , 922.15
837.47 , 922.93
823.08 , 922.95
809.3 , 921.65
795.62 , 920.18
782.58 , 917.36
769.3 , 915.08
756.4 , 911.93
936.14 , 664.03
941.8 , 655.61
950.12 , 649.54
959.16 , 645.52
968.89 , 643.03
978.94 , 641.24
989.29 , 640.01
1000.19 , 640.03
1010.76 , 640.77
1020.94 , 642.28
1030.29 , 645.56
1028.94 , 653.28
1018.14 , 653.53
1007.37 , 653.3
997.04 , 654.56
987.12 , 656.55
976.91 , 658.03
966.62 , 659.3
956.54 , 661.01
946.59 , 663.03
772.37 , 652.42
767 , 646.92
760.35 , 643.92
753.15 , 642.18
745.88 , 640.68
738.2 , 639.93
730.3 , 639.68
722.4 , 639.43
714.38 , 639.43
706.95 , 640.68
699.3 , 641.43
705.82 , 644.69
712.88 , 646.67
720.42 , 647.68
727.85 , 648.93
735.02 , 650.68
742.45 , 651.92
750.1 , 652.68
757.52 , 653.93
765.3 , 654.43
921.37 , 600.63
927.81 , 587.18
938.52 , 575.2
951.25 , 566.63
964.95 , 560.85
980.29 , 558.63
995.75 , 556.63
1012.07 , 556.38
1027.55 , 558.37
1041.55 , 563.32
1054.25 , 571.88
1061.02 , 584.36
1045.67 , 586.64
1030.22 , 588.63
1014.27 , 589.64
998.92 , 591.89
983.82 , 594.63
968.22 , 596.38
952.52 , 597.88
936.69 , 599.13
843.13 , 597.12
836.36 , 574.35
818.01 , 556.23
797.38 , 544.12
774.91 , 537.03
750.81 , 533.05
726.41 , 529.8
701.48 , 532.08
679.48 , 540.31
658.86 , 552.5
639.48 , 568.12
623.31 , 587.3
647.13 , 582.81
672.28 , 584.55
697.58 , 586.05
723.36 , 586.55
748.38 , 588.55
773.43 , 590.54
797.26 , 595.05
820.53 , 600.78
