2990717111_1
124.09 , 328.35
127.57 , 342.04
131.28 , 357.39
135.34 , 371.24
140.33 , 384.85
146.35 , 398.4
153.07 , 411.95
160.13 , 424.72
168.12 , 438.01
175.2 , 450.66
184.53 , 463.72
193.89 , 474.3
205.76 , 484.19
218.82 , 491.24
232.73 , 495.14
247.04 , 499.07
262.51 , 502
277.05 , 503.84
291.69 , 505.12
306.86 , 506.51
321.44 , 507.75
337.02 , 506.32
351.48 , 501.74
364.54 , 496.78
378.89 , 491.23
392.25 , 485.61
405.54 , 478.48
418.48 , 470.08
429.9 , 461.53
441.47 , 451.44
452.55 , 440.44
457.38 , 427.32
459.65 , 411.86
460.51 , 397.65
459.93 , 381.91
460.93 , 367.16
463.04 , 352.11
463.92 , 337.09
464 , 323.54
463.31 , 307.11
462.61 , 292.16
290.36 , 330.38
286.16 , 339.82
282.12 , 349.35
278.62 , 358.97
279.41 , 369.44
287.13 , 375.69
297.55 , 375.75
308.18 , 372.62
317.79 , 370.69
328.3 , 369.28
338.7 , 369.29
349.42 , 368.4
358.35 , 364.05
362.47 , 354.33
358.81 , 344.24
352.43 , 336.43
346.01 , 327.36
280.94 , 427.79
285.83 , 422.14
289.99 , 416.22
294.91 , 410.57
300.44 , 405.29
306.29 , 400.94
312.81 , 398.41
319.99 , 397.3
326.99 , 395.77
334.34 , 395.04
341.56 , 396.03
348.09 , 398.53
353.99 , 402.8
359.89 , 407.01
365.81 , 411.19
371.69 , 415.54
369.32 , 421.42
362.17 , 422.56
355.26 , 424.29
347.59 , 424.19
340.41 , 423.04
332.81 , 423.29
325.47 , 424.04
318.12 , 424.79
310.87 , 425.79
303.64 , 426.79
296.16 , 427.29
288.44 , 427.29
288.44 , 424.54
293.56 , 421.79
299.24 , 420.31
304.56 , 418.07
309.99 , 416.06
315.49 , 414.31
321.17 , 412.78
327.09 , 411.8
333.47 , 411.79
339.62 , 412.29
345.64 , 413.04
351.66 , 413.79
357.69 , 414.54
363.62 , 415.54
369.63 , 416.29
363.59 , 415.79
357.69 , 414.79
351.79 , 413.8
345.64 , 413.29
339.74 , 412.29
333.59 , 412.77
327.91 , 414.29
321.64 , 414.04
315.49 , 414.55
309.97 , 416.3
304.64 , 418.52
299.22 , 420.55
293.81 , 422.57
348.94 , 287.27
351.01 , 280.42
356.67 , 275.05
362.49 , 270.21
368.96 , 267.01
375.64 , 264.52
382.92 , 263.27
390.34 , 264.18
396.72 , 267.55
402.81 , 271.65
408.44 , 276.87
410.63 , 283.59
405.72 , 289.26
399.29 , 292.55
392.26 , 294.27
384.76 , 295.02
377.12 , 294.52
369.62 , 293.77
361.72 , 293.77
354.46 , 292.53
259.26 , 299.25
256.45 , 293.65
251.95 , 288.71
246.32 , 285.95
240.2 , 284.47
233.35 , 284.48
227.2 , 285.96
221.58 , 288.71
216.3 , 292.41
212.25 , 297.52
209.48 , 303.15
206.75 , 308.72
212.5 , 310.97
218.97 , 311.72
225.85 , 311.72
232.45 , 311.21
238.7 , 309.96
244.95 , 308.72
251.3 , 307.73
256.93 , 304.97
340.03 , 246.24
345.6 , 236.15
355.2 , 229.05
365.53 , 223.99
376.28 , 220.24
387.9 , 218.12
400.2 , 217.49
411.73 , 219.72
422.18 , 224.4
431.98 , 230.93
439.31 , 240.27
439.26 , 250.97
428.55 , 247.01
418.3 , 241.75
407.75 , 237.24
395.88 , 235.74
383.5 , 236.26
372.15 , 238.87
361.65 , 243.37
351.43 , 248.76
268.22 , 249.16
259.18 , 238.2
246.45 , 233.68
232.48 , 231.69
218.03 , 232.69
204.53 , 235.71
192.18 , 241.42
181 , 250.32
171.74 , 261.34
164.67 , 273.16
159.64 , 285.71
157.15 , 299.44
168.38 , 293.46
179.4 , 284.19
190.5 , 275.07
201.93 , 266.93
214.18 , 260.95
227.28 , 257.16
241.13 , 254.94
255.95 , 255.2
