2993129254_1
605.74 , 816.2
607.25 , 840.14
607.54 , 863.81
608.79 , 890.25
612.3 , 914.08
618.61 , 938
627.68 , 963.48
638.69 , 984.36
653.39 , 1005.99
667.95 , 1024.4
683.55 , 1045.05
697.83 , 1063.73
714.51 , 1084.56
730.9 , 1101.32
751.46 , 1117.92
770.6 , 1131.94
792.71 , 1146.88
813.73 , 1158.88
836.55 , 1168.09
860.83 , 1175.62
885.26 , 1181.18
910.88 , 1181.69
933.97 , 1178.08
959.14 , 1169.63
981.16 , 1158.86
1002.57 , 1145.77
1023.92 , 1132.61
1043.93 , 1116.77
1060.72 , 1100.66
1077.16 , 1081.78
1093.58 , 1061.84
1110.06 , 1043.15
1126.56 , 1024.51
1142.07 , 1004.18
1155.67 , 984.24
1168.53 , 962
1179.56 , 938.64
1188.35 , 917.24
1197.14 , 893.07
1203.97 , 868.27
1208.15 , 842.99
898 , 818.6
892.18 , 840.33
886.12 , 863.18
878.3 , 883.93
873.4 , 906.69
885.44 , 926.31
906.85 , 930.68
930.17 , 929.85
953.41 , 933.44
977.05 , 934.69
998.98 , 936.83
1021.68 , 932.75
1031.75 , 912.35
1030.31 , 890.04
1022.66 , 868.64
1014.84 , 846.2
1012.5 , 822.29
824.6 , 1014.14
836.83 , 999.17
852.15 , 987.88
869.58 , 982.39
888.02 , 978.89
906.98 , 976.39
926.75 , 975.64
946.3 , 976.89
965.5 , 978.89
985.18 , 979.87
1002.75 , 985.14
1017.35 , 998.39
1024.37 , 1015.24
1016.59 , 1031.87
1008.79 , 1048.46
997.66 , 1063.83
982.1 , 1074.39
965.93 , 1083.38
949.38 , 1091.4
931.98 , 1096.89
913.75 , 1100.9
895.42 , 1104.64
876.23 , 1102.66
859.15 , 1096.4
843.43 , 1086.23
832.7 , 1070.74
828.07 , 1052.76
825.85 , 1033.71
843.85 , 1016.89
853.43 , 1009.3
865.23 , 1007.15
877.95 , 1006.89
890.65 , 1006.64
903.25 , 1007.14
915.35 , 1008.64
927.83 , 1009.39
939.8 , 1007.68
951.8 , 1005.93
964.12 , 1004.89
976.73 , 1005.39
988.35 , 1007.89
998.75 , 1013.3
997.17 , 1023.82
986.43 , 1028.08
975.7 , 1032.64
964.25 , 1035.49
952.25 , 1037.24
940.42 , 1039.32
928.6 , 1041.39
916.85 , 1043.64
904.62 , 1044.89
892.3 , 1043.89
880.3 , 1042.14
868.33 , 1040.37
857.48 , 1036.29
848.35 , 1027.56
1046 , 750.79
1050.45 , 745.07
1056.8 , 742.31
1063.3 , 740.02
1070.67 , 739.54
1078.05 , 740.04
1085.58 , 740.29
1092.95 , 740.79
1099.85 , 742.29
1106.2 , 745
1112 , 749.29
1106.97 , 754.3
1100.7 , 757.33
1094.05 , 759.29
1087.03 , 760.54
1079.53 , 760.79
1072.5 , 759.54
1065.35 , 758.53
1058.58 , 756.77
1051.85 , 754.89
878.54 , 735.61
876.15 , 728.57
869.6 , 724.7
862.48 , 722.19
854.75 , 720.96
846.9 , 719.96
838.67 , 719.71
830.32 , 719.71
822.23 , 720.21
814.73 , 721.95
807.15 , 723.46
811.56 , 729.89
817.77 , 734.87
824.62 , 738.19
831.98 , 740.24
839.95 , 740.96
847.92 , 741.71
856.02 , 741.21
863.9 , 740.21
871.88 , 739.46
1035.14 , 693.53
1038.71 , 677.46
1053.22 , 669.78
1070.42 , 668.28
1087.99 , 667.53
1105.57 , 666.78
1123.24 , 667.28
1140.82 , 668.03
1158.14 , 666.78
1174.39 , 670.28
1187.9 , 680.58
1192.52 , 695.29
1175.44 , 697.03
1157.49 , 697.03
1139.57 , 697.03
1122.37 , 695.53
1104.54 , 695.78
1086.87 , 696.28
1069.04 , 696.03
1051.34 , 696.53
914.31 , 669.85
896.33 , 655.3
875.67 , 648.3
854.05 , 643.03
832.33 , 638.04
810 , 634.29
786.6 , 632.79
763.3 , 634.55
741.48 , 639.29
721.25 , 647.54
704 , 664.04
727.9 , 664.54
750.83 , 662.04
774.48 , 661.04
797.05 , 664.29
818.55 , 669.77
839.9 , 675.57
861.1 , 681.57
882.15 , 687.81
905.44 , 689.54
