2996372177_1
1118.75 , 1076.14
1120.08 , 1121.08
1121.18 , 1165.84
1122.9 , 1215.04
1126.35 , 1259.73
1132.62 , 1303.8
1143.63 , 1353.01
1155.85 , 1395.83
1174.05 , 1437.61
1198.73 , 1478.84
1224.71 , 1517.24
1249.13 , 1554.4
1281.27 , 1590.99
1304.73 , 1628.96
1333.27 , 1668.5
1364.07 , 1701.58
1401.57 , 1723.49
1447.79 , 1739.29
1494.48 , 1751.45
1540.08 , 1758.93
1585.4 , 1762.12
1630.51 , 1764.04
1675.04 , 1758.44
1721.68 , 1738.7
1756.16 , 1712.87
1791.03 , 1681.23
1823 , 1647.7
1851.36 , 1612.1
1881.79 , 1572.72
1909.4 , 1536
1933.23 , 1498.28
1958.48 , 1456.29
1980.21 , 1416.14
2000.17 , 1375.19
2017.68 , 1333.24
2032.73 , 1289.47
2044.62 , 1245.22
2053.65 , 1198
2057.13 , 1149.62
2056.42 , 1105.32
2053.63 , 1056.34
1491.87 , 1011.44
1463.88 , 1028.82
1446.05 , 1057.98
1435.84 , 1093.07
1449.81 , 1123.05
1481.11 , 1133.41
1518.28 , 1141.81
1550.38 , 1142.64
1586.45 , 1142.14
1621.38 , 1138.99
1656.85 , 1138.1
1690.81 , 1139.44
1726.62 , 1135.36
1754.49 , 1116.83
1750.12 , 1083.86
1731.96 , 1051.04
1705.37 , 1028.47
1374.55 , 1287.57
1410.97 , 1276.56
1448.47 , 1267.33
1486.42 , 1259.07
1523.65 , 1249.29
1562.65 , 1243.32
1601.55 , 1237.07
1643.47 , 1237.07
1683.8 , 1240.32
1721.62 , 1248.82
1758.88 , 1258.59
1797.38 , 1265.57
1834.61 , 1275.33
1838.61 , 1314.99
1819.1 , 1348.27
1792.03 , 1378.84
1760.75 , 1403.88
1727.53 , 1423.58
1692.72 , 1438.82
1655.2 , 1448.07
1614.03 , 1449.57
1572.82 , 1448.07
1533.32 , 1443.07
1497.2 , 1431.48
1463.28 , 1413.54
1432.17 , 1387.95
1405.46 , 1357.24
1385.05 , 1324.32
1392.05 , 1301.82
1424.05 , 1297.57
1456.2 , 1293.57
1489.05 , 1296.07
1522.77 , 1296.82
1556.6 , 1297.32
1590.42 , 1297.82
1623.3 , 1295.32
1655.42 , 1291.32
1687.83 , 1287.82
1721.17 , 1286.32
1754.88 , 1287.07
1787.75 , 1289.57
1819.27 , 1294.83
1802.12 , 1320.99
1776.85 , 1341.79
1749.42 , 1356.69
1721.1 , 1369.07
1689.67 , 1374.54
1658.28 , 1380.07
1625.65 , 1383.07
1591.82 , 1383.57
1558.95 , 1381.07
1527.3 , 1376.07
1496.47 , 1369.33
1467.2 , 1359.73
1439.47 , 1345.47
1413.4 , 1326.94
1742 , 864.67
1755.78 , 859.9
1768.45 , 851.98
1780.67 , 842.71
1794.6 , 838.14
1810.3 , 837.17
1825.97 , 838.17
1841.08 , 840.42
1855.92 , 843.17
1869.4 , 848.91
1882.06 , 856.95
1877.62 , 870.66
1864.28 , 876.92
1848.7 , 878.17
1833.03 , 877.17
1818.05 , 874.67
1803.33 , 871.67
1788.35 , 869.17
1772.3 , 868.92
1756.85 , 867.42
1444.18 , 856.16
1440.55 , 843
1427.71 , 834.93
1414.08 , 828.88
1399.13 , 825.91
1383.11 , 825.16
1367.18 , 826.16
1352.31 , 829.28
1338.13 , 833.71
1324.71 , 840.39
1312.23 , 849.59
1304.18 , 862.41
1318.91 , 865.91
1334.7 , 867.16
1350.98 , 866.91
1366.88 , 865.91
1382.81 , 864.91
1398.73 , 863.91
1414.16 , 861.93
1429.46 , 859.64
1662.75 , 723.81
1694.28 , 711.55
1726.53 , 701.04
1758.85 , 690.53
1793.8 , 685.29
1828.92 , 689.74
1862.7 , 697.56
1893.78 , 711.83
1923.08 , 730.56
1951.33 , 752.36
1976.2 , 779.01
1963.95 , 801.55
1933.15 , 786.72
1902.25 , 772.06
1869.62 , 762.31
1833.92 , 758.56
1797 , 757.31
1759.6 , 757.06
1722.42 , 756.32
1687.45 , 751.01
1524.64 , 750.57
1507.17 , 717.61
1471.96 , 700.23
1433.49 , 690.87
1391.96 , 687.85
1350.09 , 690.1
1311.91 , 700.09
1276.41 , 716.35
1243.39 , 739.3
1215.03 , 770.4
1195.65 , 804.77
1179.84 , 840.35
1214.11 , 821.82
1246.96 , 798.22
1282.46 , 781.98
1321.07 , 772.87
1361.09 , 766.85
1402.96 , 764.6
1445.69 , 765.1
1488.32 , 764.35
