2998572157_1
847.86 , 1231.6
853.91 , 1260.94
861.69 , 1292.75
868.71 , 1321.97
876.62 , 1353.92
886.79 , 1385.04
900.64 , 1414.27
918.9 , 1441.27
937.51 , 1463.65
958.1 , 1489.17
978.36 , 1515.15
1001.03 , 1536.92
1024.8 , 1555.8
1053.09 , 1573.73
1081.81 , 1588.13
1111.16 , 1602.11
1140.73 , 1613.8
1171.76 , 1623.65
1199.9 , 1629.81
1234.29 , 1633.87
1266.42 , 1634.81
1296.61 , 1631.46
1328.61 , 1623.03
1357.03 , 1613.83
1387.28 , 1602.14
1415.36 , 1588.19
1445.3 , 1571.06
1471.42 , 1553.53
1494.92 , 1532.32
1515.11 , 1508.64
1533.03 , 1482.92
1548.41 , 1455.61
1564.74 , 1425.29
1578.25 , 1396.85
1589.19 , 1367.17
1598.18 , 1336.75
1604.95 , 1305.83
1610.41 , 1274.67
1615.22 , 1243.4
1618.46 , 1212.22
1620.32 , 1177.9
1128.31 , 1155.25
1118.97 , 1181.82
1106.52 , 1210.61
1093.85 , 1237.3
1093.16 , 1265.81
1114.59 , 1287.5
1142.17 , 1293.39
1173.57 , 1294.71
1201.33 , 1292.87
1230.39 , 1288.64
1262.75 , 1286.62
1291.24 , 1280.62
1314.94 , 1262.42
1323.39 , 1236.3
1306.65 , 1209.56
1288.69 , 1187.76
1275.37 , 1159.2
1050.85 , 1417.33
1071.02 , 1400.13
1093.47 , 1388.96
1116.62 , 1380.06
1139.27 , 1369.65
1164.38 , 1364.82
1191.32 , 1363.83
1217.42 , 1361.09
1243.42 , 1358.05
1270.02 , 1356.33
1296.85 , 1357.58
1323.07 , 1360.08
1348.45 , 1364.34
1372.23 , 1371.7
1372.98 , 1397.21
1352.65 , 1414.03
1331.77 , 1429.41
1310.8 , 1444.4
1289.27 , 1457.89
1266.22 , 1466.95
1241.25 , 1472.06
1215.62 , 1475.83
1188.55 , 1476.59
1163 , 1472.73
1138.8 , 1466.04
1115.47 , 1457.7
1093.5 , 1445.45
1071.72 , 1432.67
1079.85 , 1412.33
1100.25 , 1409.08
1120.55 , 1405.58
1140.6 , 1401.58
1162.47 , 1401.83
1183.62 , 1403.58
1205.25 , 1404.33
1226.4 , 1402.58
1246.82 , 1399.33
1267 , 1395.59
1287.3 , 1392.08
1307.85 , 1389.08
1328.27 , 1385.83
1348.92 , 1383.08
1370.01 , 1381.58
1349.47 , 1384.58
1328.45 , 1386.58
1307.65 , 1389.08
1287.6 , 1393.08
1267.9 , 1397.83
1247.95 , 1402.07
1226.92 , 1404.08
1205.3 , 1404.83
1183.77 , 1405.83
1163.25 , 1408.83
1142.82 , 1412.08
1122.27 , 1415.08
1100.4 , 1415.33
1320.25 , 1039.97
1325.19 , 1023.8
1333.38 , 1008.85
1345.97 , 995.5
1360.8 , 986.96
1376.58 , 981.2
1393.47 , 977.72
1411.95 , 977.98
1428.53 , 982.23
1444.03 , 988.73
1458.4 , 998.46
1470.55 , 1011.43
1454.28 , 1016.2
1439.62 , 1025.1
1424.33 , 1032.44
1408.35 , 1037.72
1391.22 , 1040.72
1373.22 , 1041.97
1355.35 , 1040.47
1337.72 , 1038.47
1058.72 , 1059.08
1046.77 , 1047.66
1033.57 , 1039.68
1019.7 , 1033.56
1004.52 , 1030.43
987.92 , 1030.65
972.8 , 1033.95
958.75 , 1039.44
945.15 , 1046.39
932.45 , 1055.81
921.57 , 1067.93
930.82 , 1080.68
943.87 , 1088.97
958.72 , 1092.83
975.27 , 1092.68
990.52 , 1089.67
1005.47 , 1086.03
1019.85 , 1081.41
1033.97 , 1076.03
1048.05 , 1070.69
1216.3 , 933.94
1227.3 , 897.44
1259.67 , 875.56
1294.33 , 859.67
1329.67 , 846.07
1365.78 , 834.45
1400.45 , 818.69
1441.28 , 820.44
1474.48 , 840.19
1503.58 , 869.97
1530.65 , 900.54
1548.59 , 934.49
1515.72 , 951.95
1478.25 , 942.64
1442.53 , 929.94
1402.17 , 926.7
1361.92 , 930.22
1325.45 , 941.19
1290.38 , 955.69
1248.97 , 954.62
1113.9 , 963.1
1101.74 , 936.23
1075.74 , 921.48
1047.24 , 913.23
1016.87 , 908.73
984.57 , 908.23
952.24 , 907.73
922.84 , 914.2
896.44 , 928.01
872.76 , 949.2
854.24 , 973.86
848.74 , 1003.73
876.89 , 996.24
903.44 , 982.77
930.89 , 972.23
961.87 , 968.98
993.94 , 969.98
1025.64 , 971.73
1056.49 , 975.23
1087.84 , 977.75
