2998572157_2
830 , 1193.53
835.11 , 1227.2
842.86 , 1261.04
850.73 , 1294.79
860.09 , 1331.53
863.35 , 1365.28
878.39 , 1399.89
901.44 , 1425.35
924.97 , 1453.06
951.67 , 1478.16
979 , 1497.52
1004.88 , 1524.12
1030.48 , 1549.34
1059.63 , 1567.91
1092.62 , 1579.04
1126.02 , 1592.09
1160.82 , 1606.94
1192.76 , 1616.51
1229.47 , 1624.19
1263.73 , 1629.07
1297.42 , 1630.7
1335.37 , 1629.73
1369.3 , 1621.63
1402.12 , 1606.47
1434.62 , 1589.5
1462.78 , 1571.99
1491.11 , 1548.28
1513.6 , 1522.73
1535.79 , 1491.01
1553.25 , 1462.18
1570.14 , 1429.52
1586.95 , 1396.9
1600.71 , 1367.23
1611.88 , 1331.97
1619.98 , 1295.47
1627.28 , 1262.01
1633.36 , 1227.42
1637.74 , 1192.49
1641.86 , 1157.38
1647.96 , 1122.6
1654.85 , 1084.4
1260.89 , 1173.11
1245.52 , 1193.68
1226.84 , 1216.63
1214.63 , 1240.73
1208.84 , 1269.55
1229.67 , 1285.13
1258.72 , 1290.82
1285.71 , 1293.26
1313.3 , 1289.82
1343 , 1289.05
1368.91 , 1286.64
1399.8 , 1285.62
1424.42 , 1276.77
1447.72 , 1259.28
1447.79 , 1233.55
1436.35 , 1206
1417.71 , 1183.5
1194.23 , 1426.56
1205.39 , 1406.38
1224.26 , 1391.53
1243.56 , 1377.96
1262.7 , 1363.84
1281.58 , 1349.06
1303.56 , 1342.57
1328.13 , 1341.31
1352.45 , 1339.56
1376.65 , 1341.57
1398.33 , 1348.53
1418.98 , 1358.56
1438.23 , 1372.31
1452.94 , 1391.23
1460.23 , 1412.76
1452.98 , 1434.31
1441.43 , 1454.36
1426.41 , 1473.15
1407.26 , 1487.29
1385.01 , 1493.31
1361.76 , 1497.31
1337.43 , 1499.06
1312.98 , 1497.56
1290.01 , 1493.06
1268.33 , 1486.03
1246.78 , 1478.82
1228.43 , 1462.51
1210.58 , 1444.91
1213.73 , 1422.81
1227.36 , 1415.94
1242.26 , 1412.05
1256.63 , 1407.4
1271.61 , 1403.69
1286.01 , 1399.04
1300.65 , 1394.83
1315.88 , 1391.66
1332.43 , 1391.81
1348.45 , 1393.31
1365.06 , 1393.06
1381.08 , 1394.55
1396.58 , 1397.04
1410.86 , 1402.09
1417.48 , 1414.31
1403.83 , 1421.22
1390.11 , 1427.94
1376.31 , 1434.32
1361.61 , 1438.43
1346.48 , 1441.81
1332.51 , 1447.8
1317.36 , 1451.09
1301.58 , 1449.05
1285.81 , 1447.09
1270.43 , 1444.27
1255.76 , 1440.07
1241.43 , 1435.26
1227.38 , 1429.72
1409 , 1022.97
1415.48 , 1008.25
1422.95 , 993.77
1434.4 , 980.79
1448.75 , 972.97
1464.35 , 968.47
1480.67 , 965.47
1498.35 , 965.73
1514.35 , 969.45
1529.33 , 975.28
1542.97 , 984.91
1547.14 , 1000.6
1534.47 , 1012.98
1520.7 , 1022.26
1505.85 , 1028.44
1490.28 , 1032.97
1473.67 , 1035.47
1456 , 1035.72
1440.03 , 1031.97
1424.03 , 1028.23
1179.95 , 1022.25
1169.14 , 1014.73
1159.4 , 1004.72
1148.64 , 997.05
1136.69 , 992.81
1123.37 , 991.31
1109.32 , 991.31
1096.25 , 993.31
1084.39 , 997.87
1073.47 , 1005.06
1062.97 , 1013.31
1073.17 , 1022.51
1083.39 , 1031.73
1094.37 , 1038.72
1106.35 , 1042.83
1119.92 , 1043.81
1133.37 , 1042.56
1146.07 , 1039.83
1158.27 , 1036.08
1170.47 , 1032.31
1383.4 , 920.01
1397.89 , 898.33
1420.25 , 885.67
1443.93 , 876.74
1469.18 , 871
1495.62 , 867.76
1523.15 , 866.76
1549.62 , 869.99
1573.88 , 877.52
1594.83 , 894.17
1608.91 , 915.88
1607.07 , 937.5
1584.2 , 926.03
1559.9 , 918.51
1534.08 , 914.01
1507.62 , 911.27
1480.7 , 913.49
1455.65 , 919.76
1430.4 , 925.51
1405.95 , 932.27
1237.06 , 937.24
1232.66 , 905.85
1205.13 , 884.75
1173.98 , 873.74
1140.34 , 867.74
1103.91 , 867.99
1068.16 , 869.64
1035.34 , 877.47
1004.48 , 889.25
975.41 , 906.15
951.05 , 932.51
936.56 , 962.49
966.96 , 950.46
997.63 , 938.21
1029.88 , 929.42
1062.86 , 921.95
1098.84 , 920.74
1134.06 , 923.49
1169.51 , 925.74
1203.16 , 931.74
