3002247464_1
294.8 , 422.19
300.05 , 435.54
304.87 , 449.97
309.27 , 464.43
313.05 , 478.38
319.59 , 492.97
326.45 , 504.98
334.64 , 517.87
343.86 , 530.02
354.17 , 541.36
364.16 , 553.17
374.56 , 563.07
386.1 , 571.83
398.92 , 580.87
411.34 , 589.21
424.25 , 597.87
435.84 , 605.47
449.37 , 613.85
463.43 , 620.42
476.59 , 623.9
492.28 , 624.67
506.76 , 623.13
521.99 , 621.63
536.85 , 616.42
547.68 , 606.9
557.93 , 596.44
569.9 , 586.07
581.56 , 576.14
591.65 , 565.99
602.42 , 554.83
612.83 , 544.74
622.47 , 533.22
631.28 , 520.32
638.35 , 507.61
644.48 , 494.16
648.56 , 479.14
651.76 , 464
655.2 , 449.84
658.6 , 436.09
661.94 , 420.76
665.05 , 405.25
453.1 , 404.9
452.35 , 417.3
450.15 , 428.55
445.5 , 440.35
447.89 , 452.6
456.62 , 460.99
469.02 , 465.27
481.31 , 465.97
493.43 , 467.56
506.19 , 465.8
518.06 , 464.93
529.65 , 459.87
535.59 , 448.67
534.85 , 436.73
531.05 , 424.82
527.3 , 413.11
524.15 , 399.72
430.3 , 529.38
438.3 , 522.63
448.07 , 520.38
457.85 , 518.14
467.23 , 515.11
476.58 , 512.13
485.95 , 515.15
496.8 , 515.13
505.55 , 510.38
515.17 , 512.85
524.33 , 516.37
533.33 , 520.38
543.35 , 522.12
552.28 , 526.37
549.71 , 535.98
544.25 , 544.43
538.05 , 552.63
529.75 , 558.64
520.38 , 561.65
510.25 , 563.13
499.65 , 562.63
489.02 , 562.13
478.4 , 561.63
468.27 , 560.14
458.9 , 557.14
450.05 , 552.63
441.97 , 546.06
435.05 , 538.13
436.3 , 530.38
443.98 , 529.38
451.93 , 528.88
459.88 , 528.38
467.7 , 527.63
475.65 , 527.14
482.98 , 528.88
490.2 , 530.9
498.27 , 531.13
505.62 , 529.38
513.33 , 528.38
521.38 , 528.13
529.58 , 528.13
537.75 , 528.13
545.93 , 528.13
538.35 , 528.88
530.15 , 528.88
522.1 , 528.63
514.03 , 528.88
506.33 , 529.88
498.88 , 531.38
490.8 , 531.63
482.75 , 531.88
475.18 , 530.63
467.35 , 529.88
459.4 , 530.38
451.83 , 531.63
443.75 , 531.88
536.9 , 347.08
541.06 , 339.65
547.5 , 332.99
554.48 , 327.49
562.02 , 323.46
569.95 , 320.58
578.57 , 319.08
587.52 , 319.83
595.9 , 321.83
603.42 , 325.86
610.29 , 331.7
610.29 , 340.96
603.62 , 347.36
596.05 , 351.34
588.17 , 354.34
579.45 , 355.58
570.48 , 354.83
561.88 , 353.33
553.27 , 351.82
544.65 , 350.33
433.31 , 347.76
428.57 , 340.76
422.07 , 334.74
414.72 , 330.92
406.77 , 328.71
398.09 , 327.96
389.67 , 329.22
381.59 , 331.18
374 , 334.23
367.02 , 338.96
361.02 , 345.46
367.54 , 351.48
374.27 , 356.96
381.79 , 360.21
390.09 , 361.7
398.77 , 362.46
407.57 , 361.96
415.87 , 360.47
423.94 , 358.45
431.64 , 355.7
516.61 , 284.72
527.91 , 276.68
540.99 , 273.1
553.19 , 267.46
565.84 , 263.24
579.76 , 261.5
593.91 , 260.18
608.13 , 260.97
621.06 , 264.68
632.39 , 272.75
641.45 , 283.54
632.06 , 282.44
619.43 , 278
605.74 , 275.72
591.34 , 276.46
578.66 , 280.68
566.04 , 285.04
553.18 , 288.99
540.61 , 293.47
526.88 , 295.25
424.51 , 292.71
422.73 , 282.9
412.68 , 276.39
401.96 , 271.65
390.91 , 267.88
378.71 , 266.39
366.18 , 267.14
355.13 , 270.9
344.58 , 276.15
334.48 , 282.59
324.75 , 290.04
317.68 , 299.89
329.5 , 302.13
342.4 , 302.14
353.33 , 297.98
363.63 , 292.18
374.96 , 288.89
387.63 , 288.89
400.31 , 289.39
412.23 , 291.38
