3002568151_3
378.34 , 869.31
380.1 , 892.99
385.25 , 914.31
393.42 , 937.89
402.35 , 960.36
411.05 , 981.49
420.05 , 1005.62
427.37 , 1028.46
434.4 , 1050.46
443.45 , 1071.84
457.02 , 1093.21
471.98 , 1109.88
490.51 , 1126.37
510.41 , 1140.31
530.59 , 1152.95
551.88 , 1164.45
574.83 , 1173.09
596 , 1178.92
619.75 , 1183.67
643.78 , 1188.02
668.32 , 1193.64
692.15 , 1196.1
714 , 1198.31
738.24 , 1196.86
761.5 , 1188.45
784.51 , 1182.92
807.33 , 1174.43
827.88 , 1165.3
848.92 , 1151.88
869.86 , 1139.27
890.26 , 1129.62
910.19 , 1114.22
925.22 , 1094.73
938.34 , 1077.03
952.5 , 1057.62
964.12 , 1036.98
971.06 , 1014.03
978.49 , 991.24
985.88 , 968.26
991.99 , 945.08
995.49 , 919.47
650.95 , 791.9
647.33 , 813.35
640.52 , 836.38
631.3 , 857.73
623.06 , 881.02
633.2 , 900.89
655.91 , 909.74
679.58 , 905.35
701.61 , 901.44
725.13 , 908.84
746.79 , 911.95
768.64 , 903.5
780.14 , 883.5
775.53 , 859.87
766.2 , 837.35
758.35 , 815.33
750.45 , 791.9
581.03 , 995.47
592.19 , 980.04
606.95 , 967.02
623.5 , 958.74
640.53 , 951.97
659.8 , 949.97
679.43 , 951.22
698.58 , 953.47
717.38 , 956.47
736.18 , 959.47
754.73 , 962.97
771.36 , 971.01
786.58 , 982.77
800.95 , 996.89
810.74 , 1012.8
802.09 , 1029.17
786.9 , 1041.13
770.3 , 1049.23
752.63 , 1054.49
733.73 , 1057.22
714.2 , 1058.72
694.33 , 1057.97
675.53 , 1054.97
657.88 , 1049.69
640.95 , 1042.66
624.73 , 1033.65
609.03 , 1023.22
594.26 , 1010.2
583.53 , 994.97
598.78 , 992.97
613.23 , 989.2
627.68 , 985.45
642.36 , 982.23
657.75 , 980.47
673.5 , 981.47
688.9 , 983.21
704.78 , 983.97
720.9 , 984.22
735.95 , 986.65
749.83 , 991.45
763.05 , 998.24
775.78 , 1006.22
789.35 , 1011.79
778.65 , 1020.34
763.55 , 1022.72
747.78 , 1023.72
732.38 , 1021.97
716.88 , 1020.47
700.63 , 1020.47
684.75 , 1021.22
669.25 , 1019.7
654.8 , 1015.98
640.13 , 1012.75
625.36 , 1009.74
610.9 , 1006
596.75 , 1001.7
774.74 , 782.43
782.84 , 774.18
792.41 , 769.41
802.39 , 765.9
812.76 , 763.18
823.97 , 762.18
834.94 , 763.69
845.34 , 766.46
855.04 , 770.7
863.77 , 777.71
871.3 , 786.23
867.61 , 795.92
857.89 , 800.18
847.37 , 802.68
835.79 , 802.43
824.82 , 800.92
814.09 , 798.92
803.59 , 796.45
793.51 , 793.17
783.12 , 790.42
609.15 , 781.51
609.42 , 772.31
605.07 , 764.92
597.85 , 760
590.15 , 756.51
581.55 , 755.01
572.32 , 755.26
563.73 , 756.76
555.8 , 759.6
548.47 , 764.17
542.06 , 770.84
537.9 , 778.26
544.95 , 783.57
552.22 , 788.27
559.95 , 791.76
568.33 , 793.76
577.52 , 794.01
586.23 , 792.78
594.48 , 790.53
602.25 , 787.19
756.46 , 702.04
766.08 , 690.89
778.84 , 685.67
792.51 , 682.5
806.76 , 680.5
821.29 , 679.01
836.49 , 679.04
850.86 , 680.8
863.86 , 685.28
876.16 , 691.75
874.26 , 703.3
860.01 , 705.27
845.38 , 706.54
831.38 , 709.03
818.09 , 712.92
805.51 , 718.73
793.96 , 727.29
781.76 , 733.55
769.74 , 726.31
758.96 , 716.04
662.9 , 709.46
656.07 , 689.45
636.77 , 679.69
616.19 , 673.43
595.04 , 668.2
573.32 , 664.2
550.14 , 663.2
528.67 , 667.7
508.64 , 675.14
490 , 686.5
476.57 , 704.45
466.82 , 723.7
487.82 , 718.95
507.34 , 709.96
527.62 , 703.18
550.44 , 701.45
573.62 , 702.45
596.42 , 704.2
618.75 , 706.95
640.22 , 711.47
