3004312424_1
392.56 , 366.61
397.43 , 385
400.73 , 402.02
403.73 , 422.18
406.46 , 440.17
409.63 , 458.68
413.5 , 478.87
417.4 , 497.69
423.83 , 515.19
433.76 , 529.81
444.46 , 545.79
457.12 , 560.69
470.36 , 574.98
482.34 , 588.96
496.59 , 603.06
509.6 , 616.97
523.84 , 629.2
539.63 , 638.31
559.32 , 641.7
578.26 , 644.89
596.87 , 643.52
616.56 , 641.68
635.05 , 638.79
649.58 , 628.41
663.54 , 615.3
677.05 , 600.16
690.88 , 587.2
703.81 , 575.26
719.14 , 561.26
730.06 , 547.52
738.78 , 529.68
747.23 , 513.05
753.36 , 495.09
758.1 , 476.26
762.67 , 457.84
765.9 , 438.16
766.58 , 420.55
768.86 , 400.87
771.01 , 382.01
772.94 , 363.03
775.46 , 343.26
562.68 , 367.74
553.47 , 379.76
544.38 , 391.81
535.76 , 405.19
533.13 , 421.36
541.59 , 433.06
557.69 , 433.77
572.23 , 434.12
588 , 434.55
604.05 , 433.87
619.28 , 434.1
635.76 , 436.26
649.71 , 431.32
652.26 , 415.94
645.62 , 401.81
637.32 , 389.63
627.41 , 375.55
523.9 , 484.81
531.9 , 480.06
540.82 , 477.55
549.88 , 475.31
558.55 , 472.4
567.82 , 470.54
577.95 , 470.56
587.35 , 472.07
597.38 , 472.31
607.15 , 471.56
617.15 , 471.81
626.35 , 473.79
635.25 , 476.29
643.73 , 479.88
651.77 , 484.55
650.23 , 492.56
640.52 , 493.18
631.05 , 491.81
621.27 , 491.06
611.3 , 491.21
601.77 , 489.94
592.45 , 488.31
582.55 , 487.8
572.9 , 486.81
563.12 , 487.56
553 , 487.56
543.58 , 486.06
533.92 , 485.06
541.65 , 485.81
548.25 , 484.06
555.12 , 482.81
562 , 481.57
568.88 , 480.31
576.12 , 479.81
583.25 , 479.06
590.62 , 479.31
597.75 , 480.06
605.1 , 479.81
612.35 , 480.31
619.48 , 481.06
626.6 , 481.81
633.6 , 482.81
640.25 , 484.59
633.55 , 483.56
626.55 , 482.55
619.67 , 481.31
612.3 , 481.06
605.05 , 480.56
597.7 , 480.31
590.58 , 479.56
583.33 , 479.06
576.42 , 480.31
569.2 , 480.81
562.08 , 481.54
555.42 , 483.32
548.42 , 484.31
643.9 , 303.54
648.6 , 298.09
654.02 , 293.39
660.17 , 290.54
666.88 , 289.04
674.07 , 288.54
681.12 , 289.29
688.07 , 290.29
694.77 , 291.79
700.88 , 294.77
706.96 , 297.82
706.15 , 304.54
699.83 , 306.79
692.75 , 307.54
685.7 , 308.29
678.27 , 308.28
671.45 , 307.03
664.73 , 305.54
657.8 , 304.54
650.6 , 305.04
533.73 , 297.99
530.22 , 293.74
525.74 , 290.88
520.74 , 289.4
515.01 , 289.39
509.64 , 290.15
504.39 , 291.14
498.91 , 291.64
493.54 , 292.38
488.66 , 294.13
484.09 , 296.64
488.16 , 300.64
493.04 , 302.41
498.04 , 303.9
503.39 , 304.64
509.01 , 304.89
514.62 , 304.64
520.24 , 304.39
525.71 , 303.88
530.59 , 302.14
635.4 , 280.05
642.73 , 267.55
656.07 , 262.28
670.25 , 258.81
685.25 , 257.05
700.75 , 257.8
715.5 , 260.04
729.48 , 263.87
742.55 , 269.95
754.28 , 279.68
761.9 , 292.18
764.79 , 305.94
751.67 , 300.06
738.55 , 294.2
724.88 , 289.8
710.7 , 286.29
696.4 , 283.05
681.75 , 280.55
666.15 , 280.05
650.77 , 281.05
563.39 , 271.06
553.15 , 261.76
539.55 , 259.29
525.85 , 257.05
511.65 , 255.8
496.85 , 255.8
482.68 , 257.05
468.97 , 259.3
455.62 , 262.28
443.42 , 268.06
435.95 , 279.55
442.73 , 291.31
456.07 , 294.3
469.52 , 291.56
483.1 , 289.05
496.23 , 285.54
509.68 , 282.79
523.27 , 280.27
537.1 , 278.31
551.15 , 276.8
