3006104548_1
315.37 , 419.48
314.34 , 430.55
314.08 , 443.18
314.34 , 455.31
315.03 , 467.57
317.15 , 478.55
320.78 , 490.26
324.56 , 501.61
329.53 , 512.56
335.92 , 523.43
342.06 , 534.13
348.03 , 544.59
355.01 , 553.98
362.4 , 564.12
370.34 , 573.5
379.42 , 581.05
389.11 , 587.18
400.61 , 591.26
411.61 , 594.9
424.37 , 598.01
436.24 , 598.83
447.86 , 598.57
459.35 , 595.84
470.66 , 591.84
481.69 , 586.73
492.27 , 580.8
503.46 , 574.77
513.42 , 568.63
523.6 , 560.8
531.98 , 552.82
539.81 , 544.13
547.9 , 534.03
555.02 , 524.75
561.19 , 515.07
566.7 , 504.19
571.54 , 492.93
575.5 , 481.61
578.67 , 469.39
582.86 , 458.44
587.19 , 447.18
590.3 , 434.81
405.45 , 424.62
399.45 , 431.89
392.66 , 439
388.42 , 448.05
390.78 , 456.76
398.26 , 463.04
405.82 , 469.67
414.41 , 474.22
424.6 , 475.61
434.2 , 475.2
443.68 , 473.73
453.82 , 471.84
462.51 , 467.62
466.38 , 459
465.14 , 448.44
462.81 , 439.37
457.03 , 430.84
364.65 , 490.8
372.52 , 493.57
381.45 , 494.3
390.47 , 494.8
398.92 , 496.55
406.75 , 499.58
414.67 , 502.31
423.72 , 502.8
432.75 , 503.31
440.8 , 505.83
448.88 , 508.28
456.9 , 510.8
465.22 , 512.8
472.47 , 516.51
465.25 , 521.29
457.62 , 525.06
449.7 , 527.78
441.8 , 530.52
433.75 , 533.04
425.07 , 534.3
416.27 , 533.32
408.42 , 530.31
400.92 , 526.33
393.57 , 521.95
386.12 , 517.77
379.17 , 512.32
372.78 , 505.7
367.89 , 498.52
366.4 , 491.8
372.6 , 496.01
379.17 , 499.33
385.75 , 502.64
392.42 , 505.57
399.38 , 507.78
406.2 , 510.32
413.32 , 512.23
420.62 , 513.8
428.67 , 513.8
436.6 , 514.05
444.3 , 513.3
452.12 , 512.8
460.05 , 512.55
467.5 , 513.83
459.88 , 513.55
452.05 , 513.05
444.22 , 513.55
436.55 , 514.3
428.47 , 514.3
420.55 , 514.07
413.32 , 512.29
406.12 , 510.53
399.17 , 508.32
392.45 , 505.57
385.55 , 503.21
379.05 , 499.67
372.62 , 496.02
473.65 , 377.33
477.42 , 372.55
482.32 , 369.14
487.65 , 366.83
493.32 , 365.31
499.6 , 365.08
505.52 , 366.08
511.2 , 367.6
516.45 , 370.09
521.62 , 372.8
526.23 , 377.15
524.64 , 382.59
519.22 , 384.55
513.52 , 386.07
507.5 , 386.83
501.22 , 386.57
495.45 , 385.33
489.52 , 384.36
484.2 , 382.06
478.95 , 379.56
390.92 , 364.81
388.71 , 360.83
385.07 , 357.68
381.21 , 355.05
377.24 , 352.83
373.16 , 350.78
368.59 , 349.96
363.74 , 349.72
359.26 , 350.77
355.62 , 353.91
353.59 , 357.96
355.62 , 361.98
358.59 , 365.71
362.39 , 368.47
366.76 , 369.7
371.37 , 370.46
376.12 , 370.96
380.96 , 371.21
385.56 , 370.46
389.83 , 369.11
465.1 , 337.29
472.16 , 328.48
481.8 , 323.58
492.03 , 320.27
503.12 , 318.77
514.43 , 317.72
525.95 , 318.04
536.55 , 320.52
545.85 , 326.29
554.52 , 333.72
562.6 , 342.04
556.4 , 342.32
547.1 , 336.54
537.53 , 331.53
527.38 , 328.05
516.53 , 326.04
505.05 , 326.78
494.73 , 329.92
485.08 , 334.81
475.6 , 340.04
403.29 , 336.54
402.98 , 327.24
395.51 , 320.35
387.44 , 315.13
379.24 , 310.23
370.63 , 306.36
361.11 , 304.61
351.46 , 306.08
342.84 , 309.88
334.91 , 315.54
329.11 , 323.44
324.86 , 331.86
332.99 , 326.77
341.09 , 321.63
349.86 , 318.36
359.99 , 317.87
369.04 , 320.54
377.63 , 324.37
385.91 , 329.13
393.86 , 334.61
