3008360513_1
455.6 , 1426.95
463.31 , 1494.36
476.11 , 1560.76
492.68 , 1626.02
511.64 , 1692.02
531.94 , 1756.27
552.6 , 1817.38
578.03 , 1878.44
607.96 , 1942.76
642.31 , 2000.96
683.94 , 2059.03
726.66 , 2107.71
779.89 , 2153.86
828.78 , 2197.16
881.91 , 2243.79
933.65 , 2283.47
995.88 , 2312.32
1063.62 , 2328.07
1131.13 , 2323.61
1199.12 , 2308.59
1261.27 , 2295.8
1333.16 , 2282.72
1397.48 , 2269.69
1460.77 , 2252.78
1527.51 , 2222.03
1582.93 , 2189.46
1638.98 , 2147.86
1692.55 , 2108.58
1741.63 , 2066.01
1789.85 , 2009.62
1828.94 , 1957.4
1863.74 , 1902.32
1895.95 , 1836.44
1925.28 , 1777.7
1955.22 , 1720.48
1989.91 , 1656.45
2020.13 , 1598.56
2050.53 , 1533.79
2073.84 , 1475
2093.46 , 1409.41
2106.82 , 1336.69
894.9 , 1227.53
870.07 , 1271.49
853.81 , 1319.94
849.75 , 1371.51
878.51 , 1415.28
927.5 , 1426.74
982.47 , 1416.17
1030.83 , 1403.12
1081.46 , 1400.03
1134.11 , 1396.21
1185.8 , 1401.34
1237.88 , 1411.12
1288.49 , 1394.06
1300.1 , 1346.6
1278.12 , 1296.07
1248.32 , 1253.12
1215.97 , 1211.17
760.1 , 1785.34
784.86 , 1735.81
813.36 , 1687.81
847.62 , 1641.81
891.1 , 1600.59
940.68 , 1575.85
1000.95 , 1576.59
1058.68 , 1582.59
1117.95 , 1585.32
1172.35 , 1598.34
1221.93 , 1623.07
1271.58 , 1647.57
1318.43 , 1679.17
1362.49 , 1718.74
1399.38 , 1763.79
1379.97 , 1814.99
1336.7 , 1856.77
1287.75 , 1882.97
1238.2 , 1907.83
1188.62 , 1932.58
1138.68 , 1956.08
1082.4 , 1965.09
1024.68 , 1971.08
968.8 , 1961.3
918.65 , 1938.63
869.4 , 1913.12
823.26 , 1879.23
786.45 , 1834.21
837.85 , 1765.84
869.98 , 1742.74
901.78 , 1718.67
935.38 , 1699.57
969.95 , 1683.06
1008.25 , 1675.32
1048.5 , 1671.59
1089.72 , 1669.84
1129.75 , 1674.09
1166.22 , 1685.31
1201.22 , 1700.34
1237.2 , 1712.56
1273.05 , 1725.11
1308.83 , 1737.85
1340.57 , 1762.08
1327.88 , 1796.83
1292.9 , 1812.05
1254.5 , 1819.57
1214.72 , 1824.34
1172.65 , 1824.34
1132.28 , 1827.84
1091.53 , 1830.59
1050.68 , 1833.1
1011.15 , 1838.34
969.8 , 1836.84
929.43 , 1833.37
892.05 , 1823.57
860.79 , 1798.04
1292.15 , 1021.89
1310.72 , 991.79
1338.12 , 965.42
1367.68 , 945.13
1398.88 , 929.15
1432.53 , 919.52
1469.98 , 917.64
1505.65 , 923.14
1538.33 , 934.61
1569.03 , 951.76
1597.5 , 975.14
1597.92 , 1012.63
1568.7 , 1033.84
1535.55 , 1044.24
1502.08 , 1054.15
1466.15 , 1059.14
1428.3 , 1060.14
1390.33 , 1059.41
1355.4 , 1052.39
1321.12 , 1043.88
901.33 , 1041.74
883.43 , 1018.84
861.15 , 999.28
837.52 , 983.45
810.95 , 975.47
781.05 , 974.21
752 , 977.2
725 , 984.5
700.58 , 998.18
681.58 , 1020.69
664.8 , 1043.96
674.8 , 1069.6
697.82 , 1086.96
723.88 , 1095.95
753.17 , 1098.46
783.07 , 1097.21
811.42 , 1092.71
839.02 , 1086.71
865.75 , 1078.94
890.83 , 1066.95
1186.2 , 713.17
1229.98 , 654.64
1304.5 , 649.18
1379.1 , 654.68
1450.18 , 667.42
1519.65 , 683.68
1585.58 , 706.55
1647.85 , 740.16
1708.88 , 776.82
1764.58 , 828.55
1796.54 , 891.27
1744.68 , 927.16
1685.25 , 885.98
1627.33 , 840.42
1559.08 , 821.92
1487 , 811.17
1409.85 , 811.42
1337.08 , 820.17
1264.83 , 809.8
1200.49 , 783.47
878.5 , 833.79
858.45 , 784.67
806.38 , 769.38
751.62 , 759.38
694.42 , 754.38
635.4 , 755.63
580.25 , 764.88
529.88 , 783.9
484.47 , 817.04
449.65 , 861.88
424.49 , 910.28
402.4 , 959.63
451.35 , 937.13
496.12 , 902.16
544.52 , 877.01
595.88 , 860.4
651 , 851.1
707.6 , 844.88
766.73 , 843.88
825.02 , 846.63
