300840911_1
380.9 , 276.67
384.73 , 290.27
389.05 , 304.05
394.08 , 317.45
399.89 , 330.6
406.18 , 343.24
411.77 , 355.29
418.26 , 369.4
427.19 , 380.36
437.79 , 390.36
447.82 , 399.81
459.16 , 409.6
470 , 417.87
482.97 , 424.99
494.67 , 433.35
506.19 , 440.54
519.39 , 447.77
533.49 , 450.12
546.85 , 450.77
562.16 , 451.83
576.15 , 453.01
589.7 , 452.24
603.52 , 448.11
617.93 , 443.22
629.79 , 435.17
639.72 , 425.23
649.87 , 414.47
659.31 , 404.9
668.49 , 393.89
676.52 , 381.69
682.72 , 369.34
689.98 , 355.6
696.67 , 343.8
702.2 , 331.15
708.9 , 317.34
712.75 , 303.16
715.19 , 289.01
716.93 , 276.12
717.64 , 260.39
716.25 , 246.18
712.95 , 232.15
515.43 , 225.12
512.17 , 236.81
507.11 , 247.75
502.69 , 260
502.31 , 272.22
514.44 , 275.89
526.51 , 279.38
538.19 , 280.97
550.9 , 283.83
562.94 , 281.55
574.68 , 275.61
586.71 , 271.44
597.68 , 265.61
603.72 , 255.78
599.74 , 243.38
592.19 , 233.84
583.69 , 223.58
481.28 , 324.62
492.2 , 318.93
503.55 , 314.38
514.88 , 309.84
527.43 , 307.87
540.2 , 306.37
553.25 , 305.37
565.68 , 303.1
578.2 , 301.12
591.48 , 300.62
604.75 , 300.12
618.13 , 299.87
631.17 , 298.88
630.09 , 311.3
625.51 , 322.64
619.53 , 333.5
612.66 , 344
604.18 , 353.88
593.61 , 360.55
582.18 , 364.85
569.88 , 367.37
556.48 , 367.62
543.98 , 365.58
532 , 362.35
520.68 , 357.78
509.95 , 351.54
499.93 , 343.27
490.1 , 334.45
487.03 , 324.87
497.9 , 323.37
509.05 , 322.37
519.58 , 320.12
530.7 , 319.12
541.73 , 317.87
552.63 , 316.37
563.63 , 315.12
574.78 , 314.12
585.55 , 312.37
595.98 , 309.87
606.4 , 307.37
617.53 , 306.37
628.17 , 304.36
622.37 , 313.29
614.7 , 321.7
606.15 , 329
597.53 , 336.12
588.03 , 340.87
578.23 , 344.6
567.93 , 347.36
557.15 , 349.12
545.65 , 349.37
534.65 , 348.11
524.36 , 345.35
514.55 , 341.63
505.1 , 336.72
495.83 , 331.44
585.8 , 173
588.71 , 169.1
592.37 , 165.41
596.32 , 162.47
600.45 , 160.09
604.77 , 158.24
609.38 , 156.97
614.3 , 156.5
619.25 , 157.01
623.85 , 158.26
628 , 160.66
628.61 , 165.23
624.32 , 167.24
619.72 , 168.48
615.15 , 169.72
610.55 , 171
605.6 , 171.5
600.77 , 172.25
595.82 , 172.75
590.75 , 172.5
493.44 , 184.84
489.72 , 181.57
485.75 , 178.84
481.5 , 176.81
477.17 , 175.07
472.5 , 174.07
467.57 , 173.57
462.67 , 174.07
457.97 , 175.07
453.72 , 177.07
449.88 , 180.14
447.72 , 184.32
452.9 , 184.32
457.92 , 184.57
462.97 , 184.32
468.12 , 184.32
473.17 , 184.57
478.32 , 184.57
483.37 , 184.82
488.4 , 185.07
564.3 , 132.26
570.43 , 122.83
580.7 , 118.98
591.5 , 116.25
602.65 , 114.27
614.05 , 112.76
625.92 , 112.26
637.45 , 113.5
648.38 , 116
658.4 , 120.52
667.28 , 128.23
667.42 , 139.01
655.42 , 138.79
644.15 , 137
632.62 , 135.76
620.75 , 135.26
609.12 , 136.26
597.6 , 137.51
585.85 , 138.26
574 , 137.72
507.12 , 137.52
498.47 , 133.31
489.07 , 130.96
479.25 , 129.55
469.32 , 128.31
458.92 , 128.06
448.65 , 128.56
438.72 , 129.81
428.92 , 131.31
419.8 , 134.16
412.17 , 141.06
420.82 , 145.08
430.37 , 147.07
440.52 , 147.81
450.7 , 147.06
460.85 , 146.31
471.25 , 146.06
481.77 , 146.06
492.05 , 145.56
502.04 , 144.43
