300852540_1
54.6 , 380.14
55.63 , 395.2
56.56 , 410.56
57.23 , 425.87
59.91 , 440.4
64.2 , 456.19
68.32 , 470.87
72.69 , 485.2
78.07 , 499.06
85.17 , 513.38
94.95 , 526.13
104.04 , 537.97
113.04 , 550.15
122.9 , 562.46
133.94 , 574.02
145 , 582.75
159.48 , 591.25
173.36 , 596.55
187.92 , 598.31
204.4 , 598.28
219.58 , 594.99
233.12 , 588.23
246.37 , 581.92
259.77 , 573.98
272.72 , 564.93
286.2 , 556.4
298.64 , 548.22
311.41 , 539.24
323.56 , 528.92
333.27 , 517.28
341.4 , 504.58
350.42 , 492.38
359.44 , 478.93
363.41 , 464.73
367.23 , 449.65
370.31 , 434.36
372.54 , 419.94
374.25 , 404.27
375.39 , 388.53
375.84 , 372.74
376.07 , 356.92
121.95 , 382.72
118.63 , 392.69
115.74 , 404.23
112.63 , 415.26
112.64 , 425.75
120.9 , 433.59
131.67 , 436.65
142.18 , 435.64
153.34 , 433.37
164.85 , 431.3
176.14 , 428.64
186.67 , 425.72
192.15 , 416.57
191.85 , 404.98
184.63 , 395.79
177.7 , 387.19
171.56 , 377.39
131.15 , 491.05
133.34 , 484.1
138.65 , 478.3
144.68 , 473.53
151.25 , 470.3
158.55 , 468.8
166.45 , 469.06
173.65 , 467.3
181.55 , 467.05
189.08 , 468.05
196.75 , 468.81
203.93 , 470.57
210.62 , 473.28
216.9 , 476.85
216.33 , 484.6
211.59 , 490.6
206.82 , 496.62
201.05 , 502.05
194.95 , 506.53
188.55 , 510.14
181.85 , 513.04
174.65 , 514.8
166.75 , 515.04
159.22 , 514.08
152.25 , 511.89
145.9 , 508.05
139.9 , 503.3
134.95 , 497.38
138.15 , 489.3
140.18 , 485.52
143.78 , 482.92
147.7 , 481.26
152.33 , 481.05
156.73 , 481.62
161.12 , 482.3
165.6 , 481.79
169.7 , 480.53
173.93 , 479.55
178.53 , 479.3
183.1 , 479.55
187.68 , 479.82
192.15 , 480.3
196.63 , 480.8
195.95 , 482.3
191.6 , 483.05
187.25 , 483.82
182.8 , 484.29
178.45 , 485.05
174.12 , 485.82
169.62 , 486.3
165.05 , 486.55
160.45 , 486.8
155.88 , 487.05
151.15 , 487.05
146.68 , 487.55
142.23 , 488.02
197.75 , 336.17
199.66 , 329.77
202.98 , 323.95
208.55 , 319.88
214.53 , 316.91
220.85 , 314.93
228.03 , 315.17
234.72 , 316.41
240.88 , 318.8
246.78 , 321.95
252.28 , 326.19
255.78 , 331.66
249.82 , 334.66
243.85 , 337.67
237.38 , 339.41
230.55 , 340.43
223.85 , 341.67
216.8 , 342.17
209.72 , 341.67
203.18 , 340.1
121.02 , 342.14
117.65 , 337.37
112.75 , 334.49
107.6 , 332.22
101.67 , 331.74
95.6 , 331.99
89.9 , 332.99
84.75 , 335.24
79.95 , 338.52
76.13 , 343.09
74 , 348.24
76.85 , 353.14
81.92 , 355.67
87.6 , 356.77
93.65 , 356.99
99.6 , 356.49
105.43 , 355.74
111.03 , 354.49
116.2 , 352.28
120.12 , 347.89
183.34 , 287.28
192.62 , 280.51
204.02 , 278.78
215.62 , 277.53
227.81 , 277.53
239.67 , 278.28
251.26 , 279.5
262.29 , 282.04
273.22 , 284.66
282.79 , 290.77
291.14 , 299.33
282.81 , 301.52
272.24 , 298.3
261.49 , 295.29
250.12 , 293.53
238.39 , 292.53
226.29 , 292.78
214.34 , 293.28
202.97 , 295.03
191.44 , 296.15
109.9 , 304.61
103.7 , 302.4
96.93 , 301.4
89.9 , 300.9
83.12 , 301.9
76.58 , 303.38
70.15 , 305.13
64.15 , 307.94
58.27 , 311.06
54.04 , 316.52
51.7 , 322.65
58.1 , 324.15
64.62 , 322.64
70.8 , 320.37
77.12 , 318.47
83.63 , 316.88
90.3 , 315.62
97.2 , 314.9
103.98 , 313.9
110 , 311.13
