3017468498_1
211.52 , 245.4
214.02 , 271.41
216.56 , 301.84
218.81 , 329.27
221.26 , 359.07
221.9 , 388.25
222.78 , 417.93
229.47 , 446.13
234.89 , 474.22
246.65 , 501.05
262.3 , 526.62
275.55 , 550.46
292.94 , 572.74
316.31 , 590.92
336.65 , 610.95
358.46 , 631.15
382.26 , 649.04
405.68 , 663.45
432.67 , 677.86
458.35 , 688.7
486.06 , 688.3
516.99 , 686.53
544.51 , 684.44
575.28 , 683.78
602.96 , 675.46
627.77 , 664.98
648.57 , 644.53
670.83 , 625.9
692.7 , 606.14
716.36 , 587.48
738.84 , 570.36
760.51 , 552.46
779.66 , 529.98
795.54 , 504.63
806.55 , 479.16
815.29 , 450.86
817.99 , 421.49
819.01 , 391.5
821.5 , 364.48
824.87 , 334.74
826.13 , 304.69
475.9 , 297.68
472.58 , 318.11
456.5 , 335.77
445.33 , 355.68
450.32 , 379.15
471.08 , 389.9
492.51 , 390.8
516.49 , 389.95
539.5 , 390.11
564.71 , 390.16
587 , 395.42
608.22 , 401.91
626.48 , 388.35
631.37 , 366
620.06 , 344.51
606.3 , 327.25
597.24 , 303.47
387.75 , 485.65
405.82 , 483.9
423.43 , 486.65
440.8 , 483.38
459.73 , 483.4
477.23 , 486.38
494.82 , 489.18
512.8 , 491.14
531.73 , 491.15
549.95 , 489.65
568.27 , 488.4
586.6 , 489.65
604.2 , 492.4
621.15 , 496.55
630.15 , 509.42
613.58 , 514.13
596.42 , 517.93
578.48 , 519.9
560.12 , 521.15
541.45 , 520.65
523.23 , 519.15
505.02 , 517.66
487.2 , 515.36
470.12 , 511.53
454.12 , 505.52
438.23 , 499.13
422.5 , 492.15
405.48 , 488.15
426.5 , 486.4
439.8 , 490.42
453.45 , 493.86
467.3 , 496.92
481.43 , 499.33
495.75 , 501.4
510.32 , 502.93
524.92 , 504.33
539.25 , 506.4
553.95 , 507.66
569.15 , 507.4
584.23 , 506.9
599.17 , 506.15
613.88 , 504.9
628.33 , 505.17
613.52 , 506.15
598.8 , 507.4
583.75 , 507.9
568.67 , 507.4
553.73 , 508.15
538.65 , 507.67
523.98 , 506.38
509.5 , 504.65
495.02 , 502.91
480.88 , 500.53
466.95 , 497.61
453.2 , 494.36
439.55 , 490.92
616.2 , 229.27
623.01 , 217.96
634 , 210.01
645.78 , 204.24
658.3 , 200.49
671.7 , 198.52
685.7 , 199.27
699 , 201.54
711.3 , 205.62
722.65 , 212.51
732.45 , 222.77
734.25 , 235.73
722.15 , 240.56
709.2 , 243.52
695.18 , 244.27
681.05 , 243.77
667.28 , 242.51
654 , 240.26
641.08 , 237.26
628.25 , 234
444.25 , 210.99
444.09 , 198.6
435.69 , 189.49
425.95 , 182.73
415.47 , 178
404.67 , 174.26
392.85 , 172.5
380.7 , 173.5
369.9 , 177.32
359.97 , 183.5
351.03 , 192.45
345.22 , 202.5
355.1 , 208.84
365.25 , 214.51
375.8 , 219.03
387 , 222.01
399.17 , 223
411.22 , 221.75
423.4 , 220.75
434.37 , 217.34
622.81 , 104.81
639.26 , 89.36
660.58 , 86.04
681.93 , 88.82
702.46 , 93.81
722.86 , 99.08
742.96 , 104.83
762.28 , 112.32
779.98 , 124.26
794.64 , 140.39
804.59 , 158.86
792.63 , 167.89
776.16 , 152.43
758.66 , 139.82
739.61 , 131.3
718.63 , 127.3
696.46 , 126.3
674.76 , 128.81
652.81 , 130.31
633.56 , 122.95
489.12 , 112.41
484.56 , 86.75
464.53 , 67.4
440.4 , 59.37
414 , 55.9
386.73 , 57.65
361.03 , 62.65
337.45 , 72.16
314.9 , 84.74
293.28 , 99.65
277.43 , 121
268.28 , 144.65
289.83 , 130.58
311.9 , 116.9
334.88 , 105.39
359.45 , 98.15
386.6 , 96.15
413 , 99.65
437.86 , 106.38
461.98 , 114.41
