3020509517_1
287.77 , 293.92
291.53 , 310.18
295.2 , 326.88
299.3 , 344.81
303.36 , 360.9
309.25 , 377.58
316.86 , 392.4
325.76 , 408.63
335.3 , 422.48
345.8 , 435.84
358.94 , 449.03
373.06 , 459.28
388.61 , 468.25
402.47 , 476.44
416.94 , 486.37
431.36 , 497.15
445.23 , 507.82
459.14 , 517.17
475.29 , 524.45
492.61 , 529.59
508.69 , 532.97
526.04 , 533.29
542.93 , 529.09
560.09 , 523.01
574.58 , 512.5
585.68 , 500.08
595.25 , 484.33
602.78 , 469.61
611.68 , 454.91
622.24 , 439.84
632.72 , 427.03
643.87 , 413.72
652.56 , 397.76
658.98 , 381.88
665.58 , 365.97
670.22 , 348.08
675.95 , 332.18
677.71 , 315.29
677.72 , 296.75
679.64 , 279.45
680.85 , 261.86
471.51 , 331.59
459.56 , 339.45
453.46 , 351.57
458.94 , 365.28
469.08 , 374.8
482.9 , 379.8
496.88 , 383.04
511.07 , 382.94
526.24 , 380.92
539.48 , 377.06
553.44 , 371.08
564.5 , 362.71
572.95 , 351.46
570.04 , 336.83
561.22 , 325.04
549.59 , 316.68
537.43 , 308.1
430 , 406.89
444.62 , 407.14
458.3 , 404.89
471.7 , 402.13
485.98 , 401.14
500.25 , 402.14
514.4 , 400.89
528.42 , 399.39
542.35 , 397.61
555.6 , 394.55
568.55 , 390.85
582.73 , 389.64
593 , 398.52
588.24 , 410.97
583.31 , 423.31
577.25 , 435.39
567.68 , 445.95
556 , 452.89
543.45 , 457.43
530.12 , 460.4
516.2 , 462.14
502.05 , 463.39
488.1 , 461.73
475.77 , 456.66
464.3 , 449.17
453.05 , 440.94
442.55 , 430.71
434.52 , 419.41
437 , 411.14
448.95 , 410.64
460.93 , 411.14
472.77 , 411.89
484.75 , 411.39
496.57 , 410.64
508.8 , 410.64
520.88 , 410.39
532.38 , 408.88
543.12 , 405.89
554.35 , 403.91
564.55 , 399.66
575.15 , 396.36
585.5 , 392.64
578.69 , 401.94
570.8 , 410.84
563.65 , 420.01
554.02 , 425.87
543.75 , 429.89
532.85 , 432.66
521.6 , 434.63
510.38 , 436.64
498.52 , 437.39
486.8 , 436.38
475.9 , 433.67
465.3 , 430.37
455.1 , 426.14
445.85 , 419.23
563.25 , 231.77
565.75 , 227.27
569.82 , 223.43
574.15 , 220.34
578.67 , 217.81
583.33 , 215.51
588.12 , 213.74
593.42 , 213.02
598.85 , 213.53
603.75 , 215.02
608.24 , 217.74
608.25 , 222.77
603.8 , 225.5
599.17 , 227.83
594.52 , 230
589.6 , 231.49
584.52 , 232.77
579 , 233.02
573.45 , 232.77
568.03 , 233.27
437.71 , 246.63
433.95 , 242.17
428.57 , 240.66
422.85 , 239.93
417.12 , 239.18
411.18 , 238.93
405.45 , 239.67
400.23 , 241.42
395.25 , 243.93
390.36 , 246.56
387 , 251.18
391.6 , 254.68
396.57 , 257.21
402.4 , 257.68
408.38 , 257.93
414.45 , 257.93
420.3 , 257.43
425.77 , 256.18
431 , 254.43
435.93 , 251.8
544.6 , 177.74
550.73 , 167.35
561.38 , 161.73
572.18 , 156.51
582.93 , 151.18
593.4 , 145.17
604.12 , 139.73
615.85 , 136.74
628.62 , 135.99
640.4 , 138.78
650.56 , 145.68
646.86 , 156.93
636.53 , 163.25
624.83 , 166.23
613.28 , 169.48
601.1 , 171.49
588.8 , 173.23
577.55 , 176.97
566.12 , 180.5
554.88 , 184.26
454.49 , 186.03
443.06 , 178.28
429.87 , 175.04
415.79 , 173.54
401.01 , 173.54
386.46 , 174.04
372.46 , 175.66
359.61 , 179.53
347.59 , 185.79
336.34 , 194.04
325.84 , 204.29
338.19 , 209.32
352.62 , 210.04
366.16 , 207.55
379.51 , 204.52
393.31 , 202.54
407.74 , 201.79
422.54 , 201.79
436.94 , 201.04
450.32 , 198.06
