302142529_1
522.83 , 1102.75
538.93 , 1155.79
561.5 , 1214.67
585.65 , 1270.76
610.5 , 1326.9
635.61 , 1381.3
660.5 , 1430.81
690.08 , 1484.4
722.16 , 1536.5
756.2 , 1587.4
790.55 , 1634.49
831.65 , 1681.99
879.43 , 1720.68
919.43 , 1759.94
968.27 , 1803.9
1016.23 , 1832.17
1066.9 , 1866.66
1120.12 , 1896.13
1175.88 , 1911.29
1238.73 , 1910.12
1296.45 , 1904.25
1347.28 , 1873
1388.35 , 1827.69
1435.89 , 1786.38
1480.74 , 1751.03
1524.18 , 1705.94
1551.83 , 1654.18
1577.5 , 1599.13
1603.29 , 1546.8
1625.44 , 1486.19
1648.39 , 1434.15
1671.98 , 1375.04
1688.76 , 1318.64
1702.34 , 1261.41
1712.66 , 1198.94
1716.05 , 1137.26
1713.02 , 1081.1
1710.48 , 1016.79
1703.9 , 956.85
1691.84 , 897.67
1681.61 , 838.2
849.26 , 1141.5
852.29 , 1185.27
831.52 , 1229.27
827.23 , 1275.6
856.3 , 1310.25
891.5 , 1342.35
934.95 , 1367.5
982.15 , 1363.47
1020.87 , 1340.82
1057.13 , 1306.64
1099.3 , 1283.66
1140.97 , 1265.93
1141.36 , 1221.65
1117.29 , 1180.75
1084.96 , 1142.23
1043.04 , 1129.25
996.04 , 1107.99
861.55 , 1494.51
896.67 , 1496.26
932.07 , 1497.51
967.07 , 1495.51
1000.77 , 1490.76
1035.3 , 1487.76
1071.17 , 1488.01
1105.22 , 1484.01
1136.88 , 1475.19
1169.53 , 1468.28
1203.2 , 1463.49
1236.2 , 1457.36
1271.78 , 1458.01
1276.55 , 1491.16
1258.04 , 1519.06
1239.03 , 1546.78
1214.43 , 1572.35
1186.62 , 1591.19
1156.58 , 1603.74
1124.72 , 1612.26
1090.57 , 1616
1057.75 , 1622.51
1021.85 , 1622.3
990.55 , 1612.76
962.57 , 1594.53
936.72 , 1570.19
912.92 , 1544.14
887.15 , 1519.61
931.3 , 1526.26
954.02 , 1523.01
976.9 , 1526.04
999.67 , 1529.14
1023 , 1531.22
1046.67 , 1530.01
1069.17 , 1526.27
1091.45 , 1522.11
1113.45 , 1517.25
1134.67 , 1511.04
1155.45 , 1503.86
1176.5 , 1497.3
1198.03 , 1491.53
1219.68 , 1486.03
1215.27 , 1501.02
1196.83 , 1514.73
1178.38 , 1528.5
1159.42 , 1540.76
1139.4 , 1550.23
1118.28 , 1556.77
1096.9 , 1562.78
1074.67 , 1567.01
1051.45 , 1569.26
1027.62 , 1570.26
1003.7 , 1570.91
980.8 , 1568.01
960.57 , 1559.27
942.06 , 1545.78
1083.54 , 861.32
1091.81 , 842.05
1101.46 , 823.15
1115.11 , 805.75
1132.64 , 792.45
1151.32 , 782.33
1172.12 , 777.32
1194.84 , 778.32
1216.46 , 781.54
1236.46 , 788
1254.06 , 800.59
1263.05 , 819.55
1250.34 , 837.26
1232.96 , 850.91
1214.49 , 861.61
1193.91 , 867.06
1171.94 , 869.57
1148.87 , 869.82
1126.51 , 868.07
1105.26 , 864.07
764.04 , 899.9
753.56 , 884.36
738.57 , 872.31
722.7 , 862.77
706.2 , 854.69
687.97 , 850.75
668.6 , 852.28
651.25 , 857.83
635.43 , 867.54
623.2 , 882.4
618.55 , 900.28
625.42 , 917.15
635.79 , 932.76
652.15 , 940.62
671.57 , 942.03
690.6 , 939.78
709.4 , 937.04
727.67 , 933.26
745.22 , 928.09
761.12 , 918.52
987.75 , 722.15
1013.7 , 693.68
1046.03 , 678.16
1080.12 , 667.68
1115 , 658.4
1150.8 , 651.16
1187.58 , 645.9
1226.67 , 645.4
1263.95 , 649.65
1300.97 , 654.39
1332.89 , 670.97
1314.87 , 702.18
1278.58 , 708.4
1239.85 , 709.65
1201.97 , 712.65
1164.2 , 715.9
1128.05 , 722.38
1093.17 , 731.65
1057.58 , 739.4
1018.9 , 740.55
746.25 , 806.02
731.05 , 781.37
706 , 766.58
678.78 , 757.74
648.86 , 754.26
617.48 , 754.76
586.48 , 753.51
555.61 , 752.01
525.33 , 754.76
499.21 , 766.74
480.25 , 790.16
472.93 , 818.26
501.98 , 813.76
532.38 , 816.26
563.73 , 815.76
594.5 , 814.01
625.13 , 812.01
655.9 , 810.26
685.7 , 806.51
715.86 , 803.51
