302142585_1
186.45 , 979.25
198.37 , 1018.98
212.8 , 1062.55
226.14 , 1106.45
238.55 , 1149.3
251.74 , 1192.94
264.14 , 1236.51
277.66 , 1279.86
295.99 , 1320.96
320.21 , 1358.54
349.22 , 1392.54
379.18 , 1425.49
413.96 , 1455.67
450.47 , 1485.35
485.01 , 1511.03
526.03 , 1537.3
565.45 , 1556.63
609.41 , 1571.61
651.15 , 1582.91
696.96 , 1587.53
742.95 , 1584.51
783.31 , 1574.04
827.6 , 1554.57
866.32 , 1534.33
904.04 , 1508.63
939.35 , 1479.58
971.94 , 1447.48
1001.32 , 1412.81
1028.49 , 1378.07
1056.9 , 1341.56
1081.82 , 1308.65
1106 , 1269.72
1126.25 , 1228.64
1137.4 , 1185.53
1144.42 , 1141.13
1147.38 , 1095.57
1148.76 , 1050.77
1146.72 , 1005.1
1141.75 , 959.3
1134.41 , 913.6
1126.65 , 867.89
536.64 , 890.05
529.89 , 930.57
521.17 , 972.48
513.06 , 1010.43
514.05 , 1054.27
541.73 , 1081.84
582.27 , 1093.82
623.85 , 1093.75
667.68 , 1091.24
708.02 , 1076.88
745.64 , 1061.45
781.45 , 1038.58
788.29 , 1001.06
773.84 , 958.52
747.52 , 928.52
727.88 , 891.16
712.5 , 849.55
461.69 , 1255.78
488.71 , 1238.76
521.32 , 1234.75
555.84 , 1234.78
588.19 , 1230.28
618.04 , 1220.93
649.44 , 1214.53
681.84 , 1210.13
712.57 , 1202.26
743.22 , 1194.26
774.39 , 1187.3
805.87 , 1181.06
837.74 , 1175.51
870.22 , 1171.28
886.24 , 1189.77
859.69 , 1208.28
831.84 , 1223.29
803.52 , 1236.97
774.89 , 1249.76
745.91 , 1261.29
716.64 , 1272.05
686.44 , 1280.78
654.21 , 1285.53
620.04 , 1285.76
586.49 , 1283.78
553.77 , 1280.03
521.29 , 1275.76
490.31 , 1268.4
490.69 , 1249.78
520.79 , 1250.78
549.84 , 1247.63
579.27 , 1245.3
608.87 , 1243.27
637.84 , 1240.04
667.32 , 1237.78
695.84 , 1233.51
723.14 , 1226.77
749.49 , 1218.3
775.39 , 1208.76
801.47 , 1199.77
827.94 , 1191.53
854.99 , 1184.28
882.33 , 1177.53
855.41 , 1183.03
828.39 , 1190.32
801.99 , 1198.8
775.99 , 1208.01
750.04 , 1217.43
723.49 , 1225.51
696.16 , 1232.28
667.41 , 1236.03
638.19 , 1238.78
609.07 , 1241.78
579.59 , 1244.03
549.82 , 1245.66
520.64 , 1248.53
740.6 , 733.05
751.51 , 718.65
765.8 , 707.36
781.25 , 699.14
797.55 , 693.53
814.93 , 690.04
833.15 , 688.26
851.78 , 688.8
869.28 , 692.07
886.03 , 696.82
901.95 , 703.64
903.33 , 718.82
886.65 , 723.76
869.48 , 727.68
852.23 , 731.58
834 , 733.3
815.28 , 734.05
796.17 , 734.05
777.1 , 734.05
758.6 , 735.3
448.7 , 766.48
436.03 , 757.22
421.06 , 753.74
404.41 , 753.72
389.23 , 756.74
374.41 , 760.56
359.96 , 765.01
346.18 , 771.28
333.23 , 779.74
321.01 , 790.21
309.98 , 802.24
325.31 , 804.99
340.73 , 807.49
357.03 , 808.24
372.46 , 805.74
388.03 , 803.49
402.58 , 799.21
416.58 , 793.65
430.21 , 787.01
443.87 , 780.34
667.39 , 601.98
692.24 , 573.86
727.24 , 566.45
764.84 , 568.48
801.72 , 571.98
839.44 , 573.73
876.66 , 576.48
912.82 , 581.49
947.49 , 589.58
977.79 , 608.35
1003.17 , 636
973.84 , 649.94
938.41 , 643.48
902.01 , 638.98
863.59 , 638.69
826.59 , 635.48
789.12 , 633.23
752.72 , 637.7
716.84 , 643.19
683.14 , 633.48
482.09 , 641.37
447.96 , 633.38
410.83 , 635.14
376.25 , 642.13
344.23 , 654.42
313.78 , 671.38
284.18 , 690.45
255.03 , 710.88
227.39 , 735.53
210.28 , 765.88
199.78 , 798.63
232.01 , 787.89
262.83 , 771.81
291.93 , 751.26
321.25 , 731.4
353.03 , 718.38
385.4 , 707.11
419.33 , 698.61
455.96 , 695.87
485.7 , 677.14
