302142598_1
442.28 , 832.3
445.05 , 878.23
446.44 , 928.77
452.25 , 978.55
463.91 , 1032.39
473.62 , 1077.93
485.98 , 1126.93
501.88 , 1179.13
518.89 , 1223.86
540.89 , 1268.4
568.4 , 1309.96
600.22 , 1348.06
641.24 , 1384.83
679.36 , 1412
723.94 , 1435.53
770.73 , 1451.05
824.67 , 1462.95
874.94 , 1468.89
922.5 , 1471.27
971.14 , 1469.53
1026.1 , 1463.98
1076.06 , 1456.91
1121.87 , 1445.73
1169.64 , 1424.5
1215.51 , 1407.1
1260.61 , 1385.96
1300.68 , 1355.48
1339.26 , 1320.66
1376.29 , 1287.46
1407.05 , 1245.32
1420.62 , 1199.14
1435.84 , 1150.44
1452.54 , 1102.99
1459.93 , 1052.64
1459.07 , 999.67
1457.63 , 950.58
1453.88 , 901.35
1448.93 , 851.84
1444.35 , 802.57
1439.44 , 752.81
1432.63 , 697.68
797.11 , 786.08
784.14 , 817.95
762.75 , 853.14
761.92 , 889.94
786.85 , 918.14
823.5 , 935.95
861.66 , 943.16
899.39 , 946.3
937.35 , 946.3
975.16 , 937.77
1011.93 , 924.68
1048.13 , 906.8
1081.08 , 885.95
1086.13 , 851.94
1068.96 , 815.37
1048.12 , 781.98
1024.27 , 749.9
760.6 , 1131.31
778.45 , 1111.21
799.33 , 1095.34
822.15 , 1085.03
846.38 , 1078.06
871.33 , 1072.56
896.75 , 1068.06
922.78 , 1064.8
949.68 , 1063.31
976.93 , 1062.56
1004.05 , 1061.56
1031.17 , 1060.56
1058.42 , 1059.81
1083.62 , 1064.83
1107.2 , 1073.03
1101.03 , 1093.05
1075.35 , 1097.06
1048.35 , 1098.31
1021.45 , 1099.81
994.33 , 1100.82
967.58 , 1102.56
942.25 , 1107.32
916.83 , 1111.81
890.08 , 1113.58
863.98 , 1116.69
838.27 , 1120.63
813.3 , 1126.05
787.98 , 1130.81
788.1 , 1110.81
808.45 , 1102.47
829.85 , 1096.31
852.33 , 1092.32
875.03 , 1088.84
898.12 , 1086.06
921.93 , 1084.81
946.08 , 1084.31
969.65 , 1082.56
992.1 , 1078.56
1015 , 1075.41
1038.75 , 1074.06
1062.55 , 1072.81
1086.47 , 1073.31
1108.64 , 1077.91
1085.9 , 1075.31
1062.7 , 1073.31
1038.97 , 1074.68
1015.93 , 1077.49
992.88 , 1080.3
969.9 , 1083.31
946.73 , 1085.81
922.43 , 1086.03
898.88 , 1087.81
875.58 , 1090.08
852.23 , 1092.31
830.58 , 1098.07
809.3 , 1104.35
1048.09 , 607.61
1058.09 , 593.86
1071.81 , 583.64
1086.12 , 575.09
1101.14 , 568.58
1117.14 , 564.32
1134.29 , 562.36
1151.76 , 561.11
1169.71 , 561.36
1186.09 , 564.86
1200.39 , 573.38
1201.89 , 589.34
1186.51 , 594.86
1170.54 , 599.15
1153.54 , 601.36
1136.07 , 602.61
1118.46 , 603.61
1100.51 , 603.86
1083.29 , 605.61
1065.82 , 606.86
729.31 , 624.55
717.16 , 615.15
703.47 , 610.14
687.44 , 609.9
672.64 , 612.64
659.04 , 617.98
645.89 , 624.64
633.14 , 632.39
620.87 , 641.42
608.99 , 651.54
597.39 , 662.39
612.82 , 660.89
628.37 , 662.14
643.79 , 663.64
659.82 , 663.89
675.84 , 663.64
691.14 , 661.89
704.84 , 656.92
717.57 , 649.15
729.84 , 640.15
1006.75 , 494.17
1019.28 , 464.11
1047.42 , 446.24
1079.7 , 438.42
1115.12 , 437.17
1150.9 , 436.67
1186.08 , 438.42
1216.88 , 448.89
1246.3 , 463.71
1273.6 , 484.04
1298.43 , 509.6
1296.68 , 543.91
1263.08 , 548.41
1231.5 , 539.42
1198.95 , 532.17
1164.5 , 528.92
1129.45 , 526.92
1095.75 , 522.17
1060.33 , 520.92
1025.24 , 522.06
763.42 , 514.37
752.45 , 488.38
722.45 , 481.88
690.05 , 483.36
658.85 , 487.39
628.64 , 493.36
599.55 , 501.64
572.7 , 515.8
547.74 , 535
526.69 , 559.28
513.37 , 586.38
517.88 , 617.33
547.64 , 623.64
574.82 , 610.42
600.02 , 591.88
626.82 , 577.67
654.82 , 567.14
682.64 , 556.12
709.77 , 542.72
736.32 , 527.92
