1404106170_1
-1.1 , 415
-1.4 , 436.7
0.4 , 459.66
2.17 , 480.86
2.9 , 504.03
3.85 , 524.74
4.63 , 547.79
3.46 , 569.46
10.83 , 591.33
25.93 , 606.77
41.68 , 624.27
55.07 , 640.97
70.54 , 657.32
87.95 , 672.84
105.01 , 685.61
126.2 , 697.28
144.31 , 709.59
164.62 , 718.32
186.37 , 723.62
208.95 , 726.39
231.86 , 726.69
252.42 , 727.92
275.44 , 729.12
296.52 , 725.24
316.46 , 714.76
334.32 , 699.08
349.64 , 683.15
363.28 , 665.97
380.53 , 652.13
398.43 , 638.15
415.93 , 623.95
432.88 , 609.48
448.85 , 593
460.34 , 573.36
469.87 , 553.93
479.65 , 532.87
485 , 511.73
488.76 , 490.27
492.23 , 466.91
494.24 , 445.71
496.35 , 422.05
278.19 , 434.87
273.37 , 451.78
266.88 , 469.85
260.26 , 487.35
260.37 , 506.82
273.81 , 517.61
293.11 , 522.09
312.42 , 526.29
329.86 , 531.41
348.85 , 533.04
366.81 , 528.45
384.37 , 522.48
397.95 , 508.42
394.67 , 489.74
389.18 , 472.46
382.62 , 454.09
375.65 , 435.99
203.73 , 586.34
217.98 , 584.09
231.78 , 580.85
245.03 , 576.57
259.4 , 574.59
274.15 , 573.34
288.78 , 571.84
304.03 , 572.09
319.03 , 572.84
334.13 , 573.34
348.88 , 574.59
363.03 , 577.11
376.05 , 581.9
379.53 , 595.04
369.97 , 606.37
362.24 , 618.32
353.98 , 630.09
342.45 , 639.11
329.3 , 643.59
315.4 , 646.59
300.21 , 646.82
286.86 , 642.72
274.88 , 634.98
263.75 , 624.87
252.3 , 615.64
240.18 , 608.33
227.46 , 602.57
215 , 596.12
213.48 , 588.34
225.93 , 587.84
237.43 , 590.34
249.41 , 591.84
261.25 , 593.59
272.86 , 595.87
284.45 , 598.1
296.06 , 600.37
307.9 , 602.09
320.25 , 601.34
332.11 , 599.56
344.08 , 598.06
355.93 , 596.33
367.75 , 594.57
379.7 , 593.23
369.08 , 597.35
356.98 , 598.59
344.63 , 599.35
332.65 , 600.84
320.71 , 602.34
308.11 , 602.59
296.03 , 601.36
284.28 , 599.33
272.55 , 597.34
260.33 , 596.34
247.88 , 595.84
235.91 , 594.34
224.3 , 592.09
394.15 , 346.67
401.6 , 339.47
409.45 , 333.36
417.77 , 328.55
426.62 , 325.16
436.35 , 323.67
446.32 , 324.67
455.67 , 326.94
464.15 , 331.42
470.1 , 339.35
471.4 , 349.17
466.58 , 357.47
460.84 , 365.48
452.38 , 369.94
442.75 , 371.67
432.55 , 371.16
423.15 , 368.92
413.77 , 366.7
405.07 , 362.87
398.43 , 355.22
249.86 , 349.74
241.44 , 339.82
231.86 , 330.47
221.46 , 323.35
209.66 , 319.94
196.78 , 318.69
183.31 , 318.69
170.81 , 320.69
159.44 , 324.91
148.34 , 330.2
137.31 , 335.44
147.44 , 343.32
157.96 , 350.1
169.13 , 354.97
181.06 , 358.19
193.53 , 360.19
206.54 , 361.19
219.88 , 361.44
233.24 , 361.69
246.24 , 360.69
385.75 , 307.84
395.11 , 295.49
407.32 , 285.74
421.3 , 280.82
436.82 , 279.09
453.07 , 278.84
468.6 , 277.09
483.35 , 273.74
499.18 , 272.59
513.02 , 277.85
524.85 , 288.69
523.8 , 303.57
508.4 , 305.59
492.15 , 305.84
476.25 , 304.84
460.48 , 306.09
444.95 , 307.84
429.43 , 309.57
414.75 , 313.09
399.1 , 314.62
293.44 , 298.46
294.66 , 280.75
276.12 , 271.21
255.84 , 265.96
234.34 , 263.21
213.22 , 259.74
193.59 , 253.21
173.51 , 247.78
151.77 , 250.02
132.72 , 258.08
114.62 , 268.7
97.09 , 280.96
118.49 , 283.95
139.86 , 286.97
161.99 , 288.46
184.47 , 287.71
206.94 , 288.46
228.69 , 290.71
249.94 , 293.99
271.44 , 296.7
