1404860998_1
101.04 , 459.23
101.73 , 470.93
102.7 , 482.7
104.59 , 494.34
107.46 , 505.7
111.82 , 517.83
117.41 , 528.38
124.38 , 538.25
131.93 , 546.38
140.65 , 554.84
150.11 , 562.36
160.03 , 569.06
170.83 , 575.97
181.09 , 581.03
189.81 , 588.84
198.05 , 598.47
206.05 , 607.05
215.42 , 614.44
226.09 , 618.88
238.91 , 620.59
249.9 , 619.3
262.36 , 618.56
274.54 , 615.85
286.29 , 612.64
296.64 , 608.73
307.29 , 603.02
316.96 , 596.42
327.32 , 588.61
337.54 , 581.87
347.55 , 577.22
359.39 , 572.59
369.77 , 567.76
379.67 , 560.81
388.05 , 552.65
396.85 , 543.14
403.3 , 533.59
409.64 , 523.77
416.47 , 512.81
421.25 , 502.4
424.31 , 490.45
425.26 , 478.16
233.95 , 460.19
229.71 , 469.9
225.56 , 479
224.07 , 489.58
227.8 , 499.05
237.28 , 504.92
247.21 , 507.77
257.25 , 511.56
267.55 , 513.09
277.95 , 512.29
288.75 , 510.57
299.09 , 507.74
307.48 , 501.95
309.36 , 491.97
309.52 , 480.57
309.22 , 470.02
307.69 , 459.4
189.55 , 519.57
199.6 , 522.06
210.4 , 523.07
221.3 , 523.82
232.1 , 524.82
242.23 , 527.25
252.28 , 529.8
263.05 , 530.82
274.1 , 531.32
285.38 , 531.32
296.28 , 532.07
306.95 , 533.34
318.22 , 533.32
320.35 , 542.27
312.57 , 550.31
304.25 , 557.33
295.48 , 563.08
286.12 , 567.33
275.83 , 569.32
264.9 , 570.07
253.62 , 570.07
242.98 , 568.8
233.15 , 565.83
224.23 , 560.5
215.93 , 553.45
207.96 , 545.47
201.08 , 537.1
194.58 , 528.6
199.3 , 522.07
208 , 524.07
215.98 , 527.84
223.98 , 531.59
232.28 , 534.3
240.93 , 536.44
249.5 , 538.78
258.58 , 540.07
267.9 , 539.32
277.1 , 538.32
286.3 , 537.32
295.5 , 536.32
304.7 , 535.33
314.15 , 534.82
310.4 , 541.31
302.43 , 545.09
293.83 , 547.33
285.53 , 550.08
277.23 , 552.89
268.45 , 554.8
259.38 , 556.06
250.3 , 554.82
241.65 , 552.66
233.48 , 549.5
225.58 , 545.59
217.73 , 541.47
210.2 , 536.46
203.3 , 529.97
315.93 , 411.36
319.68 , 405.61
325.25 , 401.27
331.18 , 397.86
337.43 , 395.36
344.25 , 394.11
351.56 , 394.36
358.38 , 395.61
364.5 , 398.42
370.48 , 401.68
376.16 , 405.83
374.11 , 412.2
368.53 , 416.54
362.36 , 419.36
355.65 , 420.86
348.36 , 421.11
341.03 , 421.36
334.21 , 420.11
327.83 , 418.02
321.86 , 414.76
228.68 , 398.34
224.69 , 392.84
219.45 , 388.29
213.5 , 385.52
207.05 , 384.02
200.09 , 383.52
193.02 , 383.78
186.55 , 385.25
180.55 , 387.83
174.9 , 391.24
169.62 , 395.77
175.52 , 398.51
181.22 , 401.86
187.25 , 404.3
193.57 , 406.03
200.27 , 407.02
207.34 , 407.27
214.42 , 407.02
221.25 , 406.27
227.71 , 404.79
302.65 , 390.18
312.17 , 385.17
321.97 , 380.9
332.42 , 378.17
343.38 , 376.43
354.92 , 375.93
366.57 , 376.18
377.88 , 377.18
388.95 , 378.67
399.3 , 381.59
407.53 , 389.78
400.25 , 398.18
388.77 , 397.56
378.67 , 394.19
367.97 , 391.93
356.77 , 390.68
345.47 , 389.68
334.05 , 390.44
323.35 , 392.68
312.42 , 394.43
231.18 , 380.28
223.46 , 373.3
214.51 , 369.86
205.54 , 366.43
195.86 , 364.45
185.61 , 363.7
175.34 , 362.95
164.84 , 362.7
154.69 , 363.67
145.56 , 366.72
137.61 , 372.95
145.26 , 380.12
155.24 , 381.45
165.14 , 379.95
175.16 , 378.71
185.44 , 377.95
195.69 , 378.7
205.36 , 380.7
214.39 , 383.96
224.04 , 385.96
