3035040633_1
119.4 , 462.69
123 , 476.54
127.64 , 491.75
132.61 , 505.28
138.46 , 520.12
144.26 , 533.33
149.57 , 547.05
155.39 , 562.05
161.87 , 574.97
171.13 , 587.07
181.78 , 598.7
193.89 , 608.93
205.5 , 616.67
218.42 , 624.32
233.02 , 631.7
246.81 , 636.7
261.96 , 640.81
276.11 , 643.94
291.97 , 645.5
306.96 , 646.17
322.21 , 645.31
336.85 , 644.24
351.64 , 642.07
367.29 , 637.56
381.03 , 631.38
393.06 , 624.36
405.6 , 614.95
416.81 , 603.99
426.13 , 591.42
432.86 , 578.63
438.35 , 564.89
442.46 , 549.86
445.31 , 534.81
447.06 , 519.79
447.49 , 504.67
448.3 , 489.74
449.59 , 474.72
451.09 , 459.65
453.18 , 444.61
454.88 , 429.56
455.05 , 413.1
300.5 , 388.65
296.71 , 399.26
294.47 , 410.76
291.84 , 423.06
290.74 , 434.29
298.07 , 444.54
309.64 , 445.14
321.39 , 444.76
333.57 , 444.06
345.52 , 443.74
356.46 , 441.94
367.28 , 434.72
372.14 , 424.15
372.55 , 412.87
369.62 , 401.32
363.32 , 390.37
357.25 , 379.69
278.92 , 526.56
283.53 , 518.96
290.17 , 512.06
297.27 , 505.96
304.32 , 499.66
311.62 , 494.11
319.2 , 489.3
327.1 , 485.38
336.62 , 485.06
346.17 , 484.81
355.37 , 483.81
364.3 , 485.28
371.7 , 490.59
378.34 , 497.49
382.93 , 505.13
385.91 , 513.36
385.43 , 522.78
378.32 , 528.81
370 , 531.58
360.95 , 532.81
351.75 , 533.81
342.45 , 534.56
332.89 , 534.81
323.7 , 533.81
314.39 , 533.06
305.1 , 532.31
295.89 , 531.31
287.2 , 529.31
293.92 , 519.06
299.67 , 517.56
305.1 , 515.29
310.65 , 513.3
316.07 , 511.03
321.87 , 509.55
328.15 , 509.06
334.55 , 508.81
340.92 , 509.06
347.32 , 509.31
353.85 , 509.31
360.35 , 509.31
366.5 , 510.04
372.29 , 511.53
377.67 , 514.06
371.87 , 512.58
366.22 , 510.8
360.2 , 509.81
353.92 , 509.31
347.42 , 509.31
341.02 , 509.06
334.62 , 509.31
328.25 , 509.06
322.32 , 510.32
316.52 , 511.84
310.89 , 513.55
305.25 , 515.3
299.95 , 518.04
356.75 , 345.13
359.53 , 340.11
364.05 , 335.83
368.7 , 331.93
373.4 , 328.2
378.7 , 326.12
384.88 , 326.39
390.45 , 327.9
395.63 , 330.38
400.44 , 333.82
403.59 , 338.75
406.56 , 343.71
404.84 , 348.89
398.77 , 349.38
392.6 , 349.13
386.3 , 349.13
380.12 , 348.88
374.2 , 348.13
368.5 , 346.88
362.7 , 345.88
256.26 , 349.31
253.52 , 344.06
249.65 , 339.19
244.4 , 336.44
238.53 , 335.19
232.03 , 335.17
226.4 , 336.94
221.4 , 340.44
216.7 , 344.64
212.28 , 349.31
208.43 , 354.17
205.15 , 359.19
211.43 , 358.69
217.78 , 358.94
224.03 , 359.44
230.4 , 359.69
236.3 , 358.45
242.3 , 357.45
248.2 , 356.2
253.9 , 354.62
339.01 , 302.69
343.67 , 293.8
351.88 , 287.28
360.88 , 282.82
370.66 , 280.29
380.86 , 278.59
391.78 , 278.44
402.41 , 279.19
412.69 , 280.7
422.01 , 284.19
430.31 , 290.49
427.56 , 297.94
417.53 , 295.94
407.26 , 294.44
396.74 , 293.44
385.74 , 293.44
375.41 , 294.79
365.46 , 296.98
356.56 , 301.66
347.88 , 306.99
283.04 , 293.94
273.29 , 287.51
261.62 , 285.78
249.34 , 285.28
237.31 , 284.28
225.27 , 283.28
213.37 , 284.53
202.29 , 287.57
192.31 , 293.31
184 , 302.35
178.84 , 312.53
189.04 , 307.32
199.79 , 303.77
211.47 , 302.03
223.62 , 302.78
235.77 , 303.53
247.44 , 305.28
259.74 , 305.78
271.41 , 307.53
283.33 , 306.29
