3035796193_1
320.8 , 453.65
321.86 , 464.98
326.34 , 476.18
335.42 , 485.4
343.96 , 493.8
351.07 , 503.2
358.62 , 512.55
365.88 , 523.45
372.52 , 533.77
379.98 , 543.37
387.03 , 552.57
394.76 , 562.2
400.89 , 572.18
406.73 , 583.27
413.82 , 593.38
421.99 , 602.14
433.02 , 608.35
444.39 , 608.68
457.55 , 606.95
469 , 604.45
480.25 , 600.35
491.22 , 595.17
502.93 , 589.84
514.39 , 584.99
525.06 , 579.13
534.67 , 572.36
543.4 , 564.29
551.54 , 554.55
557.57 , 544.48
565.4 , 535.21
572.5 , 524.72
579.41 , 514.34
585.24 , 504.27
589.63 , 492.67
594.69 , 481.78
601.6 , 471.86
606.9 , 460.39
610.62 , 448.44
613.93 , 437.27
617.6 , 425.41
618.18 , 412.55
374.9 , 424.25
372.45 , 434.68
369.35 , 445.09
367.7 , 455.25
372.51 , 465.47
380.76 , 472.11
390.7 , 476.12
401.99 , 476.96
412.53 , 473.65
420.91 , 467.85
430.07 , 462.08
440.66 , 457.89
446.17 , 449.21
445.18 , 438.31
438.35 , 429.54
431.48 , 421.26
428.1 , 410.5
392.99 , 522.42
389.99 , 512.22
386.96 , 502.07
396.96 , 498.82
407.63 , 496.83
418.11 , 494.32
428.28 , 491.29
438.46 , 488.32
448.66 , 485.3
458.99 , 482.56
469.56 , 480.33
480.26 , 478.33
491.53 , 477.57
502.84 , 478.33
508.01 , 487.27
502.87 , 496.64
495.74 , 505.29
487.66 , 513.62
479.28 , 521.5
470.71 , 528.82
461.81 , 535.25
452.51 , 540.55
442.99 , 545.31
433.13 , 549.06
422.31 , 550.85
412.03 , 547.92
403.26 , 541.15
397.45 , 532.04
392.46 , 502.07
401.66 , 502.57
410.66 , 503.57
420.11 , 503.57
428.63 , 501.56
436.88 , 499.14
445.03 , 496.5
453.03 , 493.51
461.26 , 491.03
469.51 , 488.58
478.01 , 486.53
486.63 , 484.85
495.24 , 483.08
500.8 , 488.24
494.83 , 495.22
487.88 , 501.17
480.61 , 506.2
473.19 , 510.85
465.78 , 515.51
458.01 , 519.31
450.08 , 522.6
441.81 , 524.97
433.24 , 526.81
424.51 , 528.32
415.28 , 527.85
407.57 , 523.94
401.97 , 516.85
397.49 , 509.35
441 , 378.62
442.77 , 374.34
445.57 , 370.55
449.83 , 368.63
454.62 , 367.87
459.52 , 367.37
464.7 , 367.37
469.73 , 367.62
474.75 , 367.87
479.67 , 368.37
484.32 , 369.35
480.52 , 371.6
476.1 , 373.02
471.73 , 374.63
467.38 , 376.25
463.12 , 378.25
458.88 , 380.25
454.25 , 381.37
449.48 , 382.12
444.45 , 382.34
371.15 , 391.75
368.03 , 389.65
364.4 , 388.52
360.6 , 387.78
356.52 , 387.52
352.47 , 387.77
348.67 , 388.52
345.1 , 389.78
341.75 , 391.65
339.37 , 394.8
337.9 , 398.27
340.92 , 400.53
344.47 , 401.8
348.42 , 402.27
352.35 , 401.77
356.15 , 401.02
359.97 , 400.27
363.67 , 399.26
367.15 , 397.77
370.35 , 395.53
399.84 , 352.56
403.12 , 340.8
413.81 , 334.82
424.84 , 329.81
436.24 , 325.9
448.16 , 322.99
460.84 , 321.56
473.94 , 322.06
486.31 , 324.06
497.79 , 327.77
508.56 , 333.55
504.84 , 342.56
491.69 , 342.16
478.79 , 341.27
465.96 , 340.44
453.31 , 341.83
441.94 , 345.8
431.06 , 351.32
420.66 , 357.99
409.26 , 361.24
365.16 , 366.6
362.59 , 360.77
357.12 , 356.78
351.34 , 353.52
345.14 , 351.55
338.64 , 350.05
331.59 , 349.84
325.19 , 351.54
319.34 , 354.61
314.63 , 359.82
312.64 , 366.05
313.92 , 372.67
319.43 , 374.25
322.69 , 368.5
327.52 , 363.55
333.64 , 361.3
340.84 , 361.28
347.29 , 362.95
353.49 , 364.9
359.39 , 367.8
