3036412907_1
373.15 , 516.41
376.87 , 530.99
380.88 , 545.41
385.47 , 560.39
390.4 , 575.05
395.13 , 589.69
401.51 , 605.16
407.99 , 619.09
415.28 , 632.34
424.21 , 646.61
432.48 , 659.82
441.24 , 672.62
451.3 , 684.3
462.38 , 695.68
472.76 , 706.71
484.07 , 716.72
496.65 , 725.41
511.35 , 732.03
526.97 , 734.66
542.76 , 734.49
558.64 , 732.79
572.69 , 729.32
588.2 , 723.1
601.82 , 717.64
615.98 , 710.75
629.9 , 702.16
642.28 , 692.55
652.67 , 682.07
663.12 , 670.05
673 , 658.62
684.21 , 645.96
693.89 , 633.82
702.28 , 621.41
709.66 , 607.04
715 , 593.35
719.13 , 577.91
722.72 , 562.15
725.94 , 547.93
729.03 , 531.98
731.06 , 516.98
732.83 , 500.31
494.4 , 502.55
485.71 , 511.43
479.37 , 523.6
482.1 , 535.99
493.57 , 542.44
507.11 , 544.62
518.74 , 549.12
531.81 , 553.15
544.98 , 552.01
556.41 , 545.14
568.97 , 539.57
581.78 , 537.12
591.8 , 527.62
592.07 , 514.63
585.15 , 504.16
573.45 , 496.89
565.65 , 486
458.31 , 599.31
470.08 , 590.31
483.46 , 585.79
497.54 , 582.56
511.96 , 580.07
526.74 , 578.31
542.38 , 578.31
557.53 , 577.31
572.81 , 576.56
587.84 , 577.81
602.86 , 579.06
617.63 , 580.81
631.38 , 584.63
632.05 , 599.58
624.13 , 611.73
614.19 , 623.21
602.51 , 632.57
589.93 , 639.44
577.09 , 645.54
564.11 , 651.29
550.43 , 655.3
535.18 , 656.06
520.26 , 654.57
506.79 , 650.29
493.94 , 644.19
481.88 , 635.88
472.12 , 624.36
464.32 , 612.16
466.81 , 601.56
477.94 , 598.54
489.59 , 596.56
501.96 , 596.06
514.46 , 595.81
527.09 , 595.81
538.99 , 597.31
551.49 , 597.56
562.81 , 594.81
574.24 , 592.38
585.99 , 590.54
597.88 , 589.03
610.49 , 589.06
622.28 , 590.79
620.74 , 601.35
610.93 , 607.81
600.34 , 612.07
589.46 , 615.59
578.68 , 619.19
567.59 , 622.3
556.04 , 624.56
544.16 , 626.06
531.54 , 626.06
519.38 , 625.06
507.63 , 623.34
496.46 , 620.34
485.71 , 616.47
475.76 , 610.5
587.31 , 443.59
590.97 , 437.91
595.44 , 432.46
600.66 , 427.5
606.43 , 423.97
612.71 , 421.82
619.43 , 420.6
626.51 , 420.09
633.58 , 420.59
640.06 , 422.34
645.75 , 426.08
647.53 , 432.11
641.23 , 434.16
634.88 , 436.09
628.28 , 437.59
621.21 , 438.09
614.23 , 438.84
607.06 , 439.09
599.98 , 439.57
593.51 , 441.32
487.26 , 447.07
485.46 , 441.2
481.94 , 435.95
477.08 , 431.33
471.83 , 427.82
466.2 , 425.31
459.9 , 424.3
453.12 , 424.3
446.82 , 425.3
441.03 , 427.31
436.61 , 432.25
433.3 , 437.55
436.8 , 442.8
442.07 , 446.31
447.77 , 448.56
454.33 , 449.05
461.1 , 449.05
467.9 , 449.05
474.43 , 448.55
481.1 , 448.3
567.4 , 390.09
576 , 382.72
585.85 , 378.89
596.05 , 375.81
606.32 , 372.91
617.07 , 370.91
628.27 , 369.84
639.85 , 370.09
651.2 , 370.84
661.3 , 374.12
670.05 , 381.02
662.3 , 386.08
651.08 , 385.09
639.72 , 384.34
628 , 384.31
617.02 , 385.82
606.47 , 388.27
596.42 , 391.58
586.2 , 394.57
576.02 , 397.48
494.8 , 394.64
485.32 , 388.84
475.12 , 385.09
464.34 , 382.43
453.29 , 380.36
442.09 , 378.61
430.04 , 378.6
419.32 , 381.33
409.57 , 386.56
401.78 , 395.34
396.77 , 405.11
406.72 , 400.64
416.62 , 395.87
427.94 , 394.36
439.37 , 395.61
450.59 , 397.36
461.44 , 399.87
472.02 , 402.86
482.37 , 406.21
493.89 , 405.38
