3036412907_2
358.15 , 480.44
358.47 , 496.34
357.93 , 512.18
357.76 , 527.95
359.44 , 545.45
363.37 , 560.9
367.76 , 577.19
373.27 , 591.19
381.28 , 606.12
389.86 , 618.9
399.75 , 632.49
409.4 , 646.51
418.38 , 658.96
429.45 , 672.74
439.92 , 684.25
453.54 , 694.53
465.86 , 703
481.05 , 709.34
497.2 , 712.23
513.75 , 714.93
530.09 , 715.54
546.85 , 714.88
562.69 , 713.33
579.16 , 711.32
595.11 , 707.92
609.39 , 703.14
624.94 , 695.33
638.09 , 686.61
649.96 , 675.76
658.9 , 661.01
667.66 , 648.33
677.35 , 634.47
686.35 , 621.96
694.89 , 607.52
701.49 , 592
706.21 , 577.19
710.2 , 560.48
713.31 , 545.3
716.14 , 528.32
717.8 , 512.61
718.65 , 495.42
524.56 , 470.03
513.66 , 477.37
503.32 , 485.16
496.12 , 495.77
495.61 , 508.94
503.2 , 519.38
514.29 , 525.52
527.43 , 527.63
540.37 , 528.01
553.93 , 528.6
567.24 , 527.61
580.61 , 524.48
590.77 , 517.6
593.57 , 504.28
588.72 , 492.09
582.65 , 481.65
571.93 , 472.24
456.8 , 569.34
469.07 , 564.34
482.7 , 562.09
496.45 , 560.09
510.45 , 558.59
524.8 , 557.84
538.67 , 559.59
553.27 , 559.34
566.17 , 555.56
580.77 , 555.84
594.75 , 557.35
607.8 , 560.84
619.54 , 567.56
621.42 , 581.22
613.57 , 592.57
603.55 , 603.09
592.48 , 611.68
580.6 , 618.08
568.35 , 623.32
555.6 , 627.34
541.73 , 629.09
527.62 , 627.87
514.58 , 624.35
502.7 , 617.96
491.25 , 610.52
479.73 , 603.26
469.15 , 593.22
462.61 , 581.41
462.8 , 571.34
473.73 , 573.59
485.55 , 574.09
497.35 , 573.59
509.15 , 574.09
520.23 , 572.07
531.92 , 572.84
543.6 , 572.09
554.58 , 569.83
565.77 , 568.09
577.83 , 568.09
589.25 , 569.34
600.6 , 570.86
612.02 , 572.1
606.73 , 580.4
596.9 , 585.37
586.67 , 589.09
576.78 , 593.85
566.75 , 598.11
556.33 , 601.34
544.88 , 602.59
533.2 , 601.86
522.17 , 599.72
511.55 , 596.84
501.32 , 593.11
491.2 , 589.12
481.2 , 584.75
471.48 , 579.51
591.35 , 415.02
596.38 , 412.51
601.73 , 410.74
607.23 , 409.25
612.95 , 408.28
618.58 , 407.02
624.55 , 406.52
630.52 , 407.02
636.27 , 408.02
641.6 , 409.77
646.01 , 414.15
642.38 , 418.76
636.88 , 420.27
631.15 , 421.27
624.93 , 421.27
618.7 , 421.27
612.85 , 420.52
607 , 419.77
600.9 , 420.02
594.82 , 419.76
485.08 , 411.94
484.83 , 407.12
481.23 , 403.27
476.94 , 400.93
472.44 , 399.18
467.46 , 398.42
462.11 , 398.42
457.24 , 399.4
452.63 , 400.91
448.38 , 403.39
444.14 , 405.89
441.11 , 409.92
445.96 , 410.92
450.56 , 412.44
455.31 , 413.68
460.16 , 414.66
465.29 , 415.17
470.61 , 415.17
475.61 , 414.42
480.46 , 413.42
579.65 , 382.1
587.33 , 372.65
598.57 , 369.58
610.55 , 368.1
622.52 , 366.6
634.02 , 364.11
645.42 , 361.35
657.17 , 363.34
667.13 , 369.57
675.39 , 378.83
680.52 , 389.23
682.09 , 401.12
670.77 , 398.22
660.88 , 391.84
650.4 , 386.85
638.8 , 384.6
626.2 , 384.35
613.97 , 385.35
601.75 , 386.35
589.83 , 387.78
519.59 , 386.39
517.92 , 375.9
506.72 , 370.66
494.85 , 367.14
482.6 , 364.37
469.75 , 362.89
456.3 , 363.14
443.32 , 364.38
430.69 , 366.33
419.47 , 371.52
410.81 , 381.44
404.37 , 392.14
417.6 , 391.39
429.52 , 387.99
441.42 , 384.6
454.02 , 382.62
467.47 , 382.89
480.35 , 384.37
493.25 , 385.76
506.27 , 386.88
