3036476835_1
210.87 , 369.06
207.8 , 386.86
208.99 , 405.1
211.34 , 423.61
211.92 , 442.77
213 , 460.41
212.93 , 478.36
214.4 , 497
223.17 , 514.55
233.53 , 529.51
244.06 , 545.19
251.83 , 561.24
263.58 , 575.97
277.3 , 587.89
293.38 , 599.75
307.53 , 610.15
322.06 , 621.99
339.51 , 627.52
357.45 , 633.4
375.75 , 638.78
394.41 , 640.25
412.71 , 641.64
430.07 , 641.21
449.08 , 637.41
464.17 , 627.61
479.99 , 615.58
494.65 , 604.64
508.88 , 593.51
523.01 , 581.95
537.19 , 569.27
548.82 , 555.62
560.66 , 539.97
573.85 , 526.75
583.65 , 511.5
592.12 , 494.1
597.94 , 476.59
601.03 , 459.79
602.72 , 439.78
603.55 , 421.24
604.25 , 402.75
601.89 , 383.94
373.18 , 394.88
362.68 , 405.41
353.21 , 417.94
354.23 , 432.85
365.05 , 443.56
381.12 , 445.01
395.99 , 446.5
411.46 , 449.19
428.3 , 450.07
442.68 , 447.01
458.25 , 444.87
474.37 , 440.86
489.25 , 437.57
497.3 , 424.92
491.34 , 411.46
481.99 , 397.8
471.32 , 385.44
349.3 , 521.94
359.25 , 513.47
371.25 , 510.18
383.82 , 508.19
396.53 , 506.44
409.83 , 505.94
421.53 , 509.7
434.1 , 511.69
446.33 , 508.94
457.73 , 504.42
471.15 , 504.19
483.73 , 506.2
495.55 , 509.69
505.94 , 517.04
502.46 , 528.79
495.44 , 539.29
485.8 , 548.69
475.55 , 556.44
463.73 , 559.94
451.25 , 562.19
438.93 , 564.69
425.5 , 564.44
412.9 , 562.44
400.68 , 559.71
389.12 , 555.7
378.6 , 548.75
368.5 , 540.64
358.7 , 531.59
356.3 , 523.69
367.43 , 524.94
378.15 , 526.95
388.78 , 529.19
399.03 , 532.19
409.77 , 534.19
420.65 , 535.94
432.23 , 536.19
443.1 , 534.44
453.62 , 531.95
463.7 , 528.72
473.6 , 524.96
483.7 , 521.67
494.33 , 519.44
505.53 , 518.44
494.08 , 518.94
483.68 , 521.72
473.45 , 524.66
463.23 , 527.67
452.98 , 530.67
442.6 , 533.45
431.48 , 534.69
419.9 , 534.94
408.9 , 533.43
398.4 , 530.94
388 , 528.21
377.9 , 524.94
367.4 , 522.45
491.26 , 323.72
495.61 , 319.72
500.53 , 317.21
505.53 , 314.98
510.53 , 312.73
515.86 , 311.19
521.88 , 311.22
527.56 , 311.96
532.64 , 313.98
537.21 , 317.42
540.74 , 321.95
538.71 , 326.97
533.78 , 329.45
528.71 , 331.47
523.16 , 332.47
517.24 , 332.72
511.69 , 331.71
506.13 , 330.72
501.03 , 328.73
496.41 , 325.46
348.3 , 321.34
343.5 , 315.78
337.6 , 312.07
331.33 , 309.3
324.5 , 307.81
317.05 , 307.56
310.23 , 309.05
303.8 , 311.32
297.6 , 314.3
291.5 , 317.57
285.28 , 320.31
291.68 , 322.59
297.88 , 325.57
304.23 , 328.08
310.8 , 330.06
317.63 , 331.56
325.05 , 331.81
332.25 , 331.06
339.3 , 330.07
345.65 , 327.55
447.35 , 272.67
453.07 , 264.69
460.85 , 258.42
468.98 , 253.04
477.58 , 248.94
487.18 , 247.18
497.38 , 246.67
507.48 , 245.92
517.58 , 246.67
526.95 , 248.95
534.3 , 256.07
529.53 , 264.16
519.05 , 264.17
508.95 , 264.89
499.35 , 266.67
489.98 , 268.9
481.03 , 271.98
472.85 , 277.17
464.3 , 281.42
455.33 , 278.4
375.25 , 262.9
364.72 , 256.59
353.3 , 252.81
341.07 , 250.55
327.8 , 250.68
315.5 , 252.73
303.52 , 255.58
292.19 , 259.54
281.17 , 264.55
270.72 , 271
261.17 , 280.05
273.39 , 282.3
286.72 , 282.3
299.07 , 280.28
311.32 , 278.15
323.64 , 276.07
336.2 , 274.53
348.92 , 273.3
362 , 272.8
374.97 , 273.54
