3036934213_1
1098.4 , 1223.85
1107.08 , 1265.74
1118.33 , 1307.8
1133.59 , 1351.06
1148.3 , 1393.79
1161.77 , 1437
1176.94 , 1480.74
1190.38 , 1522.08
1206.87 , 1562.79
1229.72 , 1599.85
1254.27 , 1638.82
1282.72 , 1674.29
1314.72 , 1703.38
1350.23 , 1732.35
1385.2 , 1764.43
1416.14 , 1793.58
1452.9 , 1823.85
1490.67 , 1845.13
1532.75 , 1855.66
1579.9 , 1855.27
1621.1 , 1856.27
1669.27 , 1854.23
1711.95 , 1848.72
1756.27 , 1838.36
1800.77 , 1826.54
1844.48 , 1812.69
1882.52 , 1793.06
1921.27 , 1766.14
1954.74 , 1741.48
1990.67 , 1713.46
2025.73 , 1684.82
2057.56 , 1654.12
2087.39 , 1617.76
2111.82 , 1579.06
2129.23 , 1541.97
2147.82 , 1498.12
2161.4 , 1457.29
2174.37 , 1412.75
2184.16 , 1368.58
2193.61 , 1323.46
2202.1 , 1279.25
1480.2 , 1135.3
1450.33 , 1166.6
1420.92 , 1203.15
1414.95 , 1246.96
1444.27 , 1281.28
1485.57 , 1295.35
1535.48 , 1300.67
1577.1 , 1309.35
1624.89 , 1308.21
1670.34 , 1307.38
1714.96 , 1311.12
1761.25 , 1309.77
1794.55 , 1279.5
1792.54 , 1234.92
1775.06 , 1192.46
1738.13 , 1158.88
1706.85 , 1125.4
1379.85 , 1484.13
1408.1 , 1460.13
1436.75 , 1437.2
1468.4 , 1422.36
1503.88 , 1416.38
1539.47 , 1422.12
1573.45 , 1431.23
1610.3 , 1428.38
1646.62 , 1424.13
1683.32 , 1427.63
1717.65 , 1436.15
1750.22 , 1448
1782.12 , 1461.9
1813.48 , 1477.64
1829.78 , 1508.2
1802.22 , 1534.22
1772.42 , 1553.82
1741.62 , 1570.87
1709.22 , 1583.25
1674.4 , 1590.63
1637.85 , 1594.38
1599.95 , 1595.38
1562.9 , 1592.65
1527.67 , 1586.16
1495.7 , 1572.47
1465.62 , 1553.66
1436.52 , 1531.81
1407.6 , 1509.63
1400.6 , 1489.63
1431.32 , 1489.63
1461.07 , 1487.63
1491.57 , 1487.13
1522.3 , 1487.13
1552.8 , 1486.63
1582.57 , 1488.63
1612.1 , 1491.13
1642.07 , 1492.62
1672.35 , 1493.63
1702.95 , 1493.88
1733.32 , 1494.63
1763.7 , 1495.38
1794.3 , 1495.13
1814.5 , 1496.91
1785.47 , 1500.38
1755.7 , 1502.4
1725.45 , 1503.38
1695.45 , 1504.88
1665.92 , 1507.38
1635.92 , 1508.85
1605.8 , 1510.13
1575.55 , 1509.13
1545.3 , 1508.13
1514.9 , 1507.42
1485.52 , 1504.64
1457.1 , 1499.88
1428.42 , 1495.66
1788.1 , 990.74
1805.17 , 975.92
1822.22 , 960.87
1840.62 , 949.72
1860.02 , 941.31
1880.62 , 935.72
1903 , 933.74
1924.3 , 937.95
1944.5 , 944.21
1963.72 , 953.24
1981.82 , 965.21
1982.4 , 987.23
1963.15 , 996.2
1941.77 , 1000.24
1919.77 , 1002.99
1897.65 , 1005.49
1874.42 , 1005.23
1852.55 , 1002.24
1830.9 , 998.74
1809.25 , 995.23
1412.67 , 981.01
1410.89 , 963.08
1397.57 , 949.24
1382.32 , 939.52
1366.12 , 932.33
1349.14 , 927.22
1330.94 , 924.48
1311.67 , 924.99
1293.99 , 928.75
1277.85 , 936.13
1263.27 , 947.58
1255.27 , 963.48
1270.44 , 973.38
1285.67 , 983.14
1302.14 , 989.51
1320.44 , 991.98
1339.6 , 991.23
1358.49 , 989.98
1377.3 , 988.48
1396.1 , 986.98
1710 , 824.77
1735.47 , 804.8
1764.25 , 794.02
1794.4 , 786.02
1826.85 , 782.74
1860.12 , 784.27
1892.3 , 788.01
1923.9 , 793.01
1954.3 , 800.52
1982.35 , 813.78
1993.73 , 838.52
1960.83 , 840.77
1927.9 , 843
1894.88 , 845.02
1863.17 , 849.76
1832.53 , 856.78
1801.55 , 862.98
1771.03 , 870.26
1740.42 , 876.67
1715.25 , 856.24
1534.44 , 807.87
1502.86 , 792.66
1468.23 , 784.89
1432.61 , 779.12
1395.78 , 775.87
1359.84 , 770.87
1322.28 , 769.12
1286.71 , 774.97
1255.59 , 791.35
1228.99 , 818.7
1204.06 , 846.62
1240.16 , 841.86
1274.23 , 832.85
1309.84 , 827.12
1347.13 , 829.37
1382.86 , 834.86
1418.96 , 839.61
1455.18 , 844.12
1492.23 , 846.87
1528.34 , 842.11
