1405372343_1
426.69 , 374
431.42 , 394.01
436.18 , 413.93
442.99 , 435.69
449.17 , 455.3
454.39 , 475.13
459.95 , 497.26
465.5 , 517.06
472.26 , 536.34
480.92 , 557.21
489.32 , 575.67
500.91 , 594.81
511.23 , 613.79
519.88 , 632.23
531.11 , 650.21
543.8 , 668.02
556.85 , 684.85
571.08 , 701.59
584.22 , 716.6
603.12 , 727.16
624.07 , 728.76
645.88 , 725.04
664.89 , 717.64
683.28 , 706.6
701.2 , 693.86
714.12 , 675.9
726.85 , 660.6
740.11 , 642.43
749.63 , 625.23
767.45 , 610.47
781.53 , 594.78
789.17 , 575.54
797 , 556.5
805.22 , 537.44
814.52 , 516.24
823.33 , 496.67
831.39 , 478.86
839.41 , 458.72
845.77 , 438.27
849.04 , 417.48
849.39 , 394.3
585.65 , 461.85
575.6 , 475.76
562.33 , 489.65
560.43 , 507.47
569.25 , 523.06
582.37 , 537.59
598.82 , 543.41
614.77 , 554.52
630.06 , 562.37
648.87 , 559.66
664.88 , 550.98
677.84 , 537.33
694.85 , 529.32
705.29 , 515.27
702.8 , 495.94
696 , 478.44
683.85 , 464.19
546.75 , 607.12
561.42 , 602.85
576.3 , 598.89
591.17 , 594.86
606.42 , 591.62
622.27 , 589.62
638.85 , 589.12
654.92 , 587.62
670.52 , 585.12
686.25 , 587.37
700.6 , 592.4
715.33 , 596.65
730.22 , 600.6
722.87 , 613.72
714.65 , 626.94
705.53 , 639.82
696.62 , 652.75
684.67 , 664.46
671.42 , 672.63
657.17 , 677.86
641.35 , 679.87
625.12 , 678.61
610.15 , 674.78
596.45 , 667.8
583.63 , 658.49
572.47 , 646.35
562.97 , 633.6
554.6 , 620.44
547 , 607.62
558.67 , 604.85
570.6 , 607.15
582 , 610.37
593.92 , 612.59
606.1 , 614.35
618.52 , 615.63
631.27 , 615.12
643.95 , 614.36
656.83 , 614.12
669.6 , 613.62
681.9 , 612.1
693.83 , 609.87
705.62 , 607.34
710.4 , 612.21
699.73 , 617.36
688.73 , 621.63
677.17 , 624.61
665.25 , 626.87
652.83 , 628.14
640.17 , 628.85
627.6 , 629.47
615.15 , 628.27
603.77 , 624.89
592.9 , 620.4
581.85 , 616.38
570.92 , 612.05
559.9 , 607.87
702.5 , 394.07
707.61 , 384.47
716.02 , 376.04
725.17 , 369.67
734.62 , 364.19
744.38 , 359.29
755.08 , 356.83
766.88 , 357.08
777.02 , 360.59
786.72 , 365.54
794.24 , 374.3
794 , 386.07
785.25 , 393.57
775.77 , 399.05
765.7 , 402.8
755.25 , 405.82
743.95 , 407.07
732.3 , 406.56
722.23 , 402.83
712.3 , 398.55
570.4 , 395.02
566.13 , 384.17
558.44 , 374.52
548.95 , 366.27
538.8 , 359.99
528 , 355.47
516.27 , 353
503.44 , 352.74
491.62 , 354.98
480.87 , 359.77
471.42 , 367.99
474.91 , 379.17
481.61 , 389.19
490.89 , 397.96
501.1 , 404.17
512.12 , 408
524.7 , 408.74
537.27 , 407.99
549.47 , 406.49
561.1 , 403.76
675.32 , 330.62
680.29 , 312.9
694.95 , 299.88
711.62 , 292.37
729.9 , 288.63
748.7 , 285.86
765.97 , 280.21
785.2 , 278.37
802.95 , 283.25
818.79 , 292.85
831.63 , 307.42
836.69 , 323.4
819.35 , 317.88
800.67 , 314.9
781.87 , 312.12
761.8 , 312.14
743.5 , 315.94
725.89 , 321.06
709.22 , 328.47
692.57 , 336.12
585.8 , 314.48
569.92 , 304.35
553.35 , 295.99
536.75 , 287.71
519.38 , 281.72
500.53 , 278.73
480.7 , 279.71
462.7 , 284.57
446.67 , 294.33
434.87 , 309.63
427.55 , 326.48
444.12 , 319.22
460.7 , 310.82
478.18 , 305.1
497.32 , 307.23
515.33 , 312
532.25 , 319.22
548.88 , 327.54
565.7 , 334.98
584.95 , 333.24
