3037891920_1
234.21 , 482.84
244.31 , 501.55
255.9 , 521.93
266.57 , 542.6
276.88 , 563.6
288.41 , 584.16
300.5 , 604.46
312.6 , 624.74
323.55 , 642.99
338.46 , 661.51
356.71 , 676.48
372.27 , 691.87
390.26 , 709
407.37 , 723.11
426.04 , 738.75
443.19 , 752.53
463.6 , 765.1
485.65 , 768.3
509.93 , 767.51
532.33 , 765.86
555.08 , 764.88
578.5 , 764.97
602.5 , 764.42
624.66 , 758.39
643.61 , 747.07
660.94 , 732.27
675.35 , 714.72
689.54 , 693.66
702.72 , 674.63
716.37 , 655.92
728.52 , 638.69
742.12 , 618.08
754.72 , 598.17
765.32 , 579.81
775.24 , 558.63
782.94 , 536.88
789.47 , 512.9
793.33 , 491.05
797.07 , 466.87
800.1 , 445.06
803.25 , 420.81
408.69 , 429.4
406.58 , 453.77
404.08 , 478.97
397.82 , 506.22
393.75 , 531.14
404.57 , 555.18
428.06 , 568.82
452.14 , 576.96
479.08 , 576.85
502 , 569.64
521.46 , 550.97
538.54 , 529.65
541.64 , 504.76
533.5 , 479.56
516.09 , 459.4
501.22 , 438.76
488.05 , 415.05
390.1 , 628.18
405.6 , 624.43
421.98 , 622.43
438.7 , 621.18
455.43 , 622.43
472.38 , 623.18
488.62 , 620.93
504.38 , 617.67
520.12 , 614.42
535.65 , 610.66
551.4 , 607.41
567.3 , 604.47
584.6 , 604.43
585.59 , 620.75
578.36 , 634.88
568.35 , 647.93
555.75 , 659.25
542.33 , 668.2
528.25 , 675.52
513.9 , 681.89
498.83 , 686.43
482.48 , 688.43
465.88 , 686.93
450.12 , 683.69
435.93 , 676.78
423.03 , 666.36
411.51 , 653.83
401.25 , 640.83
403.85 , 631.68
415.8 , 637.64
428 , 642.95
441.95 , 644.44
455.05 , 647.68
468.03 , 651.2
482.45 , 651.7
495.12 , 647.69
507.33 , 642.42
519.78 , 637.91
532.48 , 633.9
544.68 , 628.7
556.73 , 622.9
568.88 , 617.44
581.23 , 612.66
568.93 , 616.95
556.73 , 622.15
544.65 , 627.95
532.53 , 633.41
519.98 , 637.65
507.15 , 641.45
494.95 , 646.71
482.4 , 650.94
467.75 , 650.95
454.78 , 647.45
441.95 , 643.66
428.6 , 640.93
416.08 , 636.69
520.89 , 365.36
527.95 , 354.06
537.96 , 343.78
548.69 , 335.06
559.99 , 327.86
571.97 , 322.55
585.12 , 319.88
598.94 , 318.61
612.76 , 319.86
625.87 , 322.6
637.76 , 328.23
638.62 , 341.38
627.16 , 348.09
615.32 , 353.88
602.59 , 357.35
589.01 , 359.11
575.16 , 360.36
561.21 , 361.36
547.26 , 360.36
533.32 , 361.34
354.34 , 372.05
347.16 , 365.64
339.69 , 360.15
331.24 , 357.32
322.09 , 355.8
312.49 , 355.3
302.89 , 355.78
294.11 , 358.03
285.99 , 361.89
278.5 , 367.38
273.59 , 375.05
281.21 , 380.15
288.64 , 385.87
296.79 , 389.51
306.49 , 389.8
315.64 , 388.31
324.76 , 386.78
333.64 , 384.78
342.26 , 382.33
350.86 , 379.78
483.11 , 304.14
500.99 , 291.01
521.21 , 284.29
541.44 , 277.66
562.91 , 273.4
584.88 , 270.14
606.51 , 266.14
627.79 , 261.46
649.61 , 257.89
672.56 , 256.64
689.01 , 262.48
668.51 , 268.64
647.61 , 274.14
626.99 , 280.17
606.66 , 286.6
586.29 , 292.96
565.93 , 299.39
545.06 , 304.93
523.59 , 309.16
502.31 , 313.85
367.86 , 317.66
355.14 , 307.4
339.84 , 303.63
324.09 , 300.88
308.24 , 298.38
291.89 , 296.88
275.29 , 295.88
258.47 , 295.38
241.52 , 295.13
225.72 , 297.76
212.34 , 306.13
226.34 , 312.88
242.91 , 313.88
258.54 , 316.89
274.51 , 319.13
290.87 , 320.63
307.09 , 322.38
323.32 , 324.13
339.66 , 325.63
355.92 , 327.38
