3038704879_2
144.75 , 595.75
143.38 , 610.67
143.83 , 627.17
147.33 , 642.73
152.54 , 658.25
157.63 , 672.83
161.49 , 687.82
166.55 , 703.14
175.28 , 716.89
186.77 , 727.34
198.53 , 739.23
211.58 , 747.72
225.69 , 754.21
241.97 , 759.31
256.74 , 762.75
272.9 , 765.92
288.16 , 769.97
303.74 , 773.78
319.18 , 777.55
335.22 , 781.55
349.82 , 785.06
364.85 , 789.38
381.04 , 794.06
395.31 , 798.36
411.9 , 803.43
427 , 805.25
443.33 , 801.35
456.45 , 794.28
468.99 , 783.09
477.75 , 770.08
483.72 , 756.37
487.24 , 740.21
488.94 , 723.57
490.7 , 709.09
494.2 , 692.19
498 , 676.75
502.3 , 661.05
505.84 , 645.96
507.68 , 629.55
509.26 , 613.63
510.75 , 597.7
395.8 , 560.1
387.34 , 567.41
380.83 , 577.71
379.36 , 589.59
386.95 , 599.12
396.42 , 604.95
407.67 , 610.79
418.56 , 615.15
429.85 , 619.24
440.99 , 622.68
453.25 , 619.75
463.8 , 615.3
473.7 , 608.6
483.46 , 600.49
489.2 , 590.09
485.27 , 578.47
481.7 , 567
335.3 , 666.36
341.08 , 658.58
349.4 , 654.27
358.05 , 650.86
367.12 , 648.34
376.55 , 646.61
386.45 , 645.86
396.25 , 644.86
405.9 , 643.61
415.45 , 645.1
424.53 , 647.59
433.23 , 650.8
441.42 , 655.46
447.95 , 662.99
450.96 , 671.76
452.05 , 681.53
444.65 , 687.88
435.35 , 689.86
425.8 , 691.36
415.7 , 691.52
406.88 , 688.61
397.45 , 686.88
388.4 , 684.39
379.95 , 680.39
371.27 , 677.12
362.65 , 673.61
353.45 , 671.36
343.8 , 670.11
339.05 , 664.86
347.1 , 663.86
355.25 , 664.61
363.05 , 666.11
371.2 , 666.86
379.6 , 666.61
388.12 , 666.61
396.02 , 667.86
403.58 , 669.87
410.85 , 672.38
418.05 , 675.11
425.83 , 676.61
433.5 , 678.37
441.18 , 680.14
448.24 , 681.31
442.9 , 675.2
435.93 , 671.74
428.6 , 669.36
420.7 , 668.11
412.65 , 667.11
404.62 , 666.11
396.35 , 665.61
388.2 , 664.86
379.68 , 664.86
371.4 , 665.36
363.25 , 664.61
355.2 , 663.61
346.82 , 663.36
463.1 , 520.73
465.37 , 516.96
469.55 , 515.25
474.05 , 514.24
478.65 , 515.02
482.75 , 516.88
486.6 , 519.48
489.59 , 523.18
491.59 , 527.25
492.6 , 531.75
493.35 , 536.36
493.3 , 540.52
488.75 , 541.48
483.9 , 541.23
479.15 , 540.77
474.92 , 539.29
470.92 , 537.07
468.33 , 533.2
466.47 , 529.11
464.78 , 524.9
374.54 , 495.47
371.69 , 489.69
367.47 , 484.21
363.05 , 478.78
358.62 , 473.34
353.02 , 469.47
346.82 , 467.22
339.77 , 466.71
333.2 , 468.21
327.12 , 470.8
321.5 , 474.68
316.72 , 479.96
322.02 , 484.77
327.65 , 488.65
333.62 , 491.62
339.77 , 493.96
346.32 , 495.45
353.27 , 496.21
360.45 , 496.46
367.5 , 495.96
450.25 , 477.57
455.07 , 471.74
461 , 467.07
467.15 , 463.08
473.68 , 460.14
481.3 , 459.57
488.48 , 461.05
495.02 , 464.08
501.1 , 468.32
505.62 , 474.17
509 , 480.57
512.74 , 486.8
507.6 , 489.8
500.38 , 488.45
493.18 , 487
485.85 , 485.82
478.32 , 485.06
470.9 , 484.09
463.75 , 482.57
456.68 , 480.84
410.56 , 446.93
409.57 , 437.79
402.83 , 430.96
395.88 , 424.52
388.35 , 419.73
379.12 , 418.94
369.62 , 418.68
361.25 , 416.17
351.98 , 415.42
344.6 , 420.63
337.33 , 426.17
333.3 , 433.94
342.7 , 434.44
351.35 , 436.44
360.25 , 437.94
369 , 439.66
376.75 , 443.9
384.65 , 447.72
393.43 , 449.43
402.55 , 450.44
