3038747613_1
700.51 , 980.39
705.61 , 1006.53
712.88 , 1034.71
720.55 , 1065.69
729.43 , 1093.35
740.56 , 1119.96
752.87 , 1146.17
766.76 , 1171.37
780.93 , 1195.86
799.25 , 1221.5
817.87 , 1243.23
836.85 , 1264.29
858.89 , 1285.85
880.94 , 1302.07
907.11 , 1318.2
932.07 , 1331.36
961.48 , 1342.22
989.53 , 1349.73
1016.15 , 1354.04
1045.95 , 1354.48
1075.91 , 1349.99
1102.27 , 1341.68
1130.17 , 1331.4
1158.33 , 1317.35
1180.79 , 1302.65
1204.83 , 1284.38
1226.3 , 1264.95
1247.86 , 1244.88
1269.02 , 1224.58
1287.88 , 1201.6
1303.11 , 1176.17
1317.15 , 1152.27
1330.95 , 1124.83
1339.26 , 1097.59
1348.5 , 1070.45
1354.42 , 1039.66
1357.35 , 1011.11
1357.17 , 982.14
1357.72 , 952.61
1356.19 , 922.9
1353.74 , 893.12
970.55 , 916.98
958.37 , 933.37
949.21 , 953.72
949.46 , 976.14
960.98 , 993.61
982.24 , 998.82
1004.26 , 1005.35
1021.2 , 1018.89
1043.62 , 1021.86
1060.97 , 1011.3
1079.2 , 998.58
1100.05 , 989.3
1119.69 , 980.94
1126.83 , 961.18
1118.08 , 940.06
1105.46 , 922.82
1088.27 , 906.11
923.85 , 1103.3
934.29 , 1087.61
950.25 , 1077.89
967.77 , 1072.29
986.35 , 1068.8
1004.93 , 1065.27
1023.88 , 1062.55
1043.42 , 1061.05
1062.6 , 1058.8
1081.67 , 1056.31
1101.35 , 1055.05
1121.03 , 1056.3
1139.5 , 1059.96
1156.8 , 1066.02
1161.9 , 1083.25
1148.67 , 1097.97
1134.72 , 1112.45
1119.38 , 1124.03
1102.25 , 1130.53
1084.1 , 1135.05
1065.75 , 1139.06
1046.92 , 1142.05
1027.28 , 1143.3
1007.35 , 1144.05
988.05 , 1142.06
970.38 , 1136.82
953.78 , 1128.51
938.48 , 1116.93
933.1 , 1102.8
949.25 , 1105.3
966.5 , 1105.55
983.77 , 1105.8
1000.43 , 1104.3
1016.95 , 1102.55
1033.35 , 1100.55
1049.78 , 1098.55
1066.3 , 1096.8
1082.7 , 1094.8
1099.12 , 1092.8
1115.03 , 1089.8
1130.5 , 1085.77
1145.83 , 1081.57
1160.01 , 1076.61
1145.33 , 1082.07
1130 , 1086.27
1114.68 , 1090.55
1098.88 , 1093.8
1082.83 , 1096.55
1066.55 , 1098.8
1050.38 , 1101.3
1034.1 , 1103.55
1017.58 , 1105.3
1000.67 , 1106.3
983.42 , 1106.55
966.03 , 1106.55
948.9 , 1106.05
1090.47 , 798.36
1099.32 , 789.02
1109.22 , 781.61
1119.57 , 775.52
1130.47 , 770.86
1142.19 , 768.11
1154.64 , 766.86
1167.47 , 767.36
1179.57 , 769.35
1191.19 , 772.35
1201.69 , 778.1
1196.97 , 788.61
1186.32 , 794.01
1175.2 , 797.88
1164.17 , 802.1
1152.19 , 804.36
1139.5 , 805.11
1126.57 , 804.86
1113.62 , 804.61
1101.3 , 803.1
925.82 , 812.12
918.75 , 806.2
910.65 , 803.2
902.05 , 801.2
892.85 , 800.45
883.52 , 799.95
874.45 , 800.96
865.85 , 802.95
857.9 , 806.44
850.88 , 812.42
845.6 , 819.7
853.3 , 823.88
861 , 828.1
869.53 , 830.2
878.83 , 829.7
887.68 , 828.21
896.5 , 826.71
905.1 , 824.7
913.7 , 822.7
921.82 , 819.72
1077.05 , 723.54
1094.35 , 707.27
1116.5 , 703.29
1138.77 , 699.54
1161.55 , 696.79
1183.58 , 692.53
1206.8 , 690.79
1229.1 , 694.56
1249.53 , 702.03
1268.1 , 714.8
1278.06 , 734.31
1259.03 , 743.53
1240.2 , 731.57
1217.92 , 727.79
1194.42 , 729.05
1172.03 , 732.54
1150 , 736.79
1128.22 , 741.55
1106.3 , 746.04
1082.83 , 744.81
960.11 , 745.05
937.98 , 736.16
912.68 , 734.12
886.63 , 733.62
860.93 , 734.87
835.83 , 737.35
811.08 , 740.65
787.75 , 746.81
766.33 , 757.72
747.92 , 776.39
737.18 , 797.87
762.53 , 795.87
786.2 , 790.36
809.55 , 784.25
833.8 , 780
858.3 , 776.25
883.11 , 773.19
908.53 , 771.38
934.36 , 772.37
958.48 , 767.88
