3039565724_1
208.84 , 590.44
210.43 , 606.42
212.21 , 622.48
213.09 , 637.06
215.67 , 654.5
219.27 , 669.97
223.61 , 685.18
228.68 , 700.37
235.73 , 714.62
244.8 , 727.64
255.18 , 739.36
268.31 , 750.75
281.49 , 759.5
295.62 , 766.47
310.35 , 772.25
325.37 , 779.43
340.97 , 784.83
356.92 , 788.33
373.06 , 789.09
389.1 , 788.88
405.26 , 787.58
420.38 , 787.41
436.81 , 788.15
452.17 , 787.24
469.05 , 785.43
483.77 , 781.49
498.21 , 772.09
509.33 , 760.17
518.39 , 748.32
526.72 , 734.43
533.89 , 719.08
539.1 , 704.23
543.09 , 688.76
546.72 , 672.38
549.21 , 657.34
551.49 , 641.94
550.94 , 624.62
550.85 , 609.1
550.89 , 592.56
550.36 , 576.1
547.87 , 560
369.65 , 526.35
361.55 , 537.86
355.31 , 550.04
351.72 , 564.62
355.37 , 578.38
367.55 , 585.19
382.81 , 585.07
397.53 , 584.37
411.15 , 583.99
426.31 , 584.1
440.22 , 586.64
452.01 , 578.44
457.75 , 565.41
455.29 , 551.1
450.16 , 537.49
443.91 , 524.77
435.19 , 512.19
322.84 , 656.72
331.64 , 648.41
341.04 , 641.54
350.84 , 635.97
360.59 , 630.22
370.44 , 624.65
380.04 , 618.51
391.01 , 615.7
402.71 , 616.97
414.64 , 616.22
426.46 , 615.22
437.56 , 617.7
447.46 , 623.06
457.01 , 629.38
465.99 , 637.35
470.62 , 647.52
461.51 , 654.78
450.62 , 657.72
439.64 , 660.47
428.16 , 662.22
416.46 , 663.47
404.66 , 664.47
392.46 , 664.72
380.16 , 664.72
368.11 , 665.22
356.04 , 664.72
344.34 , 663.47
332.89 , 661.71
332.59 , 653.47
341.66 , 650.24
350.91 , 647.24
360.14 , 644.24
369.66 , 641.74
379.21 , 639.22
388.96 , 637.23
399.59 , 636.97
410.31 , 636.97
420.94 , 637.22
431.56 , 637.47
442.04 , 637.98
451.29 , 640.99
460.24 , 644.75
469.56 , 647.48
460.01 , 644.99
451.06 , 641.22
441.39 , 638.97
431.39 , 637.47
420.76 , 637.72
410.16 , 637.47
399.66 , 636.97
389.41 , 637.97
379.41 , 639.47
369.74 , 641.7
360.19 , 644.25
351.06 , 647.46
341.94 , 650.75
433.1 , 478.63
434.67 , 470.06
438.11 , 462.25
443.12 , 455.1
450.28 , 449.89
458.43 , 447.38
467.43 , 446.63
476.15 , 447.92
484.08 , 450.86
491.29 , 455.83
497 , 462.75
500.87 , 470.4
502.15 , 478.59
494.38 , 482.13
485.6 , 483.38
476.6 , 484.13
467.38 , 484.38
458.25 , 484.88
449 , 484.63
439.7 , 484.5
335.72 , 478.42
328.88 , 470.56
321.02 , 463.7
312.7 , 458.15
303.65 , 454.7
293.52 , 453.44
283.52 , 454.94
273.98 , 457.46
265.75 , 463.19
258.53 , 470.92
253.51 , 479.42
249.25 , 488.19
257.73 , 492.92
268.2 , 493.44
277.95 , 491.43
287.4 , 488.79
297 , 486.44
306.68 , 484.26
317.12 , 483.69
327.88 , 483.69
415.07 , 422.83
421.48 , 412.63
432.42 , 408.05
444.27 , 405.62
456.6 , 404.08
469.64 , 404.08
482.12 , 405.32
493.72 , 408.35
504.67 , 412.83
514.52 , 420.28
521.64 , 430.13
519.72 , 439.01
509.64 , 432.15
498.62 , 427.85
486.87 , 425.1
474.42 , 423.83
461.47 , 423.58
448.54 , 423.83
436.79 , 426.6
425.22 , 429.47
355.75 , 429.09
350.59 , 417.61
339.05 , 412.09
326.48 , 409.09
312.57 , 408.84
299.05 , 409.84
286.25 , 412.34
274.57 , 417.33
263.15 , 423.16
253.06 , 432.54
246.63 , 443.71
243.25 , 456.09
253.3 , 447.58
264.23 , 440.6
276.55 , 437.1
289.48 , 434.84
302.62 , 433.09
316.18 , 432.09
330.05 , 431.84
343.57 , 432.86
