140606432_1
137.4 , 393.6
141.48 , 406.02
145.24 , 418.52
149.24 , 431.93
152.31 , 444.92
155.96 , 458.45
160.71 , 470.3
167.97 , 483.17
173.82 , 495.13
180.91 , 507.01
187.19 , 517.75
196.18 , 529.2
206.49 , 538.16
218.62 , 544.46
231.34 , 548.21
244.01 , 550.66
258.43 , 552.73
271.94 , 554.29
284.79 , 554.86
299.14 , 556.5
312.31 , 558.42
324.73 , 556.72
338.76 , 555.54
352.63 , 551.79
364.8 , 548.1
377.81 , 544.48
389.19 , 537.58
398.98 , 528.19
405.13 , 516.14
409.96 , 502.92
415.2 , 489.69
420.33 , 477.2
426.2 , 464.82
431.49 , 452.83
435.43 , 440.27
438.15 , 426.06
440.42 , 413.08
441.56 , 400.03
443.32 , 385.58
443.98 , 372.47
443 , 358.4
275.64 , 298.75
266.92 , 308.65
258.39 , 319.81
254.22 , 332.78
255.37 , 345.98
263.82 , 356.16
277.38 , 357.89
290.6 , 354.54
303.38 , 350.45
316.59 , 352.12
331.5 , 351.8
344.51 , 350.96
351.6 , 340.25
350.22 , 326.32
345.08 , 313.31
337 , 302.4
328.5 , 290.66
226.77 , 425.65
229.28 , 413.57
235.77 , 403.15
245.25 , 393.91
255.92 , 388
267.22 , 383.9
279.19 , 381.15
292.25 , 380.65
305.42 , 380.9
318 , 379.4
330.57 , 377.9
343.5 , 378.65
355.22 , 381.89
365.97 , 387.59
375.19 , 397.07
382.02 , 407.4
378.28 , 418.62
366.72 , 422.17
355 , 425.41
342.32 , 426.65
329.37 , 427.4
316.2 , 427.65
303.02 , 427.9
289.85 , 427.65
276.79 , 428.15
263.62 , 428.4
251.27 , 426.4
238.82 , 424.64
229.02 , 418.9
236.04 , 409.62
245.42 , 402.78
255.17 , 396.99
265.37 , 392.37
276.35 , 389.62
287.82 , 387.9
299.75 , 387.15
311.82 , 386.65
324 , 386.9
336.07 , 387.4
347.52 , 389.15
357.92 , 393.06
367.85 , 398.45
376.87 , 406.25
368.17 , 398.78
358.25 , 393.39
347.77 , 389.65
336.42 , 387.65
324.37 , 387.15
312.3 , 387.65
300.25 , 388.15
288.17 , 388.65
276.47 , 389.9
265.5 , 392.64
255.34 , 397.34
245.52 , 402.9
236.07 , 409.59
337.65 , 252.74
341.55 , 248.35
346.47 , 245.73
351.4 , 243.24
356.75 , 241.71
362.32 , 240.74
368.27 , 240.49
373.72 , 241.74
378.82 , 243.73
383.52 , 246.84
387.89 , 250.97
388.15 , 256.49
382.67 , 257.74
376.97 , 258.49
371.05 , 258.74
365.22 , 258.23
359.65 , 257.24
354.07 , 256.23
348.5 , 255.24
342.8 , 254.51
248.68 , 254.63
246.22 , 250.1
240.99 , 247.88
235.81 , 245.46
230.39 , 243.75
224.72 , 242.48
218.56 , 242.75
213.27 , 244.8
208.24 , 247.59
203.59 , 251.48
199.15 , 255.93
195.84 , 260.73
201.89 , 261.23
208.04 , 261.48
214.09 , 260.98
219.99 , 260.23
225.92 , 259.48
231.59 , 258.23
237.39 , 257.21
243.31 , 256.48
302.69 , 203.37
305.84 , 191.46
316.94 , 185.87
330.39 , 186.12
343.14 , 187.88
355.81 , 189.74
368.62 , 191.3
380.81 , 194.25
391.39 , 201.09
401.26 , 209.94
410.14 , 219.82
412.96 , 227.13
402.42 , 220.11
391.29 , 214.62
379.17 , 211.62
366.19 , 210.37
352.97 , 209.62
339.49 , 209.37
326.39 , 209.85
313.84 , 207.78
262.53 , 217.1
259.28 , 206.2
247.66 , 201.85
234.56 , 200.61
221.46 , 201.84
208.73 , 203.86
195.96 , 205.84
184.86 , 211.68
174.62 , 219.9
167.7 , 230.57
162.65 , 241.93
157.93 , 253.35
168.08 , 245.94
178.11 , 237.18
188.21 , 228.58
198.75 , 221.35
210.46 , 217.33
223.11 , 215.08
236.43 , 215.85
249.18 , 217.85
