3040240981_1
946.62 , 1113.5
941.22 , 1159.25
934.34 , 1208.65
931.08 , 1255.12
929.16 , 1304.17
931.64 , 1354.91
938.71 , 1401.8
946.95 , 1450.97
958.84 , 1501.85
974.98 , 1543.95
1003.07 , 1585.32
1031.8 , 1623.2
1064.36 , 1665.25
1098.25 , 1697.96
1134.65 , 1730.13
1173.67 , 1758.68
1216.18 , 1790.39
1253.4 , 1816
1295.49 , 1843.36
1338.87 , 1863.88
1388.64 , 1879.71
1433.78 , 1887.32
1485.67 , 1893.07
1530.89 , 1895.21
1581.04 , 1884.14
1619.56 , 1854.38
1662.37 , 1826.94
1710.07 , 1815.63
1751.46 , 1793.58
1794.02 , 1769.1
1834.71 , 1745.15
1873.82 , 1710.13
1899.92 , 1668.77
1921.73 , 1629.19
1940.39 , 1583.47
1956.81 , 1536.93
1972.39 , 1487.24
1987.12 , 1440.64
2000.25 , 1392.65
2008.82 , 1344.16
2016.67 , 1295.37
1478.63 , 1154
1446.3 , 1181.12
1410.51 , 1212.86
1397.05 , 1254.24
1408.81 , 1297.1
1443.77 , 1328.79
1480.78 , 1356.75
1517.11 , 1381.08
1554.74 , 1409.54
1596.53 , 1424.38
1639.72 , 1412.91
1683.04 , 1393.75
1728.27 , 1382
1739.4 , 1338.73
1732.14 , 1297.2
1710.25 , 1253.5
1691.36 , 1210.56
1274.93 , 1460.41
1309.33 , 1457.91
1343.13 , 1454.16
1378.38 , 1454.91
1413.88 , 1455.16
1446.93 , 1460.41
1477.36 , 1470.93
1507.58 , 1481.81
1539.38 , 1489.87
1572.18 , 1495.66
1604.11 , 1503.34
1634.23 , 1514.7
1663.56 , 1528.53
1692.73 , 1542.95
1677.25 , 1569.1
1648.48 , 1584.4
1618.98 , 1597.64
1588.86 , 1608.98
1556.56 , 1615.91
1521.53 , 1616.76
1487.51 , 1613.42
1455.18 , 1606.66
1425.13 , 1595.15
1396.03 , 1580.54
1368.26 , 1562.74
1342.59 , 1538.84
1320.9 , 1512.39
1299.03 , 1486.01
1288.43 , 1468.16
1319.26 , 1466.66
1346.13 , 1476.14
1374.46 , 1482.93
1403.23 , 1488.65
1431.88 , 1494.66
1460.03 , 1501.76
1487.58 , 1509.88
1515.53 , 1517.41
1544.08 , 1523.67
1572.61 , 1529.9
1601.98 , 1534.45
1630.28 , 1541.26
1658.98 , 1547.18
1687.43 , 1553.66
1659.08 , 1551.16
1628.98 , 1548.16
1598.38 , 1546.16
1567.18 , 1545.41
1536.83 , 1542.88
1508.06 , 1537.19
1480.41 , 1529.15
1452.86 , 1521.09
1425.31 , 1512.93
1397.51 , 1505.15
1369.11 , 1498.59
1339.68 , 1494.16
1313.03 , 1484.01
1775.33 , 1045.63
1792.88 , 1041.11
1809.45 , 1034.51
1826.18 , 1028.28
1843.83 , 1023.88
1862.65 , 1021.88
1881.55 , 1023.63
1899.3 , 1027.88
1915.5 , 1035.82
1930.65 , 1046.46
1944.7 , 1060.26
1937.26 , 1075.2
1918.28 , 1076.88
1898.65 , 1076.66
1880.08 , 1074.13
1862.25 , 1070.1
1845.36 , 1064.39
1828.93 , 1057.23
1812.08 , 1051.38
1792.9 , 1050.16
1405.95 , 954.55
1396.55 , 940.96
1383.51 , 930.13
1369.41 , 922.07
1353.21 , 919.1
1336.76 , 916.6
1319.24 , 916.35
1301.93 , 917.1
1285.86 , 920.33
1271.36 , 927.42
1258.71 , 939.35
1271.74 , 950.36
1286.18 , 957.58
1301.61 , 962.13
1316.93 , 966.83
1332.88 , 970.35
1349.71 , 972.1
1367.24 , 972.35
1384.66 , 971.85
1401.1 , 969.35
1783.25 , 955
1807.83 , 939.5
1834.92 , 930.82
1863.2 , 924.24
1892.22 , 919.27
1922.8 , 917.48
1952.53 , 921.01
1980.25 , 928.5
2005.23 , 942.97
2023.95 , 965.67
2029.78 , 994.38
2025.24 , 1023.13
2003.8 , 1012.05
1984.42 , 989.45
1959.67 , 974.26
1931.8 , 966.99
1901 , 965.75
1870.3 , 967.25
1839.72 , 969
1809 , 967.5
1478.37 , 890.6
1477.14 , 856
1444.37 , 832
1408.79 , 815.63
1371.94 , 803.08
1333.07 , 794.37
1291.94 , 790.87
1251.66 , 796.65
1214.94 , 809.38
1180.44 , 828.67
1149.74 , 858.22
1132.99 , 893.62
1173.97 , 897.62
1209.22 , 880.13
1244.44 , 862.63
1283.26 , 853.85
1325.14 , 851.35
1365.89 , 856.14
1403.64 , 866.84
1439.82 , 881.19
