3042655945_1
170.75 , 257.84
173.83 , 268.54
178.21 , 278.87
183.24 , 288.87
188.9 , 299.63
194.53 , 309.22
199.84 , 318.72
205.2 , 329.37
211.13 , 339.1
216.79 , 349.31
222.34 , 358.84
229.57 , 368.84
236.41 , 376.73
244.66 , 384.96
254.01 , 392.1
264.03 , 397.06
274.99 , 399.01
287.37 , 397.93
298.47 , 395.48
309.35 , 393
320.91 , 390.09
331.04 , 385.57
339.95 , 378.45
347.79 , 370.47
356.08 , 362.37
364.91 , 354.67
372.64 , 346.08
380.24 , 337.39
387.03 , 329.03
392.47 , 318.44
396.85 , 307.38
400.55 , 297.46
404.92 , 286.52
409.2 , 275.32
412.51 , 265.16
416.2 , 253.63
419.4 , 243.23
422.33 , 231.6
424.38 , 221.03
424.79 , 209.59
422.93 , 197.31
225.7 , 214.9
222.67 , 226.6
219.7 , 237.3
216.99 , 250.13
214.37 , 261.55
218.74 , 273.06
228.71 , 279.71
240.47 , 283.09
252.47 , 282.53
263.27 , 278.01
274.44 , 272.55
285.29 , 266.81
288.61 , 255.9
287.8 , 243.67
282.1 , 233.23
277.11 , 222.48
272.44 , 210.05
215.37 , 323.91
217.65 , 316.61
223.9 , 311.39
230.87 , 308.16
238.57 , 306.66
246.9 , 306.91
254.94 , 306.16
263.39 , 306.16
271.1 , 307.65
278.27 , 310.13
285.47 , 312.66
293.07 , 314.39
300.55 , 316.38
307.64 , 318.88
305.34 , 326.21
299.92 , 332.36
294.32 , 338.46
288.02 , 343.5
281.6 , 348.18
274.72 , 351.69
267.14 , 353.41
259.19 , 354.41
250.8 , 354.34
243.9 , 350.93
237.42 , 346.44
230.92 , 341.96
224.7 , 336.73
219.28 , 330.59
220.12 , 322.66
222.72 , 317.77
228.65 , 317.91
233.8 , 319.84
238.82 , 322.11
244 , 324.03
249.47 , 325.26
255.25 , 324.91
260.85 , 323.93
266.82 , 323.66
272.55 , 322.98
278.3 , 322.23
284.1 , 321.67
289.44 , 320.16
295.05 , 319.15
291.69 , 319.89
286.35 , 321.41
281 , 322.9
275.27 , 323.66
269.32 , 323.9
263.6 , 324.67
257.97 , 325.68
252.55 , 326.98
247.05 , 328.23
241.42 , 329.18
235.82 , 328.17
230.34 , 326.89
225.02 , 325.32
280.35 , 191.52
284.25 , 186.37
288.15 , 181.22
293.05 , 176.58
298.48 , 173.39
304.18 , 170.99
310.3 , 169.51
317 , 169.77
323.48 , 170.53
329.45 , 172.28
334.58 , 176.25
336.06 , 182.33
330.78 , 185.87
325.45 , 189.26
319.78 , 191.77
313.55 , 193.02
306.83 , 193.27
300.12 , 193.02
293.53 , 192.52
287.08 , 191.77
217.86 , 191.16
216.4 , 187.19
213.48 , 183.69
209.72 , 181.42
205.83 , 179.63
201.83 , 178.08
197.35 , 177.61
192.97 , 178.36
188.95 , 179.82
185.46 , 182.81
183.4 , 186.61
181.9 , 190.61
184.7 , 194.17
188.58 , 196.04
192.78 , 197.14
197.28 , 197.61
201.88 , 197.36
206.38 , 196.86
210.55 , 195.71
214.62 , 194.38
264.34 , 151.19
268.14 , 143.6
275.64 , 139.62
283.11 , 135.43
290.41 , 130.88
298.04 , 127.2
306.26 , 124.96
315.31 , 124.94
323.51 , 127.16
331.12 , 130.96
338.01 , 136.64
338.71 , 142.67
330.51 , 140.45
322.06 , 138.69
313.12 , 137.94
304.04 , 138.46
295.46 , 139.94
287.84 , 143.69
280.54 , 148.19
273.01 , 152.18
209.3 , 157.55
204.83 , 153.84
200.18 , 150.67
195.32 , 148
190.22 , 145.97
184.7 , 144.95
179.12 , 143.99
173.38 , 144.62
168.28 , 146.47
163.4 , 149.1
159 , 152.99
164.68 , 153.74
170.35 , 154.49
176.03 , 155.24
181.7 , 155.99
187.38 , 156.73
192.88 , 157.86
198.1 , 159.46
203.4 , 160.96
208.95 , 161.97
