3042677096_1
611.56 , 413.61
612.66 , 439.06
615.82 , 467.07
619.11 , 492.37
621.21 , 520.34
625.95 , 548.87
631.13 , 574.75
636.67 , 600.43
643.06 , 626.83
650.75 , 652.93
659.94 , 677.82
671.75 , 704.7
684.87 , 727.99
699.4 , 749.43
717.84 , 769.83
737.71 , 789.21
764.28 , 797.87
789.59 , 797.48
817.56 , 798.8
843.53 , 793.49
871.83 , 787.03
898.47 , 782.61
924.52 , 777.78
951.78 , 770.98
978 , 762.78
1001.18 , 751.01
1025.31 , 737.35
1047.16 , 722.94
1070.33 , 705.3
1091.9 , 688.21
1114.11 , 673.38
1133.77 , 654.19
1144.97 , 631.43
1153.61 , 603.56
1162.18 , 577.42
1168.06 , 550.53
1170.49 , 525.12
1174.17 , 497.85
1176.99 , 470.25
1178.42 , 442.56
1176.8 , 414.85
761.56 , 388.12
751.73 , 402.55
741.49 , 418.68
735.44 , 436.37
738.21 , 455
750.99 , 467.79
767.92 , 475.72
786.82 , 475.5
804.48 , 473.88
824.08 , 473.08
840.89 , 470.58
861 , 468.71
876.87 , 461.01
880.34 , 443.54
876.84 , 424.75
871.35 , 407.85
857.35 , 393.55
720.3 , 598.92
724.93 , 584.04
732.29 , 570.19
741.66 , 557.07
753.85 , 545.16
768.02 , 538.66
784.67 , 537.67
800.97 , 535.91
815.3 , 529.92
832.2 , 530.43
847.55 , 534.17
862.62 , 538.45
877.4 , 543.2
891.5 , 549.88
904.8 , 558.67
917.66 , 568.75
909.95 , 582.18
895.57 , 587.9
880.52 , 592.18
865.57 , 596.65
850.45 , 600.77
835.32 , 604.92
819.15 , 606.92
802.25 , 606.42
785.35 , 605.92
768.57 , 605.17
753.1 , 601.67
736.7 , 600.17
731.3 , 586.92
740.92 , 580.33
750.57 , 573.65
760.9 , 568.83
771.57 , 565.15
783.27 , 563.44
795.67 , 563.17
807.72 , 562.15
819.65 , 560.94
831.8 , 561.17
843.5 , 562.92
854.72 , 565.6
865.75 , 568.65
876.67 , 571.95
887.6 , 575.19
880.6 , 577.41
869.15 , 575.15
857.75 , 572.88
846.3 , 570.67
834.38 , 569.41
822.2 , 568.67
809.97 , 568.24
798.02 , 569.44
786.2 , 570.9
774.45 , 572.52
762.92 , 574.54
752.3 , 578.42
741.95 , 583.14
901.1 , 319.56
908.75 , 310.66
917.52 , 302.64
926.95 , 296.46
936.93 , 291.78
947.6 , 288.81
958.75 , 286.82
970.15 , 285.31
981.55 , 286.81
991.55 , 291.52
1000.72 , 298.42
1000.91 , 310.28
991.23 , 315.81
981.1 , 320.06
970.05 , 322.31
958.3 , 323.06
946.78 , 324.31
934.9 , 324.81
922.78 , 324.81
911.75 , 322.58
754.32 , 326.98
755 , 316.65
750.25 , 308.12
741.7 , 303.52
731.77 , 302.05
721.4 , 302.55
711.25 , 303.55
701.62 , 305.67
692.35 , 308.46
683.87 , 313.31
676.88 , 320.93
674.25 , 330.3
679.75 , 338.55
688.3 , 342.83
698.45 , 343.8
708.73 , 343.05
718.88 , 342.06
728.77 , 340.54
738.67 , 339.08
747.3 , 334.51
860.8 , 265
870.81 , 247.23
888.88 , 237.74
907.55 , 230.25
927.15 , 224.72
947.72 , 221.25
969.38 , 220
990.8 , 221.75
1011.02 , 226.01
1029.72 , 233.68
1046.65 , 246.11
1042.57 , 261.24
1023.15 , 255.5
1003.02 , 251
981.32 , 250.23
959.92 , 251.99
939.12 , 255
919.22 , 260.03
899.9 , 265.91
880.07 , 271.01
769.61 , 278.11
758.29 , 270.54
746.49 , 264.32
733.97 , 260.1
720.92 , 256.81
707.17 , 255.08
693.04 , 254.08
679.07 , 255.35
665.94 , 258.48
653.19 , 262.24
641.34 , 268.33
647.97 , 280
662.29 , 279.58
676.89 , 279.58
691.12 , 280.33
705.37 , 281.08
719.49 , 282.07
733.47 , 283.3
747.12 , 285.33
761.34 , 286.08
