30427236_1
515.01 , 609.97
516.04 , 627.64
522.32 , 647.2
529.7 , 664.82
538.34 , 682.91
547.85 , 700.83
559.87 , 715.67
574.01 , 729.25
588.08 , 743.69
600.04 , 758.05
613.25 , 773.61
626.36 , 786.99
641.11 , 802.08
655.95 , 812.78
672.5 , 825.08
689.35 , 832.77
708.82 , 834.67
728.44 , 834.34
747.78 , 831.6
767.12 , 825.45
784.98 , 816.67
802.69 , 809.21
820.34 , 800.89
836.47 , 787.19
849.71 , 773.28
863.18 , 758.32
876.12 , 745.59
890.78 , 732.51
907.76 , 720.83
922.14 , 707.99
935.23 , 692.97
944.8 , 676.37
952.4 , 658.75
959.49 , 640.7
962.66 , 621.32
963.01 , 601.22
963.52 , 580.45
960.72 , 560.77
954.92 , 543.23
948.29 , 523.44
942.66 , 504.54
615 , 564.4
609.39 , 579.17
606.55 , 593.28
608.1 , 609.35
615.96 , 622.77
630.78 , 631.08
643.83 , 637.04
660.06 , 641.57
674.68 , 638.16
690.49 , 633.17
703.24 , 624.75
716.26 , 616.48
729.33 , 607.33
737.51 , 592.47
738.79 , 577.69
731.02 , 563.06
720.2 , 551.3
609.7 , 670.65
622.98 , 665.14
637.25 , 661.63
652.7 , 660.65
668.28 , 661.4
684.1 , 661.15
698.6 , 658.15
712.43 , 653.91
726.6 , 650.13
741.1 , 647.13
755.55 , 644.05
769.85 , 640.68
784.55 , 638.05
793.62 , 644.98
784.37 , 656.97
775.11 , 668.97
765.12 , 680.72
753.65 , 691.46
741.3 , 699.77
728.45 , 706.65
714.8 , 711.4
700.2 , 714.15
684.98 , 715.65
669.65 , 714.42
656.1 , 709.56
643.58 , 701.75
631.56 , 692.5
621.38 , 680.82
621.95 , 675.65
634.7 , 675.15
647.33 , 674.4
660.2 , 674.15
672.95 , 674.65
685.7 , 675.15
697.85 , 673.39
708.85 , 669.25
719.7 , 664.65
730.62 , 660.38
742 , 657.11
753.33 , 653.62
764.45 , 649.9
775.48 , 645.88
778.88 , 651.19
768.93 , 658.18
758.58 , 664.15
748.08 , 669.77
737.58 , 675.4
726.95 , 680.65
716.08 , 685.15
704.68 , 688.4
692.65 , 690.4
679.78 , 690.13
667.62 , 688.37
655.83 , 685.87
644.55 , 682.49
633.1 , 679.3
717.7 , 491.68
724.23 , 487.15
730.85 , 482.81
737.65 , 478.97
744.68 , 475.68
752.35 , 473.94
760.38 , 472.93
768.9 , 472.93
777.3 , 473.18
785.7 , 472.93
793.73 , 473.93
786.4 , 475.47
778.83 , 477.4
771.55 , 479.9
764.3 , 482.4
756.88 , 484.67
748.98 , 485.93
740.93 , 486.93
733.53 , 489.17
725.62 , 490.43
594.88 , 508.83
589.3 , 507.6
583.35 , 507.11
577.52 , 507.84
571.83 , 508.82
566.25 , 510.1
560.77 , 511.6
555.2 , 512.89
549.98 , 514.87
544.9 , 517.32
539.75 , 519.35
545.83 , 519.6
551.65 , 518.85
557.73 , 518.6
563.67 , 518.1
569.62 , 517.6
575.38 , 516.73
581.15 , 515.83
586.83 , 514.78
592.08 , 512.84
688.35 , 453.43
690.9 , 439.37
702.18 , 429.87
714.3 , 422.73
727.33 , 418.19
741.27 , 415.46
755.1 , 412.43
769.4 , 410.43
784.08 , 411.67
796.68 , 417.48
806.58 , 428.61
811.37 , 440.93
796.83 , 439.43
782.15 , 438.18
767.38 , 439.17
754.08 , 443.2
741.05 , 447.72
728 , 452.15
714.85 , 456.43
700.67 , 458.71
597.29 , 472.12
588.8 , 463.13
578.73 , 457.25
567.2 , 454.72
555.1 , 453.47
542.5 , 453.72
530.65 , 455.47
519.88 , 459.49
509.83 , 465.52
503.81 , 475.57
501.14 , 487
499.15 , 498.72
509 , 493.96
519.38 , 488.74
530.65 , 485.72
542.62 , 484.22
555.1 , 484.72
567.2 , 483.47
579.17 , 481.97
591.77 , 481.72
