3045005984_1
252.95 , 437.65
256.8 , 451.87
261.33 , 467.71
266.65 , 483.52
271.99 , 498.56
276.99 , 512.44
285.07 , 527.92
295.06 , 540.46
305.25 , 551.44
317.01 , 563.21
328.9 , 573.86
341.44 , 584.31
354.47 , 592.76
368.3 , 599.25
383.39 , 605.53
398.1 , 612.19
413.32 , 619.63
426.67 , 626.45
441.63 , 631.18
457.98 , 631.89
474 , 630.09
489.79 , 626.8
505.51 , 621.45
518.81 , 613.72
531.39 , 603.36
543.06 , 591.68
553.14 , 580.02
563.2 , 566.81
571.57 , 554.78
581 , 541.7
590.99 , 528.55
599.74 , 515.06
606.74 , 501.08
613.08 , 486.49
617.57 , 471.14
619.52 , 454.44
618.34 , 438.05
615.75 , 423.09
612.75 , 407.35
610.56 , 390.94
608.83 , 374.69
425.6 , 426.5
419.32 , 436.68
414.65 , 448.74
412.19 , 462.14
415.5 , 473.48
427.61 , 479.59
439.48 , 483.11
451.8 , 483.28
464.57 , 480.76
476.03 , 475.41
486.98 , 468.84
498.35 , 461.05
505 , 451.12
502.8 , 438.4
495.84 , 427.84
489.11 , 416.91
480.35 , 406.17
404.25 , 538.08
412.65 , 532.92
421.48 , 528.82
430.57 , 525.57
439.35 , 521.24
448.23 , 517.35
457.98 , 515.33
468.43 , 514.83
477.62 , 511.81
487.85 , 510.83
498.07 , 511.83
508.43 , 512.58
518.9 , 513.08
526.87 , 517.43
520.76 , 525.55
515.02 , 533.78
509.69 , 542.13
503.2 , 550.09
494.98 , 555.85
486.05 , 559.56
476.93 , 562.82
467.3 , 565.08
456.57 , 565.07
446.75 , 563.33
437.38 , 560.61
428.62 , 556.21
420.15 , 551.2
411.9 , 545.47
404.75 , 538.33
413.77 , 537.83
423.07 , 537.83
431.88 , 538.83
440.9 , 539.33
450.07 , 539.58
459.12 , 540.08
467.8 , 538.84
475.55 , 535.6
483.27 , 532.34
491.12 , 529.36
499.02 , 526.59
506.77 , 523.34
514.7 , 520.56
522.47 , 517.57
514.65 , 520.67
507.07 , 524.48
499.68 , 528.68
492.23 , 532.86
484.8 , 537.04
476.62 , 539.36
467.82 , 540.33
459.02 , 541.33
449.73 , 541.33
440.57 , 541.08
431.77 , 540.08
422.98 , 539.08
414.05 , 538.33
475.35 , 349.84
478.51 , 342.44
482.25 , 335.19
487.45 , 328.49
494 , 322.85
501.33 , 319.34
509.53 , 317.84
518.2 , 317.34
526.62 , 318.34
534.73 , 320.09
542.28 , 322.84
545.54 , 330.16
539.97 , 336.74
532.65 , 340.33
525.33 , 343.86
517.75 , 346.59
509.55 , 348.09
501.23 , 349.34
492.43 , 349.59
483.62 , 349.34
371.95 , 372.46
364.79 , 368.34
356.89 , 366.18
348.89 , 364.18
340.89 , 362.18
331.91 , 362.18
323.91 , 364.16
316.56 , 367.74
309.59 , 372.24
303.61 , 378.7
299.14 , 385.68
306.54 , 388.96
314.26 , 391.46
322.62 , 392.68
331.21 , 391.93
339.56 , 390.68
347.69 , 388.91
355.69 , 386.91
363.26 , 384.06
370.61 , 380.45
453.55 , 320.42
459.21 , 308.75
468.77 , 298.45
479.78 , 290.95
491.12 , 284.36
502.85 , 278.64
514.77 , 273.68
526.95 , 269.45
540 , 266.94
553.92 , 267.17
565.75 , 272.66
558.57 , 282.42
544.53 , 282.42
532.15 , 286.33
520.6 , 292.41
509.5 , 299.71
498.3 , 306.67
487 , 313.43
476.15 , 321.35
464.65 , 327.28
386 , 330.42
374.13 , 323.36
360.03 , 321.63
345.31 , 321.13
330.68 , 320.38
316.08 , 319.63
301.61 , 318.63
287.38 , 320.17
274.75 , 325.04
263.9 , 334.91
256.68 , 346.63
268.88 , 340.42
281.63 , 335.92
295.46 , 333.63
309.71 , 335.13
323.46 , 337.63
337.23 , 340.15
351.46 , 341.63
366.08 , 342.38
380.68 , 341.63
