3045921676_1
225.23 , 438.06
232.58 , 450.93
241.7 , 464.6
251.87 , 475.92
264.5 , 487.52
275.78 , 498.47
286.54 , 511.08
296.83 , 521.7
307.56 , 533.34
320.61 , 543.18
333.32 , 553.07
346.16 , 562.21
360.29 , 569.47
374.28 , 578.67
389.05 , 583.72
404.86 , 586.03
421.43 , 586.44
435.97 , 587.94
452.74 , 590.01
468.45 , 587.61
483.78 , 583
499.01 , 577.23
512.53 , 570.66
527.15 , 563.32
540.07 , 553.08
547.91 , 539.72
553.28 , 525.4
558.72 , 508.97
563.68 , 495.03
569.97 , 479.07
576.18 , 464.74
582.24 , 450.43
586.77 , 435.71
587.71 , 418.9
587.89 , 403.71
588.05 , 386.53
587.73 , 371.28
586.7 , 354.63
584.83 , 339.55
581.31 , 323.31
577.43 , 307.19
386.51 , 364.4
382.82 , 375.56
379.01 , 388.18
380.4 , 400.61
390.12 , 407.69
402.5 , 410.07
415.33 , 410.69
427.5 , 409.6
439.33 , 408.23
451.94 , 403.39
462.09 , 397.52
472.03 , 388.43
477.03 , 377.35
475.85 , 364.68
468.88 , 354.61
458.66 , 347.12
448.12 , 339.79
359.8 , 475.85
372.7 , 467.98
386.05 , 461.1
399.68 , 455.07
413.62 , 450.07
427.4 , 444.57
441.03 , 438.59
454.53 , 432.09
468.12 , 426.07
482.08 , 421.09
495.73 , 415.08
509.9 , 410.57
524.52 , 406.82
526.55 , 422.25
525.55 , 438.18
523.83 , 453.75
519.26 , 467.9
511.14 , 480.75
499.35 , 491.79
486.28 , 499.36
472.48 , 504.83
457.85 , 508.61
442.65 , 511.1
426.6 , 510.35
411.53 , 507.6
397.65 , 502.36
384.43 , 495.19
371.75 , 486.54
371.05 , 475.1
382.1 , 470.57
393.5 , 466.89
404.48 , 461.92
416.1 , 458.56
427.95 , 455.63
439.8 , 452.6
451.48 , 449.35
462.88 , 445.57
473.78 , 440.37
484.23 , 433.95
494.7 , 427.69
505.27 , 421.61
516.1 , 416.06
518.56 , 425.77
512.35 , 436.3
504.8 , 446.35
496.52 , 456.12
487.33 , 465.59
477.53 , 473.87
466.93 , 479.82
455.62 , 483.78
443.68 , 486.6
431.02 , 487.85
417.88 , 488.1
405.2 , 486.87
393.28 , 484.08
381.98 , 480.12
432.05 , 287.27
435.55 , 281.02
440 , 275.07
445.62 , 269.7
451.6 , 265.22
457.73 , 261.33
464.28 , 258.54
471.3 , 256.77
478.78 , 256.02
486.53 , 255.77
493.9 , 256.77
491.64 , 262.97
485.55 , 267.02
479.2 , 270.4
473.05 , 274.27
466.62 , 277.51
460 , 280.06
453.35 , 282.5
446.45 , 284.52
439.43 , 286.26
346 , 314.23
338.65 , 312.23
330.57 , 311.73
322.23 , 311.73
314.57 , 313.16
307.45 , 315.52
300.35 , 317.95
293.25 , 320.48
286.35 , 323.48
280.16 , 328.55
277.25 , 335.48
284.2 , 337.94
292.52 , 337.98
300.25 , 336.73
307.73 , 334.99
314.57 , 331.72
321.43 , 328.55
328.32 , 325.42
335.27 , 322.46
342.28 , 319.71
397.15 , 232.71
401.93 , 221.69
410.98 , 212.12
421.67 , 206.2
432.85 , 201.69
444.6 , 198.45
456.5 , 195.43
468.38 , 192.46
480.27 , 189.43
493.35 , 189.97
504.43 , 194.72
494 , 200.24
482.5 , 203.86
471.2 , 207.95
460.52 , 213.96
450.42 , 221.43
440.4 , 229.21
429.65 , 234.96
418.6 , 239.95
406.45 , 242.02
343.9 , 248.75
331.7 , 243.79
317.38 , 244.29
304.02 , 246.77
291.32 , 250.51
278.98 , 255.05
266.88 , 260.35
255.02 , 266.44
244 , 274.74
234.98 , 285.49
230.95 , 298.04
243.32 , 294.41
254.95 , 287.79
267.3 , 283.32
279.75 , 279.06
292.32 , 275.02
305.43 , 272.03
318.55 , 269.05
332.02 , 266.79
344.48 , 262.53
