3048914345_1
735.37 , 907.69
735.68 , 935.84
736.8 , 964.59
740.37 , 995.41
746.2 , 1023.08
752.62 , 1051.57
760.16 , 1081.16
767.74 , 1110.79
775.59 , 1138.41
787.26 , 1163.86
797.21 , 1194.03
807.13 , 1220.93
817.11 , 1247.47
823.54 , 1277.93
834.03 , 1304.85
847.75 , 1329.84
870.98 , 1349.2
898.46 , 1360.49
928.67 , 1366.14
958.3 , 1366.9
987.13 , 1362.92
1012.96 , 1354.25
1043.59 , 1343.69
1069.58 , 1332.62
1097.54 , 1319.5
1121.03 , 1305.16
1143.58 , 1286.41
1168.12 , 1270.49
1194.44 , 1253.3
1213.89 , 1233.03
1233.76 , 1209.74
1254.24 , 1187.07
1270.6 , 1162.77
1283.6 , 1138.35
1295.89 , 1109.17
1306.38 , 1082.03
1315.47 , 1054.44
1322.32 , 1026.95
1325.57 , 995.71
1324.3 , 967.85
1320.65 , 936.52
843.53 , 856.02
834.43 , 874.34
819.82 , 893.28
814.23 , 915.96
820.1 , 938.33
832.39 , 957.73
850.61 , 971.83
872 , 979.27
893.86 , 983.86
917.36 , 988.1
940.7 , 986.78
962.84 , 978.79
976.15 , 962.58
977.44 , 938.37
969.14 , 918.14
952.94 , 901.59
940.64 , 880.75
814.35 , 1082.27
830.73 , 1067.65
848.98 , 1058.15
870.95 , 1059.03
889.85 , 1066.52
910.3 , 1070.78
931.7 , 1068.52
953.73 , 1069.52
974.43 , 1073.3
994.85 , 1077.52
1015.8 , 1080.73
1036.67 , 1084.09
1057.38 , 1087.79
1059.93 , 1108.19
1043.95 , 1123.92
1026.85 , 1136.52
1009.8 , 1149.34
992.25 , 1160.61
973.6 , 1169.02
953.45 , 1173.92
932.9 , 1178.02
911.38 , 1180.03
890.45 , 1176.78
872.03 , 1167.67
855.26 , 1154.19
842.35 , 1137.17
832.06 , 1119.22
822.86 , 1100.82
835.35 , 1084.02
851.95 , 1083.02
868.3 , 1081.52
885.02 , 1080.77
901.15 , 1082.76
917.05 , 1085.23
934 , 1085.52
950.6 , 1086.52
967 , 1087.92
982.95 , 1090.28
998.08 , 1094.26
1013.5 , 1097.79
1029.85 , 1099.27
1046.57 , 1099.02
1036.8 , 1107.81
1022.85 , 1114.77
1008.25 , 1119.87
992.93 , 1123.5
977.62 , 1127.27
962.33 , 1131.02
946.25 , 1133.12
930.08 , 1135.03
914.08 , 1137.27
897.23 , 1136.77
883.03 , 1130.69
870.55 , 1119.72
859.2 , 1107.37
846.7 , 1096.37
995.8 , 783.83
1005.72 , 775.65
1015.27 , 766.36
1025.47 , 758.89
1036.7 , 754.31
1049.6 , 753.33
1062.05 , 755.33
1073.55 , 759.08
1085.08 , 762.85
1096.33 , 767.35
1106.63 , 774.43
1107.48 , 786.61
1095.83 , 790.08
1083.28 , 791.83
1070.6 , 793.33
1057.67 , 794.33
1044.4 , 794.08
1032 , 792.04
1020.57 , 788.09
1008.72 , 784.84
846.78 , 784.28
844.02 , 775.61
836.62 , 769.18
828.17 , 765.02
818.6 , 763.59
808.45 , 763.83
798.65 , 764.83
789.35 , 766.85
780.15 , 769.11
771.63 , 772.95
768 , 781.33
771.4 , 789.98
779.02 , 795.84
787.55 , 799.61
796.45 , 802.34
806.23 , 803.33
815.9 , 802.08
825.1 , 799.83
833.92 , 796.89
842.27 , 792.57
938.05 , 739.89
952.52 , 714.17
978.17 , 699.39
1006.47 , 691.41
1036.85 , 687.65
1068.45 , 688.89
1098.33 , 693.66
1125.25 , 704.88
1149.8 , 722.64
1171.55 , 745.64
1186.56 , 771.19
1189.72 , 799.84
1165.65 , 780.74
1144.03 , 757.87
1118.28 , 743.37
1090.47 , 734.57
1060.3 , 730.39
1028.25 , 730.68
998.82 , 736.38
969.3 , 741.89
865.19 , 740.76
863.44 , 725.2
851.19 , 715.25
838.16 , 707.45
824.54 , 701.26
809.54 , 698.26
794.04 , 696.26
777.94 , 695.51
763.07 , 698.73
749.79 , 705.95
740.14 , 718.34
733.49 , 731.76
745.54 , 741.82
761.57 , 741.28
775.47 , 736.01
790.37 , 732.77
806.47 , 733.51
821.37 , 736.76
835.66 , 741.19
850.51 , 744.51
