3049915594_1
398.8 , 1743.54
400.18 , 1802.25
405.93 , 1863.95
416.01 , 1923.27
430.08 , 1981.58
445.63 , 2041.83
458.24 , 2101.19
468.14 , 2161.46
481.56 , 2220.78
502.07 , 2284.91
525.16 , 2338.71
553.95 , 2395.49
584.05 , 2444.66
620.39 , 2493.78
661.67 , 2537.88
715.55 , 2577.95
768.24 , 2598.72
827.66 , 2615.19
890.66 , 2626.08
949.33 , 2622.75
1010.33 , 2616.08
1075.53 , 2612.38
1134.86 , 2598.08
1186.25 , 2565.24
1237.45 , 2538.87
1291.17 , 2503.79
1336.21 , 2464.2
1386.44 , 2427.99
1437.54 , 2393.23
1477.45 , 2349.41
1515.27 , 2299.22
1544.37 , 2245.74
1579.35 , 2191.15
1603.82 , 2138.34
1626.1 , 2078.79
1644.69 , 2018.45
1670.38 , 1963.54
1682.4 , 1906
1690.27 , 1844.77
1705.46 , 1785.23
1710.79 , 1721
799.13 , 1677.81
781.71 , 1715.8
760.06 , 1757.14
740.62 , 1800.46
738.7 , 1844.5
763.89 , 1880.63
811.16 , 1896.27
856.3 , 1896.47
902.24 , 1898.31
948.01 , 1896.99
991.47 , 1902.38
1037.09 , 1893.2
1067.14 , 1857.23
1063.11 , 1814.28
1049.87 , 1768.7
1030.5 , 1728.72
1008.29 , 1685.21
692.2 , 2123.65
719.4 , 2107.69
747.83 , 2095.03
779.3 , 2089.12
812.15 , 2086.15
845.98 , 2087.15
878.3 , 2091.25
910.6 , 2095.37
944.55 , 2095.15
978.38 , 2094.15
1012.2 , 2095.15
1045.9 , 2096.4
1078.62 , 2099.65
1109.83 , 2106.03
1137.05 , 2122.03
1114.2 , 2139.65
1082.68 , 2145.4
1050.8 , 2150.4
1018.78 , 2155.15
985.08 , 2156.43
951.85 , 2154.15
918.28 , 2152.65
884.33 , 2153.4
850.12 , 2153.15
816.55 , 2151.65
783.58 , 2148.9
750.48 , 2146.41
719.2 , 2140.15
755.45 , 2146.65
780 , 2141.66
804.88 , 2137.22
830.1 , 2133.5
855.85 , 2130.88
881.43 , 2127.9
906.98 , 2124.9
932.93 , 2122.65
957.9 , 2118.44
983.58 , 2115.65
1009.98 , 2114.38
1036.65 , 2114.65
1063.3 , 2115.4
1088.38 , 2119.42
1111.12 , 2128.64
1091.7 , 2130.65
1065.28 , 2129.9
1039.6 , 2132.68
1014.28 , 2136.12
988.95 , 2139.65
962.78 , 2141.41
937.58 , 2145.15
912.38 , 2148.89
886.58 , 2151.41
860.4 , 2153.15
833.73 , 2152.4
807.58 , 2150.65
781.53 , 2148.65
1083.15 , 1528.01
1103.65 , 1510.01
1124.38 , 1492.54
1147.78 , 1482.63
1173.38 , 1477.51
1200.6 , 1475.75
1227 , 1479.25
1251.48 , 1486.51
1275.05 , 1495.92
1298.4 , 1506.01
1321.93 , 1515.52
1313.37 , 1534.76
1288.58 , 1541.52
1263.25 , 1547.16
1237.5 , 1552
1210.88 , 1555.01
1182.93 , 1554.77
1157.7 , 1548.78
1132.6 , 1542.52
1106.2 , 1539.04
779.05 , 1519.59
758.35 , 1508.57
736.85 , 1500.11
714.88 , 1492.76
691.98 , 1487.08
668.45 , 1482.83
644.3 , 1479.83
619.43 , 1478.33
595.4 , 1481.62
574.46 , 1491.71
563.95 , 1512.58
576.2 , 1532.73
595.6 , 1547.01
618.75 , 1552.07
643.88 , 1551.58
668.03 , 1548.6
691.83 , 1544.82
715.6 , 1541.09
739.62 , 1537.83
763.43 , 1534.1
998.85 , 1368.56
1016.61 , 1313.94
1069.2 , 1290.72
1131.75 , 1288.81
1194.5 , 1290.31
1255.9 , 1294.6
1313.05 , 1307.81
1366.3 , 1329.3
1415.58 , 1361.8
1461.05 , 1405.01
1492.12 , 1454.84
1491.1 , 1511.06
1451.53 , 1464.73
1402.72 , 1430.69
1350.05 , 1407.27
1293.68 , 1392.55
1234.55 , 1383.56
1172.8 , 1380.1
1112.2 , 1386.06
1051.45 , 1391.4
768.54 , 1370.91
740.95 , 1336.85
702.9 , 1318.29
661.45 , 1307.91
617.9 , 1302.34
573.88 , 1307.21
534.58 , 1321.67
496.73 , 1340.79
461.38 , 1366.6
435.79 , 1401.99
430.8 , 1445.94
441.53 , 1487.16
479.64 , 1473.62
508.38 , 1439.37
541.7 , 1408.01
580.03 , 1390.45
623.45 , 1384.29
668 , 1387.9
708.83 , 1399.21
751.22 , 1407.46
