3050267766_1
717.05 , 1763.25
749.04 , 1825.74
777.71 , 1890.82
801.28 , 1962.48
818.78 , 2029.17
840.17 , 2101.08
868.61 , 2172.57
903.62 , 2234.44
945.73 , 2294.43
987.41 , 2352.55
1035.46 , 2408.79
1083.04 , 2460.05
1146.26 , 2502.71
1206.69 , 2540.74
1270.78 , 2575.39
1345.36 , 2598.22
1417.02 , 2617.59
1483.22 , 2634.48
1554.71 , 2653.27
1626.03 , 2668.61
1695.84 , 2677.56
1775.19 , 2684.09
1848.45 , 2681.64
1912.81 , 2664.17
1986 , 2635.66
2039.07 , 2594.18
2097.46 , 2543.22
2146.51 , 2489.33
2210.73 , 2452.85
2259.29 , 2397.3
2300.95 , 2340.98
2349.1 , 2282.13
2392.55 , 2223.34
2427.11 , 2162.21
2454.21 , 2091.4
2471.2 , 2025.18
2485.39 , 1952.28
2495.09 , 1877.72
2502.78 , 1803.61
2508.88 , 1730
2517.59 , 1656.1
1488.49 , 1797.26
1463.38 , 1837.4
1451.31 , 1885.72
1463.27 , 1934.68
1499.04 , 1965.23
1549.34 , 1973
1601.58 , 1979.43
1648.49 , 1981.19
1703.51 , 1979.64
1750.87 , 1968.9
1795.96 , 1950.81
1845.3 , 1931.26
1887.65 , 1912.56
1932.7 , 1883.41
1937.85 , 1835.06
1920.55 , 1790.4
1876.9 , 1760.5
1384.04 , 2268.25
1413.89 , 2223.38
1461.24 , 2199.57
1507.89 , 2174.16
1556.12 , 2153.47
1606.96 , 2139.07
1663.32 , 2135.75
1720.91 , 2135
1773.09 , 2122.96
1827.21 , 2115.07
1883.07 , 2119.25
1935.12 , 2131.57
1982.66 , 2154.75
2036.11 , 2163.98
2018.41 , 2212.1
1989.79 , 2257.5
1953.89 , 2300.13
1911.01 , 2335.78
1866.62 , 2367.19
1820.26 , 2393.27
1772.14 , 2414.4
1719.89 , 2426.25
1663.26 , 2423.48
1610.39 , 2413.1
1561.01 , 2395.74
1514.62 , 2369.79
1469.24 , 2341.19
1426.62 , 2304.82
1476.04 , 2252.75
1507.69 , 2235.34
1541.26 , 2223.52
1575.29 , 2212.75
1609.96 , 2203
1646.59 , 2197.21
1684.46 , 2193.98
1722.09 , 2190.26
1759.57 , 2186.25
1797.54 , 2183.25
1836.01 , 2181.25
1874.71 , 2179.75
1913.41 , 2178.26
1952.62 , 2178.75
1981.19 , 2190.31
1949.44 , 2207.59
1917.16 , 2223.5
1884.46 , 2238.03
1850.64 , 2249.27
1815.29 , 2257.75
1778.76 , 2263.77
1740.54 , 2266.25
1701.59 , 2267.25
1662.89 , 2268.75
1623.82 , 2268
1585.62 , 2270.5
1546.16 , 2270.53
1510.39 , 2263.03
1877.13 , 1444.81
1883.85 , 1412.09
1905.43 , 1385.25
1932.53 , 1364.38
1961.28 , 1348.07
1991.26 , 1335.34
2022.41 , 1325.56
2057.43 , 1323.56
2090.26 , 1330.08
2122.03 , 1338.71
2151.76 , 1352.43
2165.88 , 1381.31
2139.78 , 1404.94
2111.83 , 1423.35
2081.83 , 1436.08
2049.43 , 1443.54
2015.86 , 1448.56
1981.21 , 1451.31
1945.46 , 1451.81
1909.83 , 1451.07
1382.84 , 1509.97
1377.99 , 1478.12
1351.04 , 1456.21
1321.62 , 1440.99
1290.39 , 1431.01
1256.12 , 1427.45
1221.74 , 1431.22
1189.62 , 1439.71
1159.06 , 1451.49
1130.06 , 1467.74
1103.47 , 1490.6
1078.59 , 1516.47
1110.69 , 1525
1144.61 , 1529.72
1178.76 , 1533.97
1214.14 , 1535.72
1250.14 , 1535.22
1284.82 , 1531.99
1317.96 , 1525.73
1350.59 , 1518.22
1779.35 , 1336.88
1807.95 , 1284.01
1856.22 , 1242.75
1909.72 , 1215.51
1967.88 , 1199.87
2029.62 , 1191.88
2092.47 , 1186.12
2158 , 1185.88
2221.22 , 1190.88
2281.53 , 1201.85
2331.45 , 1238.7
2311.08 , 1291.13
2246.05 , 1291.88
2183.8 , 1284.86
2120.57 , 1279.88
2056.15 , 1282.38
1991.6 , 1284.63
1934.77 , 1302.42
1883.88 , 1336.12
1831.88 , 1366.4
1410.43 , 1336.45
1375.03 , 1284.23
1312.63 , 1270.5
1249.61 , 1258.25
1183.11 , 1253
1114.43 , 1253.76
1050.53 , 1264.34
992.18 , 1286.21
935.88 , 1314.75
879.46 , 1342.99
821.88 , 1367
854.82 , 1421.47
911.88 , 1447.5
976.91 , 1439.25
1039.98 , 1426.97
1101.93 , 1412.23
1162.36 , 1394.76
1224.48 , 1380.41
1287.86 , 1368.76
1352.56 , 1359.82
