3051542838_1
302.05 , 427.9
304.61 , 442.23
305.89 , 457.04
311.95 , 469.86
318.35 , 483.12
324.44 , 496.85
331.27 , 509.55
338.92 , 522
346.85 , 534.52
355.97 , 547.08
366.11 , 556.75
376.58 , 567.9
386.39 , 578.12
399.14 , 584.86
413.55 , 589.48
426.76 , 595.77
439.55 , 603.85
451.39 , 612.73
466.34 , 616.4
479.84 , 621.1
494.3 , 623.83
508.74 , 624.48
524.06 , 623.81
539.13 , 623.03
553 , 619.3
566.72 , 614.18
579.8 , 607.99
591.77 , 599.78
601.37 , 587.99
608.94 , 576.09
617.7 , 563.74
625.02 , 550.96
630.52 , 536.35
634.59 , 523.29
638.49 , 508.92
643.33 , 494.77
649.66 , 481.63
654.78 , 466.66
659.16 , 453.41
660.03 , 438.63
659.91 , 422.9
507.4 , 412.55
498.12 , 418.94
488.42 , 428.05
482.17 , 438.67
479.99 , 450.76
487.35 , 459.35
500 , 463.19
512.36 , 465.43
523.9 , 466.09
536.69 , 465.9
549.55 , 464.1
560.8 , 461.87
573.49 , 458.72
581.61 , 450.59
580.43 , 437.59
574.43 , 427.24
565.29 , 418.19
429.41 , 517.43
439.59 , 512.66
451.76 , 513.18
463.69 , 514.18
475.86 , 514.68
488.29 , 514.68
500.21 , 513.68
512.14 , 514.68
523.21 , 511.89
533.74 , 508.11
545.21 , 506.14
557.29 , 506.43
568.79 , 508.31
579.23 , 512.49
578.71 , 524.12
569.49 , 531.67
559.71 , 537.63
548.84 , 540.75
537.34 , 542.68
525.79 , 544.44
514.21 , 546.19
502.51 , 547.68
490.71 , 546.45
479.76 , 543.46
469.46 , 538.97
459.49 , 533.47
449.64 , 527.65
439.54 , 522.43
445.66 , 521.43
454.81 , 519.69
464.74 , 519.93
474.64 , 520.18
484.54 , 520.43
494.34 , 520.93
503.76 , 522.21
513.19 , 523.44
522.74 , 524.46
532.31 , 523.53
540.94 , 520.67
549.63 , 517.95
558.94 , 516.43
568.26 , 517.43
573.81 , 520.18
564.04 , 520.65
554.54 , 521.8
545.76 , 524.33
537.16 , 527.18
528.59 , 530.21
519.29 , 531.65
509.76 , 532.71
500.36 , 531.39
491.13 , 529.69
482.21 , 527.46
473.81 , 523.93
464.63 , 522.18
454.99 , 522.93
564.69 , 372.97
568.63 , 367.52
573.97 , 363.19
579.57 , 359.59
585.52 , 356.97
592.09 , 355.73
598.89 , 354.97
606.07 , 354.97
612.64 , 356.22
618.82 , 358.22
624.11 , 362.62
622.83 , 369.12
617.22 , 372.71
610.89 , 374.45
604.57 , 376.22
598.02 , 377.47
590.97 , 377.72
584.14 , 376.97
577.34 , 376.22
570.34 , 376.37
466.37 , 366.15
463.86 , 359.95
458.31 , 355.68
451.66 , 354.2
444.29 , 354.2
437.26 , 354.96
430.61 , 356.45
423.96 , 357.95
417.56 , 359.99
411.69 , 363.36
406.36 , 368.2
412.09 , 371.93
418.21 , 374.67
424.61 , 376.7
431.61 , 377.45
438.63 , 378.2
446.01 , 378.2
453.01 , 377.45
459.69 , 375.97
465.78 , 373.2
568.87 , 323.34
574.5 , 314.91
583.72 , 311.31
593.79 , 309.59
604.57 , 309.84
615.37 , 310.09
626.17 , 310.34
636.25 , 312.09
645.37 , 315.84
653.77 , 321.69
658.14 , 330.69
653.96 , 339.6
644.14 , 337.36
635.72 , 331.59
626 , 329.09
616.17 , 326.84
605.5 , 326.35
595.42 , 328.09
585.69 , 330.61
575.3 , 331.54
487.62 , 318.63
477.32 , 311.14
465.14 , 308.38
452.02 , 307.63
438.77 , 307.13
425.27 , 307.14
412.85 , 309.38
401.07 , 312.92
390.12 , 318.63
379.67 , 325.57
370.87 , 335.38
384.02 , 336.13
396.42 , 333.89
408.35 , 330.63
421.25 , 329.38
434.5 , 328.88
447.77 , 329.38
460.42 , 331.13
473.19 , 332.63
485.84 , 330.88
