3051975799_1
488.48 , 384.09
486.35 , 407.68
483.66 , 429.94
480.95 , 455.58
478.82 , 477.41
477.61 , 502.92
481.38 , 525.37
487.91 , 548.49
494.72 , 571.99
501.31 , 595.17
509.35 , 618.02
519.27 , 639.66
530.64 , 660.54
543.33 , 680.62
558.33 , 698.91
576.45 , 714.68
595.47 , 728.92
619.06 , 739.44
640.22 , 744.15
665.9 , 744.83
688.15 , 745.74
713.14 , 745.98
737.07 , 745.77
760.64 , 742.01
783.75 , 738.91
808.93 , 735.17
831.44 , 726.52
853.6 , 718.9
875.41 , 712.06
897.1 , 699.97
915.66 , 686.4
934.58 , 668.47
947.68 , 648.94
959.38 , 628.18
968.9 , 607.64
974.67 , 584.86
978.7 , 559.68
980 , 535.08
983.34 , 511.69
985.32 , 488.79
985.6 , 463.19
587.34 , 380.09
580.44 , 397.81
567.98 , 411.25
557.71 , 429.04
562.62 , 447.16
573.25 , 464
586.9 , 477.51
606.55 , 484.3
624.41 , 481.97
644.15 , 478.35
663.34 , 474.66
683.89 , 469.69
697.5 , 457.76
698.94 , 438.15
695.33 , 418.62
687.28 , 401.54
678.11 , 382.19
567.99 , 577.66
579.87 , 566.78
591.66 , 555.73
603.89 , 545.76
616.82 , 537.85
631.97 , 535.16
647.41 , 537.18
662.19 , 533.7
678.37 , 534.16
693.69 , 536.42
708.94 , 538.87
724.09 , 541.51
738.87 , 544.89
753.36 , 548.91
757.04 , 562.6
745.04 , 573.15
732.62 , 582.51
720.14 , 591.74
707.66 , 600.98
694.59 , 608.57
680.74 , 613.91
665.64 , 616.66
649.19 , 616.67
633.82 , 614.48
619.66 , 609.9
606.34 , 602.98
593.84 , 593.76
581.39 , 584.41
574.49 , 571.66
584.74 , 563.66
596.26 , 559.14
608.22 , 555.68
620.94 , 553.66
634.01 , 552.41
647.32 , 551.66
660.89 , 551.91
674.22 , 551.16
687.51 , 551.91
700.49 , 553.41
713.79 , 554.16
727.24 , 554.66
740.32 , 555.9
749.14 , 563.26
738.62 , 570.54
727.26 , 575.66
715.29 , 579.12
702.59 , 581.16
689.29 , 581.92
676.32 , 583.38
663.62 , 585.41
650.54 , 584.16
637.34 , 583.15
624.49 , 581.41
611.54 , 579.91
598.84 , 577.9
586.59 , 574.94
724.64 , 328.84
733.72 , 324.3
742.66 , 319.32
752.04 , 315.68
762.34 , 313.88
773.22 , 314.34
783.16 , 316.84
792.37 , 321.07
801.29 , 326.08
809.99 , 331.66
818.66 , 337.35
814.86 , 345.35
804.44 , 346.85
793.76 , 347.84
782.71 , 347.66
772.26 , 346.21
762.37 , 343.58
752.99 , 339.93
743.57 , 336.33
733.32 , 334.52
595.44 , 299.61
590.39 , 295.27
584.99 , 291.95
579.34 , 289.21
573.71 , 286.39
567.79 , 284.45
561.54 , 283.2
554.64 , 283.21
548.51 , 284.72
542.96 , 287.78
537.79 , 291.7
542.49 , 296.64
547.74 , 300.41
553.62 , 302.48
559.99 , 303.45
566.64 , 303.95
573.26 , 303.45
580.04 , 303.7
586.54 , 304.45
593.18 , 304.94
696.04 , 252.26
717.84 , 244.24
742.99 , 245.51
768.16 , 246.76
793.34 , 248.01
817.51 , 251.25
840.16 , 257.64
861.39 , 267.85
879.94 , 285.16
893.92 , 304.88
906.97 , 324.91
887.94 , 319.88
867.94 , 306.67
847.01 , 295.75
826.14 , 284.85
804.16 , 277.04
779.46 , 274.76
754.44 , 276.26
728.66 , 276.26
704.05 , 274.1
621.31 , 237.03
612.58 , 225.14
600.84 , 215.89
587.96 , 209.69
574.29 , 205.64
559.56 , 203.65
544.36 , 204.65
530.29 , 208.03
517.59 , 214.73
507.95 , 226.33
503.66 , 239.9
509.06 , 253.04
521.36 , 246.47
533.91 , 239.4
548.24 , 236.66
563.91 , 236.65
578.04 , 239.92
591.49 , 244.47
604.74 , 249.46
619.47 , 251.41
