3052055699_1
899.22 , 1150.36
896.57 , 1197.4
901.79 , 1248.43
904.89 , 1296.49
906.27 , 1347.25
908.54 , 1397.8
913.8 , 1449.64
920.42 , 1499.58
930.4 , 1548.25
948.64 , 1592.15
972.08 , 1637.9
998 , 1680.02
1032.1 , 1720.87
1067.52 , 1754.68
1103.9 , 1790.12
1137.38 , 1826.14
1168.99 , 1862.51
1210.51 , 1892.91
1255.59 , 1917.5
1300.96 , 1933.75
1351.15 , 1946.12
1398.7 , 1952.79
1449.39 , 1950.27
1498.82 , 1938.8
1548.68 , 1926.01
1596.35 , 1906.21
1641.16 , 1884.18
1679.01 , 1858.1
1724.83 , 1830.73
1766.63 , 1805.18
1806.02 , 1775.92
1842.07 , 1742.68
1874.46 , 1699.48
1904.25 , 1658.58
1932.64 , 1617.5
1959.35 , 1575.09
1981.62 , 1530.34
2005.38 , 1486.79
2030.29 , 1445.56
2041.47 , 1395.07
2045.97 , 1343.15
1412.95 , 1082.05
1391.61 , 1118.58
1365.19 , 1150.72
1337.84 , 1185.28
1327.07 , 1227.97
1352.21 , 1263.59
1388.9 , 1281.83
1428.92 , 1298.25
1470.75 , 1305.04
1517.15 , 1305.85
1559.27 , 1307.93
1602.38 , 1304.63
1634.04 , 1273.46
1634.84 , 1232.52
1621.06 , 1190.11
1604.43 , 1150.8
1596.1 , 1105.64
1235.7 , 1425.03
1269.23 , 1414.54
1303.85 , 1405.76
1340.2 , 1400.78
1377.67 , 1403.53
1410.95 , 1414.53
1442.08 , 1431.78
1479.68 , 1434.28
1517.38 , 1432.03
1552.78 , 1439.06
1584.2 , 1455.53
1614.3 , 1475.41
1645.03 , 1493.6
1672.15 , 1518.83
1646.57 , 1546.93
1617.8 , 1570.69
1586.83 , 1588.31
1553.53 , 1599.29
1516.93 , 1603.78
1478.38 , 1604.28
1440.6 , 1602.18
1405.55 , 1594.38
1371.93 , 1584.01
1340.08 , 1568.66
1310.45 , 1547.28
1284.67 , 1519.26
1264.82 , 1489.18
1248.7 , 1457.53
1251.95 , 1437.78
1281.95 , 1439.53
1311.62 , 1442.03
1341.28 , 1444.52
1368.93 , 1451.28
1395.67 , 1459.52
1423.35 , 1466.18
1452.73 , 1469.28
1482.12 , 1472.28
1511.9 , 1474.53
1541.55 , 1477.03
1570 , 1482.02
1597.65 , 1488.79
1624.7 , 1496.53
1629.48 , 1519.79
1603.1 , 1529.02
1573.95 , 1532.53
1543.3 , 1532.03
1512.8 , 1531.28
1481.95 , 1531.28
1451.55 , 1531.78
1422.43 , 1528.26
1396.12 , 1518.97
1369.93 , 1509.51
1342.88 , 1501.71
1316.65 , 1492.27
1291.55 , 1479.35
1268.23 , 1461.58
1652.96 , 1000.35
1671.06 , 990.84
1690.18 , 984.37
1708.71 , 976.1
1727.96 , 969.85
1749.59 , 968.35
1770.38 , 971.59
1789.63 , 977.79
1807.66 , 987.59
1824.56 , 1000.42
1836.96 , 1017.48
1829.23 , 1035.83
1809.59 , 1041.35
1788.43 , 1043.85
1767.34 , 1041.23
1748.38 , 1034.28
1729.84 , 1026.13
1710.79 , 1019.38
1692.04 , 1011.85
1672.06 , 1006.88
1317.64 , 924.25
1306.64 , 911.55
1294.12 , 900.01
1280.67 , 891.07
1266.32 , 884.57
1250.3 , 881.82
1233.92 , 883.82
1218.82 , 888.29
1204.57 , 895.16
1191.37 , 904.88
1178.92 , 916.57
1190.27 , 929.19
1203.6 , 938.47
1217.45 , 946.33
1231.95 , 952.32
1247.97 , 955.06
1265.07 , 954.57
1280.72 , 951.07
1295.32 , 945.33
1309.36 , 937.88
1677 , 866.7
1707.28 , 851.94
1739.45 , 842.19
1774 , 837.2
1809.65 , 834.44
1845.4 , 831.95
1881.05 , 834.2
1911.8 , 847.99
1936.52 , 873.73
1958.09 , 901.53
1977.03 , 930.23
1957.75 , 951.2
1929.95 , 929.63
1899.62 , 914.67
1864.72 , 910.45
1830.15 , 905.45
1793.78 , 906.22
1757.9 , 903.95
1721.78 , 902.2
1686.5 , 898.95
1419.89 , 859.92
1412.35 , 822.94
1381.98 , 798.79
1349.58 , 780.18
1316.26 , 763.97
1279.58 , 755.72
1241.61 , 750.22
1202.68 , 746.72
1164.46 , 751.69
1131.23 , 768.35
1103.23 , 797.35
1084.13 , 829.47
1119.28 , 818.45
1158.71 , 815.97
1198.61 , 817.47
1237.56 , 820.97
1274.23 , 829.25
1309.38 , 840.22
1344.96 , 850.54
1380.23 , 861.32
