1408008592_1
118.12 , 808.8
110.9 , 853.58
102.85 , 906.82
94.82 , 953.99
85.89 , 1000.95
79.55 , 1053.48
77.91 , 1100.22
82.01 , 1149.83
93.12 , 1197.6
111.78 , 1247.94
131.86 , 1289
156.01 , 1333.31
183.83 , 1378.39
212.62 , 1418.92
241.13 , 1456.68
275.87 , 1493.45
308.79 , 1530.39
349.01 , 1558.75
399.2 , 1572.69
445.17 , 1583.21
497.27 , 1580.23
544.5 , 1584.61
594.13 , 1579.93
638.67 , 1564.75
684.86 , 1543.35
728.67 , 1518.98
774.02 , 1493.23
814.64 , 1463.43
851.86 , 1431.5
888.76 , 1400.87
927.58 , 1368.34
964.56 , 1338.15
996.71 , 1300.55
1019.8 , 1253.06
1038.17 , 1209.77
1051.11 , 1160.14
1060.71 , 1113.88
1068.12 , 1062.13
1072.22 , 1013.63
1073.3 , 965.22
1070.99 , 911.24
407.75 , 825.78
387.88 , 854.15
362.51 , 878.9
357.98 , 915.5
376 , 948.08
405.06 , 966.39
438.7 , 986.61
469.78 , 1002.34
505.83 , 1003.28
544.27 , 995.07
577.5 , 987.6
613.66 , 974.38
644.68 , 956.77
661.5 , 926.22
655.37 , 889.3
629.98 , 861.7
601.32 , 837.31
273.5 , 1109.57
291.66 , 1071.87
328.05 , 1050.28
368.38 , 1038.82
414.2 , 1039.05
453.95 , 1051.57
496.5 , 1058.57
538.2 , 1049.82
583.65 , 1050.82
626.23 , 1057.82
667.38 , 1067.79
704.95 , 1086.51
738.5 , 1116.07
765.8 , 1150.44
749.41 , 1188.69
722.6 , 1223.22
690.05 , 1255.54
653 , 1275.57
612.4 , 1286.57
568.03 , 1289.82
522.92 , 1291.57
477.1 , 1291.32
433.58 , 1286.31
392.45 , 1276.28
354.83 , 1257.66
322.28 , 1225.37
301.01 , 1188.85
281.98 , 1151.39
312.5 , 1113.07
339.3 , 1092.8
374.15 , 1094.07
408.02 , 1097.32
439.07 , 1106.35
470.73 , 1114.3
505.8 , 1113.57
539.45 , 1109.82
573.58 , 1107.07
608.42 , 1105.82
643.15 , 1107.32
677.62 , 1109.32
708.12 , 1119.2
735.85 , 1136.82
729.13 , 1168.41
701.53 , 1186.31
669.55 , 1193.55
637 , 1199.57
603.73 , 1204.07
569.6 , 1206.82
535.35 , 1209.32
501.12 , 1211.82
465.65 , 1211.82
431.65 , 1208.84
399.12 , 1202.85
369.3 , 1191.14
342.72 , 1170.3
325.02 , 1142.59
663.52 , 687.57
683.17 , 685.07
703.35 , 686.57
723.02 , 689.07
741.85 , 693.31
760.92 , 697.09
780.1 , 700.6
799.77 , 703.07
819.57 , 705.32
838.42 , 709.47
855.57 , 714.32
835.17 , 715.32
815.12 , 717.07
794.85 , 718.32
774.82 , 716.56
755.5 , 713.33
736.39 , 709.69
717.72 , 705.03
699.85 , 699.1
682.47 , 691.57
395.47 , 683.96
386.29 , 677.2
366.99 , 677.55
348.56 , 679.7
329.81 , 681.2
310.72 , 681.95
291.47 , 682.45
272.37 , 681.72
254.37 , 678.69
237.37 , 673.71
219.84 , 669.7
236.07 , 676.43
252.04 , 684.16
268.51 , 690.38
285.44 , 695.43
304.32 , 696.7
323.29 , 695.69
341.57 , 693.22
359.81 , 690.7
377.72 , 687.43
614.85 , 541.05
638.9 , 516.25
670.58 , 509.8
704.53 , 511.05
737.62 , 514.55
770.38 , 518.81
803.35 , 522.55
836.58 , 525.78
868.7 , 531.29
900.45 , 537.53
928.28 , 553.25
909.78 , 569.3
875.83 , 567.55
841.28 , 567.55
807.7 , 565.05
773.73 , 563.3
739.18 , 563.8
706.33 , 567.8
672.38 , 569.05
640.27 , 563.47
373.92 , 535.64
372.57 , 513.82
351.72 , 502.65
330.6 , 492.13
308.82 , 483.64
285.27 , 478.89
260.07 , 480.18
236.87 , 485.64
214.37 , 492.39
193.17 , 502.59
176.17 , 521.31
165.62 , 542.39
188.57 , 536.43
210.55 , 528.67
233.05 , 521.88
256.82 , 517.64
281.8 , 518.89
304.55 , 525.11
326.62 , 532.64
349.8 , 538.14
