3052817324_1
169.68 , 456.51
174.56 , 469.49
180.24 , 483.34
185.74 , 497.33
189.93 , 510.43
195.47 , 524.54
202.46 , 537.75
210.02 , 549.84
218.99 , 561.19
229.03 , 571.78
239.57 , 582.38
249.02 , 593.25
258.36 , 605.7
266.94 , 617.55
275.08 , 629.66
283.73 , 641.5
294.58 , 650.7
308.18 , 656.62
321.83 , 653.64
335.81 , 646.1
347.91 , 638.39
360.59 , 631.04
372.71 , 623.07
384.54 , 613.31
395.66 , 603.87
406.04 , 593.94
417.04 , 584.89
429.87 , 576.06
441.16 , 567.22
451.15 , 555.64
460.5 , 544.69
470.94 , 534.02
478.14 , 522.25
484.92 , 508.97
491.39 , 496.05
495.83 , 481.61
498.69 , 467.55
501.54 , 452.87
500.9 , 438.45
499.72 , 422.89
499.44 , 408.1
254.98 , 457.38
254.52 , 468.57
255.03 , 480.93
255.2 , 493.15
257.86 , 505.01
264.93 , 514.11
275.3 , 518.54
287.74 , 519.43
299.18 , 514.69
308.54 , 508.43
318.46 , 501.45
328.75 , 496.04
337.37 , 486.66
339.53 , 475.4
335.85 , 464.16
329.25 , 454.23
322.26 , 443.59
256.8 , 537.52
267.53 , 537.02
278.28 , 536.52
289.03 , 536.02
299.88 , 535.77
310.75 , 535.52
321.38 , 534.77
331.75 , 533.52
342.25 , 532.52
352.62 , 531.27
362.9 , 529.77
373.53 , 529.02
382.87 , 531.68
376.95 , 540.1
371.92 , 548.87
366.02 , 557.3
357.68 , 563.43
348.75 , 568.06
339.53 , 571.79
329.88 , 574.52
319.98 , 576.77
309.35 , 577.52
298.35 , 577.51
288.23 , 575.79
279.2 , 571.45
271.3 , 564.02
265.79 , 555.44
261.46 , 546.42
262.3 , 537.27
269.95 , 540.76
277.35 , 545.03
284.98 , 548.79
292.9 , 551.52
301.35 , 553.27
310.52 , 553.52
319.45 , 552.76
327.4 , 550.05
335.6 , 547.77
344.18 , 546.27
351.95 , 542.99
359.55 , 539.27
367.25 , 535.75
374.78 , 531.99
367.03 , 535.26
359.33 , 538.78
351.73 , 542.53
343.95 , 545.77
335.62 , 547.76
327.18 , 549.5
319.33 , 552.53
310.53 , 553.52
301.6 , 552.77
292.9 , 551.55
285.05 , 548.52
277.55 , 544.52
269.93 , 540.77
328.25 , 368.22
333.1 , 363.12
337.95 , 358.03
343.65 , 354.81
349.57 , 352.19
355.85 , 350.44
362.5 , 349.47
369.62 , 349.47
376.4 , 350.23
382.43 , 352.46
387.89 , 356.32
388.31 , 362.95
382.5 , 365.97
376.23 , 367.72
369.7 , 368.97
363.05 , 369.97
356.05 , 369.72
349.05 , 369.47
341.93 , 369.47
335.02 , 368.97
235.33 , 373.79
230.88 , 370.68
225.93 , 368.94
220.73 , 367.69
215.06 , 367.44
209.5 , 367.95
204.33 , 369.17
199.41 , 370.96
194.71 , 373.41
190.59 , 377.52
188.18 , 382.19
193.63 , 382.94
198.81 , 384.18
204.13 , 385.19
209.91 , 385.19
215.33 , 384.44
220.53 , 383.2
225.83 , 382.2
231.16 , 381.19
235.93 , 378.94
295.68 , 348.76
301.21 , 337.98
311.43 , 331.01
322.48 , 326.25
333.83 , 322.36
345.31 , 318.79
357.13 , 315.78
369.46 , 313.76
382.61 , 313.51
395.16 , 314.99
406.41 , 319.49
401.96 , 326.01
389.18 , 326.01
376.86 , 327.99
364.93 , 330.76
353.38 , 334.31
342.25 , 338.75
330.96 , 342.76
319.4 , 346.25
308.08 , 350.26
235.78 , 356.79
229.62 , 350.28
222.32 , 346.09
214.5 , 343.27
206.28 , 341.27
197.57 , 340.27
188.53 , 340.02
180.07 , 341.5
172 , 343.77
164.4 , 347.11
157 , 351.02
163.88 , 356.42
172.9 , 356.27
181.82 , 355.77
190.53 , 356.77
199.32 , 357.52
208.03 , 358.52
216.47 , 360
224.8 , 361.79
233 , 363.77
