3052865023_2
454.95 , 688.9
456.35 , 709.6
460.12 , 732.07
466.04 , 754.35
472.66 , 774.73
480.98 , 797.15
487.95 , 816.86
495.83 , 838.91
504.99 , 859.78
515.38 , 879.53
527.78 , 898.94
540.14 , 916.53
554.01 , 933.78
568.63 , 950.32
583.63 , 967.03
600.93 , 983.63
617.25 , 997.16
635.81 , 1011.86
653.15 , 1024.51
671.73 , 1035.25
693.61 , 1043.83
715.99 , 1048.27
739.05 , 1048.53
759.33 , 1045.95
780.95 , 1040
802.19 , 1031.44
820.6 , 1018.79
836.17 , 1000.48
848.58 , 983.09
857.11 , 962.07
866.41 , 941.47
878.36 , 922.4
889.86 , 904.46
903.49 , 885.02
915.49 , 866.42
927.88 , 847.17
940.29 , 830.02
955.04 , 811.03
968.45 , 793.97
980.46 , 774.22
988.55 , 753.19
730.28 , 770.48
720.15 , 786.18
709.87 , 802.76
706.98 , 823.96
713.74 , 842.11
731.72 , 850.87
750.78 , 852.91
769.17 , 857.04
788.94 , 864.81
807.66 , 859.33
826.65 , 853.63
841.54 , 841.46
850.1 , 822.24
854.29 , 803.58
848.13 , 784.43
838.99 , 765.96
825.39 , 750.6
645.1 , 883.93
664.52 , 883.93
682.5 , 886.92
700.95 , 888.93
719.05 , 891.68
738.48 , 891.68
756.83 , 889.43
775.65 , 890.68
793.78 , 888
809.98 , 881.06
827.05 , 876.17
845.38 , 873.91
861.99 , 874.03
850.29 , 888.5
841.85 , 904.18
832.72 , 919.58
820.82 , 933.95
807.23 , 947.59
791.9 , 956.91
775.2 , 962.44
756.6 , 964.18
737.58 , 963.41
719.58 , 960.41
703.92 , 951.94
688.8 , 942.13
674.73 , 929.3
663.01 , 914.86
652.59 , 899.9
669.85 , 899.43
680.38 , 902.19
692.12 , 902.43
703.52 , 903.43
714.43 , 905.41
725.95 , 906.18
737.73 , 905.93
749.35 , 906.43
761.12 , 906.18
772.75 , 905.68
784.03 , 904.43
794.85 , 902.18
805.25 , 899.15
815.8 , 896.43
815.82 , 902.45
806.3 , 907.72
796.55 , 912.46
786.55 , 916.45
776.08 , 919.2
765 , 920.93
753.7 , 922.08
742.23 , 922.44
730.83 , 921.43
719.9 , 919.43
709.23 , 916.96
698.95 , 913.65
688.9 , 909.96
678.98 , 905.81
854.32 , 657.85
860.79 , 648.62
868.77 , 639.91
878.02 , 633.42
887.82 , 628.35
897.8 , 623.84
908.52 , 621.09
920.1 , 620.1
931.17 , 622.1
941.17 , 626.61
949.06 , 635.25
952.6 , 645.55
944.27 , 654.11
934.35 , 658.85
923.47 , 661.35
912.05 , 662.6
900.1 , 662.85
888.42 , 662.1
876.72 , 661.35
865.27 , 660.1
721.44 , 641.06
712.37 , 630.98
702.1 , 622.47
690.64 , 617.25
678.25 , 614.23
664.87 , 613.23
651.5 , 614.24
638.77 , 616.57
626.95 , 620.67
615.77 , 626.61
605.12 , 633.98
614.75 , 643.88
626.14 , 649.25
638.14 , 652.99
650.77 , 655.5
663.64 , 657.48
677.14 , 658.23
690.14 , 656.48
703.05 , 654.46
715.52 , 651.58
883.5 , 608.99
892.62 , 599.75
903.35 , 594.4
914.42 , 590.22
925.33 , 585.46
936.4 , 581.21
947.95 , 578.03
959.38 , 574.61
970.48 , 570.51
982.85 , 568.99
990.57 , 578.41
984.38 , 588.73
974.02 , 594.97
962.85 , 598.89
951.52 , 602.48
940 , 605.74
928.62 , 609.21
917.23 , 612.74
905.55 , 615.75
893.17 , 617.18
761.38 , 604.78
753.31 , 586.51
733.28 , 576.55
712.81 , 568.07
692.03 , 560.54
671.73 , 551.5
650.81 , 544.25
626.53 , 544.71
604.9 , 550.57
584.43 , 559.04
565.23 , 571
556.98 , 591.5
578.9 , 596.52
602.53 , 594.75
625.81 , 592.22
649.81 , 593.25
672.48 , 597
694.56 , 602
716.46 , 607.48
739.71 , 610
