3052865023_3
521.73 , 702.68
525.01 , 722.5
527.23 , 744.25
533.43 , 767.5
538.91 , 788.13
544.16 , 808.97
552.47 , 829.1
563.4 , 848.77
577.49 , 867.72
592.63 , 883.99
606.5 , 898.48
621.59 , 916.99
630.8 , 936.72
640.63 , 955.7
655.13 , 973.79
667.37 , 990.57
685.66 , 1004.31
705.96 , 1012.04
726.79 , 1017.99
748.76 , 1020.88
771.55 , 1020.07
792.27 , 1016.61
813.99 , 1007.48
831.34 , 995.05
847.94 , 980.58
863.6 , 964.93
879.85 , 948.47
896.16 , 935.2
914.6 , 923.98
934.38 , 910.9
950.54 , 896.38
964.68 , 880.31
979.7 , 863.06
993.43 , 847.55
1006.54 , 828.81
1016.48 , 808.9
1024.51 , 788.62
1030.24 , 766.61
1034.37 , 745.79
1037.13 , 722.99
1039.12 , 699.96
669.56 , 703.85
656.36 , 719.26
644.34 , 735.1
637.26 , 754.86
649.71 , 771.67
665.27 , 784.71
680.5 , 797.98
695.71 , 812.32
716.85 , 813.2
732.83 , 800.38
748.74 , 788.38
768.94 , 778.76
788.4 , 771.44
803.62 , 759.36
803.36 , 738.19
791.39 , 722.05
778.52 , 704.11
619.38 , 813.78
640.4 , 815.28
660.08 , 819.54
680.5 , 822.27
701.18 , 824.53
721.61 , 827.28
742.86 , 826.28
763.65 , 824.28
784.93 , 825.28
806.56 , 825.53
828.31 , 825.53
849.58 , 826.53
864.41 , 837.51
851.58 , 853.83
836.06 , 868.83
820.08 , 882.58
803.73 , 895.21
786.61 , 905.79
768.63 , 914.03
748.58 , 917.53
727.68 , 919.28
706.75 , 917.5
687.86 , 911.77
671.28 , 899.68
656.12 , 884.23
644.2 , 867.63
635.13 , 849.9
626.91 , 831.93
648.13 , 829.78
662.13 , 836.78
676.55 , 842.46
691.25 , 847.41
705.83 , 852.76
721.8 , 855.21
738.86 , 855.53
754.23 , 851.78
769.86 , 848.53
786.31 , 847.01
801.56 , 843.1
816.61 , 838.79
832.28 , 835.63
848.68 , 834.03
845.11 , 845.79
831.28 , 853.37
816.78 , 858.87
802.5 , 865.03
788.13 , 871.03
772.86 , 875.03
757.43 , 878.74
741.36 , 881.03
724.78 , 881.75
708.93 , 879.04
694.73 , 872.54
680.78 , 865.28
667.68 , 855.83
655.51 , 843.68
801.45 , 639.96
810.75 , 631.95
821.12 , 626.81
831.3 , 621.12
841.68 , 615.95
852.9 , 612.95
865.23 , 612.21
877.3 , 613.47
888.4 , 616.67
898.6 , 622.34
906.64 , 631.63
902.73 , 642.2
892.15 , 646.69
881.5 , 650.96
870.12 , 653.71
857.93 , 654.71
845.73 , 653.71
833.9 , 651.96
822.43 , 649.46
811.48 , 645.97
675.68 , 619.28
668.91 , 610.13
659.76 , 603.47
649.91 , 598.63
639.78 , 594.75
629.01 , 592.11
617.24 , 592.63
606.06 , 594.37
595.38 , 597.15
586.09 , 603.39
583.16 , 613.88
591.71 , 621.43
601.06 , 627.5
610.76 , 632.72
620.61 , 637.59
631.48 , 639.87
643.38 , 640.13
654.68 , 638.63
665.96 , 637.13
675.36 , 631.14
775.14 , 581.95
786.13 , 565.81
803.16 , 557.19
820.64 , 549.95
838.62 , 543.94
857.39 , 539.45
877.49 , 537.7
897.69 , 538.7
916.72 , 542.69
934.49 , 549.3
950.87 , 559.69
947.74 , 571.29
929.87 , 564.94
910.49 , 561.7
889.84 , 562.24
870.19 , 564.95
850.37 , 567.22
830.24 , 568.86
812.46 , 575.39
795.24 , 583.7
682.73 , 581.78
669.83 , 569.62
656.92 , 557.46
643.67 , 546.23
629.65 , 537.2
614.92 , 529.96
599.95 , 523.47
583.42 , 520.45
565.45 , 520.45
548.56 , 522.69
539.15 , 536.45
552.08 , 548.65
569.65 , 549.45
586.52 , 551.69
601.9 , 556.95
616.62 , 564.18
631.05 , 572.19
645.05 , 581.32
659.12 , 590.17
675.15 , 594.2
