305612849_1
363.25 , 564.75
366.78 , 578.57
371.41 , 592.52
376.7 , 606.53
382.22 , 620.15
387.7 , 633.54
393.15 , 646.29
400.68 , 659.59
408.75 , 672
416.57 , 684.27
426.62 , 695.3
436.82 , 705.27
447.84 , 715.8
459.95 , 724.89
473.05 , 731.6
485.72 , 736.91
499.25 , 742.32
513.99 , 748.19
526.7 , 754.27
540.41 , 758.44
555.04 , 759.12
569.58 , 757.82
584.81 , 753.93
598.16 , 747.59
609.75 , 741.01
623.38 , 732.5
633.97 , 723.84
644.73 , 712.82
653.31 , 702.06
661.39 , 688.84
668.13 , 676.78
675.81 , 663.63
682.63 , 650.46
688.31 , 636.09
693.26 , 623.49
697.75 , 609.62
700.35 , 593.82
702.2 , 579.87
703.38 , 564.76
702.91 , 550.06
703.14 , 535.11
497.86 , 516.31
491.94 , 524.65
489.37 , 535.7
492.28 , 546.32
502.69 , 551.15
512.95 , 550.23
524.19 , 548.19
535.55 , 547.77
547.07 , 546.9
557.96 , 545.62
568.99 , 543.52
580.5 , 541.4
591.19 , 539
595.22 , 528.7
593.51 , 518.77
586.38 , 509.05
576.66 , 503.36
471.53 , 626.12
479.44 , 614.2
491.58 , 606.86
504.18 , 600.59
516.98 , 595.11
531.15 , 592.63
546.3 , 592.12
560.48 , 589.62
574.53 , 586.87
589.8 , 586.62
604.83 , 587.37
619.13 , 589.63
632.2 , 594.37
634.02 , 608.82
628.13 , 621.52
619.66 , 633.25
610.78 , 644.87
600.08 , 655.82
588.75 , 665.4
576.43 , 672.38
563.28 , 676.87
549.11 , 679.37
533.98 , 678.88
520.55 , 674.86
507.8 , 669.13
495.8 , 661.4
484.81 , 650.9
477.05 , 638.89
481.03 , 622.12
491.03 , 616.37
502.3 , 613.62
513.68 , 611.13
525.68 , 609.87
537.78 , 608.87
549.88 , 607.87
561.5 , 605.87
572.5 , 602.61
583.36 , 599.12
594.73 , 596.62
606.86 , 595.62
618.55 , 597.42
621.06 , 608.8
616.02 , 619.14
608.6 , 628.54
600.43 , 637.74
590.53 , 643.87
579.98 , 648.1
569.11 , 651.63
557.73 , 654.12
546.11 , 656.11
534.48 , 658.12
522 , 657.87
510.5 , 655.62
500.18 , 650.61
490.88 , 642.74
484.57 , 632.92
575.32 , 461.25
578.2 , 455.61
583.52 , 451.77
589.25 , 449.03
595.2 , 447
601.45 , 445.5
607.92 , 444.5
614.77 , 444.25
621.35 , 445
627.6 , 446.5
633.36 , 449.07
630.37 , 454.72
624.97 , 458.34
619.15 , 460.72
613.2 , 462.75
606.95 , 464.26
600.6 , 465.5
593.75 , 465.75
586.92 , 465.99
580.65 , 464.56
486.34 , 471.1
480.93 , 467.44
475 , 465.14
468.33 , 464.38
461.55 , 463.88
454.9 , 464.63
448.58 , 466.13
442.55 , 468.11
436.62 , 470.37
431.25 , 474.24
426.1 , 478.63
432 , 480.91
438.03 , 482.89
444.45 , 484.13
451.23 , 484.63
457.88 , 483.88
464.2 , 482.4
470.23 , 480.35
476.38 , 478.64
482.33 , 476.39
556.15 , 409.83
561.06 , 397.63
572.52 , 390.58
585.1 , 386.58
598.45 , 384.08
612.9 , 383.83
627 , 384.81
639.42 , 389.1
651.12 , 395.55
661.77 , 404.96
669.47 , 416.15
673.1 , 428.02
662.47 , 418.63
650.9 , 411.83
638.15 , 408.08
624.2 , 406.83
609.75 , 407.08
595.42 , 407.58
581.45 , 408.81
569 , 413.07
487.16 , 413.99
480.21 , 403.33
468.04 , 399.85
454.49 , 400.6
441.19 , 401.84
428.49 , 404.35
416.89 , 409.19
405.56 , 415.01
395.07 , 423.03
386.31 , 433.25
380.74 , 444.6
382.49 , 457.67
393.49 , 452.6
403.47 , 443.12
413.97 , 435.13
425.14 , 428.94
436.69 , 423.89
449.24 , 421.1
462.67 , 420.1
476.31 , 420.6
