3057282922_1
692.35 , 1308.95
689.11 , 1351.8
685.94 , 1394.92
685.32 , 1436.55
685.36 , 1480.86
687.95 , 1525.64
690.18 , 1565.96
691.66 , 1609.96
698.24 , 1655.1
707.78 , 1697.78
716.01 , 1737.53
726.37 , 1778.69
742.29 , 1822.84
762.36 , 1860.07
784.89 , 1896.89
811.95 , 1929.76
842.23 , 1961.96
877.83 , 1987.97
915.4 , 2008.75
953.74 , 2026.16
995.38 , 2034.27
1040.88 , 2035.1
1082.35 , 2032.49
1128.25 , 2029.2
1168.76 , 2030.93
1213.84 , 2029.95
1255.46 , 2023.67
1301.19 , 2011.74
1339.73 , 1994.58
1377.58 , 1973.78
1415.28 , 1951.85
1448.6 , 1928.38
1486.07 , 1900.57
1516.49 , 1871.43
1547.71 , 1840.9
1574.68 , 1807.3
1597.59 , 1771.12
1617.06 , 1733.15
1637.86 , 1691.7
1656.11 , 1651.91
1676.25 , 1613.02
1077.39 , 1303.39
1056.79 , 1336.65
1029.73 , 1365.78
992.04 , 1373.47
970.13 , 1408.37
983.8 , 1444.59
1010.71 , 1477.83
1043.64 , 1501.44
1078.89 , 1517
1120.13 , 1518.92
1160.24 , 1522.15
1200.04 , 1513.83
1232.63 , 1493.06
1231.74 , 1454.19
1209.57 , 1420.01
1188.64 , 1385.95
1199.54 , 1345.35
844.44 , 1584.07
874.97 , 1554.56
916.82 , 1552.57
957.57 , 1556.83
996.04 , 1565.8
1031.99 , 1580.05
1068.66 , 1592.32
1107.84 , 1599.79
1145.24 , 1610.84
1181.04 , 1625.6
1216.82 , 1640.35
1253.32 , 1653.07
1287.97 , 1671.33
1316.6 , 1702.19
1284.34 , 1726.42
1249.12 , 1743.14
1213.84 , 1759.67
1177.62 , 1773.14
1140.34 , 1784.33
1100.66 , 1790.82
1058.84 , 1788.82
1019.07 , 1782.6
982.62 , 1769.75
948.44 , 1750.32
917.29 , 1722.45
895.15 , 1689.27
878.97 , 1653.89
864.03 , 1618.17
880.44 , 1581.07
911.07 , 1573.29
942.07 , 1580.32
971.99 , 1589.33
998.99 , 1606.1
1026.37 , 1621.81
1055.47 , 1632.59
1087.34 , 1637.72
1120.37 , 1640.57
1152.74 , 1644.61
1183.47 , 1652.32
1214.24 , 1659.82
1244.64 , 1668.03
1272.64 , 1682.31
1258.09 , 1708.17
1229.19 , 1719.57
1198.57 , 1727.33
1166.74 , 1732.57
1132.84 , 1733.07
1100.89 , 1728.07
1069.44 , 1722.07
1037.87 , 1716.32
1007.04 , 1708.92
978.09 , 1697.73
950.52 , 1682.42
923.99 , 1664.4
903.37 , 1638.74
892.17 , 1609.8
1303.62 , 1255.2
1321.32 , 1248.5
1339.67 , 1243.16
1359.04 , 1239.77
1379.54 , 1238.7
1399.57 , 1240.71
1418.64 , 1244.7
1436.39 , 1251.44
1453.29 , 1260.69
1468.77 , 1273.84
1482.59 , 1288.9
1469.37 , 1302.2
1448.97 , 1303.45
1428.19 , 1303.44
1409.02 , 1299.72
1390.44 , 1294.73
1372.27 , 1288.95
1355.07 , 1280.44
1337.64 , 1272.71
1319.79 , 1266.39
1034.76 , 1163.61
1025.43 , 1151.53
1014.41 , 1140.26
1002.13 , 1131.48
988.65 , 1126.23
974.5 , 1122.35
959.38 , 1120.48
943.48 , 1120.74
928.65 , 1123.22
915 , 1127.95
901.88 , 1134.23
912.28 , 1145.91
925.4 , 1152.49
939.08 , 1157.19
952.7 , 1162.05
966.81 , 1165.96
981.63 , 1168.48
996.68 , 1170.5
1011.86 , 1172.22
1026.81 , 1174.45
1319.79 , 1125.65
1339.61 , 1102.05
1368.37 , 1095.37
1397.51 , 1100.64
1425.74 , 1108.36
1454.64 , 1114.68
1483.87 , 1120.22
1512.62 , 1126.92
1537.76 , 1142.64
1558.19 , 1165.03
1576.03 , 1189.35
1564.89 , 1204.03
1540.14 , 1187.53
1515.07 , 1171.92
1488.87 , 1159.18
1461.57 , 1149.65
1432.71 , 1143.17
1401.62 , 1141.9
1371.62 , 1145.87
1341.46 , 1148.58
1081.5 , 1069.77
1085.49 , 1037.47
1071.02 , 1008.8
1045.6 , 985.61
1016.35 , 973.01
983.77 , 967.77
948.77 , 967.52
916.33 , 972.99
887.08 , 985.46
859.05 , 1001.46
833.44 , 1024.07
816.75 , 1051.77
845.8 , 1038.79
874.55 , 1024.49
904.55 , 1014.29
935.85 , 1006.24
970 , 1004.27
999.92 , 1014.71
1026.6 , 1034.52
1052.67 , 1055.92
