3058776532_1
560.43 , 782.43
565.86 , 803.49
571.31 , 823.86
576.81 , 846.29
587.82 , 865.34
598.15 , 884.85
604.87 , 906.69
612.07 , 926.79
621.3 , 946.93
632.62 , 966.42
645.92 , 984.58
659.48 , 1001.2
675.3 , 1017.99
690.52 , 1032.2
708.08 , 1045.34
731.03 , 1050.49
751.45 , 1053.97
774.3 , 1057.61
796.92 , 1058.67
817.99 , 1054.93
839.07 , 1048.46
859.87 , 1044.53
882.96 , 1041.11
903.55 , 1035.67
923.89 , 1026.93
945.03 , 1015.8
961.65 , 1004
978.35 , 988.44
992.42 , 971.97
1000.42 , 951.03
1004.84 , 929.47
1009.11 , 907.13
1012.92 , 884.94
1016.79 , 863.17
1020.8 , 841.1
1023.03 , 819.24
1025.05 , 797.22
1026.4 , 775.29
1027.44 , 753.28
1027.83 , 731.43
1026.26 , 707.63
692.22 , 725.54
688.49 , 740.68
686.35 , 756.55
685.76 , 773.94
690.53 , 789.38
702.91 , 797.82
720.49 , 799.45
736.85 , 798.25
752.77 , 794.55
767.76 , 787.92
782.79 , 783.75
799.34 , 779.92
813.47 , 773.62
822.84 , 759.74
819.39 , 743.65
811.21 , 729.32
801.6 , 715.67
691.44 , 895.5
697.75 , 883.2
707.72 , 872.22
719.62 , 864.81
732.67 , 860.52
746.94 , 858.75
761.02 , 856.5
775.34 , 854.75
790.37 , 854.5
804.92 , 855.75
819.34 , 857.25
833.42 , 859.5
847.02 , 862.77
859.71 , 868.02
863.29 , 880.93
851.77 , 889.49
839.82 , 896.74
827.67 , 903.5
815.62 , 910.5
803.54 , 917.44
791.12 , 923.56
778.17 , 928
764.22 , 930.5
749.42 , 931.25
735.12 , 929.52
722.67 , 923.48
711.12 , 915.15
699.38 , 907.19
701.69 , 895.25
710.32 , 889.12
719.84 , 885.47
729.82 , 882.72
740.37 , 881.25
751.17 , 880.25
761.87 , 879
772.67 , 878
783.49 , 877
794.42 , 876.25
805.22 , 875.25
816.04 , 874.25
827.19 , 874.5
838.27 , 875
848.62 , 876.93
840.19 , 880.5
830.07 , 882.97
819.89 , 885.29
810.19 , 888.5
800.09 , 890.98
789.99 , 893.5
779.32 , 894.75
768.14 , 894.5
756.84 , 894.5
745.79 , 894
734.74 , 894.5
723.82 , 895.25
712.77 , 895.75
822.69 , 630.44
827.16 , 623.72
833.79 , 618.84
840.97 , 615.45
848.42 , 612.94
856.29 , 611.2
864.52 , 610.19
872.99 , 609.69
881.34 , 610.45
888.94 , 612.69
895.69 , 617.19
893.2 , 624.67
887.07 , 630.84
879.97 , 634.42
871.87 , 635.69
863.39 , 636.19
854.69 , 636.19
846.47 , 635.19
838.34 , 633.94
830.12 , 632.96
686.17 , 652.61
678.42 , 646.63
669.5 , 643.86
659.94 , 642.38
649.77 , 642.13
640.09 , 643.36
631.17 , 646.13
622.57 , 649.72
614.32 , 654.23
606.58 , 660.23
600.42 , 667.88
607.52 , 675.25
615.94 , 679.38
625.97 , 678.88
635.64 , 677.63
644.97 , 675.64
654.04 , 673.16
662.82 , 670.16
671.19 , 665.85
678.79 , 659.5
773.85 , 570.24
783.7 , 555.12
798.75 , 545
815.27 , 539.02
832.58 , 534.49
850.9 , 532.2
869.68 , 530.75
889 , 530.99
907.75 , 532.5
924.88 , 537.25
940.15 , 546.75
925.62 , 546.99
906.9 , 545.49
887.92 , 546.5
870.17 , 550.01
853.35 , 555.24
836.75 , 560.96
820.25 , 566.99
804.2 , 574.4
788.35 , 581.99
671.74 , 590.27
666.96 , 578.77
655.04 , 574.58
642.49 , 571.58
629.24 , 570.08
615.74 , 571.07
603.21 , 574.06
591.62 , 579.27
580.49 , 585.64
570.2 , 594.41
563.29 , 605.33
564.28 , 618.83
574.96 , 611.15
584.96 , 601.63
596.12 , 595.27
607.84 , 590.59
620.87 , 588.58
634.21 , 589.84
646.87 , 592.58
659.99 , 594.35
