3059898383_1
407.46 , 514.56
410.95 , 530.71
413.31 , 547.38
415.8 , 564.08
419.87 , 581.24
425.89 , 598.57
432.35 , 612.94
440.31 , 629.98
448.54 , 644.62
457.64 , 659.15
467.59 , 673.1
479.81 , 685.55
493.18 , 696.31
507.24 , 705.62
522.8 , 714.01
537.34 , 723.25
552.23 , 730.43
568.83 , 737.08
585.6 , 743.1
601.26 , 744.7
618.35 , 740.39
635.5 , 735.87
652.51 , 730.5
668.7 , 724.15
684.31 , 718.72
699.34 , 711.53
711.04 , 699.2
725.16 , 687.02
736.77 , 674.13
746.73 , 660.71
753.85 , 646.04
760.78 , 630.46
767.16 , 613.62
775.08 , 597.85
781.37 , 582.69
785.74 , 565.72
787.71 , 547.99
788.06 , 530.26
788.21 , 513.89
789.64 , 495.95
791.64 , 478.57
543.87 , 502.62
534.89 , 512.82
528.4 , 524.48
528.12 , 536.98
536.62 , 547.66
550.5 , 551.15
564.19 , 551.69
577.09 , 551.5
590.35 , 550.73
604.06 , 548.52
617.19 , 544.81
630.33 , 540.49
642.69 , 534.67
655.49 , 529.55
657.64 , 516.27
651.82 , 504.61
642.55 , 493.65
516.67 , 606.93
528.62 , 602.41
540.44 , 597.42
553.29 , 594.68
565.62 , 590.91
578.25 , 587.65
592.19 , 588.18
605.42 , 586.18
618.52 , 583.9
632.22 , 582.93
646.14 , 582.43
659.85 , 583.43
672.95 , 585.69
681.8 , 595.55
675.62 , 607
667.59 , 617.75
657.5 , 627.59
646.6 , 635.19
634.97 , 640.95
622.89 , 645.2
610.12 , 648.18
596.67 , 649.68
582.62 , 649.89
569.74 , 647.21
557.99 , 641.99
546.69 , 635.46
536.14 , 626.91
525.97 , 617.23
532.67 , 611.43
542.12 , 609.43
551.47 , 607.16
561.19 , 605.68
571.39 , 605.18
581.72 , 604.93
592.04 , 604.68
602.04 , 603.8
611.85 , 602.42
621.54 , 600.92
631.14 , 599.18
640.87 , 597.68
650.69 , 596.43
660.32 , 594.78
663.74 , 600.09
655.77 , 605.84
647.17 , 609.93
638.22 , 612.95
629.14 , 615.67
620.07 , 618.41
610.69 , 620.68
600.87 , 621.93
590.42 , 621.93
579.97 , 621.93
569.89 , 621.18
560.07 , 619.95
550.37 , 618.39
541.12 , 615.89
635.5 , 436.67
640.05 , 430.37
644.98 , 424.2
650.9 , 418.53
657.27 , 414.14
664.02 , 410.66
671.17 , 408.4
679.23 , 408.92
686.9 , 410.18
693.95 , 412.66
700.64 , 416.27
702.5 , 423.67
696.52 , 429.14
689.8 , 432.66
682.65 , 434.91
674.98 , 436.17
666.67 , 436.17
658.52 , 435.92
650.98 , 434.42
643.42 , 435.92
526.43 , 446.01
520.86 , 441.67
515.23 , 437.53
509.06 , 434.78
502.36 , 433.26
494.95 , 433.26
488.25 , 434.73
482.03 , 437.22
476.06 , 440.42
470.05 , 443.64
465.18 , 449.01
470.63 , 453.73
476.68 , 456.76
483.36 , 458.26
490.31 , 459.26
497.61 , 459.01
504.53 , 458.01
511.33 , 456.76
517.61 , 454.33
523.82 , 451.86
605.05 , 403.59
608.93 , 389.71
622.02 , 383.6
635.95 , 379.57
650.27 , 376.36
664.72 , 373.41
679.47 , 371.12
695.12 , 370.59
710.35 , 371.88
723.72 , 377.33
735.18 , 387.96
735.02 , 399.81
722.17 , 392.96
707.8 , 389.84
692.4 , 388.84
676.85 , 389.55
661.85 , 391.32
646.95 , 393.32
632.52 , 396.36
618.75 , 400.57
528.68 , 411.74
522.93 , 399.79
510.55 , 394.48
496.42 , 393.01
481.55 , 393.01
467.67 , 395.02
454.37 , 398.26
442.14 , 404
430.72 , 411.94
420.87 , 422.51
415.62 , 434.88
413.62 , 448.76
424.87 , 443.01
435.55 , 433.02
447.19 , 425.7
459.75 , 421.01
473.27 , 418.26
487.3 , 416.51
501.89 , 416.01
516.27 , 417
