3059914159_1
412.53 , 543.32
412.65 , 559.99
415.45 , 578.07
420.77 , 595.81
425.31 , 613.01
430.36 , 629.34
436.54 , 646.51
442.18 , 663.71
448.84 , 679.51
460.84 , 692.73
472.6 , 708.45
482.97 , 720.97
495.09 , 735.04
507.5 , 747.62
523.11 , 756.78
537.91 , 765.81
555.3 , 774.39
571.76 , 778.56
589.56 , 782.35
607.51 , 787.46
623.93 , 790.63
642.19 , 790.15
660.34 , 787.23
677.25 , 784.83
694.44 , 779.72
712.87 , 774.76
729.16 , 768.9
744.71 , 760.87
760.72 , 749.89
773.16 , 739.1
782.21 , 723.05
790.67 , 706.53
799.18 , 690.38
806.15 , 674.02
811.43 , 657.13
815.09 , 639.49
817.35 , 621.61
819.59 , 603.76
822.27 , 586
824.34 , 568.18
824.8 , 549.9
630.65 , 550.9
622.66 , 559.55
615.34 , 570.79
609.49 , 582.73
613.19 , 594.64
623.8 , 602.58
635.35 , 607.32
649 , 610.19
661.12 , 612.07
675.03 , 614.62
687.3 , 611.06
699.15 , 606.8
712.47 , 602.64
719.28 , 592.84
714.85 , 580.59
706.4 , 570.19
698.65 , 559.35
590.67 , 667.87
597.11 , 658.42
605.92 , 650.12
615.97 , 645.11
626.77 , 642.15
637.44 , 638.87
649.47 , 638.37
661.5 , 638.87
673.17 , 637.62
685.07 , 636.87
696.5 , 638.6
707.17 , 641.87
716.89 , 647.59
725.39 , 656.32
728.59 , 666.94
722.86 , 676.67
714.12 , 685.17
705.07 , 692.74
695.47 , 698.83
684.94 , 702.37
673.04 , 703.12
661.14 , 702.37
649.6 , 700.89
639.1 , 697.3
629.17 , 692.12
619.42 , 686.37
609.22 , 681.88
599.62 , 675.81
594.17 , 666.87
603.09 , 667.62
611.77 , 666.36
619.82 , 663.85
628.39 , 662.37
637.69 , 662.37
646.87 , 662.62
656.04 , 662.87
665.32 , 662.87
674.25 , 662.12
683.19 , 661.37
692.25 , 661.87
700.92 , 663.12
710.1 , 663.37
718.67 , 661.87
711.12 , 663.37
701.82 , 663.37
692.64 , 663.12
683.47 , 662.87
674.29 , 663.12
665.24 , 663.62
656.07 , 663.87
647.02 , 663.37
637.87 , 663.12
628.92 , 663.87
620.12 , 664.87
611.67 , 666.62
602.99 , 667.87
704.57 , 500.48
708.1 , 494.2
714.37 , 490.47
720.82 , 487.23
727.5 , 484.72
734.67 , 483.23
742.32 , 482.73
749.37 , 484.46
755.87 , 487.52
761.99 , 491.64
766.48 , 497.61
769.48 , 504.1
763.1 , 507.46
755.82 , 508.73
747.92 , 508.73
740.27 , 508.23
732.97 , 506.97
725.7 , 505.72
718.52 , 504.23
711.47 , 502.51
593.47 , 492.53
587.52 , 487.41
581.22 , 483.26
574.42 , 480.41
566.79 , 479.42
559.17 , 480.4
552.02 , 482.39
545.27 , 485.26
538.79 , 489
532.67 , 493.62
526.87 , 499.17
533.12 , 503.42
539.87 , 506.42
547.37 , 507.67
555.25 , 507.17
562.87 , 506.17
570.25 , 504.64
577.52 , 502.9
584.75 , 501.05
592.07 , 499.4
696.56 , 454.76
703.79 , 445.27
714.68 , 441.88
726.36 , 439.99
738.68 , 439.51
750.78 , 440.51
762.63 , 441.99
773.66 , 445.11
783.76 , 450.69
792.91 , 458.86
800.32 , 468.31
797.31 , 476.26
787.63 , 469.6
777.91 , 462.98
767.26 , 459.01
755.78 , 456.76
743.56 , 456.01
731.23 , 456.51
719.13 , 457.51
707.16 , 458.79
611.18 , 444.71
599.21 , 438.73
585.15 , 437.46
570.61 , 437.71
556.43 , 438.71
542.73 , 440.72
529.73 , 444.18
517.36 , 448.97
505.45 , 455.18
494.55 , 464.08
484.93 , 474.71
499.38 , 474.2
511.81 , 469.59
523.96 , 464.2
536.48 , 459.92
549.73 , 456.92
563.56 , 455.18
577.86 , 454.46
592.28 , 454.96
606.83 , 455.21
