1409035501_1
191 , 948.2
193.51 , 977.16
196.99 , 1008.74
202.29 , 1039.83
208.32 , 1071.19
215.19 , 1100.71
221.47 , 1132.1
234.28 , 1160.9
248.94 , 1189.89
263.23 , 1216.12
284.69 , 1242.62
304.61 , 1266.51
326.37 , 1287.74
353.72 , 1303.69
379.02 , 1319.93
407.52 , 1336.2
435.28 , 1352.78
461.68 , 1367.05
490.57 , 1383.7
517.12 , 1398.7
545.99 , 1409.6
576.69 , 1412.47
608.15 , 1408.79
638.89 , 1402.27
667.87 , 1388.82
692.98 , 1368.42
712.3 , 1345.57
734.81 , 1321.3
754.18 , 1298.02
776.83 , 1275.37
800.08 , 1255.08
818.38 , 1227.54
833.95 , 1202.35
849.27 , 1174.78
861.26 , 1145.94
872.07 , 1115.12
881.46 , 1085.4
889.36 , 1055.67
897.02 , 1023.77
904.8 , 994.89
912.14 , 961.75
532.84 , 978.21
511.95 , 989.99
493.71 , 1012.54
485.9 , 1037
493.42 , 1060.37
516.95 , 1074.5
542.48 , 1076.6
569.43 , 1084.69
594.31 , 1096.3
619.75 , 1101.64
643.49 , 1090.14
667.99 , 1077.92
690.7 , 1065.3
704.68 , 1044.36
699.81 , 1016.88
684.46 , 996.62
670.13 , 972.74
435.94 , 1154.31
461.17 , 1151.81
487.26 , 1152.56
512.14 , 1149.3
537.64 , 1147.31
563.24 , 1149.06
589.22 , 1150.06
613.59 , 1145.8
637.29 , 1140.03
662.29 , 1137.08
687.41 , 1139.31
713.76 , 1139.56
727.22 , 1158.91
717.68 , 1180.91
706.76 , 1202.48
693.61 , 1223.13
676.67 , 1242.33
656.71 , 1257.54
634.52 , 1266.58
609.77 , 1270.06
583.69 , 1270.81
558.57 , 1268.09
536.09 , 1259.97
514.77 , 1248.41
494.17 , 1235.04
475.66 , 1216.26
460.98 , 1196.13
448.37 , 1175.26
460.44 , 1166.56
478.99 , 1165.81
497.94 , 1165.81
516.14 , 1167.31
534.04 , 1169.41
552.12 , 1171.24
570.04 , 1173.32
587.32 , 1176.68
605.72 , 1177.81
623.26 , 1174.99
640.07 , 1170.58
657.12 , 1166.63
673.97 , 1162.31
690.97 , 1158.31
686.67 , 1169.32
672.69 , 1181.06
658.16 , 1191.32
642.87 , 1199.38
626.66 , 1205.06
609.54 , 1208.8
591.34 , 1209.81
573.39 , 1207.77
556.24 , 1204.1
539.59 , 1199.46
523.51 , 1193.62
507.76 , 1186.82
492.21 , 1179.32
476.51 , 1172.34
675.45 , 850.86
685.38 , 841.44
696.55 , 835.3
707.58 , 828.98
719.08 , 823.74
730.9 , 819.65
743.78 , 817.62
757.15 , 818.61
769.08 , 822.49
780.35 , 828.36
791.05 , 835.61
790.58 , 848.61
779.2 , 854.11
767.08 , 857.58
754.18 , 859.61
740.43 , 859.84
727.65 , 857.57
715.62 , 853.85
702.6 , 852.11
688.98 , 851.61
489.03 , 843.08
475.95 , 836.51
462.65 , 830.71
449.6 , 824.22
435.07 , 821.14
419.9 , 819.46
404.47 , 820.64
390.05 , 823.97
376.55 , 829.06
363.42 , 835.44
350.4 , 841.96
363.3 , 848.87
376.5 , 855.05
390.7 , 858.75
405.88 , 860.46
421.75 , 860.71
437.38 , 859.96
452.75 , 858.61
467.57 , 856.21
482.22 , 853.47
654.27 , 782.61
666.03 , 760.24
688.57 , 749.1
714.12 , 744.76
740.25 , 741.62
766.1 , 737.86
792.39 , 735.11
819.69 , 734.36
845.27 , 738.61
867.92 , 749.77
888.02 , 767.86
882.72 , 788.87
857.25 , 784.36
831.94 , 779.54
806.54 , 774.88
779.87 , 773.38
753.69 , 776.35
729.32 , 783.12
704.97 , 789.86
677.79 , 790.87
550.36 , 764.44
519.6 , 747.74
487.43 , 735.25
452.52 , 728.51
415.93 , 725.25
378.83 , 723
341.35 , 724.49
308.25 , 734.74
277.18 , 750.72
247.68 , 770.72
227.9 , 800.25
263.32 , 794.5
297.88 , 787
331 , 776.75
365.35 , 768.75
401.95 , 765.5
437.25 , 771.51
471.8 , 779
504.62 , 789.75
539.3 , 797.01
