3059991217_1
368.75 , 518.17
370.12 , 531.16
371.39 , 545.8
375.74 , 559.88
381.62 , 573.75
384.38 , 586.57
390.29 , 600.58
397.16 , 612.97
404.12 , 625
412.34 , 637.55
421.87 , 648.04
432.6 , 658.49
442.2 , 668.81
453.1 , 679.19
462.65 , 688.66
474.22 , 698.92
486.28 , 706.87
499.31 , 710.45
514.5 , 711
528.33 , 710.74
542.82 , 708.19
556.42 , 705.61
569.83 , 701.8
584.13 , 696.39
597.25 , 690.03
609.79 , 683.24
623.02 , 676.27
634.73 , 668.98
645.46 , 660.23
655.38 , 649.37
663.45 , 636.41
670.93 , 625.49
677.34 , 611.95
683.16 , 598.11
688.79 , 585.57
694.71 , 571.73
697.26 , 557.53
698.63 , 544.03
700.19 , 529.99
699.35 , 515.57
700.2 , 500.05
476.94 , 482.4
471.61 , 491.84
469.34 , 502.86
474.31 , 513.45
484.6 , 518.7
494.24 , 525.17
505 , 529.24
516.44 , 529.12
527.34 , 527.19
538.62 , 522.82
549.32 , 518.19
559.92 , 513.4
569.77 , 508.26
574.55 , 497.86
569.93 , 488.3
565.1 , 477.9
561.45 , 465.82
463.65 , 581.74
468.59 , 572.27
478.15 , 567.49
488.52 , 564.72
499.02 , 562.25
510.35 , 561.49
522.05 , 561.49
533.5 , 560.99
544.6 , 559.74
556.17 , 559.49
567.38 , 560.49
578.1 , 562.5
588 , 566.25
597.07 , 572.23
598.87 , 582.75
589.7 , 588.47
580.38 , 593.76
570.83 , 598.55
561.22 , 603.21
551.25 , 606.74
540.65 , 608.99
529.67 , 610.49
518.1 , 610.74
506.77 , 609.98
496.17 , 607.74
485.82 , 604.93
476.5 , 599.61
469.15 , 590.99
478.15 , 584.49
484.77 , 581.21
492.17 , 579.74
500.07 , 579.24
507.97 , 578.74
515.75 , 577.99
523.88 , 577.99
531.55 , 576.97
539.2 , 575.97
546.98 , 575.24
555.12 , 575.24
562.9 , 575.99
570.67 , 576.74
578.45 , 577.48
583.2 , 579.49
575.8 , 580.97
568.62 , 583
561.08 , 584.24
553.92 , 586.24
546.72 , 588.17
539.1 , 589.24
531.33 , 589.99
523.55 , 590.74
515.65 , 591.24
507.5 , 591.24
499.72 , 590.48
492.32 , 588.99
484.8 , 587.76
563.1 , 426.21
567.37 , 420.69
571.85 , 415.21
577.6 , 411.46
583.77 , 409.03
590.52 , 407.69
597.9 , 407.71
605.02 , 408.21
611.68 , 409.73
618.15 , 411.5
624.2 , 414.47
624.95 , 420.87
618.8 , 423.5
612.53 , 425.7
605.75 , 426.96
598.62 , 427.46
591.38 , 427.71
584.12 , 427.96
576.88 , 428.21
569.75 , 427.7
476.22 , 433.47
475.33 , 427.72
469.2 , 424.68
462.82 , 422.49
455.85 , 421.46
448.43 , 421.53
441.77 , 423.19
435.38 , 425.33
428.98 , 427.48
422.8 , 430.17
416.7 , 433.27
411.25 , 437.96
418.73 , 437.96
426.18 , 437.96
433.65 , 437.96
440.98 , 437.71
448.07 , 436.96
455.3 , 436.46
462.4 , 435.72
469.4 , 434.81
531.12 , 377.54
541.17 , 366.73
554.7 , 363.72
568.89 , 362.03
583.29 , 360.86
598.04 , 360.29
612.32 , 361.79
624.95 , 366.86
636.67 , 374.36
647.87 , 383.29
649.25 , 393.17
636.69 , 388.11
623.92 , 383.58
610.37 , 380.54
595.85 , 380.55
582.67 , 384.25
569.82 , 388.58
557.52 , 394.57
544.77 , 398.54
533.12 , 391.59
482.64 , 405.12
477.92 , 394.38
468.13 , 387.08
457.56 , 381.79
446.34 , 378.32
434.38 , 376.32
422.54 , 378.56
411.51 , 382.41
401.16 , 388.26
391.92 , 397.02
385.88 , 407.3
380.61 , 417.82
391.26 , 412.95
401.04 , 405.58
412.11 , 401.82
424.91 , 401.57
437.36 , 402.57
449.09 , 405.06
460.29 , 408.56
472.24 , 410.6
