3059991227_1
313.02 , 410.62
314.87 , 423.35
317.24 , 435.93
319.61 , 448.47
321.72 , 460.69
323.3 , 473.43
324.67 , 487.52
326.7 , 499.62
331.02 , 512.15
337.27 , 522.83
346.43 , 532.97
356.33 , 541.52
365.4 , 550.69
376.61 , 555.68
386.64 , 564.27
396.86 , 573.09
406.57 , 580.27
418.75 , 586.96
429.94 , 591.17
442.69 , 595.1
456.29 , 596.03
468.67 , 593.09
479.64 , 588.44
491.93 , 581.32
502.48 , 574.91
513.7 , 568.07
524.25 , 560.45
532.88 , 551.59
540.71 , 540.41
547.52 , 528.91
554.08 , 518.87
561.33 , 507.04
566.28 , 496
570.26 , 483.02
573 , 469.98
573.68 , 457.76
573.39 , 444.15
572.98 , 431.38
573.33 , 418.3
573.22 , 405.89
573.35 , 392.14
421.04 , 392.05
413.81 , 400.25
406.69 , 408.55
403.03 , 418.85
406.23 , 429.17
415.98 , 434.82
426.86 , 438.77
437.13 , 440.87
448.8 , 441.49
459.91 , 440.82
470.61 , 437
480.69 , 431.63
489.94 , 427.25
497.15 , 417.89
494.45 , 407.92
487.66 , 398.34
481.41 , 388.7
384.65 , 471.83
393.92 , 467.33
404.42 , 465.58
414.95 , 463.83
425.57 , 462.33
436.45 , 461.33
447.45 , 460.58
458.2 , 459.33
468.95 , 458.08
479.32 , 456.08
490.2 , 455.08
501.2 , 455.83
510.85 , 459.29
515.48 , 468.28
508.73 , 476.75
501.43 , 485.05
494.5 , 493.48
486.27 , 500.98
477.17 , 506.07
467.62 , 509.83
456.97 , 511.33
445.88 , 510.83
435.35 , 509.09
425.95 , 504.84
416.7 , 500.15
407.82 , 494.48
399.07 , 488.5
391.03 , 480.48
391.4 , 475.33
399.6 , 473.33
407.92 , 471.58
416.72 , 470.83
425.52 , 470.08
434.47 , 469.58
443.15 , 470.58
452.2 , 470.83
460.9 , 469.83
469.47 , 468.6
477.92 , 467.08
486.47 , 465.85
495.25 , 464.98
504.1 , 464.35
506.35 , 469.62
498.8 , 473.17
491.15 , 476.33
483.5 , 479.58
475.8 , 482.68
467.8 , 485.11
459.25 , 486.33
450.3 , 486.83
441.38 , 486.33
432.57 , 485.58
423.88 , 484.58
415.3 , 483.33
406.5 , 482.61
398.42 , 480.34
478.19 , 340.92
481.32 , 335.78
486.31 , 332.01
491.64 , 329.18
497.06 , 326.7
502.79 , 324.92
508.76 , 323.67
515.34 , 323.68
521.32 , 324.89
526.74 , 327.45
531.45 , 331.62
532.92 , 337.45
527.82 , 340.8
522.14 , 342.66
515.91 , 343.42
509.59 , 343.92
503.01 , 343.92
496.56 , 343.67
490.09 , 343.42
483.89 , 342.68
394.11 , 345.24
391.29 , 340.92
386.9 , 338.29
382.22 , 336.52
376.92 , 336.04
371.62 , 336.54
366.55 , 337.52
361.95 , 339.53
357.62 , 342.32
353.87 , 346.32
350.9 , 350.54
354.97 , 354.04
359.6 , 356.05
364.55 , 357.31
369.85 , 357.79
375.27 , 357.53
380.32 , 356.54
385.27 , 355.29
390.23 , 354
394.35 , 350.61
466.55 , 314.15
473.32 , 308.12
480.88 , 304.09
489.05 , 301.65
497.65 , 300.12
506.5 , 299.15
515.73 , 298.9
524.92 , 299.15
533.67 , 300.43
541.58 , 303.42
548.64 , 308.72
544.02 , 315.4
534.73 , 315.33
526.2 , 313.65
517 , 313.39
508.4 , 314.87
500 , 316.89
491.62 , 318.9
482.68 , 319.65
473.48 , 319.85
416.96 , 314.25
408.04 , 309.44
397.49 , 308.47
386.56 , 308.22
375.76 , 307.72
365.21 , 308.73
355.24 , 310.94
345.56 , 313.7
336.56 , 318.32
327.84 , 323.52
319.64 , 330.22
329.31 , 332.99
339.74 , 331.72
349.71 , 329.46
359.76 , 327.48
370.34 , 326.47
381.37 , 326.47
392.16 , 326.97
402.71 , 325.97
412.28 , 322.97
