3066109411_1
675.31 , 899.87
675.14 , 928.33
677.76 , 959.98
683.86 , 989.12
693.83 , 1018.64
703.84 , 1047.42
712.88 , 1076.62
723.83 , 1105.63
737.34 , 1134.02
753.12 , 1162.15
768.98 , 1187.57
787.52 , 1213.53
805.12 , 1236.76
824.35 , 1261.2
847.51 , 1284.43
873.34 , 1299.47
901.06 , 1307.6
933.81 , 1311.65
962.78 , 1314.35
994.95 , 1314.41
1026.1 , 1311.74
1054.99 , 1309.04
1086.44 , 1303.89
1117.55 , 1296.23
1145.29 , 1289.1
1176.22 , 1279.69
1203.39 , 1268.52
1230.7 , 1252.69
1256.14 , 1233.48
1279.17 , 1211.56
1301.37 , 1190.46
1319.79 , 1166.26
1331.23 , 1138.92
1341.62 , 1108.88
1348.27 , 1079.08
1353.96 , 1049.44
1359.11 , 1019.19
1362.88 , 986.64
1363.48 , 956.16
1360.46 , 925.27
1355.55 , 894.39
879.52 , 969.91
861.04 , 981.1
850.55 , 999.97
850.6 , 1022.43
869.96 , 1036.9
890.57 , 1047.4
908.95 , 1058.55
928.2 , 1069.85
951.86 , 1068.46
973.11 , 1059.67
995.2 , 1051.98
1016.85 , 1046.38
1038.14 , 1040.36
1055.55 , 1024.83
1057.28 , 1003.82
1039.52 , 988.05
1017.83 , 978.78
830.06 , 1096.66
851.16 , 1100.67
872.31 , 1104.66
895.13 , 1105.16
917.73 , 1106.16
939.83 , 1108.16
962.56 , 1108.91
984.43 , 1106.41
1005.93 , 1103.16
1027.43 , 1099.91
1049.91 , 1098.66
1072.76 , 1098.16
1095.84 , 1098.16
1115.41 , 1104.57
1099.63 , 1121.11
1081.21 , 1131.54
1062.71 , 1141.92
1043.78 , 1151.18
1024.58 , 1159.42
1004.61 , 1165.66
982.03 , 1166.66
959.78 , 1168.41
936.71 , 1168.4
916.03 , 1163.41
896.81 , 1155.16
878.73 , 1143.83
861.81 , 1129.16
845.28 , 1113.38
851.81 , 1112.41
869.01 , 1119.93
886.58 , 1126.4
904.46 , 1132.18
923.16 , 1136.4
942.68 , 1138.9
962.46 , 1140.91
982.36 , 1142.66
1001.53 , 1139.43
1020.26 , 1135.2
1038.09 , 1129.39
1056.26 , 1124.18
1074.28 , 1118.67
1092.93 , 1114.29
1110.56 , 1107.91
1093.48 , 1111.93
1075.01 , 1116.68
1057.16 , 1122.44
1039.51 , 1128.68
1020.91 , 1133.13
1002.31 , 1137.66
983.13 , 1140.91
963.01 , 1139.66
943.71 , 1136.65
924.18 , 1134.16
904.88 , 1131.19
886.71 , 1125.94
869.06 , 1119.66
1080.23 , 822.23
1088.56 , 810.4
1099.95 , 800.76
1111.88 , 792.57
1124.73 , 786.98
1138.98 , 784.48
1153.95 , 785.48
1167.98 , 788.48
1181.28 , 792.78
1193.88 , 799.13
1205.41 , 808.47
1205.65 , 823.48
1193.06 , 829.91
1179.86 , 834.49
1165.48 , 836.73
1150.13 , 836.5
1136.01 , 833.73
1122.11 , 830.47
1108.08 , 827.51
1095.36 , 821.49
884.66 , 798.88
874.42 , 789.6
863.85 , 781.26
852.95 , 773.91
841.22 , 768.76
828.55 , 765.75
815.15 , 764.25
801.77 , 765.75
789.52 , 769.49
778 , 775.32
766.8 , 781.75
777.2 , 790.64
788.02 , 798.22
799.55 , 804
811.67 , 808.02
824.7 , 810.27
838.45 , 809.5
851.72 , 807.75
865.22 , 809
878.97 , 809.75
1061.45 , 746.15
1076.5 , 733.09
1094.58 , 728.03
1113.62 , 724.88
1133.55 , 723.65
1153.25 , 721.9
1173.08 , 720.41
1193.12 , 721.4
1212.7 , 723.4
1231.12 , 727.83
1248.5 , 734.43
1232.78 , 738.4
1212.48 , 737.9
1192.17 , 737.9
1172.85 , 740.43
1154.12 , 744.18
1135.28 , 747.58
1116.2 , 750.65
1097.22 , 753.9
1077.75 , 755.69
877.39 , 734.38
867.51 , 720.71
853.48 , 711.47
838.75 , 704.01
823.78 , 697.29
807.7 , 693.2
791.53 , 689.2
774.33 , 687.45
757.25 , 689.42
741.9 , 694.97
727.43 , 702.95
742.33 , 709.73
757.9 , 714.7
774.05 , 718.7
789.63 , 723.66
805.28 , 728.55
821.08 , 733.1
837 , 737.52
853 , 741.77
868.28 , 747.42
