3073619793_1
273.3 , 301.7
268.92 , 314.52
266.02 , 328.65
263.43 , 343.57
264.78 , 357.1
265.89 , 372.54
270.15 , 385.85
275.5 , 399.63
283.08 , 412.39
291.19 , 423.37
302.23 , 433.14
312.29 , 442.8
323.92 , 452.7
328.66 , 466.8
334.59 , 479.71
342.08 , 492.23
349.85 , 504.55
362.67 , 511.62
375.19 , 516.91
388.95 , 521.46
404.17 , 520.77
417.67 , 518.66
432.61 , 515.28
444.6 , 508.17
456.22 , 500.05
470.7 , 496.63
484.73 , 494.08
498.96 , 490.68
513.51 , 486.57
526.73 , 480.93
539.52 , 473.39
549.85 , 465.14
560.1 , 454.46
570.08 , 443.74
580.21 , 433.03
589.09 , 421.02
596.05 , 408.98
601.59 , 394.86
608.84 , 383.19
615.23 , 370.3
620.85 , 355.7
327.45 , 350.9
322.25 , 358.48
318.75 , 367.09
321.17 , 376.96
328.59 , 383.41
336.52 , 387.86
345.76 , 392.22
354.48 , 395.12
364.45 , 395.15
374.57 , 395.25
383.83 , 396.22
393.14 , 397.74
403.53 , 399.18
412.64 , 396.68
418 , 389.26
417.34 , 379.39
412.25 , 370.65
312.4 , 405.35
322.47 , 410.65
331.9 , 417.85
342.07 , 423.04
352.07 , 428.59
362.7 , 432.33
374.7 , 433.35
386.35 , 435.11
397.72 , 437.36
409.38 , 439.1
421 , 440.86
432.77 , 439.84
444.78 , 438.86
441.85 , 447.12
431.92 , 452.84
421.8 , 458.19
411.48 , 462.78
400.62 , 466.1
389.45 , 468.85
377.82 , 470.6
365.6 , 471.06
353.8 , 469.57
342.97 , 466.17
334.27 , 457.47
328.65 , 447.48
324.36 , 437.05
321 , 426.2
317.17 , 415.62
319.15 , 410.85
326.3 , 416.76
333.6 , 422.29
340.97 , 427.6
348.85 , 431.56
357 , 434.7
365.12 , 437.83
373.7 , 440.12
382.88 , 441.1
392.15 , 441.85
401.45 , 442.59
411.12 , 442.6
420.77 , 442.6
430.42 , 442.6
434.45 , 443.08
425.4 , 444.35
416.22 , 445.35
407.17 , 446.6
398.25 , 448.09
388.95 , 448.85
379.52 , 448.38
370.35 , 447.36
361.57 , 445.54
353.5 , 442.23
346.1 , 437.05
339.12 , 430.57
332.1 , 424.3
325.08 , 418.03
428.55 , 303.09
430.9 , 296.71
436.38 , 291.84
442.55 , 288.84
449.45 , 287.59
456.48 , 288.56
463 , 290.56
469.18 , 293.46
474.95 , 297.52
480.68 , 301.72
485.57 , 307.19
484.14 , 314.04
477.98 , 317.12
471.2 , 318.59
464.05 , 319.34
456.77 , 319.84
449.62 , 319.12
443.3 , 316.59
437.31 , 313.12
434.22 , 307
349.75 , 283.9
348.26 , 278.65
344.4 , 274.26
339.68 , 271.37
334.73 , 269.14
329.68 , 267.14
324.05 , 266.38
318.3 , 266.89
313.05 , 268.4
308.1 , 270.62
303.25 , 273.13
306.75 , 277.63
310.45 , 282.08
314.82 , 285.88
319.8 , 288.13
325.2 , 289.38
330.7 , 290.38
336.57 , 290.63
342.55 , 290.64
347.68 , 288.88
400.15 , 250.42
415.17 , 245.17
431.88 , 247.17
447.88 , 250.67
464.57 , 252.67
481.65 , 253.92
497.57 , 257.6
512.4 , 263.67
526.98 , 270.43
541.25 , 278.01
552.16 , 290.95
536.08 , 291.35
519.58 , 288.9
503.7 , 285.21
487.85 , 281.38
471.77 , 278.04
456.02 , 274.04
440.88 , 268.92
423.92 , 267.42
407.5 , 264.82
354.88 , 247.53
348.68 , 241.55
341.95 , 236.86
334.75 , 233.65
327.53 , 230.43
320.23 , 227.47
312.45 , 225.46
304.23 , 224.45
296 , 225.44
288.78 , 228.71
282.3 , 233.95
288.68 , 239.6
296.23 , 241.97
304.95 , 241.95
313.55 , 242.2
321.9 , 242.96
329.2 , 245.94
336.2 , 249.82
343.3 , 253.45
351.52 , 254.45
