3077501407_1
253.56 , 357.26
256.42 , 373.28
257.46 , 389.47
258.84 , 406.51
261.04 , 424.3
265 , 439.75
269.68 , 455.97
275.94 , 471.17
285.34 , 486.62
294.94 , 499.18
307.98 , 511.44
321.09 , 521.51
333.02 , 533.6
346.8 , 544.3
359.38 , 554.92
372.06 , 564.74
380.48 , 580.23
396.12 , 585.64
410.81 , 593.9
427.41 , 592.78
443.7 , 587.84
460.83 , 585.01
474 , 576.99
487.97 , 566.38
499.31 , 554.74
508.61 , 540.44
523.35 , 531.2
537.97 , 522.18
550.66 , 510.95
560.43 , 497.84
568.98 , 483.64
578.5 , 468.31
586.42 , 454.57
592.02 , 438.31
595.35 , 422.35
598.81 , 405.39
601.72 , 389.06
604.28 , 371.52
606.5 , 354.8
608.6 , 338.97
611.35 , 320.75
364.6 , 368.1
359.25 , 378.05
352.06 , 388.94
352.33 , 400.58
355.35 , 413.65
366.4 , 417.55
378.75 , 421.44
390.5 , 424.69
403.23 , 423.85
414.8 , 420.9
427.8 , 418.05
440.17 , 416.83
451.65 , 413.85
456.44 , 402.35
451.9 , 391.1
443.85 , 381.1
436.91 , 370.1
342.39 , 466.06
354.76 , 460.81
368.12 , 457.56
381.56 , 454.56
395.99 , 453.56
410.16 , 455.06
424.46 , 453.81
438.76 , 455.06
452.46 , 457.55
466.64 , 459.06
480.91 , 460.31
493.36 , 465.54
493.4 , 480.04
487.23 , 492.21
480.18 , 503.99
471.86 , 515.34
461.72 , 526.01
450.37 , 534.32
437.74 , 539.06
424.19 , 541.81
409.64 , 542.56
395.96 , 540.09
383.62 , 534.54
371.89 , 527.31
363.54 , 515.99
356.51 , 504.21
350.38 , 492.04
345.39 , 479.51
352.89 , 466.56
364.41 , 465.06
376.44 , 464.56
388.34 , 465.31
400.24 , 466.06
412.39 , 466.31
424.29 , 467.06
436.56 , 467.06
448.71 , 466.81
460.87 , 466.56
472.87 , 466.06
483.7 , 469.07
482.67 , 480.53
474.72 , 489.49
467.69 , 498.74
461.06 , 508.14
452.12 , 516.08
441.99 , 520.8
430.34 , 522.06
418.44 , 522.82
407.26 , 525.06
395.84 , 526.81
384.09 , 525.78
375.08 , 518.01
369.89 , 508.06
368.13 , 496.63
365.42 , 485.69
360.29 , 475.71
447.55 , 318.03
450.24 , 310.83
455.72 , 304.58
462.57 , 300.77
469.7 , 297.81
477.15 , 295.54
485.33 , 294.78
493.12 , 296.27
500.4 , 298.78
507.35 , 302.34
513.56 , 307.83
515.72 , 314.84
508.27 , 317.05
501.08 , 319.76
493.88 , 322.53
486.18 , 324.28
478 , 325.03
469.7 , 324.53
461.4 , 325.02
453.65 , 323.39
354.69 , 322.48
351.36 , 319.03
348.37 , 313.8
342.64 , 311.81
336.64 , 310.3
330.42 , 309.3
323.85 , 309.05
317.27 , 309.3
310.92 , 310.06
305.3 , 312.32
300.37 , 316.55
297.87 , 322.05
303.17 , 324.83
309.39 , 325.8
315.97 , 325.55
322.44 , 325.05
329.02 , 324.8
335.72 , 324.8
342.42 , 324.8
348.89 , 324.3
430.05 , 278.37
436.15 , 266.23
449.43 , 262.88
463.35 , 260.87
477.62 , 259.62
492.15 , 258.87
506.58 , 257.87
521.33 , 257.62
534.62 , 260.94
546.9 , 266.63
557.6 , 276.67
552.2 , 288.39
538.38 , 286.19
525.25 , 282.58
511.9 , 279.37
497 , 279.37
482.98 , 281.12
468.8 , 282.62
454.9 , 284.63
441.23 , 287.07
360.89 , 286.18
355.18 , 277.2
345.45 , 272.58
334.95 , 269.8
324 , 268.08
312.55 , 267.33
301 , 266.87
290.35 , 269.29
280.6 , 273.79
271.61 , 280.28
264.55 , 289.08
266.78 , 299.8
277.48 , 297.59
287.15 , 292.86
297.75 , 290.33
308.95 , 289.08
320.15 , 287.83
331.73 , 288.33
342.03 , 291.32
353 , 293.09
