1411496009_1
227.55 , 515.7
230.68 , 540.66
234.81 , 565.74
241.09 , 592.14
250.16 , 617.43
261.35 , 641.22
274.03 , 664.85
289.15 , 687.33
304.64 , 708.52
318.64 , 730.81
333.79 , 751.7
351.69 , 769.09
374.74 , 782.47
400.41 , 791.89
427.13 , 797.43
452.53 , 800.05
477.28 , 802.64
503.24 , 806.48
531.19 , 809.16
558 , 813.75
583.87 , 814.95
610.89 , 815.06
636.95 , 814.37
663.11 , 813.16
687.85 , 805.58
711.95 , 796.55
728.5 , 775.3
736.62 , 749.65
734.59 , 725.14
730.37 , 698.96
735.81 , 674.44
753.13 , 651.85
767.64 , 629.57
775.34 , 605.09
780.06 , 579.75
786.07 , 553.57
788.92 , 527.67
789.47 , 501.53
785.42 , 474.16
779.54 , 450.23
768.9 , 423.7
591.6 , 445.45
585.83 , 463.32
578.68 , 482.24
579.98 , 503.45
591.69 , 521.46
608.7 , 530.41
629.03 , 531.08
650.59 , 528.1
669.88 , 526.43
690.64 , 524.77
711.5 , 521.66
730.54 , 514.86
739.25 , 497.16
743.47 , 476.52
745.46 , 456.26
736.21 , 437.16
723.35 , 420.45
518.2 , 620.76
536.3 , 619.51
554.75 , 619.01
572.12 , 616.27
588.68 , 611.78
605.68 , 608.25
622.93 , 605.25
640.18 , 602.26
658.53 , 601.51
675.43 , 605.24
694 , 605.01
709.73 , 598.75
728.07 , 598.99
728.95 , 617.21
728.45 , 635.68
726.47 , 653.41
714.28 , 666.75
698.55 , 673.01
680.58 , 674.51
662.1 , 674.01
644 , 672.78
626.75 , 669.78
610.08 , 665.51
593.18 , 661.74
577.3 , 656.04
561.6 , 649.79
546.12 , 642.7
531.25 , 634.07
526.2 , 622.51
540.78 , 622.26
554.73 , 623.76
568.2 , 626.26
582.28 , 627.51
596.73 , 628.01
610.55 , 626.26
624.53 , 624.76
638.95 , 625.26
653.53 , 625.51
667.35 , 623.76
681.3 , 622.26
695.75 , 621.76
708.62 , 618.08
721.11 , 613.58
708.6 , 616.51
694.75 , 618.26
681.18 , 620.51
667.45 , 622.51
653.25 , 623.51
638.58 , 623.51
624.12 , 624.01
610.3 , 625.76
596.33 , 627.26
581.65 , 627.26
568.18 , 624.76
554.35 , 623.01
540.38 , 621.51
670.85 , 346.5
677.35 , 341.5
684.35 , 337.75
691.75 , 335.23
699.93 , 334.25
708.45 , 334
716.5 , 335.25
724.43 , 336.75
731.82 , 339.23
737.47 , 345.35
738.87 , 353.35
733 , 359.5
725.9 , 363.01
717.98 , 364.5
709.83 , 365.5
701.53 , 366.25
693 , 366
684.35 , 366
677.95 , 360.62
674.41 , 353.57
534.92 , 344.2
524.77 , 337.26
514.58 , 330.3
503.98 , 324.47
492.68 , 320.54
479.6 , 320.8
467.83 , 323.8
456.5 , 327.55
445.45 , 332.05
434.73 , 337.64
424.55 , 344.54
435.15 , 350.38
445.95 , 355.79
457.73 , 358.72
470.18 , 360.28
483.15 , 359.79
495.68 , 358.42
508.25 , 357.08
520.95 , 356.02
533.42 , 354.53
668.04 , 287.92
677.64 , 279.82
686.49 , 270.45
697.54 , 266.42
709.62 , 264.42
721.91 , 262.92
734.46 , 261.92
747.14 , 262.68
758.04 , 267.17
764.35 , 277.25
767.29 , 288.9
764.91 , 300.66
753.81 , 304.67
742.01 , 302.17
729.34 , 302.93
717.89 , 306.17
705.94 , 308.42
693.29 , 309.17
681.21 , 307.18
671.55 , 299.2
613.6 , 294.42
607.4 , 263.19
579.62 , 245.68
549.77 , 234.07
517.75 , 226.94
483.8 , 224.04
451.45 , 230.43
422.88 , 245.94
394.5 , 261.87
367 , 280.1
343.75 , 305.81
327.9 , 334.19
357.75 , 322.66
389.4 , 314.69
419.65 , 304.19
449.95 , 293.9
483.75 , 290.44
517.02 , 294.97
549.92 , 300.21
583.27 , 304.57
