3077637317_1
448.9 , 622.3
450.8 , 640.9
452.4 , 659.6
455.34 , 677.72
460.84 , 697.34
466.75 , 714.84
473.52 , 732
483.01 , 750.07
493.5 , 765.37
505.69 , 779.38
519.5 , 791.83
535.92 , 803.87
551.49 , 813.94
566.73 , 825.34
582.07 , 837.77
596.68 , 849
612.05 , 859.3
629.98 , 868.69
646.68 , 875.13
665.62 , 879.65
684.76 , 880.98
703.62 , 879.2
722.13 , 874.8
740.22 , 867.82
756.87 , 856.82
770.16 , 844.19
782.04 , 829.78
794.18 , 813.71
806.25 , 798.71
818.9 , 785.05
831.65 , 771.72
843.8 , 757.24
854.27 , 741.75
864.75 , 723.81
872.69 , 706.71
878.76 , 688.86
882.45 , 670.68
884.11 , 652.4
883.08 , 633.45
879.74 , 614.69
876.24 , 594
648.87 , 586.85
640.12 , 600.44
629.41 , 614.62
620.58 , 630.41
623.96 , 647.78
638.82 , 656.95
654.28 , 663.83
671.81 , 665.18
689.72 , 666.15
707.73 , 663.85
725.67 , 662.19
741.36 , 655.51
752.08 , 641.9
752.9 , 624
743.75 , 609.06
731.16 , 596.16
718.72 , 582.18
569.2 , 709.64
585.2 , 702.39
603 , 699.15
621.55 , 697.39
640.35 , 698.64
659.62 , 698.39
679.03 , 698.39
697.68 , 696.89
715.62 , 693.87
733.1 , 689.87
750.68 , 686.16
769.45 , 684.89
787.78 , 687.13
791.7 , 704.01
783.72 , 719.84
774.08 , 735.01
761.23 , 748.88
746.5 , 759.85
730.58 , 767.52
713.43 , 772.14
694.88 , 773.89
675.85 , 774.64
657.1 , 773.29
639.98 , 768.66
624.1 , 760.8
609.23 , 750.41
595.17 , 737.61
582 , 723.69
575.7 , 710.64
591.33 , 707.9
608.08 , 707.39
623.95 , 709.64
640.7 , 710.14
657.08 , 711.39
672.73 , 714.15
689.6 , 714.39
704.83 , 710.76
719.98 , 706.89
734.73 , 702.4
749.12 , 697.12
764.53 , 693.88
780.6 , 691.99
775.1 , 704.74
762.88 , 716.19
750.3 , 726.54
736.9 , 734.68
722.73 , 740.65
708.2 , 745.64
693 , 749.39
676.4 , 750.15
660.62 , 747.62
645.53 , 743.71
630.7 , 739.39
616.58 , 733.26
602.9 , 725.82
589.23 , 718.42
732.05 , 516.85
738.1 , 510.8
744.15 , 504.73
750.82 , 500.34
757.85 , 496.84
765 , 493.83
772.62 , 491.86
780.7 , 490.85
788.8 , 491.85
796.27 , 494.09
802.8 , 498.85
803.5 , 506.64
796.45 , 510.09
788.25 , 510.85
779.8 , 511.1
771.7 , 512.1
763.6 , 513.1
755.5 , 514.1
747.77 , 515.85
740.15 , 517.87
603.26 , 525.29
600.08 , 518.8
593.65 , 514.09
587.08 , 509.79
580.18 , 506.32
572.85 , 504.06
565.02 , 502.79
557.3 , 504.35
550.18 , 507
543.33 , 510.59
537.01 , 515.63
533.1 , 522.31
539.73 , 526.44
546.8 , 529.32
554.88 , 530.06
563.33 , 530.06
571.53 , 529.56
579.38 , 528.31
587.45 , 527.56
595.53 , 526.81
712.7 , 488.22
712.7 , 476.72
719.7 , 468.22
727.95 , 460.47
737.15 , 455.26
746.75 , 451.24
756.9 , 448.46
768.28 , 448.72
779.53 , 449.22
789.78 , 451.79
798.95 , 456.97
804.37 , 465.99
793.62 , 467.47
782.85 , 465.97
771.35 , 465.98
760.95 , 468.22
751.1 , 471.44
741.73 , 476.19
732.58 , 481.47
723.2 , 486.22
617.16 , 474.79
611.34 , 461.13
597 , 456.64
581.64 , 454.15
565.92 , 452.4
549.72 , 451.65
533.87 , 450.15
518.39 , 452.4
504.47 , 457.89
491.55 , 466.2
481.31 , 478.45
477.37 , 493.15
493.3 , 492.68
507.5 , 487.88
522.39 , 484.4
538.35 , 483.15
554.8 , 482.9
571.02 , 482.15
587.47 , 482.4
603.8 , 481.89
