3079176108_1
322.99 , 1076.5
331.17 , 1105.44
338.6 , 1138.51
350.61 , 1168.72
365.7 , 1196.81
381.51 , 1225.6
400.68 , 1252.77
420.17 , 1276.91
437.15 , 1303.21
456.66 , 1330.72
477.06 , 1354.71
497.06 , 1382.9
514.42 , 1410.3
533.09 , 1436.45
553.09 , 1462.53
570.97 , 1487.36
593.45 , 1510.8
621.1 , 1530.73
650.83 , 1543.84
680.6 , 1549.82
714.54 , 1554.14
744.55 , 1546.88
775.78 , 1537.05
805.93 , 1521.73
829.42 , 1499.34
851.91 , 1479.99
879.94 , 1460.67
904.06 , 1439.17
925.08 , 1412.9
944.24 , 1386.85
963.53 , 1362.17
981.47 , 1334.56
996.94 , 1305.85
1015.17 , 1279.2
1028.96 , 1252.22
1044.39 , 1221.61
1054.88 , 1191.92
1066.06 , 1161.93
1075.79 , 1128.9
1082.38 , 1096.8
1083.78 , 1064.21
525.06 , 1084.25
514.79 , 1107.45
514.25 , 1134.51
528.5 , 1157.39
554.53 , 1162.41
581.18 , 1171.55
606.46 , 1175.3
633.53 , 1174.46
661.65 , 1169.92
687.87 , 1163.32
712.69 , 1154.8
737.3 , 1141.73
761.73 , 1128.96
774 , 1107.04
770.88 , 1080.28
754.7 , 1056.8
736.14 , 1036.12
505.42 , 1268.29
531.32 , 1253.14
560.67 , 1246.29
591.5 , 1242.54
623.32 , 1240.79
654.52 , 1243.79
686.32 , 1242.04
715.52 , 1234.76
744.85 , 1227.86
776.02 , 1224.79
807.95 , 1226.29
838.55 , 1230.56
862.43 , 1249.26
850.77 , 1276.44
835.22 , 1302.21
815.09 , 1326.38
791 , 1346.69
765.7 , 1363.53
739.17 , 1377.29
711.62 , 1387.81
682.75 , 1395.51
652.05 , 1399.54
620.3 , 1397.67
592 , 1388.86
566.75 , 1371.86
547.33 , 1347.46
531.6 , 1321.74
517.91 , 1295.19
523.92 , 1267.54
549.82 , 1267.04
573.95 , 1271.29
599.12 , 1273.29
623.97 , 1276.04
649.87 , 1276.54
675.45 , 1275.29
699.8 , 1271.52
723.35 , 1266.11
747.5 , 1261.97
770.94 , 1256.27
794.57 , 1251.07
818 , 1245.3
842.94 , 1242.79
830.12 , 1261.86
809.77 , 1275.2
788.27 , 1285.54
767.44 , 1297.53
745.22 , 1305.53
723.42 , 1314.79
701.05 , 1322.41
677.14 , 1327.04
652.8 , 1330.79
627.62 , 1328.75
605.47 , 1320.58
584.22 , 1309.56
563.67 , 1296.79
544.44 , 1280.32
733.37 , 902.14
742.36 , 888.17
755.45 , 876.57
769.6 , 867.9
784.75 , 862.17
800.92 , 858.37
818.02 , 856.64
835.72 , 856.14
853.45 , 856.64
870.67 , 858.13
886.75 , 862.02
881.27 , 871.89
863.8 , 872.89
846.07 , 873.39
828.5 , 874.15
811.75 , 876.61
795.37 , 879.89
778.37 , 881.89
761.39 , 883.88
746.67 , 891.07
510.04 , 914.31
499.62 , 907.49
487.62 , 904.58
475.19 , 902.56
462.17 , 901.81
449.37 , 903.04
437.06 , 905.28
425.19 , 908.56
414.31 , 914.22
404.12 , 921.64
395.19 , 931.31
408.49 , 931.56
421.39 , 930.56
434.31 , 929.56
447.09 , 928.31
459.64 , 926.56
472.56 , 925.56
485.37 , 924.31
498.01 , 925.81
511.19 , 926.31
658.05 , 832.48
683.92 , 811.32
713.35 , 800.2
743.95 , 791.51
775.62 , 785
808.42 , 780.76
842.17 , 778.49
876.17 , 780.23
908.72 , 784.98
938.7 , 794.7
966.05 , 811.73
937.95 , 817.48
903.32 , 817.96
869.57 , 820.22
836.05 , 822.98
802.22 , 825.05
769.4 , 829.25
738.35 , 837.2
709.17 , 849.11
679.03 , 858.46
529.94 , 869.2
525.68 , 845.49
503.69 , 837.2
480.99 , 830.44
456.91 , 826.46
431.01 , 826.71
405.61 , 827.96
381.06 , 830.96
358.36 , 837.72
338.23 , 851.2
325.16 , 871.46
319.41 , 894.71
341.01 , 887.24
362.74 , 878.23
385.44 , 871.46
409.99 , 868.46
435.04 , 870.46
459.14 , 874.46
483.69 , 877.46
508.61 , 879.7
