3081187199_1
1002.83 , 2308.71
1018.15 , 2367.67
1036.5 , 2432.94
1055.75 , 2498.48
1076.98 , 2557.51
1107.74 , 2620.16
1144.05 , 2676.45
1185.18 , 2728.82
1228.3 , 2778.07
1272.15 , 2828.06
1320.13 , 2873.06
1374.76 , 2908.78
1438.4 , 2932.76
1503.57 , 2944.66
1571.67 , 2945.86
1636.86 , 2946.95
1700.95 , 2951.37
1769.2 , 2958.27
1833.97 , 2968.81
1899.87 , 2973.97
1965.56 , 2970.86
2031.66 , 2965.8
2101.67 , 2955.5
2168.21 , 2939.88
2229.95 , 2922.09
2292.14 , 2897.41
2325.74 , 2842.78
2354.37 , 2784.56
2377.75 , 2716.98
2406.79 , 2663.41
2435.61 , 2603.78
2452.36 , 2533.6
2461.09 , 2474.04
2471.22 , 2404.69
2483.14 , 2339.31
2484.81 , 2273.09
2479.13 , 2207.03
2463.17 , 2144.27
2437.42 , 2077.54
2407.86 , 2021.13
2375.92 , 1959.51
1952.95 , 2009.4
1935.31 , 2060.6
1929.19 , 2113.46
1935.78 , 2168.47
1973.84 , 2205.05
2026.59 , 2207.8
2081.2 , 2201.76
2137.37 , 2192.54
2192.62 , 2191.47
2242.79 , 2200.85
2281.67 , 2162.64
2290.35 , 2112.24
2270.22 , 2058.27
2241.45 , 2014.82
2201.9 , 1971.54
2153.27 , 1945.73
2106.54 , 1916.35
1887.09 , 2523.57
1918.06 , 2497.34
1949.59 , 2472.57
1982.31 , 2451.35
2015.04 , 2430.14
2047.29 , 2407.39
2079.26 , 2383.92
2111.24 , 2360.45
2144.69 , 2341.04
2183.69 , 2334.82
2224.41 , 2337.57
2264.04 , 2332.57
2299.86 , 2345.08
2329.91 , 2373.89
2354.11 , 2405.65
2359.08 , 2445.24
2348.35 , 2482.01
2314.16 , 2499.56
2276.94 , 2509.59
2238.57 , 2517.07
2200.29 , 2524.81
2163.39 , 2535.33
2124.26 , 2541.32
2082.94 , 2542.82
2041.74 , 2544.57
2001.16 , 2547.57
1959.59 , 2548.57
1921.54 , 2540.33
1915.09 , 2510.57
1942.76 , 2500.3
1970.07 , 2488.84
1997.19 , 2476.78
2024.51 , 2465.39
2052.36 , 2455.55
2080.76 , 2446.85
2109.69 , 2438.97
2139.89 , 2433.78
2169.99 , 2428.42
2200.29 , 2423.36
2232.86 , 2423.57
2262.76 , 2429.33
2290.32 , 2440.05
2315.39 , 2451.13
2290.94 , 2431.67
2262.76 , 2422.59
2231.39 , 2419.82
2198.79 , 2420.11
2167.94 , 2423.97
2138.51 , 2430.84
2109.54 , 2438.59
2080.39 , 2446.03
2052.34 , 2455.32
2024.14 , 2464.29
1996.54 , 2474.87
1969.46 , 2487.04
1942.31 , 2499.06
2098.13 , 1832.41
2092.64 , 1809.39
2091.64 , 1784.19
2106.08 , 1764.74
2124.71 , 1747.85
2144.71 , 1734.93
2165.86 , 1724.93
2191.29 , 1724.45
2212.49 , 1734.2
2231.53 , 1749.85
2244.35 , 1769.89
2251.14 , 1792.19
2257.16 , 1814.99
2253.63 , 1838.95
2232.14 , 1847.69
2209.19 , 1853.44
2186.07 , 1858.69
2161.46 , 1860.94
2136.79 , 1858.96
2114.99 , 1851.06
1765.81 , 1872.05
1745.85 , 1847.55
1723.65 , 1823.83
1698.85 , 1804.79
1670.92 , 1794.45
1638.47 , 1795.47
1610.47 , 1805.48
1585.67 , 1824.52
1562.1 , 1847.1
1540.48 , 1870.98
1520.66 , 1895.53
1503.5 , 1920.95
1532.22 , 1929.45
1564.08 , 1931.7
1596.15 , 1929.95
1626.67 , 1924.95
1656.15 , 1917.68
1685.33 , 1909.88
1712.67 , 1898.02
1740.12 , 1886.32
2033 , 1529.42
2053.25 , 1499.17
2082.97 , 1477.18
2115.57 , 1463.36
2153.18 , 1460.17
2187.65 , 1469.67
2216.63 , 1493.67
2241.22 , 1522.37
2263.16 , 1552.1
2280.75 , 1583.42
2294.4 , 1616.07
2304.26 , 1650.39
2278.4 , 1626.79
2254.5 , 1597.8
2230.35 , 1569.04
2200.32 , 1547.99
2164.28 , 1541.67
2127.68 , 1546.93
2096.22 , 1564.17
2061.2 , 1555.64
1810.68 , 1524.18
1740.1 , 1504.16
1662.3 , 1510.26
1589.08 , 1525.66
1518.98 , 1547.15
1451.7 , 1575.65
1386.95 , 1611.63
1326.62 , 1659.69
1271.01 , 1717.31
1227.65 , 1779.26
1216.65 , 1854.66
1290.93 , 1843.64
1356.93 , 1810.65
1421.5 , 1774.32
1487.5 , 1741.32
1554.53 , 1711.91
1620.3 , 1678.42
1686.38 , 1645.68
1757.85 , 1626.45
1824.22 , 1594.6
