3081510905_1
303.89 , 337.75
304.44 , 348.84
306.42 , 360.87
309.3 , 372.69
313.21 , 385.32
317.9 , 396.13
323.77 , 406.57
331.49 , 416.96
339.38 , 426.04
347.14 , 435.31
356.66 , 442.68
367.45 , 447.19
378.76 , 452.29
391.08 , 455.8
402.03 , 458.86
414.28 , 461.86
426.18 , 464.45
438.16 , 467.06
449.98 , 467.27
462.31 , 465.32
474.8 , 463.33
485.99 , 460.15
497.64 , 455.6
509.45 , 451.21
520.2 , 447.41
531.99 , 442.57
542.56 , 437.57
554.07 , 431.07
563.63 , 423.79
571.78 , 415.57
579.71 , 405.36
586.04 , 395.92
592.07 , 384.38
596.5 , 372.7
600.48 , 361.19
604.53 , 350.58
608.93 , 338.76
612.5 , 327.04
615.9 , 314.78
616.17 , 303.3
611.05 , 291.55
399.09 , 308.62
394.44 , 316.11
389 , 325.05
389.27 , 334.28
393.94 , 342.35
403.34 , 345.34
412.62 , 343.99
422.23 , 342.62
432.1 , 342.05
442.44 , 340.71
451.86 , 340.34
461.47 , 338.44
468.5 , 332.79
470.42 , 323.43
466.15 , 314.15
459.24 , 307.48
452.65 , 299.7
390.39 , 383.93
393.83 , 377.23
399.74 , 371.56
406.24 , 367.42
413.19 , 364.69
421.12 , 363.93
429.14 , 363.43
436.81 , 362.18
444.37 , 360.68
452.04 , 361.93
459.04 , 364.58
465.84 , 367.88
472.87 , 370.41
479.96 , 372.75
486.94 , 375.47
485.42 , 382.17
478.66 , 385.66
471.87 , 388.94
464.81 , 391.5
457.24 , 392.94
449.44 , 393.93
441.54 , 394.68
433.62 , 395.43
425.59 , 395.93
417.66 , 396.68
409.99 , 395.46
402.94 , 392.97
396.19 , 389.48
393.14 , 385.68
398.76 , 382.9
404.84 , 381.17
411.06 , 379.68
417.14 , 377.93
423.21 , 376.15
429.14 , 374.18
435.46 , 372.94
441.91 , 371.93
448.87 , 371.93
455.31 , 372.93
461.51 , 374.46
467.96 , 375.42
474.41 , 376.43
481.23 , 376.68
475.12 , 376.68
468.41 , 376.19
462.21 , 374.71
455.89 , 373.43
449.31 , 372.68
442.62 , 373.18
436.29 , 374.43
429.71 , 375.19
423.41 , 376.42
417.31 , 378.18
411.09 , 379.67
405.01 , 381.43
398.79 , 382.91
469.69 , 263.27
473.69 , 257.77
477.35 , 252.1
482.71 , 247.51
488.64 , 244.56
494.81 , 242.25
501.46 , 241.02
508.37 , 241.78
514.54 , 244.02
520.24 , 247.58
525 , 252.82
527.48 , 258.94
521.97 , 263
515.97 , 265.78
509.79 , 268.02
503.14 , 269.27
495.99 , 269.52
488.97 , 269.02
482.06 , 268.27
475.16 , 267.51
387.69 , 271.96
386.98 , 265.73
382.26 , 261.2
376.88 , 258.4
370.88 , 257.18
364.51 , 256.68
358.26 , 257.44
352.63 , 259.5
347.28 , 262.34
342.34 , 266.28
338.78 , 271.38
335.96 , 276.68
341.46 , 278.93
347.49 , 280.18
353.74 , 280.93
360.11 , 281.43
366.58 , 281.68
372.83 , 280.93
378.86 , 279.68
384.33 , 277.08
461.5 , 212.93
468.25 , 207.68
475.25 , 203.18
482.6 , 199.42
490.35 , 196.9
499 , 196.18
507.38 , 197.43
515.42 , 199.44
523.33 , 201.71
530.98 , 204.42
538.07 , 208.71
532.75 , 215.18
524 , 215.68
515.5 , 214.68
506.6 , 214.43
497.98 , 215.18
489.45 , 216.18
481.2 , 217.68
473.15 , 219.67
464.51 , 220.44
372.54 , 225.74
364.31 , 221.27
355.01 , 219.34
345.26 , 218.34
335.14 , 218.09
325.89 , 220.09
317.56 , 224.44
309.62 , 229.62
302.11 , 236.12
295.61 , 243.62
291.14 , 251.84
301.14 , 251.34
309.54 , 247.22
317.31 , 241.44
325.62 , 237.1
334.46 , 234.27
344.24 , 233.34
353.76 , 234.87
363.39 , 236.09
372.92 , 234.58
