1412970826_1
237.75 , 518.89
242.39 , 536.91
247.55 , 556.91
254.26 , 576.44
260.31 , 595.13
266.81 , 613.79
274.43 , 634.13
282.4 , 652.59
290.93 , 669.02
303.05 , 686.39
318.18 , 700.69
332.32 , 713.34
349.39 , 725.68
364.91 , 737.99
380.41 , 751.77
395.43 , 762.43
412.68 , 774.98
428.61 , 786.91
445.76 , 795.87
465.59 , 803.85
483.57 , 810.15
505.03 , 812.79
524.26 , 811.61
542.99 , 805.67
560.91 , 793.44
574 , 779.83
587 , 763.2
599.33 , 748.35
612.69 , 732.54
626.8 , 718.37
641.42 , 704.28
655.35 , 689.16
666.5 , 673.7
676.71 , 654.64
684.09 , 636.24
690.22 , 617.89
694.67 , 597.08
697.14 , 578.46
698.8 , 557.87
699.02 , 537.04
699.75 , 516.5
431.25 , 546.69
423.57 , 562.72
413.88 , 577.91
410.37 , 596.65
420.37 , 613.39
432.56 , 625.28
451.49 , 632
468.5 , 635.21
488.16 , 634.76
507.24 , 631.36
524.56 , 627.93
542.31 , 621.01
557.46 , 609.81
559.61 , 591.77
550.9 , 575.93
540.27 , 558.89
530 , 543.1
386.9 , 654.57
404.95 , 655.82
421.92 , 659.32
439.75 , 661.07
457.82 , 662.32
474.8 , 665.81
492.85 , 667.07
510.32 , 664.57
527.27 , 661.07
543.77 , 656.54
559.45 , 650.29
574.75 , 642.79
590.79 , 637.53
584.93 , 653.2
578.93 , 668.95
571.84 , 684.39
561.77 , 698.7
547.98 , 710.27
533 , 718.57
517.05 , 724.06
499.72 , 726.82
481.65 , 725.57
464.77 , 721.85
449.3 , 714.98
434.45 , 706.39
420.17 , 696.1
406.84 , 683.27
397.15 , 668.82
394.65 , 657.32
408.2 , 658.82
421.4 , 661.07
434.95 , 662.56
447.27 , 666.45
459.72 , 670.14
472.6 , 673.08
486.38 , 674.06
500.07 , 673.31
513.02 , 670.56
525.33 , 666.55
537.25 , 661.53
549.1 , 656.33
560.95 , 651.06
565.55 , 657.14
555 , 665.97
543.9 , 673.32
532.27 , 679.19
520 , 683.29
507.15 , 686.32
493.85 , 688.31
480.05 , 688.83
466.38 , 687.58
453.5 , 684.67
441.22 , 680.64
429.15 , 676.07
417.52 , 670.08
406.07 , 663.72
533.29 , 474.71
537.57 , 466.93
545.04 , 461.71
552.91 , 457.58
560.89 , 453.68
569.24 , 450.95
578.12 , 449.22
587.84 , 449.21
596.94 , 450.45
605.81 , 452.2
613.54 , 456.71
614.91 , 465.64
606.91 , 469.58
598.69 , 472.69
589.94 , 474.71
580.21 , 474.71
570.74 , 474.21
561.49 , 475.21
552.14 , 474.46
542.66 , 473.96
420.76 , 476.94
413.7 , 468.65
404.48 , 463.96
394.9 , 460.5
384.48 , 458.74
373.8 , 457.49
363.1 , 458.75
353.03 , 461.24
343.35 , 464.51
334.03 , 468.74
325.53 , 475.24
334.05 , 481.74
343.3 , 486.23
353.13 , 489.27
362.7 , 492.76
373.25 , 494.24
384.18 , 493.49
394.73 , 491.99
404.68 , 489.21
414.08 , 485.22
514.94 , 453.65
519.73 , 439.6
528.79 , 427.02
541.24 , 417.58
555.17 , 412.41
569.69 , 408.4
584.07 , 404.15
598.94 , 400.9
615.04 , 401.15
630.77 , 402.63
646.14 , 404.9
645.67 , 418.17
631.19 , 422.15
614.97 , 422.65
598.87 , 423.39
583.64 , 425.94
569.59 , 430.74
555.82 , 436.4
542.12 , 442.22
528.42 , 448.17
433.22 , 438.83
418.65 , 427
402.38 , 419.81
385.57 , 414.16
367.5 , 411.09
349.23 , 408.32
331.18 , 405.09
312.12 , 406.22
296.02 , 414.06
283.07 , 428.24
272 , 443.09
288.27 , 436.07
305.02 , 430.33
322.8 , 426.57
341.43 , 428.59
359.02 , 432.85
375.85 , 438.31
392.85 , 443.56
409.33 , 450.1
427.12 , 453.81
