308315761_2
281.96 , 512.6
285.87 , 526.22
290.37 , 541.38
294.33 , 556.45
297.28 , 571.51
300.33 , 586.56
303.94 , 601.32
307.74 , 614.63
312.68 , 630.6
317.52 , 644.9
322.84 , 659.01
330 , 672.19
339.62 , 683.26
351.95 , 694.06
363.72 , 703.09
375.41 , 712.77
387.59 , 721.98
400.37 , 730.26
413.87 , 737.46
427.99 , 743.56
442.65 , 748.45
457.71 , 751.18
472.86 , 752.21
487.93 , 751.63
502.47 , 748.57
516.38 , 742.47
528.8 , 733.93
539.49 , 722.97
548.26 , 710.09
556.02 , 696.41
562.44 , 683.35
569.71 , 669.81
576.84 , 656.38
584.25 , 643.15
590.79 , 629.56
596.93 , 615.72
602.25 , 601.57
606.36 , 587.18
609.48 , 572.24
613.24 , 556.03
616.74 , 541.12
454.94 , 493.69
448.08 , 502.48
443.14 , 512.98
442.19 , 524.8
445.01 , 535.56
452.89 , 543.83
464.64 , 547.58
475.25 , 550.8
487.68 , 553.55
498.85 , 553.44
510.14 , 552.67
522.43 , 551.18
533.9 , 549.5
543.2 , 542.95
542.8 , 531.14
540.41 , 519.59
533.76 , 509.81
398.54 , 602.79
407.89 , 594.52
420.34 , 593.79
432.92 , 593.29
445.37 , 592.54
458.07 , 592.79
470.39 , 593.79
482.49 , 595.29
495.07 , 594.79
507.29 , 593.54
519.37 , 595.02
530.07 , 599.56
539.79 , 606.62
542.79 , 618.01
537.78 , 628.56
530.36 , 638.22
520.84 , 646.02
510.29 , 651.04
498.94 , 654.03
487.09 , 656.04
474.49 , 656.54
462.17 , 655.57
450.79 , 652.54
440.31 , 647.32
430.59 , 640.1
421.32 , 631.56
413.17 , 622.19
406.32 , 612.31
407.79 , 602.79
416.99 , 599.78
427.64 , 599.54
438.27 , 599.29
449.02 , 599.29
459.42 , 600.04
469.82 , 600.79
480.22 , 601.54
490.24 , 603.04
500.52 , 604.04
510.79 , 605.04
520.82 , 606.54
530.49 , 608.75
537.51 , 615.06
530.64 , 622.93
522.66 , 629.54
514.39 , 635.2
505.47 , 639.28
495.57 , 641.04
485.42 , 642.29
474.89 , 642.82
465.12 , 640.81
455.74 , 637.99
446.82 , 634.06
438.17 , 629.38
429.89 , 623.61
421.69 , 617.68
413.73 , 610.99
522.05 , 461.13
527.32 , 458.37
532.72 , 455.89
537.95 , 452.97
543.35 , 450.38
549.27 , 449.13
555.7 , 448.88
561.88 , 449.61
567.55 , 451.38
572.55 , 454.88
576.27 , 459.83
574.92 , 465.62
569.6 , 468.34
563.55 , 469.38
557.15 , 469.63
550.85 , 469.13
544.8 , 468.13
538.97 , 466.63
533.02 , 465.38
527.47 , 463.4
438.29 , 447.81
433.1 , 442.62
427.32 , 439.08
421.38 , 435.92
414.88 , 434.18
408.05 , 433.18
400.82 , 433.43
394.2 , 434.93
388.17 , 437.9
382.25 , 441.06
376.9 , 445.68
382.82 , 448.87
388.85 , 451.7
395.07 , 453.95
401.57 , 455.69
408.3 , 456.92
415.52 , 457.18
422.72 , 456.93
429.7 , 456.19
435.91 , 453.9
519.41 , 432.21
523.92 , 422.93
532.63 , 416.74
541.53 , 411.21
550.81 , 406.56
561.03 , 404.18
571.53 , 405.99
581.81 , 408.23
591.46 , 411.74
600.76 , 416.3
609.19 , 423.22
608.99 , 432.53
598.31 , 431.12
588.88 , 426.95
579.28 , 423.34
568.81 , 421.46
558.06 , 422.74
548.28 , 425.84
538.98 , 430.4
529.51 , 434.45
457.3 , 398.8
445.07 , 388.81
430.77 , 384.49
415.3 , 382.49
399.1 , 382
383.82 , 384.43
370.02 , 389.97
357.23 , 398.26
345.32 , 409.16
333.7 , 420.79
323 , 432.74
337.88 , 435.98
351.85 , 430.99
364.93 , 423.34
378.07 , 415.93
391.75 , 409.99
406.6 , 406.71
422.57 , 407.74
437.23 , 411.47
453.18 , 412.49
