308315761_3
324.72 , 433.19
327.78 , 444.04
331.17 , 455.72
333.77 , 467.51
339.1 , 478.65
345.38 , 487.99
351.71 , 498.99
357.1 , 509.75
362.53 , 519.58
369.02 , 530.12
377.01 , 539.55
385.27 , 547.23
395.24 , 554.77
404.69 , 560.94
414.97 , 567.67
425.64 , 574.03
436.63 , 578.25
448.12 , 578.98
459.66 , 576.97
471.03 , 573
482.16 , 567.81
493.44 , 563.6
504.74 , 558.84
514.94 , 552.29
523.59 , 543.97
531.02 , 534.4
537.6 , 524.43
544.19 , 514.75
551.4 , 505.37
559.09 , 495.54
564.78 , 486.15
569.19 , 473.93
570.67 , 462.39
570.45 , 450.61
569.37 , 438.84
567.4 , 427.25
564.94 , 415.57
562.56 , 403
560.79 , 391.4
559.15 , 379.81
557.13 , 367.12
387.98 , 406.66
384.35 , 415.6
380.88 , 425.33
378.27 , 436.5
383.06 , 445.09
392.86 , 448.95
402.62 , 451.66
413.76 , 452.65
423.43 , 449.92
432 , 444.28
441.09 , 437.25
449.21 , 430.57
455.86 , 422.87
456.78 , 413.11
450.32 , 404.18
441.41 , 397.95
431.93 , 393.25
388.84 , 484.73
395.72 , 477.24
404.49 , 473.73
413.89 , 471.48
423.61 , 469.99
432.59 , 466.98
441.29 , 463.26
450.06 , 459.74
459.31 , 457.23
468.71 , 454.97
478.31 , 453.23
488.29 , 452.21
497.1 , 455.39
498.34 , 465.25
495.82 , 474.5
491.37 , 482.96
484.51 , 490.56
476.84 , 497.23
468.64 , 502.41
460.21 , 506.98
451.66 , 511.25
442.79 , 514.47
433.06 , 515.98
422.71 , 516.26
413.62 , 513.49
405.41 , 508.32
397.77 , 501.65
391.63 , 493.81
395.09 , 482.23
402.79 , 481.23
410.36 , 479.98
417.94 , 478.73
425.64 , 477.73
433.09 , 476.23
439.96 , 473.51
446.91 , 471
453.79 , 468.21
460.64 , 465.44
467.29 , 462.02
474.01 , 458.71
481.46 , 457.24
489.3 , 457.96
486.75 , 464.83
482.62 , 471.21
477.01 , 477.06
470.96 , 482.13
464.29 , 485.55
457.62 , 488.96
450.91 , 492.25
444.04 , 494.98
436.56 , 496.48
428.64 , 496.98
420.44 , 496.98
412.99 , 495.5
406.24 , 492.39
399.79 , 488.42
441.55 , 344.05
443.73 , 340.1
446.52 , 336.32
449.08 , 332.52
452.9 , 329.92
456.98 , 327.87
461.4 , 326.79
465.88 , 325.8
470.82 , 325.8
475.15 , 327.14
479.05 , 329.55
479.75 , 334.12
476.05 , 337.05
471.98 , 339.06
467.75 , 340.54
463.18 , 341.3
458.45 , 341.8
453.85 , 342.56
449.62 , 344.07
445.58 , 346.03
374 , 366.86
370.98 , 363.26
366.97 , 360.99
362.9 , 358.93
358.65 , 357.43
353.77 , 357.18
349.12 , 357.93
344.95 , 359.64
340.95 , 361.92
337.76 , 365.58
335.66 , 369.63
333.65 , 373.68
337.9 , 374.93
342.77 , 375.18
347.55 , 374.68
352.3 , 374.18
356.92 , 373.43
361.45 , 372.44
365.97 , 371.43
370.37 , 370.19
416.53 , 325.38
423.63 , 317.79
431.95 , 312.64
440.6 , 308.32
449.5 , 304.89
459 , 302.64
468.53 , 300.38
478.5 , 299.14
488.35 , 297.63
497.56 , 299.87
504.93 , 306.78
498.73 , 312.63
488.75 , 311.38
478.65 , 312.38
469.15 , 314.6
460.08 , 317.62
451.18 , 321.14
442.28 , 324.63
433.53 , 328.63
424.55 , 331.41
367.24 , 339.75
360.25 , 335.36
352 , 333.84
343.72 , 335.34
335.57 , 337.09
328.02 , 340.08
320.75 , 344.06
313.8 , 348.75
307.25 , 354.56
301.79 , 361.24
298.22 , 368.59
305.37 , 372.36
313.87 , 371.33
321.45 , 368.36
328.95 , 365.11
336.35 , 361.59
343.62 , 357.68
351 , 354.07
358.8 , 351.56
366.19 , 348.11
