313525679_1
750 , 829.86
760.97 , 852.99
774.82 , 878.36
789.33 , 900.67
803.64 , 923.49
817.87 , 948.66
833 , 971.3
847.25 , 994.74
863.77 , 1019.28
880.58 , 1038.32
902.05 , 1055.7
919.05 , 1077.38
936.75 , 1099.33
955.87 , 1119.14
977.8 , 1137.47
1002.54 , 1151.42
1028.84 , 1156.62
1056.87 , 1153.74
1082.27 , 1147.68
1107.73 , 1139.75
1136.78 , 1132.63
1161.75 , 1124.14
1181.69 , 1106.44
1200.13 , 1085.73
1218.4 , 1062
1234.64 , 1040.6
1253.04 , 1021.25
1274.96 , 1002.5
1295.89 , 986.61
1316 , 965.39
1328.33 , 941.06
1339.2 , 916.49
1348.72 , 891.37
1351.76 , 861.94
1351.04 , 835.16
1349.34 , 806.91
1349.1 , 780.79
1348.41 , 752.77
1349.11 , 725.04
1348.52 , 697.08
1342 , 668.93
891.8 , 783.48
885.8 , 805.65
879.75 , 825.64
874.28 , 849.58
883.89 , 868.37
904.66 , 878.58
928.15 , 882.04
949.69 , 882.95
973.88 , 879.19
996.96 , 875.22
1019.16 , 869.44
1037.8 , 857.14
1045.79 , 835.84
1044.5 , 812.67
1036.32 , 792.55
1021.16 , 773.92
1001.97 , 761.2
896.61 , 972.07
907.42 , 956.76
922.86 , 946.32
939.63 , 939.55
956.38 , 932.81
976.13 , 932.32
993.86 , 927.57
1013.24 , 928.82
1031.79 , 931.82
1050.56 , 934.32
1070.09 , 935.32
1089.84 , 934.82
1108.73 , 937.05
1115.17 , 953.75
1108.1 , 970.42
1097.96 , 985.97
1084.93 , 1000.5
1070.31 , 1013.33
1054.54 , 1022.88
1037.96 , 1030.22
1020.86 , 1036.07
1003.46 , 1041.32
983.71 , 1041.85
966.11 , 1036.82
950.18 , 1027.65
935.31 , 1015.52
921.03 , 1001.75
908.56 , 987.02
906.11 , 973.32
919.46 , 969.97
934.06 , 969.07
948.46 , 970.31
963.49 , 970.32
978.13 , 969.57
993.13 , 969.57
1007.66 , 968.57
1021.59 , 966.33
1035.16 , 963.33
1048.76 , 960.42
1062.06 , 956.86
1075.21 , 953.1
1088.39 , 949.32
1092.16 , 955.56
1080.01 , 961.92
1067.54 , 967.39
1054.88 , 972.33
1042.11 , 976.82
1029.18 , 981
1016.04 , 984.82
1002.49 , 987.81
988.18 , 989.32
973.41 , 989.32
959.49 , 987.09
946.31 , 983.32
933.13 , 979.58
919.68 , 976.31
1013.2 , 641.48
1016.92 , 629.56
1022.64 , 618.28
1032.48 , 608.7
1043.53 , 602.47
1055 , 597.48
1067.38 , 594.47
1080.1 , 592.24
1093.53 , 591.48
1106.6 , 592.99
1118.17 , 597.72
1122.15 , 609.28
1112.5 , 618.97
1102 , 626.71
1090.9 , 632.76
1079.05 , 636.7
1066.35 , 638.99
1053.5 , 640.98
1040.3 , 642.23
1026.62 , 641.98
845.63 , 670.35
839.72 , 662.53
831.68 , 657.21
822.85 , 654.15
812.98 , 653.15
802.85 , 653.65
793.45 , 655.65
784.68 , 658.92
776.15 , 662.89
769.6 , 670.48
765.35 , 678.9
770.66 , 686.96
778.5 , 692.83
787.73 , 695.14
798.1 , 695.15
808.33 , 694.9
817.83 , 693.15
826.6 , 689.9
834.8 , 684.97
842.72 , 679.33
925.45 , 573.63
923.44 , 542.12
946.22 , 519.09
971.34 , 502.25
997.67 , 488.39
1024.44 , 475.87
1051.74 , 465.1
1080.99 , 458.38
1111.52 , 462.38
1138.79 , 473.21
1163.74 , 490.65
1184.51 , 514.43
1154.29 , 518.37
1122.29 , 519.37
1092.37 , 524.61
1063.22 , 531.62
1034.34 , 539.15
1006.87 , 549.4
980.27 , 562.56
955.07 , 579.24
844.72 , 587.81
833.11 , 573.97
818.14 , 563.74
801.94 , 556.81
785.42 , 551.03
768.64 , 545.71
751.12 , 542.19
732.54 , 543.97
717 , 552.34
706.59 , 567.21
707.84 , 586.04
711.34 , 603.76
726.77 , 598.81
742.29 , 589.96
760.64 , 588.21
779.02 , 590.39
796.27 , 594.89
812.89 , 600.48
829.74 , 605.61
845.72 , 605.09
