3138240967_1
911.37 , 1080.15
906.11 , 1122.86
903.77 , 1173.83
907.62 , 1219.15
910.34 , 1268.74
915.71 , 1313.54
934.1 , 1357.45
949.36 , 1403.76
972.05 , 1445.05
999.8 , 1482.45
1026.73 , 1521.3
1056.91 , 1558.59
1089.25 , 1590.43
1129.78 , 1616.87
1158.54 , 1652.32
1195.48 , 1684.12
1238.39 , 1701.61
1279.42 , 1720.73
1324.8 , 1739.62
1370.91 , 1747.74
1418.97 , 1752.33
1467.8 , 1751.71
1511.89 , 1746.57
1559.55 , 1735.48
1604.17 , 1718.65
1646.33 , 1701.7
1690.99 , 1679.45
1729.16 , 1650.25
1762.92 , 1621.28
1795.42 , 1584.67
1823.94 , 1548.11
1856.5 , 1511.27
1884.94 , 1472.67
1907.16 , 1434.45
1929.25 , 1393.54
1942.58 , 1345.1
1950.14 , 1298.01
1958.18 , 1253.12
1967.51 , 1207.78
1969.99 , 1159.41
1965.35 , 1109.85
1364.71 , 1033.26
1333.74 , 1059.98
1301.6 , 1087.39
1284.04 , 1126.17
1301.28 , 1166.65
1338.02 , 1191.19
1375.4 , 1205.22
1417.5 , 1211.07
1461.66 , 1213.57
1507.56 , 1208.61
1548.32 , 1201.3
1588.68 , 1190.8
1629.35 , 1170.75
1639.45 , 1129.45
1618.9 , 1094.38
1583.18 , 1067.2
1549.85 , 1039.22
1168.8 , 1314.39
1208.5 , 1301.63
1250.62 , 1293.4
1295.17 , 1290.14
1339.83 , 1287.14
1383.3 , 1281.64
1429.42 , 1281.64
1474.95 , 1282.89
1519 , 1278.64
1563.55 , 1281.89
1604.6 , 1292.43
1644.97 , 1304.12
1685.62 , 1315.37
1705.8 , 1351.64
1681.5 , 1387.19
1648.75 , 1419.44
1613.97 , 1446.16
1577.4 , 1467.61
1537.25 , 1479.68
1493.53 , 1484.64
1447.62 , 1485.14
1403.33 , 1481.41
1361.45 , 1472.61
1321.53 , 1460.12
1283.88 , 1441.15
1248.5 , 1416.34
1214.83 , 1386.67
1187.87 , 1351.99
1188.05 , 1325.64
1225.65 , 1317.4
1266.05 , 1314.89
1306.92 , 1313.39
1348.05 , 1312.39
1388.67 , 1310.39
1427.5 , 1316.12
1465.58 , 1323.39
1504.28 , 1317.89
1544.55 , 1315.14
1585.2 , 1317.14
1625.22 , 1320.4
1664.65 , 1324.89
1699.37 , 1338.19
1677.6 , 1369.58
1646.28 , 1393.66
1613.22 , 1412.95
1579.4 , 1430.39
1543.25 , 1441.39
1503.95 , 1446.14
1462.83 , 1447.14
1422.42 , 1444.61
1383 , 1440.15
1345.28 , 1432.15
1309.67 , 1420.14
1275.53 , 1403.63
1243.62 , 1381.22
1212.33 , 1356.92
1585.9 , 899.65
1600.53 , 885.52
1615.78 , 873.02
1631.55 , 862.03
1647.78 , 852.27
1664.62 , 844.17
1682.88 , 839.42
1703.4 , 839.4
1722 , 843.43
1739.25 , 850.24
1754.77 , 862
1759.43 , 880.14
1743.12 , 889.64
1724.55 , 893.65
1704.85 , 895.4
1684.93 , 896.65
1664.65 , 897.15
1644.95 , 898.9
1625.28 , 900.65
1605.35 , 901.9
1298.17 , 888.26
1294.87 , 873.32
1283.14 , 859.99
1269.87 , 848.22
1255.62 , 839.22
1239.89 , 834.22
1222.64 , 832.22
1205.29 , 833.95
1189.02 , 838.07
1173.99 , 845.09
1159.59 , 853.75
1145.87 , 864.22
1161.27 , 870
1177.44 , 874.24
1193.97 , 877.75
1211.09 , 879.97
1228.57 , 881.47
1246.19 , 882.72
1263.69 , 884.22
1280.94 , 886.25
1543.2 , 766.37
1568.56 , 738.02
1602.2 , 727.12
1636.85 , 718.12
1672.7 , 711.62
1711.33 , 710.87
1747.65 , 716.38
1782.28 , 725.39
1815.45 , 737.37
1846.05 , 756.45
1869.92 , 784.1
1852.55 , 799.44
1822.3 , 779.21
1789.47 , 765.62
1752.68 , 762.12
1715.33 , 765.5
1678.93 , 770.87
1643.8 , 778.85
1609.25 , 788.08
1572.03 , 790.46
1364.77 , 725.97
1329.83 , 704.03
1290.85 , 692.71
1249.2 , 686.71
1207.03 , 681.71
1163.8 , 684.46
1123.38 , 693.08
1086.05 , 708.15
1052.2 , 733.26
1023.8 , 765.88
1003 , 801.21
1041.88 , 789.71
1076.17 , 765.98
1113.72 , 751.47
1156.6 , 747.96
1199.72 , 750.96
1240.78 , 758.21
1280.8 , 767.73
1322.1 , 774.45
1362.58 , 766.43
