3138241291_1
1122.39 , 1144.85
1132.79 , 1183.18
1134.52 , 1223.55
1139.8 , 1265.72
1147.77 , 1303.47
1156.52 , 1344.77
1164.59 , 1385.73
1180.62 , 1424.06
1198.35 , 1461.6
1213.27 , 1500.27
1228.81 , 1540.46
1247.13 , 1575.26
1268.12 , 1609.76
1291.2 , 1644.67
1319.85 , 1675.21
1352.14 , 1702.15
1384.15 , 1725.4
1419.2 , 1748.13
1459.25 , 1762
1500.09 , 1769.29
1540.12 , 1774.19
1579.83 , 1779.1
1624.29 , 1776.71
1663.06 , 1771.5
1701.53 , 1760.2
1740.33 , 1741.64
1775.36 , 1717.36
1804.88 , 1691.42
1834.65 , 1661.24
1859.28 , 1631.09
1880.08 , 1593.77
1893.04 , 1555.77
1901.13 , 1512.57
1910.96 , 1473.97
1924.29 , 1434.86
1935.84 , 1393.45
1945.94 , 1353.28
1949.11 , 1313.67
1952.2 , 1272.38
1961.03 , 1233.04
1967.66 , 1189.37
1504.9 , 1096.24
1486.5 , 1124.72
1464.44 , 1154.01
1445.22 , 1188.98
1436.55 , 1222.42
1466.87 , 1241.33
1503.71 , 1247.48
1538.64 , 1247.43
1576.44 , 1246.89
1614.29 , 1244.18
1651.41 , 1245.43
1687.47 , 1247.08
1717.25 , 1228.27
1715.79 , 1193.16
1705.15 , 1157.6
1685.63 , 1122.67
1665.4 , 1091.39
1349.64 , 1367.83
1381.29 , 1358.56
1415.99 , 1355.33
1450.92 , 1352.58
1485.72 , 1349.58
1520.39 , 1346.33
1556.17 , 1345.33
1591.97 , 1346.33
1627.74 , 1345.33
1663.87 , 1345.08
1699.29 , 1346.83
1735.54 , 1346.83
1769.37 , 1351.82
1773.42 , 1385.05
1752.91 , 1412.56
1727.04 , 1437.46
1699.14 , 1456.83
1670.49 , 1473.99
1640.97 , 1489.1
1609.12 , 1498.08
1574.69 , 1501.82
1540.22 , 1498.15
1507.37 , 1491.07
1477.12 , 1478.31
1447.97 , 1462.34
1419.84 , 1443.77
1392.79 , 1421.98
1367.52 , 1396.23
1363.89 , 1376.33
1392.64 , 1372.83
1420.32 , 1378.56
1448.12 , 1384.08
1476.64 , 1388.08
1505.99 , 1390.31
1535.27 , 1392.83
1564.99 , 1394.31
1594.62 , 1393.08
1623.37 , 1389.58
1652.02 , 1385.83
1680.19 , 1381.09
1707.79 , 1375.18
1735.79 , 1370.06
1740.61 , 1390.09
1716.84 , 1405.37
1691.77 , 1417.3
1665.29 , 1425.34
1637.37 , 1430.58
1608.74 , 1434.33
1579.49 , 1436.83
1549.49 , 1437.33
1520.02 , 1435.33
1491.24 , 1431.83
1462.94 , 1427.37
1435.97 , 1420.14
1410.64 , 1409.08
1387.47 , 1392.09
1679.82 , 934.84
1697.14 , 925.49
1713.62 , 913.77
1730.04 , 901.87
1746.94 , 891.46
1765.07 , 884.34
1785.49 , 882.09
1805.92 , 884.34
1825.62 , 888.09
1843.69 , 895.35
1859.07 , 910.09
1856.54 , 930.15
1839.39 , 940.08
1820.57 , 945.59
1800.14 , 947.84
1779.09 , 946.84
1759.14 , 943.58
1740.02 , 938.6
1718.87 , 939.34
1698.19 , 941.11
1404.4 , 923.57
1393.37 , 910.05
1379.24 , 900.67
1364.19 , 893.8
1346.97 , 891.8
1329.49 , 893.31
1312.87 , 896.55
1297.29 , 901.87
1282.47 , 909.45
1268.75 , 919.92
1256.62 , 933.05
1271.07 , 941.48
1285.39 , 950.31
1300.77 , 956.07
1318.02 , 958.05
1335.62 , 956.8
1352.02 , 953.03
1367.72 , 948.03
1384.12 , 944.3
1399.74 , 939.17
1663.03 , 821.08
1678.28 , 795.93
1703.25 , 780.35
1730.31 , 770.31
1758.48 , 762.62
1787.95 , 757.56
1819.03 , 755.83
1850.61 , 755.08
1879.98 , 760.34
1906.83 , 771.09
1931.76 , 787.05
1929.01 , 812.33
1898.03 , 810.33
1867.2 , 808.61
1836.13 , 810.33
1806.03 , 814.08
1776.38 , 818.83
1747.61 , 825.35
1718.58 , 831.34
1688.7 , 835.07
1463.88 , 820.51
1440.31 , 801.46
1411.98 , 794.48
1383.23 , 788.46
1353.01 , 785.46
1321.96 , 784.21
1290.78 , 783.21
1261.53 , 788.21
1235.36 , 800.14
1211.46 , 818.31
1189.81 , 840.96
1220.51 , 838.96
1250.23 , 834.96
1281.28 , 833.71
1311.86 , 835.96
1341.59 , 839.96
1371.43 , 843.7
1401.28 , 847.46
1430.28 , 852.94
1460.48 , 849.95
