313914487_1
251.18 , 455.1
249.23 , 470.98
247.06 , 488.75
246.2 , 504.96
246.35 , 522.91
247.24 , 539.4
248.26 , 556.68
249.97 , 573.56
253.05 , 590.41
257.61 , 606.85
264.14 , 622.58
271.85 , 637.7
280.4 , 652.21
289.84 , 665.87
301.22 , 679.35
312.5 , 690.26
326.37 , 700.76
341.19 , 709.87
356.37 , 715.87
373.85 , 721.26
390.13 , 725.68
406.33 , 730.75
422.31 , 736.01
438.18 , 740.3
455.85 , 742.3
473.28 , 741.47
490.1 , 738.92
504.79 , 733.4
518.55 , 723.89
530.03 , 710.86
540.42 , 695.95
550.8 , 682.61
562.37 , 670.16
572.64 , 658.15
583.45 , 643.4
592.61 , 629.89
601.08 , 615.86
608.92 , 599.73
615.98 , 585.04
623.24 , 568.54
629.87 , 552.3
459.04 , 501.79
452.82 , 512.04
446.39 , 522.06
439.8 , 532.66
438.67 , 545.54
446.36 , 555.01
456.39 , 560.89
468.11 , 566.29
479.39 , 572.84
490.57 , 576.16
503.72 , 576.76
515.32 , 573.76
526.99 , 568.08
534.31 , 558.66
535.16 , 545.97
534.55 , 533.75
534.52 , 520.87
385.1 , 599.68
396.18 , 597.18
408.25 , 596.68
420.43 , 596.93
432.75 , 596.93
445.05 , 596.93
456.15 , 599.43
466.38 , 603.92
476.83 , 607.66
487.83 , 610.41
498.68 , 613.46
508.83 , 618.17
517.67 , 626.5
523.77 , 636.11
520 , 646.42
509.93 , 651.42
499.53 , 655.42
488.53 , 658.18
476.35 , 657.93
465.35 , 655.18
454.8 , 651.7
444.43 , 647.71
434.25 , 643.09
424.3 , 637.86
414.38 , 632.46
404.55 , 626.88
395.32 , 619.66
389.59 , 609.86
386.6 , 599.43
395.83 , 602.44
405.25 , 605.21
414.83 , 607.68
424.5 , 609.92
434.2 , 612.16
443.2 , 615.96
452.2 , 619.65
461.48 , 622.7
471.28 , 624.67
481.2 , 626.44
491 , 628.43
500.18 , 631.66
509.03 , 635.92
517.82 , 640.39
509.12 , 635.95
500.12 , 632.17
490.85 , 629.18
481.05 , 627.18
471 , 625.67
461.2 , 623.68
452.12 , 620.17
443.28 , 615.9
434.2 , 612.41
424.4 , 610.43
414.83 , 607.93
405.12 , 605.68
395.55 , 603.2
545.3 , 465.75
552.25 , 461.04
559.9 , 458.28
567.67 , 455.78
575.35 , 453
583.65 , 451.5
592.55 , 451.75
600.72 , 453.47
607.72 , 458.16
611.7 , 465.4
612.3 , 474.15
610.83 , 482.43
606.17 , 489.42
597.4 , 489.99
589.47 , 487.77
581.97 , 484.52
574.6 , 480.79
567.1 , 477.48
559.45 , 474.72
552 , 471.23
442.18 , 423.97
441.43 , 415.82
437.19 , 409.1
430.93 , 403.56
423.95 , 399.89
416.3 , 397.89
408.2 , 396.9
399.7 , 397.15
391.73 , 398.39
384.45 , 401.17
378 , 406.15
380.06 , 413.72
384.66 , 420.35
391.7 , 423.86
398.73 , 427.38
405.9 , 430.43
413.52 , 432.4
421.77 , 433.15
430 , 432.4
437.75 , 430.65
553.5 , 418.18
562.15 , 411.77
571.5 , 407.18
581.58 , 404.4
592.75 , 403.93
603.67 , 402.93
614.6 , 401.93
625.77 , 402.43
635.8 , 405.23
644.45 , 411.65
649.5 , 420.68
639.15 , 421.33
628.65 , 419.42
617.85 , 418.18
606.95 , 419.22
596.73 , 421.7
586.9 , 424.93
576.73 , 427.45
566.6 , 430.18
556.26 , 428.24
483.54 , 380.06
475.73 , 367.02
463.5 , 356.89
450.4 , 349.18
436.78 , 342.82
422.45 , 338.42
407.53 , 335.14
391.6 , 333.89
376.18 , 336.11
362.7 , 342.89
350.6 , 353.39
365.65 , 350.4
380.95 , 347.89
397.35 , 348.14
412.65 , 350.64
426.28 , 357.07
438.83 , 366.36
450.55 , 377.84
462.83 , 387.86
476.97 , 392.61
