1413333405_1
334.55 , 612
340.03 , 631.98
345.06 , 650.59
350.77 , 671.91
355.24 , 692.93
359.52 , 714.13
364.89 , 734.47
371.66 , 753.88
381.21 , 773.14
390.81 , 790.46
403.92 , 807.08
419.15 , 821.84
435.44 , 835.22
454.18 , 845.95
471.94 , 855
492.53 , 864.08
511.79 , 871.88
530.85 , 880
550.36 , 887.6
570.5 , 892.66
591.49 , 895.31
612.35 , 894.3
632.12 , 889.3
650.89 , 879.74
669.11 , 867.58
685.23 , 853.9
700.48 , 840.38
717.61 , 828.19
734.64 , 815.58
752.03 , 803.18
766.45 , 787.85
774.76 , 769.9
780.78 , 748.02
785.49 , 727.89
793.97 , 708.74
802.17 , 689.58
808.78 , 670.11
810.17 , 649.64
811.3 , 627.3
814.68 , 606.23
816.39 , 585.05
552.8 , 577.55
547.99 , 596.01
541.76 , 612.75
534.34 , 632.55
533.66 , 650.62
547.38 , 663.93
566.56 , 669.41
584.59 , 673.54
605.07 , 675.03
622.97 , 671.72
643.12 , 667.53
661.71 , 660.98
673.54 , 647.54
672.53 , 628.84
664.8 , 610.19
658.39 , 592.62
648.3 , 574.1
481.56 , 730.64
496.16 , 717.64
513.01 , 710.88
530.93 , 706.37
549.43 , 703.15
567.93 , 699.9
587.76 , 700.39
606.86 , 702.39
625.49 , 699.39
643.76 , 695.68
663.68 , 695.39
682.31 , 698.39
700.41 , 702.48
715.04 , 713.94
705.3 , 729.71
694.38 , 745.06
681.48 , 759.73
666.54 , 771.9
650.13 , 780.07
632.26 , 784.63
613.38 , 787.14
594.04 , 788.64
574.81 , 786.89
556.79 , 782.62
539.79 , 776.37
523.46 , 768.01
507.86 , 757.69
492.81 , 745.89
488.81 , 724.89
504.04 , 721.89
519.93 , 720.14
536.16 , 719.14
552.63 , 718.64
569.36 , 718.64
585.74 , 719.39
602.09 , 718.64
618.21 , 717.39
633.91 , 715.29
649.01 , 711.89
664.38 , 709.16
680.76 , 708.39
696.78 , 709.87
691.91 , 722.31
679.01 , 731.18
665.59 , 738.62
651.76 , 744.93
637.36 , 749.65
622.41 , 753.41
606.91 , 755.9
590.91 , 757.39
574.96 , 755.79
559.71 , 752.79
544.26 , 750.15
529.34 , 746.41
515.51 , 740.1
501.96 , 733.01
661.89 , 528.65
667.31 , 522.98
673.04 , 517.76
679.47 , 514.34
686.04 , 511.5
693.22 , 509.87
700.66 , 508.89
708.47 , 509.15
715.94 , 510.17
722.99 , 511.88
729.81 , 514.17
729.29 , 520.37
722.51 , 522.78
715.12 , 523.9
707.44 , 524.4
699.62 , 524.65
692.19 , 525.65
684.62 , 526.4
677.04 , 527.16
669.71 , 528.4
519.83 , 531.63
513.5 , 528.23
507.03 , 525.25
500.41 , 522.71
493.06 , 521.72
485.45 , 521.22
477.78 , 521.62
470.63 , 522.96
463.7 , 524.95
457.36 , 528.32
451.43 , 532.72
458.03 , 535.24
465.13 , 536.73
472.5 , 537.71
480.21 , 537.47
487.81 , 536.97
495.4 , 536.47
503 , 535.97
510.61 , 536.47
518.33 , 536.72
635.04 , 501.48
640.8 , 486.63
653.62 , 475.4
667.99 , 468.02
683.04 , 462.73
698.69 , 458.58
714.96 , 455.73
732.14 , 454.73
748.24 , 457.99
763.16 , 463.73
776.46 , 473.97
773.74 , 485.45
759.01 , 479.22
743.99 , 473.74
727.06 , 472.73
710.99 , 476.02
696.39 , 482.64
681.76 , 489.25
667.12 , 495.66
652.06 , 500.98
550.03 , 488.52
535.02 , 477.76
517.23 , 473.97
499.4 , 470.23
480.85 , 467.99
461.32 , 467.75
443.18 , 470.81
425.77 , 475.47
409.78 , 483.72
396.26 , 497.72
388.25 , 513.74
404.62 , 506.87
420.2 , 497.75
437.07 , 492.25
456.12 , 490.99
475.4 , 491.74
493.82 , 494.24
511.75 , 497.74
528.98 , 502.72
547.12 , 505.73
