3141909424_1
1115.74 , 1282.2
1126.98 , 1324.79
1138.72 , 1367.6
1148.86 , 1410.54
1160.27 , 1457.52
1174.75 , 1498.67
1195.4 , 1537.37
1223.47 , 1577.11
1250.37 , 1611.87
1276.88 , 1646.61
1308.5 , 1683.42
1342.22 , 1711.64
1380.3 , 1733.99
1419.53 , 1756.22
1459.37 , 1780.5
1500.29 , 1804.66
1540.91 , 1825.11
1581 , 1839.64
1626.3 , 1849.22
1671.09 , 1851.2
1715.92 , 1847.74
1763.77 , 1838.86
1802 , 1823.53
1843.9 , 1797.84
1878.41 , 1770.73
1911.27 , 1742
1945.59 , 1708.41
1976.76 , 1679.3
2008.57 , 1644.95
2037.78 , 1608.47
2063.71 , 1569.99
2082.44 , 1532.95
2100.21 , 1490.76
2114.24 , 1447.94
2128.75 , 1401.21
2140.9 , 1358.41
2149.02 , 1314.4
2152.17 , 1270.04
2149.99 , 1225.27
2143.5 , 1176.68
2136.88 , 1131.68
1520.01 , 1164.44
1507.34 , 1197.62
1493.47 , 1234.53
1482.12 , 1269.93
1496.45 , 1302.99
1532.11 , 1313.08
1570.45 , 1315.65
1607.83 , 1315.8
1642.04 , 1311.84
1680.7 , 1302.17
1718.1 , 1293.62
1749.86 , 1279.57
1770.8 , 1247.42
1767.25 , 1211.96
1746.15 , 1180.18
1714.41 , 1156.81
1682.25 , 1136.23
1431.46 , 1484.01
1458.06 , 1464.41
1487.86 , 1453.86
1517.93 , 1444.02
1548.24 , 1434.49
1578.84 , 1425.53
1610.49 , 1418.51
1643.46 , 1414.26
1675.68 , 1408.51
1708.29 , 1403.51
1742.96 , 1403.76
1776.49 , 1406.78
1810.46 , 1409.01
1842.81 , 1414.5
1852.96 , 1442.01
1826.29 , 1461.5
1798.68 , 1478.28
1770.54 , 1493.75
1742.31 , 1509
1713.51 , 1522.72
1683.09 , 1532
1650.61 , 1537.26
1615.93 , 1538.01
1582.31 , 1535.11
1549.76 , 1530
1518.71 , 1521.76
1488.71 , 1511.76
1459.11 , 1500.67
1441.96 , 1476.26
1467.04 , 1465.98
1495.26 , 1462.27
1523.84 , 1459.27
1551.96 , 1455.26
1580.91 , 1453.01
1610.59 , 1452.26
1639.66 , 1450.26
1667.38 , 1445.5
1694.63 , 1439.77
1723.46 , 1437.26
1752.54 , 1435.27
1781.63 , 1433.33
1810.43 , 1430.76
1836.03 , 1430.53
1809.01 , 1436.73
1783.76 , 1446.71
1758.06 , 1455.48
1730.81 , 1461.23
1703.66 , 1467.25
1676.74 , 1473.76
1648.63 , 1477.76
1619.56 , 1479.76
1590.13 , 1478.51
1561.18 , 1476.26
1531.49 , 1475.51
1501.59 , 1475.26
1471.79 , 1475.76
1725.5 , 972.46
1735.47 , 955.24
1750.62 , 939.84
1767.45 , 928.78
1785.08 , 919.65
1803.58 , 913.18
1824.05 , 910.71
1844.88 , 912.46
1864.4 , 916.98
1882.65 , 924.11
1898.92 , 936.87
1901.87 , 956.71
1884.88 , 967.34
1866.92 , 975.53
1847.75 , 980.71
1827.65 , 983.96
1806.55 , 985.21
1785 , 984.96
1763.3 , 984.96
1742.4 , 983.36
1457.25 , 1027.21
1454.87 , 1007.79
1440.2 , 993.63
1424.1 , 983.45
1406.78 , 976.69
1387.17 , 974.69
1367.83 , 977.16
1350.15 , 983.03
1333.55 , 991.88
1318.07 , 1003.87
1305.75 , 1019.19
1297.25 , 1035.94
1311.83 , 1050.44
1329.12 , 1057.18
1348.85 , 1058.94
1368.45 , 1056.94
1387.08 , 1052.93
1405.83 , 1049.2
1424.1 , 1044.47
1441.58 , 1038.13
1652.66 , 853.69
1670.42 , 819.91
1703.16 , 799.94
1739.36 , 788.73
1777.81 , 781.92
1818.19 , 779.19
1859.31 , 779.94
1899.44 , 783.19
1937.64 , 790.43
1972.06 , 806.6
2002.18 , 834.47
1988.11 , 863.89
1953.11 , 849.69
1915.46 , 841.19
1874.36 , 842.48
1833.86 , 844.98
1796.11 , 853.21
1760.49 , 865.44
1723.93 , 875.94
1683.84 , 878.59
1472.7 , 890.67
1444.08 , 872.25
1411.08 , 864.5
1375.72 , 862.19
1340.58 , 865.45
1306.53 , 870.94
1273.22 , 877.93
1240.88 , 886.93
1210.15 , 899.44
1181.12 , 916.81
1154.25 , 940.18
1187.8 , 946.67
1222.58 , 942.68
1256.08 , 936.11
1288.9 , 927.93
1321.88 , 920.18
1356.65 , 916.21
1392.88 , 916.68
1427.55 , 920.93
1463.65 , 920.18
