3151235633_1
125.1 , 380.17
125.07 , 395.88
126.35 , 413.43
127.4 , 431.05
129.88 , 447.28
132.87 , 465.47
135.75 , 481.84
139.2 , 498.69
143.36 , 515.61
150.1 , 530.19
159.88 , 545.12
170.55 , 559.04
182.55 , 571.98
192.09 , 586.14
200.89 , 599.77
210.93 , 614.36
222.27 , 625.87
237.79 , 636.27
253.51 , 640.45
270.61 , 643.12
287.37 , 643.16
304.31 , 641.08
321.44 , 639.31
338.45 , 632.75
353.91 , 625.15
368.51 , 617.12
381.63 , 606.62
395.77 , 595.65
409.94 , 586.1
422.08 , 574
433.03 , 561.49
447.2 , 551.31
460.6 , 540.05
471.67 , 526.98
480.82 , 512.61
489.55 , 497.46
497.39 , 482.23
503.59 , 466.04
506.38 , 449.8
507.66 , 431.91
509.31 , 414.76
246.74 , 387.09
235.93 , 396.75
227.12 , 409.16
221.5 , 422.8
220.03 , 437.93
229.97 , 449.47
243.05 , 455.19
258.15 , 458.55
273.5 , 460.31
288.5 , 462.06
303.75 , 463.8
317.86 , 461.66
326.51 , 450.18
330.37 , 435.12
329.07 , 420.18
323.75 , 405.68
314.76 , 393.07
205.7 , 526.07
214.35 , 519.14
224.5 , 516.08
235.27 , 514.32
246.07 , 516.04
255.8 , 520.06
267.07 , 519.32
278.1 , 518.07
289.38 , 518.83
299.52 , 521.8
309.1 , 526.35
318.62 , 531.01
328.15 , 535.76
335.94 , 544.12
329.18 , 552.85
320.23 , 559.04
311.02 , 564.56
301.43 , 569.07
291 , 571.57
280.55 , 574.07
269.65 , 575.57
258.62 , 574.34
248.32 , 571.6
238.75 , 567.08
229.65 , 561.27
221.03 , 554.14
215.2 , 545.07
210.45 , 535.57
210.7 , 526.32
219.3 , 525.32
227.65 , 526.82
236.62 , 526.57
245.35 , 527.32
253.05 , 530.16
261.12 , 532.25
269.95 , 532.82
278.8 , 532.32
287.77 , 532.57
296.25 , 533.84
304.48 , 535.59
312.8 , 537.17
320.98 , 539.09
329.23 , 540.84
321.88 , 540.75
313.55 , 539.17
305.15 , 537.78
296.75 , 536.31
288.15 , 535.32
279.43 , 534.57
270.45 , 534.32
261.85 , 533.34
253.5 , 531.81
245.38 , 529.82
236.75 , 528.82
228.15 , 527.82
219.55 , 526.82
350.44 , 333.43
357.31 , 327.31
364.51 , 321.93
372.37 , 318.41
380.99 , 316.68
390.34 , 316.43
399.69 , 316.68
408.29 , 318.43
416.42 , 321.19
424.19 , 324.93
431.22 , 330.71
428.22 , 338.42
420.14 , 341.18
411.39 , 342.68
402.39 , 343.68
392.91 , 343.68
384.06 , 342.42
375.44 , 340.68
366.91 , 338.68
359.06 , 335.18
239.86 , 317.56
234.23 , 311.4
227.72 , 306.65
221 , 302.65
213.8 , 299.89
206.12 , 298.14
198.07 , 297.14
189.92 , 297.89
182.38 , 299.87
175.27 , 302.88
168.45 , 306.64
174.75 , 311.95
181.35 , 316.3
188.32 , 319.76
195.47 , 322.65
203.38 , 323.89
211.77 , 324.14
219.95 , 324.89
228.45 , 324.89
236.63 , 324.13
314.87 , 279.33
324.28 , 265.88
339.32 , 260.82
356.14 , 259.33
372.82 , 261.08
389.52 , 262.83
406.22 , 264.58
422.8 , 266.58
439.62 , 268.08
455.97 , 270.61
470.92 , 275.81
462.7 , 288.76
447.39 , 293.33
430.35 , 292.33
413.77 , 290.32
397.32 , 288.08
380.25 , 287.08
362.82 , 286.83
345.77 , 287.83
328.52 , 288.23
258.62 , 280.43
258.42 , 268.16
248.54 , 258.41
237.97 , 250.48
227.17 , 243.41
216.12 , 236.88
204.27 , 232.69
191.57 , 230.16
178.02 , 230.88
166.37 , 235.69
156.14 , 244.44
146.17 , 253.91
158.87 , 256.41
171.12 , 259.87
183.44 , 263.17
195.84 , 266.34
208.34 , 269.34
221.24 , 271.4
234.19 , 273.41
246.69 , 276.41
