3152114098_1
448.21 , 563.12
450.06 , 578.8
452.08 , 594.47
452.76 , 610.21
451.13 , 626.61
450.16 , 642.51
448.88 , 658.92
447.92 , 674.78
447.54 , 690.53
448.27 , 705.86
451.33 , 722.21
457.36 , 737.01
467.28 , 749.15
479.31 , 759.55
491.96 , 771.19
502.76 , 782.79
514.06 , 794.41
526.85 , 804.28
541.34 , 811.13
555.68 , 814.1
572.15 , 815.47
588.48 , 816.4
604.75 , 817.07
620.81 , 815.7
635.4 , 809.78
648.69 , 800.39
660.72 , 789.14
671.29 , 778.79
683.55 , 767.05
695.01 , 756.64
705.07 , 744.43
712.87 , 729.48
720.26 , 714.71
728.37 , 700.84
736.8 , 687.48
745.77 , 673.9
752.34 , 660.21
756.6 , 644.68
761.03 , 629.93
765.82 , 614.08
770.37 , 597.56
585.5 , 559.11
579.51 , 569.77
577.56 , 581.64
580.04 , 593.38
587.2 , 604.12
597.64 , 612.24
608.8 , 616.97
620.3 , 619.23
633.69 , 622.27
646.31 , 622.35
658.81 , 623.36
671.38 , 623.58
683.06 , 620.94
687.5 , 610.1
685.95 , 596.98
683.8 , 585.15
678.36 , 573.13
510.05 , 664.46
524.92 , 661.96
540.8 , 662.46
556.55 , 663.21
572.65 , 663.21
588.17 , 661.96
604.27 , 661.96
619.17 , 664.46
634.58 , 665.96
650.55 , 666.21
665.45 , 668.68
678.33 , 675.99
686.22 , 688.63
680.31 , 701.94
673.48 , 715.01
665.05 , 727.46
653.08 , 737.2
639.33 , 741.96
624.08 , 743.71
608.33 , 742.96
593.67 , 739.96
579.5 , 735.98
565.5 , 731.67
552.53 , 724.68
540.33 , 715.48
530.02 , 703.69
521.59 , 691.26
515.29 , 677.99
518.8 , 662.96
531.58 , 662.71
543.9 , 663.96
556.08 , 665.46
568.27 , 666.96
580.83 , 667.71
593.12 , 668.96
605.45 , 670.21
617.52 , 671.96
629.23 , 674.48
641.17 , 676.45
653.12 , 678.45
664.7 , 681.24
671.41 , 690.88
663.73 , 700.54
655.1 , 709.7
644.83 , 715.71
632.28 , 716.46
619.5 , 716.71
607.55 , 714.71
595.6 , 712.71
583.65 , 710.74
572.33 , 707.47
561.15 , 703.99
550.28 , 699.69
540.5 , 692.4
531.72 , 683.13
523.81 , 673.56
671.15 , 516.4
674.68 , 509.12
681.45 , 504.11
688.88 , 500.91
696.7 , 498.65
705 , 497.4
713.67 , 496.9
722.25 , 497.63
730.32 , 499.37
737.6 , 503.06
741.42 , 510.3
739.68 , 518.37
732.98 , 523.63
725.62 , 527.15
717.67 , 529.15
709.35 , 530.4
700.67 , 529.9
692.47 , 528.42
684.65 , 526.15
677.4 , 522.4
572.82 , 499.31
570.25 , 492.07
564.05 , 486.64
557.1 , 483.18
549.58 , 481.14
541.33 , 480.64
533.2 , 481.4
525.42 , 482.86
518.27 , 485.63
511.32 , 489.11
504.55 , 492.89
510.58 , 498.92
517.4 , 502.65
524.58 , 505.38
531.95 , 507.67
539.48 , 509.66
547.48 , 510.64
555.98 , 510.64
564.35 , 510.4
571.33 , 507.07
680.55 , 461.16
684.21 , 451.49
692.62 , 444.16
702.07 , 439.66
712.47 , 437.41
723.35 , 436.16
734.1 , 434.66
745.2 , 435.42
755.22 , 438.4
763.97 , 444.82
770.43 , 453.54
772.9 , 462.38
763.05 , 459.16
753.35 , 455.4
742.6 , 453.89
732.2 , 456.14
721.92 , 458.63
711.7 , 461.26
701.62 , 464.16
690.3 , 464.41
604.37 , 436.92
594.02 , 424.79
580.64 , 417.41
565.6 , 414.04
549.54 , 412.79
533.02 , 412.54
516.72 , 413.28
501.52 , 416.29
487.57 , 422
474.27 , 429.54
461.27 , 437.79
475.34 , 443.07
491.87 , 442.79
507.19 , 440.02
522.64 , 437.55
539.19 , 437.29
555.02 , 439.04
570 , 442.53
584.1 , 447.77
599.62 , 450.14
