3154364424_1
783.05 , 723.19
778.25 , 752.35
773.1 , 781.36
768.23 , 810.34
763.81 , 839.38
761.06 , 868.65
760.93 , 898.15
764.32 , 928.02
771.93 , 957.24
781.67 , 986.14
791.99 , 1014.33
803.93 , 1038.92
820.56 , 1064.35
840.17 , 1087.87
863.14 , 1108.13
885.04 , 1125.74
909.35 , 1145.22
929.48 , 1166.06
949 , 1187.2
970.78 , 1206.41
996.79 , 1222.75
1024.55 , 1234.41
1052.72 , 1244.21
1081.28 , 1250.16
1111.39 , 1251.83
1139.5 , 1245.75
1167.8 , 1231.85
1190.89 , 1213.29
1211.69 , 1194.91
1237.57 , 1178.95
1264.84 , 1164.37
1290.25 , 1148.76
1314.69 , 1130.63
1336.61 , 1114.61
1359.25 , 1092.8
1377.1 , 1068.8
1393.7 , 1044.77
1409.47 , 1020.07
1424.16 , 994.49
1437.03 , 968.42
1447.98 , 937.9
1164.95 , 808.3
1144.2 , 818.57
1124.88 , 833.79
1112.18 , 856.94
1113.06 , 880.03
1128.88 , 900.06
1151.92 , 910.71
1175.09 , 920.49
1195.22 , 934.89
1215.17 , 949.95
1234.98 , 961.37
1261.99 , 964.28
1282.53 , 955.17
1297.27 , 934.47
1298.46 , 908.76
1297.69 , 883.55
1294.79 , 858.45
993.8 , 953.39
1015.2 , 958.38
1037.45 , 961.65
1057.38 , 969.87
1077.05 , 978.89
1096.83 , 987.63
1116.88 , 995.42
1137.22 , 1002.38
1155.8 , 1014.39
1176.4 , 1020.91
1198.28 , 1024.89
1218.88 , 1031.42
1239.12 , 1038.67
1258.69 , 1048.15
1246.28 , 1066.4
1228.12 , 1079.63
1208.35 , 1088.39
1185.72 , 1090.89
1163.6 , 1087.41
1143.17 , 1080.67
1123.1 , 1072.92
1103.47 , 1063.66
1084.03 , 1053.86
1065.55 , 1041.64
1048.5 , 1025.34
1034.05 , 1007.64
1020.5 , 989.59
1005.49 , 972.09
1006.55 , 962.89
1022.75 , 971.35
1039.45 , 978.42
1056.25 , 985.16
1073.38 , 990.92
1090.08 , 997.91
1106.5 , 1005.85
1122.83 , 1014.15
1139.08 , 1022.66
1155.72 , 1029.82
1172.88 , 1035.46
1190.42 , 1040.51
1208.1 , 1045.41
1226.9 , 1047.88
1245.15 , 1048.9
1226.22 , 1051.14
1206.45 , 1051.64
1187.45 , 1049.54
1169.82 , 1044.66
1153.05 , 1037.89
1136.45 , 1030.54
1119.8 , 1023.39
1103.38 , 1015.45
1087.15 , 1006.95
1070.97 , 998.29
1054.57 , 990.15
1038.03 , 982.62
1021.72 , 974.31
1306.89 , 760.88
1317.89 , 749.88
1330.67 , 743.64
1344.57 , 740.14
1359.07 , 737.88
1374.52 , 737.63
1388.99 , 739.86
1401.84 , 745.87
1413.2 , 755.93
1421.05 , 768.03
1425.65 , 781.36
1422.84 , 795.36
1408.47 , 797.88
1393.99 , 800.13
1379.27 , 801.88
1364.67 , 799.89
1351.42 , 795.14
1338.82 , 788.53
1326.82 , 780.28
1314.39 , 773.13
1147.44 , 696.31
1143.56 , 681.66
1134.7 , 669.05
1122.11 , 660.03
1108.63 , 653.28
1094.53 , 648.54
1079.53 , 645.54
1063.53 , 644.54
1047.43 , 645.29
1032.63 , 648.78
1018.68 , 653.79
1029.98 , 665.59
1041.95 , 676.31
1054.4 , 685.76
1067.43 , 693.54
1080.95 , 700.06
1095.48 , 704.06
1110.48 , 707.03
1126.11 , 708.79
1141.96 , 710.04
1364.6 , 669.87
1379.62 , 661.11
1398.35 , 660.62
1416.57 , 662.12
1435.05 , 663.12
1452.67 , 665.88
1468.42 , 672.68
1483.17 , 682.38
1497.85 , 692.12
1510.22 , 705.75
1515.57 , 722.04
1505.82 , 735.86
1490.12 , 728.9
1476.57 , 715.86
1461.6 , 706.87
1444.57 , 702.88
1427.07 , 699.88
1409.57 , 696.85
1393.97 , 689.53
1379.65 , 678.67
1221.6 , 610.79
1202.46 , 587.89
1177.63 , 573.33
1151.71 , 561.64
1124.51 , 553.38
1096.01 , 547.66
1066.29 , 544.39
1035.84 , 542.65
1006.31 , 546.3
980.36 , 557.96
957.46 , 577.89
983.61 , 588.66
1014.79 , 588.89
1044.38 , 585.39
1075.21 , 586.39
1104.21 , 591.14
1130.93 , 600.37
1156.59 , 613.01
1182.13 , 625.88
1209.43 , 634.15
