3155317888_1
617.64 , 884.1
620.87 , 905.43
623.27 , 928.95
626.47 , 951.95
630.7 , 972.63
637.84 , 995.73
647.07 , 1015.67
660.51 , 1035.53
673.75 , 1053.99
686.24 , 1072.24
702.11 , 1089.39
718.87 , 1106.2
734.85 , 1121.89
751.76 , 1137.34
770.64 , 1149.62
791.23 , 1160.97
812 , 1168.44
834.66 , 1174.78
857.61 , 1178.83
879.36 , 1179.1
903.03 , 1179.31
925.7 , 1178.04
947.26 , 1174.65
970.36 , 1168.64
991.28 , 1157.56
1008.03 , 1144.22
1026.31 , 1127.96
1041.58 , 1113.22
1058.78 , 1096.18
1073.84 , 1078.21
1087.39 , 1060.59
1101.18 , 1043.5
1114.94 , 1023.87
1126.71 , 1003.49
1136.25 , 984.38
1144.37 , 962.36
1153.11 , 941.28
1160.7 , 919.59
1164.96 , 897.21
1166.01 , 873.81
1167.64 , 850.25
813.04 , 781.2
804.39 , 800.55
796.05 , 818.23
793.09 , 839.89
802.51 , 858.07
821.33 , 870.14
839.47 , 878.07
861.22 , 881.2
882.51 , 884.25
903.37 , 884.43
925.13 , 880.55
944.26 , 870.56
961.09 , 860.33
973.79 , 841.13
975.05 , 821.47
966.79 , 801.45
961.25 , 780
744.31 , 940.52
764.63 , 933.53
787.13 , 930.77
810.86 , 930.52
833.86 , 932.27
857.11 , 931.02
880.08 , 932.77
903.08 , 934.52
926.21 , 933.02
949.33 , 931.52
972.33 , 929.77
994.83 , 927.02
1017.96 , 925.52
1038.25 , 931.34
1027.23 , 950.28
1009.34 , 964.26
990.36 , 975.23
970.53 , 983.78
949.81 , 990.02
928.13 , 994.49
906.11 , 998.27
883.11 , 1000.02
860.71 , 997.01
838.73 , 993.2
817.78 , 987.25
797.86 , 979.05
778.46 , 969.14
759.53 , 957.99
771.81 , 949.27
789.36 , 949.02
805.93 , 951.27
822.51 , 953.52
839.58 , 954.77
856.53 , 956.27
873.23 , 958.27
889.43 , 961.27
906.98 , 961.02
923.21 , 958.03
939.08 , 954.27
954.68 , 950.02
970.91 , 947.04
986.53 , 942.76
1001.78 , 938.01
986.96 , 944.02
970.76 , 947.01
954.98 , 951.02
939.01 , 954.52
923.13 , 958.26
907.13 , 961.77
889.46 , 961.77
873.01 , 959.27
856.31 , 957.27
839.23 , 956.02
822.41 , 954.27
805.36 , 953.02
788.63 , 951.02
953.75 , 682.66
958.69 , 672.97
968 , 666.91
977.8 , 662.13
987.92 , 658.39
998.25 , 655.16
1009.6 , 653.91
1021.05 , 654.91
1031.8 , 657.41
1041.62 , 662.17
1050.56 , 669.22
1049.78 , 680.65
1040.4 , 686.5
1030.47 , 690.91
1019.73 , 693.41
1008.15 , 694.16
996.8 , 692.9
985.83 , 690.9
975.08 , 688.41
963.17 , 688.34
799.27 , 670.06
796.27 , 661.73
788.95 , 656.42
780.65 , 653.43
771.35 , 652.46
761.7 , 652.21
752.17 , 652.71
743 , 653.96
734.55 , 656.67
727.75 , 663.46
724 , 671.46
729.44 , 678.91
737.1 , 683.81
745.45 , 686.67
754.15 , 688.86
763.27 , 690.21
772.83 , 689.71
781.88 , 688.19
790.35 , 685.61
796.97 , 678.74
943.1 , 624.14
956.48 , 612.99
971.58 , 606.66
988.33 , 603.89
1006.08 , 603.14
1023.93 , 603.64
1041.25 , 605.29
1057.83 , 608.39
1074.03 , 612.4
1089.62 , 617.38
1104.55 , 624.38
1098.3 , 637.14
1080.67 , 637.66
1064.38 , 633.89
1047.6 , 631.14
1030.47 , 629.14
1012.85 , 628.14
995.1 , 628.89
977.12 , 628.64
959.5 , 627.63
833.03 , 620.18
822.83 , 606.83
809.7 , 595.72
795.35 , 587.9
779.85 , 583.17
762.52 , 582.16
744.7 , 582.16
727.35 , 583.15
711.57 , 587.48
697.17 , 595.13
684.1 , 606.46
673.9 , 619.91
691.5 , 619.41
709.33 , 619.41
727.02 , 619.66
744.5 , 618.91
762.33 , 618.91
779.92 , 619.41
797.62 , 619.66
815.45 , 619.66
