3156458544_1
878.96 , 1218.02
881.47 , 1253
889.16 , 1287.69
900.14 , 1322.33
910.68 , 1355.82
919 , 1389.5
928.21 , 1422.88
941.78 , 1458.49
958.58 , 1489.18
978.3 , 1518.24
999.27 , 1546.26
1024.62 , 1572.22
1051.59 , 1595.98
1079.25 , 1619.07
1107.31 , 1642.21
1135.82 , 1664.74
1163.2 , 1683.91
1193.98 , 1702.12
1227.38 , 1716.02
1262.78 , 1725.03
1295.67 , 1729.17
1332.87 , 1725.7
1366.17 , 1716.35
1398.05 , 1698.79
1428.7 , 1680.74
1457.88 , 1659.2
1485.75 , 1638.64
1516.61 , 1615.96
1545.67 , 1594.92
1571.07 , 1571.77
1596.48 , 1545.06
1621.36 , 1519.31
1643.85 , 1494.34
1668.63 , 1468.24
1688.28 , 1439.06
1704.16 , 1406.78
1718.31 , 1372.3
1730.57 , 1341.15
1744.15 , 1307.29
1755 , 1272.03
1763.5 , 1236.39
1264.62 , 1225.77
1249.51 , 1253.8
1227.87 , 1277.31
1207.52 , 1303.52
1207.6 , 1335.97
1227.86 , 1361.21
1257.83 , 1366.9
1293.21 , 1365.17
1325.66 , 1365.34
1356.7 , 1369
1390.2 , 1375.14
1422.66 , 1383.67
1446.53 , 1366.72
1459.76 , 1336.67
1451.1 , 1304.8
1438.01 , 1272.85
1426.32 , 1241.08
1185.6 , 1510.2
1199.01 , 1490.28
1215.62 , 1471.42
1235.85 , 1458.7
1256.97 , 1448.17
1282.17 , 1446.93
1303.45 , 1456.95
1327.2 , 1461.2
1350.38 , 1455.7
1375.35 , 1457.45
1394.85 , 1472.2
1409.63 , 1491.73
1423.07 , 1511.68
1436.52 , 1531.62
1427.35 , 1553.08
1412.85 , 1572.7
1395.15 , 1591.14
1375.42 , 1605.35
1354.95 , 1617.36
1333.77 , 1627.69
1309.9 , 1631.7
1285.65 , 1628.45
1262.6 , 1622.7
1241.27 , 1612.9
1222.23 , 1596.85
1208.09 , 1577.1
1197.59 , 1555.97
1190.85 , 1533.47
1201.35 , 1520.7
1208.1 , 1504.2
1223.17 , 1493.35
1239.1 , 1484.7
1255.5 , 1477.46
1275.02 , 1477.92
1292.32 , 1482.94
1309.02 , 1489.2
1327.7 , 1491.45
1346.02 , 1488.45
1365.52 , 1487.96
1381.88 , 1495.46
1396.3 , 1508.15
1409.52 , 1522.38
1417.35 , 1538.45
1404.05 , 1552.49
1388.3 , 1561.49
1372.17 , 1569.64
1355.92 , 1577.38
1339.05 , 1583.24
1321.17 , 1587.2
1301.77 , 1587.95
1283 , 1585.97
1265.15 , 1581.99
1248.62 , 1575.22
1233.07 , 1565.68
1218.84 , 1552.43
1208.86 , 1537.03
1472.59 , 1103.16
1481.09 , 1085.16
1494.59 , 1068.91
1511.54 , 1057.42
1529.91 , 1049.91
1549.69 , 1045.41
1571.04 , 1044.16
1591.39 , 1047.4
1609.39 , 1056.19
1625.37 , 1070.43
1634.49 , 1088.31
1634.74 , 1110.04
1620.44 , 1125.82
1602.29 , 1134.2
1582.39 , 1138.41
1561.04 , 1139.66
1539.71 , 1138.4
1519.51 , 1134.84
1500.26 , 1129.34
1482.19 , 1120.81
1231.1 , 1080.77
1219.92 , 1062.35
1203.32 , 1045.98
1185.47 , 1033.13
1166.19 , 1024.06
1145.32 , 1018.79
1122.42 , 1017.82
1100.59 , 1021.07
1081.09 , 1029.36
1063.16 , 1042.04
1047.39 , 1058.82
1060.05 , 1076.75
1077.59 , 1090.52
1096.54 , 1100.48
1116.41 , 1107.58
1138.12 , 1111.07
1161.12 , 1111.82
1183.79 , 1110.32
1206.32 , 1108.57
1226.28 , 1101.66
1463.55 , 969.45
1468.68 , 940.8
1492.27 , 923.2
1522.3 , 920.95
1551.95 , 923.95
1581.47 , 927.2
1611.12 , 930.2
1639.7 , 935.45
1665.85 , 945.71
1690.15 , 961.27
1713.05 , 980.7
1726.65 , 1003.45
1697.9 , 998.55
1668.3 , 995.45
1638.62 , 992.52
1609 , 989.45
1578.85 , 987.47
1549.4 , 984.05
1520.78 , 978.95
1490.38 , 977.52
1287.69 , 962.34
1281.89 , 934.69
1257.92 , 916.21
1231.1 , 905.9
1201.69 , 900.91
1170.72 , 899.16
1139.24 , 898.41
1108.37 , 900.41
1079.74 , 907.04
1053.17 , 918.12
1028.37 , 934.16
1008.62 , 957.66
1038.64 , 961.41
1069.99 , 962.41
1101.35 , 961.41
1132.19 , 963.41
1163.07 , 965.41
1194.55 , 964.66
1226.37 , 964.66
1257.6 , 965.91
