3159679449_1
469.88 , 645.59
477.57 , 661.35
485.84 , 678.91
493.46 , 696.55
500.22 , 713.66
506.93 , 732.63
513.91 , 749.57
522.95 , 766.19
532.82 , 782.19
543.32 , 797.71
554.55 , 812.64
566.29 , 827.23
579.9 , 842.33
592.96 , 855.41
606.88 , 867.58
621.39 , 879.72
637.41 , 889.99
654.4 , 897.36
672.41 , 902.76
691 , 906.43
709.97 , 906.77
728.82 , 904.11
746.98 , 898.39
764.14 , 890.35
781.99 , 882.65
797.47 , 871.7
810.25 , 859.08
823.64 , 843.26
834.55 , 828.68
845.95 , 814.2
858.88 , 798.77
868.95 , 783.75
876.59 , 767.3
887.95 , 750.45
891.98 , 732.4
894.75 , 714.01
896.69 , 695.56
898.5 , 676.79
900.88 , 656.37
904.51 , 637.87
909.4 , 619.43
654.55 , 631.94
644.55 , 643.55
641.76 , 658.53
641.06 , 675.4
646.47 , 690.59
661 , 698.49
675.33 , 705.68
690.65 , 711.9
706.05 , 712.4
722.3 , 712.4
734.67 , 702.62
749.39 , 694.55
762.14 , 685.55
764.74 , 669.94
759.45 , 654.65
751.71 , 640.53
741.28 , 626.19
610.75 , 751.84
623.48 , 746.59
637.45 , 743.84
650.6 , 739.62
664.23 , 736.09
678.55 , 738.08
691.75 , 742.34
706.55 , 741.34
720.62 , 738.84
735.92 , 738.84
749.67 , 742.09
763.88 , 744.34
778.33 , 746.07
791.73 , 749.87
780.7 , 760.14
770.82 , 771.27
759.67 , 781.18
747.73 , 788.85
735.08 , 794.61
722.5 , 800.59
708.9 , 804.08
693.83 , 804.59
679.15 , 803.36
666.1 , 798.85
653.85 , 791.96
642.57 , 782.42
632.7 , 771.29
622.42 , 760.25
615.5 , 751.34
628.02 , 751.34
639.48 , 753.59
650.83 , 756.1
662.27 , 758.34
673.5 , 761.09
684.48 , 764.34
695.92 , 766.59
708.23 , 766.09
719.58 , 763.58
730.9 , 761.1
742.35 , 758.83
753.92 , 756.83
765.02 , 753.84
776.91 , 752.84
764.98 , 754.09
753.75 , 756.84
742.5 , 759.59
731.27 , 762.34
720.33 , 765.61
708.25 , 766.59
695.83 , 766.84
683.9 , 765.58
672.65 , 762.86
661.98 , 759.09
650.27 , 757.34
639.02 , 754.59
627.45 , 752.59
747.89 , 541.63
753.52 , 534.25
760.66 , 527.85
768.29 , 522.76
776.14 , 518.38
784.24 , 514.6
792.99 , 512.35
802.31 , 511.38
811.76 , 512.13
820.54 , 514.29
828.23 , 519.18
826.53 , 528.03
818.91 , 533.12
810.89 , 537.13
802.26 , 539.63
793.32 , 541.38
783.87 , 542.13
774.39 , 542.88
764.71 , 543.14
755.96 , 545.39
617.12 , 538
611.22 , 531.82
604.45 , 527.51
597.29 , 524.26
589.27 , 523
580.75 , 523.22
573.07 , 525.23
565.85 , 528.27
558.87 , 532
552.48 , 537.4
547.87 , 544
554.52 , 548.62
561.5 , 552.37
569.12 , 554.5
577.75 , 554.5
586.14 , 554
594.32 , 553
602.35 , 551.75
610.05 , 549.73
617.12 , 546.25
753.85 , 501.62
763.2 , 491.53
774.08 , 484.38
785.1 , 477.62
796 , 470.5
807.23 , 464.24
819.12 , 459.88
832.4 , 458.37
845.58 , 459.62
857.83 , 463.11
868.5 , 470.8
861.75 , 476.52
849.65 , 472.64
836.85 , 470.12
823.17 , 470.8
811.05 , 474.66
799.8 , 480.92
789.1 , 488.62
778.5 , 496.62
767.28 , 502.86
625.37 , 505.02
613.66 , 496.35
601.29 , 489.47
588.47 , 483.99
575.37 , 479.24
561.62 , 475.7
547.04 , 473.97
532.49 , 475.74
519.04 , 479.72
506.22 , 485.28
494.29 , 493.22
506.12 , 501.53
521.32 , 501.97
534.74 , 497.99
549.14 , 495.87
563.64 , 497.45
577.07 , 501.49
590.04 , 506.47
603.04 , 511.47
617.27 , 513.97
