1414607508_1
779.35 , 1065.29
782.82 , 1097.16
785.88 , 1129.49
785.86 , 1163.33
787.75 , 1196.97
793.82 , 1229.34
801.98 , 1264.5
814.61 , 1294.04
833.86 , 1324.07
854.29 , 1350.13
877.97 , 1373.31
903.15 , 1393.25
934.12 , 1412.31
963.63 , 1427.18
991.63 , 1442.84
1022.07 , 1461.52
1047.12 , 1483.72
1072.77 , 1502.63
1104.62 , 1514.59
1136.88 , 1518.6
1170.17 , 1519.03
1203.91 , 1514.41
1238.6 , 1504.66
1267.77 , 1491.63
1294.99 , 1473.53
1321.84 , 1450.05
1348.83 , 1429.31
1374.84 , 1410.55
1404.12 , 1391.74
1431.7 , 1376.8
1460.57 , 1357.57
1483.89 , 1334.02
1503.89 , 1304.73
1517.8 , 1276.34
1530.2 , 1243.9
1539.04 , 1210.67
1541.15 , 1176.4
1543.27 , 1143.96
1544.89 , 1110.38
1546.79 , 1077.49
1548.5 , 1041.75
1031.64 , 1060.2
1026.86 , 1086.9
1018.86 , 1113.04
1014.14 , 1142.85
1017.44 , 1171.32
1040.09 , 1184.41
1069.8 , 1190.83
1096.2 , 1195.32
1127.16 , 1197.35
1155.2 , 1190.26
1181.32 , 1185.33
1208.96 , 1172.24
1231.04 , 1157.55
1243.14 , 1132.15
1236.58 , 1104.83
1223.07 , 1077.23
1209.55 , 1051.5
995.05 , 1259.85
1018.47 , 1262.6
1042.88 , 1263.35
1067.15 , 1262.35
1091.2 , 1260.85
1114.97 , 1258.85
1139.62 , 1259.1
1161.6 , 1253.35
1184.65 , 1249.87
1208.33 , 1247.58
1231.03 , 1243.35
1253.6 , 1238.83
1275.85 , 1233.61
1298.7 , 1229.58
1286.47 , 1245.67
1268.25 , 1261.16
1249.67 , 1275.76
1230.12 , 1287.54
1209.62 , 1296.87
1188.75 , 1304.89
1166.72 , 1310.63
1143.53 , 1313.85
1119.1 , 1314.14
1095.82 , 1311.1
1073.82 , 1305.36
1053.03 , 1297.08
1033.35 , 1285.63
1014.15 , 1272.92
1018.8 , 1262.6
1037.8 , 1266.35
1057.32 , 1269.1
1077.42 , 1270.6
1097.67 , 1271.85
1118.15 , 1271.1
1138.97 , 1271.1
1159.1 , 1269.6
1177.8 , 1265.1
1196.22 , 1260.09
1215 , 1255.85
1233.7 , 1251.35
1251.17 , 1244.32
1268.82 , 1237.84
1286.96 , 1232.41
1269.1 , 1237.07
1251.55 , 1243.85
1233.28 , 1249.1
1214.58 , 1253.59
1196.15 , 1258.57
1177.9 , 1263.85
1159.2 , 1268.35
1139.7 , 1271.1
1119.1 , 1270.6
1098.25 , 1270.6
1078.15 , 1269.1
1058.02 , 1267.6
1037.92 , 1266.1
1216.5 , 944.64
1224 , 928.64
1236.65 , 914.49
1250.85 , 902.02
1266.6 , 893.63
1283.6 , 888.65
1301.75 , 885.89
1320.95 , 885.39
1339.7 , 886.89
1357.22 , 890.87
1372.94 , 899.3
1376.22 , 916.92
1361.75 , 928.64
1345.65 , 935.99
1328.75 , 941.14
1311 , 944.64
1292.38 , 946.39
1273.05 , 946.64
1254.42 , 944.89
1235.33 , 945.64
1000.42 , 944.23
989.9 , 931.08
976.22 , 921.77
961.27 , 916.08
945.02 , 913.08
927.45 , 913.31
911.55 , 917.08
896.77 , 923.35
882.47 , 930.93
868.32 , 939.05
854.8 , 948.58
867.6 , 960.34
882.07 , 967.59
898.2 , 970.82
915.67 , 971.33
933 , 970.58
949.62 , 968.34
966.12 , 965.84
982.72 , 963.58
999 , 960.62
1170.85 , 874.08
1190.93 , 851.49
1217.27 , 842.11
1244.05 , 833.56
1271.42 , 826.06
1299.88 , 820.83
1329.3 , 817.58
1359.22 , 815.32
1389.27 , 816.76
1417.15 , 823.35
1442.15 , 836.85
1434.32 , 860.35
1405.5 , 864.83
1374.97 , 865.83
1344.32 , 866.58
1314.17 , 868.33
1285.7 , 873.48
1256.77 , 877.81
1227.47 , 881.33
1197.32 , 883.06
1012.11 , 896.63
1005.01 , 873.83
982.58 , 861.62
957.73 , 855.3
931.53 , 851.87
904.03 , 851.1
878.18 , 846.87
850.81 , 845.87
824.93 , 850
802.19 , 861.5
784.11 , 881.79
777.31 , 906.37
802.61 , 901.88
826.28 , 893.37
852.83 , 890.62
879.86 , 892.37
907.61 , 892.62
934.63 , 894.37
960.66 , 898.22
986.86 , 901.66
