3160584865_1
393.8 , 364.5
391.34 , 382.54
389 , 402.63
388.09 , 423.09
387.95 , 443.68
390.57 , 463.32
395.01 , 482.87
401.61 , 501.94
410.13 , 520.34
420.31 , 537.65
431.99 , 553.69
444.25 , 568.87
455.69 , 584.24
467.18 , 602.22
477.32 , 618.69
487.66 , 635.82
499.86 , 650.29
517.22 , 663.47
534.49 , 673.31
552.69 , 681.14
571.4 , 684.31
590.6 , 686.12
612.15 , 686.73
631.96 , 686.01
649.32 , 677.56
669.51 , 676.07
689.01 , 669.75
707.73 , 666.89
726.35 , 657.3
741.92 , 646.11
760.35 , 638.74
778.45 , 627.81
794.99 , 617.43
810.5 , 606.27
824.83 , 591.95
838.03 , 577.59
850.65 , 561.39
861.74 , 543.93
870.95 , 527.49
880.44 , 508.96
889.12 , 489.98
588.25 , 451.13
579.94 , 463.69
571.44 , 476.45
571.54 , 491.32
578.38 , 506.55
590.43 , 517.04
602.66 , 527.28
613.02 , 537.51
627.04 , 546.87
641.76 , 548.42
657.38 , 546.4
673.32 , 541.62
687.27 , 535.66
699.44 , 527.02
704.34 , 512.61
702 , 495.55
702.96 , 479.99
520.82 , 524
533.47 , 529.28
546.22 , 534.41
558.5 , 541
570.5 , 548.24
582.95 , 554.5
595.92 , 558.97
608.62 , 564.26
621.87 , 568.25
636.1 , 570.27
650.25 , 572.47
664.85 , 573.75
679.95 , 574
694.79 , 574.75
685.47 , 579.84
673.32 , 586.75
661.32 , 594
648.25 , 598.32
633.67 , 599.35
619.22 , 597.76
605.45 , 594.78
592.5 , 590.19
579.89 , 584.56
567.75 , 577.7
556.25 , 568.93
545.17 , 559.1
535.51 , 547.95
528.07 , 536
546.07 , 534.25
554.97 , 539.15
563.5 , 545.16
571.9 , 551.58
580.52 , 557.23
589.62 , 561.76
599.3 , 564.73
609.2 , 567.27
618.97 , 569.98
628.42 , 573.35
638.37 , 575.79
648.8 , 577.25
659.8 , 577.5
670.42 , 576.5
675.82 , 576.5
665.97 , 579.09
656.17 , 581.76
645.64 , 583
634.77 , 583
624.14 , 582.03
614.12 , 579.73
604.6 , 576.52
595.3 , 572.73
586.22 , 568.16
577.37 , 563.01
568.89 , 556.83
560.64 , 550.08
552.64 , 542.57
739.1 , 384.95
748.25 , 378.29
758.35 , 374.2
769.43 , 372.21
780.98 , 371.2
792.65 , 371.95
803.6 , 374.2
813.83 , 377.94
823.48 , 383.3
831.97 , 391.82
838.31 , 401.12
832.44 , 410.47
821.4 , 412.45
810.2 , 414.2
798.3 , 413.91
787.58 , 411.18
777.48 , 407.07
767.7 , 402.02
758.38 , 395.73
748.88 , 389.98
601.33 , 341.12
596.84 , 332.65
589.85 , 325.12
581.88 , 319.31
573.3 , 315.06
564.45 , 311.81
554.6 , 310.55
544.85 , 312.02
535.75 , 314.8
526.88 , 318.02
518.25 , 321.8
524.75 , 329.55
532.2 , 336.74
540.12 , 342.67
548.52 , 347.31
557.4 , 350.57
567.25 , 351.8
577.48 , 352.3
587.58 , 351.55
596.95 , 349.28
793.27 , 340.32
806.14 , 336.69
819.5 , 333.84
833.12 , 331.59
847 , 329.83
861.12 , 328.54
875.6 , 329.07
889.35 , 331.1
901.85 , 335.8
912.85 , 344.65
921.49 , 355.52
914.32 , 362.14
902.64 , 355.29
890.14 , 350.57
876.14 , 349.06
861.77 , 348.32
847.42 , 349.08
833.17 , 350.07
818.82 , 349.32
804.47 , 348.56
615.91 , 294.72
605.59 , 279.08
590.82 , 265.83
575.09 , 255.36
558.37 , 247.38
541.64 , 239.42
523.41 , 235.07
503.97 , 233.3
484.92 , 235.95
467.87 , 242.76
451.54 , 251.57
468.99 , 257.28
488.54 , 258.82
507.99 , 260.57
526.19 , 264.97
543.41 , 271.32
559.94 , 279.81
575.94 , 289.56
591.59 , 300.35
607.94 , 309.23
