3160586857_1
348.45 , 334.6
346.12 , 348.56
343.89 , 364.07
343.09 , 379.37
343.42 , 393.27
344.5 , 408.49
346.05 , 423.65
347.78 , 438.84
350.62 , 453.82
354.65 , 468.62
359.24 , 481.42
365.74 , 496.58
372.32 , 509.07
380.3 , 522.31
390.06 , 533.4
401.9 , 542.67
415.84 , 548.48
430.99 , 551.32
446.07 , 553.44
460.95 , 554.96
476.04 , 554.83
489.96 , 553.51
504.92 , 551.3
519.84 , 548.84
535.81 , 545.82
549.46 , 542.8
564.06 , 538.25
577.63 , 533.13
592.47 , 527.33
606.24 , 522.38
620.72 , 517.05
633.85 , 509.84
645.16 , 500.75
654.24 , 487.32
661.24 , 474.3
667.32 , 460.97
673.51 , 447.71
679.78 , 432.95
686.57 , 419.93
693.89 , 407.12
699.79 , 392.4
433.03 , 338.06
427.33 , 346.72
421.2 , 356.55
413 , 365.09
410.54 , 375.84
419.17 , 383.05
428.64 , 388.65
440.14 , 391.32
451.8 , 392.9
462.68 , 393.57
474.4 , 393.95
485.19 , 393.68
496.27 , 390.73
504.45 , 382.99
509.39 , 372.55
508.68 , 360.73
504.5 , 349.8
385.62 , 436.27
394.47 , 430.17
404 , 425.74
414.32 , 423.26
425.75 , 423.02
436.3 , 425.04
447.22 , 426.27
458.52 , 425.77
469.57 , 426.77
479.75 , 429.5
489.64 , 432.76
499.44 , 436.3
509.05 , 440.46
518.04 , 446.17
523.72 , 454.04
513.39 , 456.52
503.05 , 459.04
492.72 , 461.52
482.5 , 464.29
472.42 , 467.23
462 , 469.53
451.07 , 470.78
440.3 , 469.2
429.85 , 467
419.6 , 464.26
410.39 , 459.05
401.85 , 452
393.42 , 444.57
395.87 , 435.52
405.22 , 435.02
414.25 , 436.27
423.25 , 435.03
432 , 436.8
440.64 , 438.78
449.55 , 440.29
458.67 , 441.26
467.89 , 442.02
477.05 , 443.04
485.8 , 444.75
494.35 , 447.02
502.87 , 449.27
511.94 , 450.34
521.37 , 450.27
512.72 , 450.87
503.62 , 449.77
494.85 , 448.02
486.32 , 445.77
477.75 , 443.64
468.67 , 442.52
459.42 , 441.79
450.5 , 440.39
441.57 , 438.98
432.64 , 437.53
424 , 435.52
414.75 , 436.27
405.37 , 435.77
529.1 , 296.3
536 , 293.52
542.83 , 290.29
549.8 , 287.54
557.27 , 285.8
565.45 , 285.55
573.62 , 285.8
581.33 , 287.05
588.52 , 289.24
595.2 , 292.87
601.07 , 298.73
596.3 , 304.78
588.85 , 306.55
581.03 , 307.55
573.1 , 308.3
565.05 , 307.8
557.23 , 306.83
549.9 , 304.82
542.85 , 302.3
535.95 , 299.34
441.44 , 279.89
436.93 , 274.89
431.44 , 271.66
425.71 , 269.17
419.66 , 267.43
412.98 , 266.92
406.21 , 267.17
399.66 , 267.91
393.86 , 270.24
388.66 , 274.22
384.71 , 279.42
389.61 , 284.31
395.16 , 287.38
401.18 , 289.17
407.49 , 290.42
414.13 , 290.92
421.06 , 290.92
427.46 , 289.92
433.66 , 288.42
439.33 , 285.66
525.4 , 246.43
533.9 , 240.43
543.77 , 237.81
554.85 , 237.68
565.38 , 238.91
575.9 , 240.18
586.17 , 241.93
596.2 , 244.22
605.42 , 248.44
613.97 , 254.48
620.6 , 262.63
614.85 , 266.11
606.1 , 260.67
596.88 , 256.41
587.08 , 253.67
576.83 , 251.95
566.17 , 250.93
555.27 , 251.43
544.52 , 252.18
533.8 , 252.86
429.37 , 238.85
425.16 , 233.5
419.63 , 229.52
413.84 , 226.26
407.56 , 224.25
400.94 , 222.99
394.16 , 222
387.04 , 222.25
380.29 , 223.24
374.24 , 225.8
369.31 , 231
376.09 , 232
382.74 , 230.75
389.74 , 230.25
396.36 , 231.49
402.88 , 233
408.94 , 235.63
414.78 , 238.75
420.49 , 242.24
426.88 , 244.06
