3161408082_1
207.49 , 890.48
204.15 , 921.02
208.5 , 951.16
212.64 , 982.45
210.11 , 1014.25
212.58 , 1044.41
220.19 , 1077.17
230.34 , 1106.54
243.26 , 1136.66
251.17 , 1166.87
246.6 , 1197.49
247.69 , 1229.16
254.99 , 1259.4
268.62 , 1287.12
289.74 , 1309.48
317.1 , 1325.2
347.43 , 1339.5
378.33 , 1348.67
409.72 , 1351.56
439.69 , 1349.82
470.85 , 1348.45
501.75 , 1345.25
533.51 , 1336.97
564.16 , 1326.32
592.24 , 1314.54
620.64 , 1297.49
647.34 , 1280.13
672.7 , 1263.35
696.86 , 1243.94
717.23 , 1220.54
741.31 , 1197.63
763.18 , 1173.93
781.99 , 1151.68
795.77 , 1123.71
807.13 , 1093.93
819.02 , 1063.6
829.17 , 1033.32
840.9 , 1002.71
854.67 , 975.23
869.94 , 946.48
882.24 , 917.12
326.74 , 948.12
318.92 , 968.55
306.38 , 990.33
297.18 , 1012.12
295.35 , 1037.1
307.42 , 1056.93
329.83 , 1069.22
351.15 , 1075.14
375.4 , 1072.89
401.03 , 1069.17
424.93 , 1065.3
447 , 1059.71
465.33 , 1044.87
473.11 , 1020.36
469.02 , 998.25
456.25 , 976.31
443.81 , 954.86
277.94 , 1094.28
295.31 , 1089.25
313.39 , 1093.03
329.74 , 1100.8
343.11 , 1114.98
360.31 , 1120.41
379.89 , 1121.03
397.64 , 1125.49
414.51 , 1131.6
431.14 , 1138.52
447.24 , 1147.05
463.06 , 1156.15
478.62 , 1165.99
470.69 , 1181.53
454.71 , 1190.27
438.19 , 1197.53
421.29 , 1203.55
403.79 , 1208.43
385.77 , 1212.29
366.87 , 1214.3
348.52 , 1211.1
331.62 , 1205.02
316.01 , 1195.35
301.43 , 1182.73
291.2 , 1167.33
286.2 , 1149.88
284.94 , 1130.61
282.96 , 1111.68
287.69 , 1093.53
298.09 , 1104.18
307.41 , 1115.25
317.09 , 1126.18
328.24 , 1135.35
340.47 , 1141.55
353.09 , 1146.43
366.47 , 1149.8
380.51 , 1151.77
394.54 , 1153.81
408.81 , 1155.27
423.31 , 1156.28
437.47 , 1158.04
451.87 , 1159.28
464.76 , 1159.78
450.01 , 1159.28
435.24 , 1158.78
420.74 , 1157.78
406.12 , 1157.03
391.72 , 1155.78
377.19 , 1154.78
363.17 , 1152.77
349.92 , 1149.26
337.59 , 1143.27
325.56 , 1136.65
314.55 , 1127.13
305.42 , 1116.01
296.85 , 1104.68
491.43 , 862.22
497.65 , 850.49
508.56 , 842.07
521.96 , 839.72
535.5 , 841.71
548.58 , 844.74
561.5 , 848.04
573.83 , 852.44
586.23 , 856.7
598.31 , 861.97
609.83 , 868.71
606.61 , 880.5
594.03 , 884.37
580.65 , 886.72
566.73 , 887.97
552.83 , 886.71
539.4 , 884.45
526.58 , 881
514.18 , 876.72
502.25 , 870.97
342.42 , 816.92
333.9 , 811.64
324.95 , 807.43
315.77 , 803.94
307.05 , 799.06
298.6 , 793.58
289.8 , 788.94
281.15 , 783.89
272.07 , 780.21
262.45 , 777.68
262.95 , 788.33
264.94 , 798.2
269.91 , 806.88
277.73 , 813.71
286.75 , 817.72
296.52 , 820
306.7 , 821.43
317.12 , 822.36
327.7 , 822.93
338.23 , 823.69
476.41 , 806.51
496.04 , 791.67
518.16 , 784.01
540.76 , 777.28
564.38 , 772.52
589.86 , 771.51
613.86 , 775.52
636.24 , 782.74
657.91 , 791.76
678.71 , 803.28
697.56 , 820.16
685.38 , 833.01
664.54 , 821.6
643.66 , 810.26
621.49 , 802.58
597.31 , 798.91
572.13 , 797.76
547.91 , 801.26
524.68 , 807
500.44 , 810.51
335.22 , 766.15
329.25 , 754.18
318.62 , 744.55
308.98 , 733.93
300.1 , 723.03
290.28 , 712.46
280.47 , 701.91
270.05 , 691.7
258.5 , 684.62
244.52 , 683.54
233.45 , 691.88
236.26 , 705.15
249.35 , 708.38
261.73 , 713.14
270.68 , 723.86
279.4 , 734.83
289.82 , 745
300.45 , 754.63
311.43 , 763.35
323.45 , 769.13
