3166997470_1
905.92 , 1102.58
919.63 , 1134.06
932.71 , 1169.53
942.49 , 1202.83
955.57 , 1238.65
974.37 , 1271
996.98 , 1298.63
1020.69 , 1325.07
1048.85 , 1350.94
1075.8 , 1372.11
1104.8 , 1395.66
1133.03 , 1417.4
1161.46 , 1441.49
1192.13 , 1458.22
1228.26 , 1475.75
1258.96 , 1493.06
1295.05 , 1504.15
1329.2 , 1505.4
1363.57 , 1497.75
1401.01 , 1485.35
1433.11 , 1474
1466.21 , 1458.56
1499.82 , 1437.79
1523.44 , 1414.05
1543.93 , 1382.07
1560.32 , 1348.72
1582.77 , 1318.87
1600.45 , 1289.95
1626.89 , 1260.93
1649.55 , 1233.52
1668.19 , 1203.67
1684.7 , 1169.23
1697.27 , 1136.86
1709.24 , 1100.53
1714.73 , 1066.26
1714.16 , 1028.75
1707.54 , 991.6
1701.01 , 956.49
1694.76 , 921.41
1691.51 , 885.78
1688.79 , 846.2
1155.59 , 1001.36
1145.38 , 1029.02
1136.26 , 1062.89
1136.45 , 1094.85
1154.79 , 1117.04
1186.84 , 1131.88
1217.79 , 1138.23
1248.16 , 1138.85
1280.57 , 1126.87
1306.97 , 1110.89
1333.3 , 1089.39
1352.72 , 1064.83
1363.74 , 1033.73
1356.84 , 1003.92
1338.79 , 978.22
1309.27 , 966.53
1276.37 , 954.87
1098.55 , 1214.53
1132.47 , 1206.01
1165.45 , 1195.88
1198.67 , 1186.16
1231.22 , 1175.31
1263.72 , 1164.26
1296.78 , 1154.27
1328.88 , 1142.21
1360.05 , 1127.03
1392.03 , 1114.52
1424.8 , 1104.03
1457.58 , 1093.52
1493.53 , 1089.28
1492.79 , 1123.56
1480.54 , 1155.61
1467.46 , 1187.38
1451.35 , 1218.23
1429.43 , 1246.9
1402.67 , 1273.66
1374.12 , 1295.93
1343.95 , 1313.53
1309.78 , 1321.53
1272.92 , 1323.65
1237.15 , 1319.03
1204.07 , 1309.04
1173.3 , 1292.78
1144.55 , 1271.03
1118.58 , 1243.83
1124.05 , 1226.78
1153.9 , 1227.03
1182.15 , 1223.43
1210 , 1219.02
1237.83 , 1214.53
1265.1 , 1208.99
1291.78 , 1202.05
1317.25 , 1192.79
1341.55 , 1180.03
1364.78 , 1164.56
1387.95 , 1148.9
1411.33 , 1133.78
1435.15 , 1119.93
1459.6 , 1107.49
1465.93 , 1124.88
1447.54 , 1147.11
1428.25 , 1168.83
1406.53 , 1188.56
1383.85 , 1205.77
1360.55 , 1221.03
1336.12 , 1233.47
1310.88 , 1243.25
1284.7 , 1251.04
1257.6 , 1257.03
1228.92 , 1259.78
1199.67 , 1258.29
1172.25 , 1253.05
1146.8 , 1243.78
1296.3 , 800.62
1300.64 , 784.77
1308.61 , 770.32
1320.75 , 757.42
1334.35 , 747.12
1349.12 , 740.09
1364.6 , 735.1
1380.67 , 731.09
1397.42 , 728.63
1414.77 , 729.87
1429.97 , 735.55
1432.35 , 751.82
1419.35 , 763.81
1406.15 , 775.12
1392.17 , 784.25
1377.45 , 791.47
1361.8 , 796.12
1345.72 , 800.1
1329.32 , 803.37
1312.07 , 804.87
1108.15 , 865.08
1094.5 , 856.96
1079.65 , 852.11
1063.58 , 849.71
1046.55 , 850.19
1030.58 , 852.89
1015.65 , 857.56
1001.5 , 864.46
987.65 , 872.09
974.44 , 881.52
966.5 , 895.21
981.67 , 899.48
997.95 , 901.46
1014.6 , 902.71
1031.25 , 901.46
1046.95 , 898.25
1061.72 , 893.22
1076.62 , 888.49
1092.3 , 885.17
1107.35 , 880.71
1213.1 , 765.74
1222.48 , 736.61
1249.62 , 721.97
1276.4 , 706.17
1302.97 , 689.74
1329.47 , 673.15
1356.25 , 657.31
1384.45 , 645.4
1416.15 , 640.99
1446.72 , 646.76
1474.07 , 661.21
1472.2 , 685.72
1439.6 , 684.24
1407.97 , 688.71
1379.65 , 700.23
1351.85 , 713.49
1324.4 , 727.72
1297.35 , 742.99
1270.72 , 759.24
1243.22 , 773.12
1109.57 , 825.08
1095.77 , 803.5
1073.16 , 792.23
1049.12 , 785
1022.82 , 782.24
996.01 , 783.99
969.84 , 787
945.94 , 794.51
923.01 , 804.72
902.42 , 821.32
890.23 , 843.54
884.74 , 868.49
906.64 , 857.3
929.01 , 845.48
952.94 , 837.97
977.44 , 831.48
1002.22 , 825.49
1028.87 , 823.49
1056.26 , 823.99
1082.82 , 826.24
