31681454_1
290.89 , 303.77
290.84 , 314.73
291.22 , 324.74
291.38 , 336.82
291.36 , 347.64
291.96 , 358.6
292.91 , 369.46
295.13 , 380.06
297.09 , 391.62
299.09 , 402.05
303.56 , 412.1
308.01 , 421.84
313.8 , 432.14
320.24 , 440.94
327 , 449.43
334.28 , 457.81
342.59 , 464.97
352.25 , 469.98
362.64 , 473.07
373.14 , 475.3
384.89 , 477.05
395.34 , 478.56
405.86 , 480.41
417.85 , 481.22
428.69 , 479.6
439.05 , 476.79
448.85 , 472.63
458.37 , 467.65
468.84 , 462.36
478.84 , 456.81
487.67 , 451.34
496.15 , 443.82
501.9 , 434.89
508.22 , 425.41
514.2 , 415.84
519.21 , 405.83
524.15 , 397.02
529.64 , 386.38
532.56 , 376.22
536.64 , 366.35
541.76 , 355.63
390.3 , 301.4
382.32 , 305.96
375.47 , 311.64
370.31 , 319.83
375.32 , 327.12
382.24 , 333.32
390.39 , 337.12
399.93 , 339.28
409.09 , 340.43
418.9 , 340.74
428.15 , 341.1
437.74 , 339.59
446.26 , 337.89
454.44 , 333.3
453.03 , 324.15
447.81 , 316.13
439.75 , 311.09
340.95 , 361.8
349.97 , 357.29
360.57 , 356.3
371.32 , 355.55
382.05 , 356.3
392.43 , 357.8
403.3 , 358.3
413.65 , 359.81
423.57 , 362.3
433.48 , 364.79
443.1 , 367.83
452.18 , 372.27
460.44 , 378.7
464.66 , 387.85
457.37 , 395.89
448.73 , 401.52
440.02 , 406.99
430.75 , 410.81
419.88 , 411.3
409.02 , 411.8
398.05 , 411.55
387.67 , 410.05
377.75 , 407.53
368.45 , 403.8
360 , 397.61
352.89 , 389.5
347.7 , 380.68
344.69 , 371.07
347.7 , 362.05
356.9 , 362.3
365.97 , 361.8
374.95 , 362.55
383.77 , 363.55
392.25 , 365.29
400.98 , 366.55
409.35 , 368.55
417.6 , 370.82
425.95 , 372.8
434.68 , 374.05
443.15 , 375.81
451.25 , 378.31
458.9 , 382.04
457.17 , 390.07
449.43 , 393.55
440.57 , 394.55
431.5 , 395.05
422.4 , 395.55
413.2 , 395.3
404 , 395.05
394.92 , 394.55
386.2 , 393.3
378.25 , 390.53
370.45 , 387.3
362.85 , 383.44
356.45 , 376.8
350.95 , 369.8
455.85 , 281.02
459.78 , 278.62
463.73 , 276.14
467.83 , 274.04
472.38 , 273.02
477.15 , 272.52
481.83 , 273.27
486.05 , 274.98
490.17 , 277.07
493.93 , 280.1
496.94 , 283.84
496.82 , 288.52
492.15 , 289.27
487.12 , 289.27
482.2 , 289.02
477.53 , 288.27
472.85 , 287.52
468.43 , 286.3
464.23 , 284.55
460.03 , 282.79
394.37 , 272.92
394.56 , 267.66
391.79 , 263.14
387.94 , 259.04
383.66 , 255.73
378.96 , 253.4
374.11 , 251.66
368.63 , 251.16
363.16 , 251.63
358.21 , 253.25
353.74 , 256.01
349.31 , 258.91
353.51 , 262.6
358.13 , 264.97
362.78 , 267.39
367.63 , 269.19
372.61 , 270.68
377.84 , 271.66
383.41 , 271.91
389.01 , 272.16
453.6 , 249.15
459.72 , 242.01
468.55 , 240.14
478.28 , 240.15
487.3 , 241.61
496.05 , 243.65
504.55 , 246.15
513.05 , 248.66
520.77 , 253.14
527.73 , 259.77
532.78 , 267.3
529.95 , 273.25
522.6 , 267.65
515.05 , 262.64
506.85 , 259.4
497.88 , 257.91
488.62 , 256.9
479.03 , 257.17
470.05 , 255.61
461.53 , 253.17
403.56 , 238.68
400.74 , 229.58
392.62 , 224.35
383.97 , 220.54
375.22 , 217.05
366.37 , 213.84
356.77 , 212.09
346.59 , 212.56
337.77 , 215.84
329.52 , 220.84
321.89 , 227.47
315.27 , 235.09
325.59 , 235.34
335.52 , 234.34
345.84 , 234.09
356.14 , 234.34
366.22 , 235.09
375.79 , 236.84
385.14 , 239.08
394.5 , 241.35
