3175828165_1
1513.19 , 1635.88
1523.89 , 1693.86
1540.9 , 1750.52
1558.9 , 1807
1577.72 , 1862.68
1595.73 , 1918.67
1618.33 , 1970.82
1643.58 , 2029.31
1670.14 , 2080.44
1702.07 , 2130.7
1738.47 , 2177.35
1778.63 , 2223.11
1817.72 , 2264.87
1864.24 , 2304.45
1908.41 , 2338.39
1960.7 , 2367.01
2018.8 , 2381.61
2078.96 , 2382.38
2137.47 , 2374.01
2194.25 , 2361.94
2255.73 , 2346.11
2312.17 , 2324.92
2366.87 , 2302.41
2420.66 , 2276.97
2470.4 , 2246.63
2517.45 , 2213.53
2564.13 , 2173.13
2604.37 , 2133.04
2643.62 , 2090.51
2681.93 , 2038.95
2709.36 , 1987.8
2730.35 , 1931.15
2746.6 , 1872.85
2759.74 , 1815.65
2774.25 , 1757.14
2787.75 , 1704.65
2801.25 , 1644.66
2808.2 , 1586.78
2804.39 , 1527.2
2791.72 , 1469.87
2773.09 , 1408.45
1838.79 , 1483.63
1823.55 , 1533.29
1814.8 , 1587.82
1822.17 , 1643.5
1842.3 , 1692.91
1881.7 , 1727.02
1937.93 , 1741.89
1989.4 , 1747.97
2042.19 , 1739.85
2090.18 , 1715.04
2143.6 , 1688.15
2183.75 , 1652.72
2201.44 , 1603.47
2200.01 , 1549.66
2188.57 , 1497.1
2161.27 , 1448.04
2133.75 , 1397.08
1808.45 , 1926.08
1814.45 , 1879.83
1833.95 , 1839.45
1863.7 , 1803.08
1901.83 , 1777.7
1941.58 , 1756.55
1985.18 , 1745.08
2033.38 , 1743.11
2079.4 , 1736.58
2126.53 , 1732.83
2170.3 , 1744.11
2212.18 , 1758.82
2252.75 , 1777.59
2289.18 , 1807.3
2308.51 , 1847.03
2282.42 , 1884.88
2255.02 , 1922.28
2229.45 , 1960.33
2200.15 , 1996.89
2164.1 , 2028.15
2125.75 , 2052.85
2083.73 , 2067.33
2034.85 , 2066.73
1987.8 , 2062.36
1943.9 , 2051.29
1903.95 , 2030.58
1867.94 , 1999.28
1836.85 , 1963.2
1834.2 , 1930.33
1860.85 , 1913.67
1889.12 , 1901.31
1918.7 , 1892.33
1947.58 , 1881.81
1978.7 , 1875.83
2010.55 , 1871.33
2041.53 , 1865.09
2072.5 , 1858.84
2103.75 , 1853.09
2135.1 , 1847.56
2167.93 , 1845.08
2200.5 , 1842.08
2233.8 , 1840.58
2266.63 , 1843.08
2234.35 , 1841.83
2201.05 , 1843.33
2168.48 , 1846.33
2136.65 , 1850.87
2106.3 , 1858.55
2076.3 , 1866.83
2045.05 , 1872.58
2012.6 , 1875.83
1980.75 , 1880.34
1949.53 , 1886.09
1918.75 , 1892.81
1890.35 , 1904.67
1863.05 , 1919.83
2142.15 , 1231.16
2160.97 , 1197.81
2184.65 , 1166.16
2214.83 , 1138.48
2247.93 , 1118.9
2282.88 , 1104.67
2319.78 , 1094.68
2359.35 , 1090.2
2398.43 , 1095.67
2434.43 , 1107.15
2467.43 , 1126.93
2466.08 , 1167.24
2436.47 , 1196.57
2404.78 , 1220.04
2371.28 , 1238.54
2333.88 , 1247.68
2296.1 , 1255.91
2255.07 , 1257.41
2214.65 , 1254.66
2176.55 , 1247.18
1769.94 , 1300.85
1743.88 , 1277.06
1715.88 , 1258.79
1686.25 , 1244.71
1653.03 , 1238.98
1617.97 , 1236.98
1583.08 , 1239.23
1550.77 , 1246.97
1522.68 , 1265.08
1505.18 , 1293.36
1494.3 , 1323.98
1509.12 , 1353.33
1535.8 , 1375.48
1567.75 , 1383.94
1603.03 , 1385.48
1637.57 , 1382.48
1670.67 , 1376.46
1701.72 , 1366.54
1730.57 , 1350.47
1758.14 , 1330.98
2120.54 , 1081.68
2128.44 , 1036.03
2144.79 , 994.43
2171.86 , 956.58
2207.72 , 924.77
2245.66 , 898.09
2285.36 , 876.12
2327.32 , 860.69
2373.26 , 853.43
2420.82 , 855.43
2465.64 , 865.18
2481.74 , 892.17
2434.89 , 897.58
2390.04 , 907.18
2348.59 , 923.92
2310.26 , 949.46
2273.26 , 978.94
2235.34 , 1005.62
2197.89 , 1033.84
2160.91 , 1063.31
1759.65 , 1162.03
1737.23 , 1129.42
1703.25 , 1109.17
1668.08 , 1091.93
1632.43 , 1076.28
1596.13 , 1062.71
1559.7 , 1049.45
1522.3 , 1038.17
1482.68 , 1031.43
1439.98 , 1030.91
1401.08 , 1039.18
1433.88 , 1062.72
1469.45 , 1078.55
1505.25 , 1093.62
1541.48 , 1107.4
1577.53 , 1121.7
1613.43 , 1136.53
1649.88 , 1149.66
1687.38 , 1160.72
1724.78 , 1171.95
