3176867704_1
180.95 , 348.69
180.95 , 362.3
183.12 , 376.43
185.4 , 390.59
188.29 , 404.8
191.67 , 417.77
196.04 , 431.77
201.41 , 444.35
208.6 , 456.17
216.55 , 469.3
222.5 , 481.82
230.51 , 493.63
238.3 , 505.4
247.01 , 516.65
252.97 , 530.17
264.82 , 537.55
277.71 , 544.28
290.16 , 547.57
305 , 548.64
319.54 , 547.82
332.04 , 543.64
345.16 , 536.43
356.96 , 528.29
368.74 , 520.96
381.85 , 514.63
395.07 , 509.96
409.03 , 505.39
421.41 , 500.65
433.94 , 494.37
446.72 , 485.51
455.69 , 475.86
463.57 , 463.88
470.01 , 451.29
475.5 , 438.23
480.45 , 424.98
485.34 , 410.53
488.46 , 397.21
490.51 , 382.56
490.78 , 368.96
492.31 , 354.38
492.75 , 339.65
253.81 , 337.87
249.39 , 348
246.15 , 358.8
242.92 , 370.13
246.69 , 381.29
253.75 , 389.25
264.64 , 394.12
276.17 , 397.1
286.89 , 397.29
298.44 , 396.15
309.53 , 393.77
320.5 , 388.55
328.6 , 381
333.62 , 371.06
330.2 , 359.67
322.8 , 350.44
314.5 , 342.29
239 , 437.59
246.35 , 434.31
254.2 , 432.08
262.43 , 430.59
271.12 , 430.09
279.7 , 430.84
288.02 , 432.09
296.12 , 430.35
304.48 , 429.09
312.8 , 430.34
320.8 , 432.36
328.23 , 435.57
336.43 , 437.09
344.17 , 439.53
342.25 , 447.09
335.62 , 452.49
328.27 , 456.08
320.93 , 459.57
313.48 , 462.84
305.48 , 464.84
296.9 , 465.59
288.07 , 465.84
279.25 , 465.59
270.95 , 464.3
263.68 , 460.51
257.35 , 454.21
252.69 , 447.29
246.05 , 441.89
245.25 , 435.84
251.18 , 438.77
258.2 , 439.34
265.12 , 440.09
272.05 , 440.84
278.98 , 441.59
285.93 , 442.34
293.07 , 442.09
300.02 , 441.34
306.82 , 440.34
313.75 , 439.59
320.8 , 439.09
327.98 , 439.34
335.15 , 439.09
342.19 , 438.84
335.12 , 438.34
327.95 , 438.59
320.8 , 438.84
313.73 , 439.34
306.93 , 440.34
299.88 , 440.85
293.2 , 442.09
285.9 , 442.09
278.98 , 441.34
272.05 , 440.59
265.12 , 439.84
258.18 , 439.09
251.5 , 437.84
334 , 283.47
339.2 , 279.27
344.27 , 274.69
349.9 , 271.56
356.02 , 269.72
363.02 , 269.72
369.43 , 270.96
375.82 , 272.21
381.98 , 273.98
387.75 , 276.72
392.16 , 281.87
389.76 , 287.66
384.1 , 290.63
378.12 , 292.74
371.5 , 293.47
364.85 , 292.72
358.32 , 291.72
351.45 , 291.47
345.05 , 290.22
339.15 , 287.9
253.25 , 284.96
248.72 , 281.26
244.03 , 278
239.03 , 275.5
233.88 , 273.54
228.38 , 272.27
222.28 , 272.27
216.55 , 273.02
211.57 , 275.52
207.05 , 279.27
203.3 , 283.77
208.03 , 286.99
212.85 , 289.81
217.83 , 292.28
223.33 , 293.52
229.43 , 293.52
235.05 , 292.52
240.65 , 291.49
246.4 , 290.78
252.12 , 290.02
301.15 , 243.82
314.75 , 234.72
329.8 , 229.66
345.67 , 226.06
361.67 , 222.81
378.17 , 220.56
393.65 , 224.82
408.27 , 231.19
422.72 , 238.13
436.43 , 247.08
446.32 , 260.24
431.6 , 258.58
416.22 , 254.06
400.27 , 250.7
383.7 , 248.57
366.45 , 248.28
350.85 , 252.36
335.8 , 257.42
320.77 , 262.56
304.62 , 259.71
251.31 , 256.59
248.18 , 247.96
240.56 , 242.04
232.06 , 238.55
223.27 , 235.77
214.19 , 233.54
205.22 , 231.01
195.44 , 231.77
186.81 , 234.96
179.24 , 241.02
175.95 , 249.57
174.49 , 259.02
182.52 , 256.99
190.24 , 251.27
199.54 , 249.51
208.84 , 251.25
217.42 , 254.49
226.22 , 257.28
235.02 , 260.03
244.12 , 262.29
