1418178512_1
119.5 , 336.68
121.71 , 354.98
124.29 , 373.37
128.17 , 391.44
133.9 , 408.87
141.25 , 425.87
149.15 , 442.65
156.9 , 460.77
164.35 , 476.99
175.38 , 492.53
184.29 , 507.97
196.03 , 524.17
208.4 , 537.3
222.31 , 549.37
239.01 , 557.98
257.13 , 563.95
274.75 , 565.85
294.14 , 566.31
313.14 , 568.62
330.18 , 571.98
349.26 , 574.59
368.84 , 576.03
386.53 , 576.63
405.91 , 576.91
424.65 , 573.32
441.85 , 566.81
457.61 , 556.36
469.84 , 544.14
483.84 , 529.76
494.97 , 515.53
505.53 , 500.91
514.72 , 485.08
525.3 , 468.02
534.85 , 452.69
539.35 , 435.22
544.79 , 417.12
549.82 , 398.84
553.62 , 380.26
555.68 , 361.43
555.65 , 342.37
554.14 , 323.35
252.84 , 310.87
242.62 , 321.24
233.42 , 332.36
229.95 , 345.6
236.12 , 359.67
248.7 , 364.63
262.66 , 368.54
278.07 , 372.89
292.35 , 375.59
306.41 , 373.75
320.12 , 369.97
335.04 , 365.27
348.31 , 359.66
357.82 , 349.06
356.68 , 334.05
349.62 , 322
340.75 , 309.3
230.55 , 434.3
239.68 , 426.68
249.48 , 420.86
259.65 , 416.02
270.62 , 413.23
282.43 , 414.06
292.9 , 417.9
304.6 , 416.8
315.03 , 412.82
326.9 , 411.8
337.98 , 414.48
348.48 , 418.27
359.35 , 421.34
370.45 , 423.95
369.95 , 435.15
360.62 , 442.22
351.18 , 449.06
341.38 , 454.79
331.25 , 459.84
321.12 , 464.79
310.6 , 468.53
299.08 , 470.3
286.83 , 470.05
275.3 , 468.3
264.4 , 465.31
254.43 , 459.92
245.08 , 452.83
237.08 , 443.82
237.8 , 434.05
245.45 , 427.62
254.35 , 424.53
264.73 , 424.55
274.9 , 425.05
284.93 , 425.8
295.08 , 426.3
305.1 , 425.55
315.03 , 424.56
324.88 , 423.48
335.2 , 423.3
345.38 , 423.8
355.4 , 424.53
365.3 , 425.55
367.85 , 431.01
358.3 , 432.8
348.88 , 434.8
339.65 , 437.2
330.35 , 439.51
321.18 , 442.08
312.15 , 444.8
302.83 , 447.03
292.93 , 448.05
282.77 , 448.53
273.1 , 447.04
264.05 , 444.3
255.2 , 441.2
246.28 , 438.28
335.44 , 240.4
338.51 , 233.55
344.39 , 227.68
350.76 , 223.14
357.87 , 220.65
365.69 , 219.65
373.76 , 219.15
381.84 , 219.65
390.04 , 219.4
397.74 , 220.65
404.94 , 222.9
404.24 , 230.39
397.81 , 234.77
390.56 , 236.9
382.74 , 237.9
374.56 , 238.15
366.62 , 237.4
358.41 , 237.15
350.34 , 237.66
342.76 , 239.14
245.83 , 240.13
240.18 , 236.45
234.06 , 233.97
227.5 , 232.45
220.48 , 231.95
213.33 , 232.18
206.66 , 233.44
200.11 , 234.93
194.06 , 237.57
188.43 , 241.45
184.43 , 246.95
190.83 , 248.72
197.38 , 250.2
204.31 , 250.95
211.33 , 251.45
218.36 , 250.95
225.28 , 250.2
231.86 , 248.77
238.41 , 247.22
245.08 , 246.05
300.44 , 202.05
313.17 , 192.82
326.89 , 186.09
341.94 , 182.55
358.06 , 181.3
374.44 , 182.05
390.72 , 183.05
407.09 , 183.8
423.12 , 185.23
438.01 , 189.07
451.04 , 197.63
442.77 , 209.05
426.51 , 210.05
410.14 , 209.3
393.39 , 209.3
376.79 , 209.05
360.76 , 207.55
344.01 , 207.55
328.26 , 209.56
312.87 , 212.25
258.47 , 221.47
251.67 , 209.93
240.25 , 202.38
227.28 , 198.93
213.53 , 196.9
199.05 , 197.4
184.95 , 198.63
171.45 , 201.13
159 , 205.8
147.8 , 214.01
138.15 , 224.65
142.91 , 237.02
155.5 , 241.17
168 , 236.62
180.6 , 232.44
193.62 , 228.92
206.53 , 225.28
220.68 , 224.15
234.43 , 226.16
248 , 228.5
