3181052163_1
362.55 , 336.7
362.25 , 350.7
361.75 , 364.66
361.34 , 378.69
362.56 , 393.97
364.59 , 407.62
367.88 , 422.64
372.33 , 435.76
377.71 , 448.96
383.59 , 462.72
390.23 , 475.15
399.08 , 488.06
408.06 , 498.51
418.37 , 509.1
428.96 , 519.17
439 , 528.35
451.06 , 538.05
463.36 , 545.89
476.92 , 550.71
491.31 , 553.4
505.44 , 556.07
520.11 , 556.88
534.08 , 557.32
548.06 , 554.47
560.98 , 549.11
573.73 , 542.73
586.74 , 535.31
599.01 , 527.22
609.8 , 518.46
621.3 , 508.79
632.41 , 499.24
641.67 , 488.29
647.72 , 475.13
653.51 , 461.16
658.55 , 448.19
664.15 , 434.85
663.69 , 421.04
661.76 , 406.6
662.59 , 391.18
664 , 377.6
665.62 , 362.09
481.09 , 328.72
476.23 , 339.37
470.74 , 349.21
468 , 360.86
470.21 , 372.63
480 , 379.29
491.18 , 378.82
502.96 , 377.79
514.78 , 376.83
526.49 , 378.99
538.7 , 381.73
550 , 380.44
557.87 , 372.37
559.46 , 360.54
555.21 , 349.7
549.01 , 339.29
543.38 , 327.89
453.25 , 436.68
457.47 , 428.46
465.18 , 422.78
473.15 , 417.81
481.38 , 413.56
489.9 , 410.16
499.3 , 408.68
508.85 , 409.93
518.98 , 409.93
528.88 , 409.43
537.3 , 413.19
545.15 , 418.42
552.67 , 424.61
559.9 , 431.58
565.97 , 439.16
568.97 , 447.45
560.05 , 449.93
550.98 , 452.18
541.58 , 453.68
532.02 , 454.93
522.38 , 455.93
512.35 , 455.68
502.35 , 455.93
492.68 , 456.93
483.15 , 455.67
474.07 , 453.43
465.7 , 449.64
457.66 , 444.85
455.25 , 437.68
461.57 , 434.9
468.45 , 433.22
475.35 , 431.58
482.4 , 430.28
489.57 , 429.15
497.15 , 428.93
504.73 , 429.18
512.18 , 429.68
519.6 , 430.17
527.05 , 430.67
534.02 , 432.19
540.98 , 433.67
547.58 , 435.96
554.05 , 438.44
551.15 , 439.58
544.17 , 438.11
537.2 , 436.64
530.1 , 435.46
522.65 , 434.93
514.95 , 434.93
507.4 , 434.68
499.82 , 434.43
492.25 , 434.68
484.93 , 435.43
477.6 , 436.19
470.4 , 437.18
462.7 , 437.18
565.01 , 290.55
567.64 , 285.37
572.88 , 282.8
578.53 , 281.3
584.68 , 280.8
591.06 , 280.8
596.96 , 281.8
602.28 , 284.04
607.53 , 286.57
612.43 , 289.96
615.82 , 294.87
615.86 , 300.7
610.11 , 302.05
603.96 , 302.55
597.71 , 302.3
591.68 , 301.57
585.93 , 300.23
580.26 , 298.8
574.96 , 296.57
569.81 , 293.83
461.61 , 281.78
459.59 , 277.48
455.8 , 274.32
451.35 , 272.83
446.48 , 272.08
441.28 , 272.08
436.3 , 272.58
431.45 , 273.34
427.12 , 275.32
423.29 , 278.63
421.1 , 282.83
423.11 , 287.11
427.35 , 289.33
432.05 , 290.33
437.03 , 290.83
442 , 291.33
447.1 , 291.08
451.95 , 290.35
456.58 , 289.09
460.62 , 286.5
551.45 , 254.93
558.7 , 243.93
570.38 , 238.16
583.25 , 235.44
597.48 , 235.43
610.6 , 237.7
622.65 , 242.14
633.97 , 248.69
642.6 , 259.11
648.07 , 270.81
651.57 , 283.31
655.24 , 295.73
644.19 , 291.11
636.13 , 280.33
627.87 , 269.67
616.85 , 262.34
604.3 , 258.93
590.55 , 257.93
576.58 , 258.43
563.2 , 260.18
475.4 , 250.99
474.21 , 239.27
464.75 , 232.59
454.17 , 229.24
442.85 , 227.24
430.67 , 227.49
419.38 , 229.51
409.1 , 233.76
399.83 , 240.81
392.78 , 250.09
387.4 , 259.99
382.4 , 269.99
392.9 , 273.49
401.93 , 265.72
409.12 , 256.5
418.95 , 251.01
430.05 , 248.49
441.85 , 249.49
453.4 , 250.99
464.47 , 253.49
