3187466455_1
147.78 , 354.05
151.28 , 363.47
156.31 , 373.59
163.66 , 382.57
170.15 , 390.68
178.43 , 399.1
185.68 , 406.13
194.04 , 414.78
201.66 , 422.51
209.92 , 429.2
219.42 , 435.93
228.79 , 440.76
239.05 , 443.98
249.67 , 447.97
260.67 , 450.65
271.64 , 453.06
282.86 , 453.22
293.01 , 453.06
304.35 , 453.9
315.68 , 453.03
326.76 , 452.47
337.2 , 451.05
347.17 , 445.99
355.51 , 438.2
362.1 , 429.89
368.69 , 420.97
374.44 , 411.65
377.95 , 400.73
382.34 , 390.54
386.55 , 380.67
389.61 , 369.72
391.64 , 359.69
393.29 , 348.67
394.62 , 337.87
396.19 , 325.86
396.96 , 315.48
397.04 , 304.33
396.35 , 293.31
394.37 , 282.3
391.3 , 272.03
387.34 , 260.78
290.86 , 301.66
288.02 , 309.47
285.84 , 317.34
284.4 , 325.24
290.16 , 332.06
297.49 , 334.92
306.19 , 335.82
314.85 , 334.89
323.12 , 333.08
330.8 , 330.69
338.17 , 326.65
344.52 , 321.26
350.73 , 315.19
352.55 , 307
350.06 , 299.25
345.87 , 292.05
340.57 , 284.55
286.54 , 395.84
290.95 , 389.41
295.79 , 383.09
300.04 , 376.59
305.59 , 370.53
312.22 , 366.6
319.04 , 363.09
325.94 , 359.88
332.92 , 356.87
339.74 , 353.38
346.64 , 350.1
354.92 , 350.22
361.74 , 353.77
365.99 , 360.29
371.05 , 366.51
369.49 , 374.14
365.94 , 380.91
362.38 , 387.71
357.96 , 394.16
352.42 , 400.24
345.94 , 404.6
338.79 , 407.09
330.92 , 408.09
322.67 , 408.34
314.29 , 408.34
306.89 , 406.37
299.76 , 403.85
292.79 , 400.84
296.79 , 388.34
300.67 , 386.58
303.86 , 383.25
307.49 , 380.66
311.31 , 378.58
315.22 , 376.65
319.14 , 374.87
322.99 , 372.89
327.24 , 371.84
331.99 , 371.84
336.37 , 371.11
340.29 , 369.34
344.32 , 367.84
348.72 , 367.08
352.28 , 369.82
349.49 , 373.35
345.56 , 375.1
341.54 , 376.59
337.99 , 379.39
334.39 , 382.08
330.54 , 384.09
326.51 , 385.58
322.39 , 386.83
317.64 , 386.84
313.14 , 386.34
308.64 , 386.81
304.72 , 388.57
300.69 , 390.11
323.91 , 247.61
327.46 , 243.56
330.64 , 239.39
333.82 , 235.21
337.81 , 231.47
342.11 , 228.65
346.79 , 226.84
351.84 , 225.86
357.26 , 226.09
362.06 , 227.61
363.4 , 232.46
363.9 , 237.76
361.9 , 242.39
358.54 , 246.51
354.23 , 249.3
349.44 , 250.87
344.26 , 251.61
338.74 , 251.61
333.19 , 251.61
328.24 , 250.37
267.37 , 261.73
262.9 , 256.99
257.39 , 254.48
251.4 , 253.23
245.12 , 253.98
239.22 , 255.51
233.77 , 258.07
228.57 , 261.3
223.47 , 264.86
218.8 , 269.55
213.87 , 273.48
218.87 , 277.23
224.44 , 279.47
230.69 , 280.23
237.32 , 280.23
243.57 , 279.47
249.47 , 278.01
254.94 , 275.42
259.95 , 271.66
264.62 , 267.13
319.8 , 204.24
322.9 , 199.17
326.57 , 194.21
331.22 , 189.81
336.07 , 185.96
341.28 , 183.01
346.62 , 180.46
352.53 , 179.24
358.88 , 179.49
364.67 , 181
369.42 , 185.09
371.8 , 190.49
366.8 , 193.99
360.93 , 195.24
354.93 , 196.25
349.02 , 197.49
343.4 , 199.24
337.62 , 200.75
331.73 , 201.98
325.95 , 203.48
259.73 , 212
248.23 , 211.29
237.18 , 213.51
226.53 , 216.52
216.46 , 220.89
206.51 , 225.77
196.76 , 231.11
187.41 , 237.42
178.36 , 244.74
173.09 , 254.48
170.83 , 265.51
181.58 , 264.26
188.33 , 255.01
196.7 , 246.39
206.23 , 240.52
216.18 , 235.67
226.41 , 231.75
236.93 , 228.48
247.31 , 225.03
257.66 , 221.45
