1418180068_1
176.55 , 332.4
180.75 , 345.85
183.97 , 359.48
187.55 , 374.07
190.8 , 387.3
194.53 , 401.82
197.12 , 415.51
200.53 , 429.6
205.17 , 444.09
210.49 , 457
216.81 , 470.34
225.68 , 481.49
237.47 , 491.14
247.77 , 501.36
258.97 , 510.28
271.1 , 519.08
282.64 , 527.8
295.13 , 533.77
310.11 , 536.14
323.44 , 535.95
338.41 , 534.88
353.36 , 533.1
367.35 , 530.1
380.41 , 525.3
393.11 , 518.33
405.58 , 509.62
415.31 , 500.51
425.7 , 488.86
434.8 , 477.91
444.31 , 467.53
454.22 , 457.57
463.28 , 445.1
469.55 , 432.11
474.22 , 418.13
478.12 , 404.22
482.38 , 390.68
486.04 , 376.97
487.99 , 362.93
491.62 , 347.6
495.53 , 333.61
499.22 , 319.55
290.75 , 327.25
284.25 , 336.26
278.47 , 345.95
275.56 , 355.87
278.43 , 367.28
286.08 , 374.14
295.63 , 380.8
305.9 , 384.83
317.62 , 386.23
328.24 , 384.35
339.12 , 380.04
350.12 , 377.72
358.73 , 372.38
362.81 , 361.56
361.35 , 350.18
356.78 , 339.74
351.8 , 329.64
264.8 , 421.36
273.2 , 417.2
281.85 , 413.63
290.82 , 410.86
301.15 , 410.84
310.12 , 413.61
319.62 , 415.36
329.6 , 414.61
338.95 , 412.62
349.05 , 413.11
358.55 , 414.86
367.38 , 417.84
375.95 , 421.64
384.47 , 425.61
383.32 , 435.26
377 , 442.92
369.1 , 448.57
360.35 , 451.87
350.73 , 453.36
340.88 , 454.36
330.9 , 455.11
320.7 , 454.86
310.73 , 454.11
301.23 , 452.38
292.68 , 448.49
284.73 , 443.03
277.02 , 436.84
269.71 , 429.54
266.55 , 424.11
274.6 , 425.36
282.77 , 426.36
290.18 , 428.88
297.98 , 430.6
305.88 , 432.1
314.18 , 432.86
322.7 , 432.61
331.1 , 432.11
339.25 , 431.11
347.43 , 430.11
355.7 , 429.36
364.23 , 429.11
372.62 , 428.61
380.8 , 427.61
373.4 , 428.11
365 , 428.61
356.73 , 429.36
348.3 , 429.86
340.15 , 430.86
331.75 , 431.36
323.23 , 431.61
314.7 , 431.86
306.18 , 431.61
298.12 , 430.39
290.45 , 428.39
282.75 , 426.38
275.05 , 424.36
363.69 , 275.07
368.32 , 269.44
373.16 , 263.85
379.14 , 260.11
385.64 , 257.81
392.79 , 256.82
400.29 , 256.58
407.29 , 257.82
413.72 , 260.34
419.96 , 263.35
425.44 , 268.57
425.2 , 276.04
419.24 , 279.81
412.81 , 282.31
405.44 , 282.82
397.94 , 283.07
390.44 , 282.82
383.41 , 281.57
376.76 , 279.55
369.99 , 277.8
283.72 , 268.1
279.18 , 262.77
273.65 , 258.76
267.53 , 256.42
260.9 , 255.17
253.93 , 254.67
247.2 , 255.77
240.8 , 257.42
234.75 , 259.96
228.98 , 263.27
223.3 , 266.67
228.25 , 271.86
233.88 , 275.49
240.2 , 277.44
246.95 , 278.42
253.93 , 278.92
260.68 , 277.93
267.15 , 276.33
273.4 , 274.32
280.05 , 273.17
333.8 , 250.49
344.57 , 242.46
356.82 , 238.47
369.25 , 234.76
382.05 , 231.74
395.45 , 230.02
409.2 , 228.99
423.08 , 229.74
436.48 , 231.49
448.75 , 235.45
459.42 , 243.89
451.5 , 251.7
438.68 , 248.75
425.15 , 247.24
411.28 , 246.49
397.52 , 247.49
383.95 , 248.84
370.85 , 251.22
357.95 , 254
345.2 , 256.89
305.61 , 256.5
304.81 , 244.03
293.44 , 239.52
281.62 , 236.01
269.52 , 233.01
257.42 , 230.02
245.12 , 227.52
232.32 , 226.01
219.15 , 226.76
207.82 , 231.41
198.54 , 240.91
193.22 , 252.01
204.5 , 248.26
216.72 , 245.51
229.77 , 246.51
242.32 , 248.51
254.77 , 250.75
267.45 , 252.51
279.77 , 255
292.32 , 257
