3193158927_1
783.1 , 1273.39
781.62 , 1315.45
780.89 , 1357.69
780.01 , 1399.86
781.26 , 1442.05
783.94 , 1483.66
789.69 , 1525.05
798.02 , 1566.31
810.38 , 1606.57
827.96 , 1644.7
850.52 , 1679.96
876.9 , 1712.24
906.25 , 1741.99
937.64 , 1769.66
969.13 , 1798.31
1001.96 , 1825.96
1038.35 , 1847.73
1077.16 , 1861.03
1118.84 , 1865.27
1161.62 , 1863.28
1204.34 , 1858.07
1245.83 , 1852.33
1286.73 , 1844.02
1326.92 , 1834.59
1372.1 , 1826.16
1410.62 , 1818.84
1450.55 , 1804.35
1486.77 , 1783.49
1521.86 , 1762.22
1560.76 , 1737.03
1590.99 , 1707.83
1623.74 , 1683.81
1652.8 , 1651.64
1675.22 , 1618.99
1694.66 , 1580.97
1710.92 , 1541.43
1722.89 , 1500.77
1730.86 , 1459.12
1734.62 , 1416.59
1736.18 , 1373.55
1735.85 , 1330.7
1069.65 , 1238.15
1053.64 , 1265.94
1038.78 , 1297.56
1021.93 , 1329.25
1017.35 , 1363.14
1038.5 , 1389.02
1069.57 , 1407.11
1100.94 , 1414.28
1136.98 , 1409.22
1169.9 , 1404.1
1204.51 , 1408.04
1237.91 , 1408.31
1262.82 , 1382.62
1268.44 , 1348.59
1258.09 , 1318.21
1243.37 , 1286.11
1237.65 , 1250
982.88 , 1547.74
1004.13 , 1537.74
1026.98 , 1531.46
1049.38 , 1524.49
1072.86 , 1519.49
1097.51 , 1521.99
1121.93 , 1524.99
1147.45 , 1524.24
1173.08 , 1523.74
1197.15 , 1527.49
1220.38 , 1532.99
1243.01 , 1539.62
1265.15 , 1547.01
1286.15 , 1558
1291.78 , 1580.33
1271.4 , 1592.72
1249.7 , 1601.42
1226.61 , 1607.23
1202.58 , 1611.03
1178.73 , 1615.24
1154.06 , 1617.74
1128.18 , 1617.74
1103.63 , 1614.99
1079.7 , 1611.02
1056.05 , 1606.42
1034.58 , 1596.94
1013.38 , 1586.49
995.1 , 1568.22
991.38 , 1550.49
1012.38 , 1547.99
1033.23 , 1545.24
1054.58 , 1543.49
1076.4 , 1544.24
1097.03 , 1547.48
1118.86 , 1548.24
1140.93 , 1547.99
1161.56 , 1551.24
1182.06 , 1554.76
1202.43 , 1558.51
1222.83 , 1562.2
1243.33 , 1565.7
1263.83 , 1569.2
1284.11 , 1570.48
1264.18 , 1565.74
1242.78 , 1564.14
1222.23 , 1560.77
1201.73 , 1557.27
1181.48 , 1553.27
1160.98 , 1549.74
1139.88 , 1547.49
1118.06 , 1546.74
1096.83 , 1544.74
1075.83 , 1542.24
1053.78 , 1541.99
1032.18 , 1543.24
1010.83 , 1544.98
1282.5 , 1137.05
1297.4 , 1126.18
1313.12 , 1117.46
1329.05 , 1109.26
1345.65 , 1103.14
1364.12 , 1100.8
1383.1 , 1102.05
1400.53 , 1106.57
1416.62 , 1114.17
1431.92 , 1124
1446.8 , 1135.06
1442.9 , 1152.08
1426.05 , 1157.55
1407.55 , 1159.8
1388.55 , 1161.05
1370.05 , 1158.82
1352.5 , 1154.55
1334.95 , 1150.26
1317.47 , 1145.8
1299.92 , 1141.56
1076.7 , 1103.47
1066.83 , 1090.33
1054.47 , 1078.29
1040.97 , 1069.49
1026.3 , 1064.05
1010.05 , 1061.8
992.82 , 1062.05
977.05 , 1065.3
962.57 , 1071.29
949.1 , 1080.24
937.05 , 1092.55
945.99 , 1105.99
959.65 , 1114.39
974.32 , 1119.8
990.1 , 1123.04
1006.95 , 1124.05
1024.05 , 1123.55
1041.15 , 1123.05
1058.15 , 1122.3
1073.8 , 1118.8
1258.62 , 1018.52
1285.57 , 997.59
1320.69 , 996.02
1355.12 , 999.02
1388.32 , 1004.52
1421.07 , 1010.98
1452.64 , 1019.78
1482.69 , 1032.08
1511.42 , 1048.06
1538.32 , 1069.22
1562.52 , 1094.67
1537.87 , 1106.52
1506.82 , 1096.79
1476.64 , 1085.01
1445.87 , 1074.77
1413.84 , 1066.77
1380.27 , 1062.02
1347.17 , 1056.31
1313.94 , 1050.84
1280.87 , 1045.02
1060.55 , 1011.61
1042.62 , 995.95
1020.65 , 990.71
997.85 , 987.22
974.83 , 984.14
953.83 , 977.14
932.67 , 970.46
908.77 , 971.68
888.6 , 981.23
870.43 , 996.19
854.4 , 1013.96
866.6 , 1032.97
890.38 , 1034.47
911.83 , 1028.21
935.1 , 1025.71
958.88 , 1024.21
982.05 , 1026.96
1004.85 , 1030.46
1028.03 , 1033.21
1051.68 , 1031.46
