3195123827_1
383.7 , 510.35
385.07 , 525.18
387.03 , 539.74
390.22 , 555.45
393.28 , 569.31
395.53 , 584.55
397.05 , 600.3
398.55 , 615.25
402.03 , 629.34
409.09 , 643.92
416.06 , 656.66
424.04 , 668.92
434.17 , 681.7
444.53 , 692.97
456.16 , 702.9
468.3 , 712.02
480.02 , 720.03
493.55 , 727.62
507.97 , 733.72
522.82 , 737.96
537.91 , 739.62
551.9 , 739.33
566.79 , 737.17
581.38 , 733.08
596.65 , 726.61
609.58 , 718.58
619.88 , 709.23
630.5 , 697.43
640.17 , 685.56
649.26 , 672.75
659.41 , 661.37
667.05 , 649.09
674.33 , 636.41
681.17 , 621.34
685.23 , 607.19
689.11 , 593.08
692.75 , 577.28
695.34 , 562.69
697.59 , 548.03
700.59 , 533.43
703.79 , 517.37
516.66 , 489.35
510.95 , 498.12
504.62 , 508.19
500.56 , 518.24
502.37 , 530.09
509.81 , 537.69
520.68 , 540.36
532.94 , 539.38
544.3 , 539.5
555.8 , 538.62
566.25 , 540.19
577.85 , 539.84
585.73 , 532.34
585.46 , 520.19
580.72 , 509.82
574.75 , 500.05
569.43 , 489.92
490.86 , 602.47
497.36 , 595.97
504.56 , 591.28
511.46 , 585.84
519.21 , 582.69
528.06 , 583.47
536.81 , 584.47
545.66 , 583.72
554.76 , 583.97
563.03 , 585.97
570.74 , 589.25
578.31 , 592.9
585.71 , 597.03
593.01 , 601.32
595.75 , 609.12
588.74 , 614.37
581.44 , 618.71
573.81 , 622.27
566.11 , 625.47
558.24 , 628.22
549.86 , 629.97
540.88 , 630.47
532.13 , 629.47
523.38 , 628.47
515.21 , 626.31
507.81 , 622.17
500.96 , 616.57
494.99 , 609.87
505.11 , 604.22
509.74 , 601.09
514.69 , 598.66
519.91 , 596.95
525.59 , 596.22
531.26 , 596.99
537.03 , 597.47
542.84 , 596.97
548.61 , 596.47
554.54 , 596.72
560.44 , 596.97
566.26 , 597.37
572.13 , 597.72
577.69 , 598.74
582.89 , 600.46
581.24 , 603.47
575.31 , 603.22
569.51 , 603.75
563.74 , 604.23
557.94 , 604.72
552.04 , 604.47
546.13 , 604.22
540.21 , 604.47
534.43 , 603.96
528.76 , 603.22
522.86 , 603.47
517.18 , 604.22
511.16 , 604.22
585.65 , 436.75
587.72 , 430.88
593.05 , 427.25
598.95 , 425.25
605.6 , 424.75
612.48 , 424.75
619 , 425.51
625.27 , 426.72
631 , 429.22
636.57 , 432.18
640.31 , 437.38
635.15 , 441.5
629.5 , 444.22
623.7 , 446.5
617.52 , 448
611.12 , 449
604.35 , 449.25
597.82 , 448.5
591.75 , 446.85
586.65 , 443.18
492.73 , 441.66
491.9 , 435.72
486.89 , 431.69
481.54 , 428.62
475.66 , 426.91
469.31 , 426.16
462.71 , 425.91
456.11 , 426.15
450.39 , 428.15
445.04 , 431.23
439.84 , 434.66
442.1 , 440.26
445.82 , 445.39
450.84 , 449.41
456.81 , 450.91
463.16 , 450.16
469.29 , 448.9
475.31 , 447.43
481.51 , 446.42
487.26 , 444.47
564.4 , 400.76
576.15 , 395.01
588.17 , 389.99
600.88 , 386.53
614.17 , 384.26
627.98 , 383.01
641.88 , 384.01
654.25 , 388.11
665.7 , 394.77
676.33 , 403.67
684.66 , 414.53
682.03 , 426.48
669.72 , 422.32
657.83 , 416.94
645.65 , 412.26
632.22 , 410.26
617.83 , 410.26
603.67 , 409.76
589.5 , 409.26
575.38 , 408.74
515.64 , 403.93
511.17 , 391.13
499.55 , 383.35
486.69 , 378.9
472.92 , 376.33
458.47 , 375.08
444.17 , 376.59
430.75 , 379.96
418.64 , 386.55
407.82 , 396.63
399.61 , 408.13
397.37 , 422.08
410.57 , 420.59
422.39 , 413.32
433.89 , 405.07
446.62 , 400.33
460.8 , 398.58
475.72 , 398.33
489.92 , 400.07
502.55 , 405.27
