3197527888_1
132.8 , 694.3
137.65 , 716.07
145.63 , 736.17
155.4 , 758.23
165.2 , 778.39
175.07 , 799.15
186.46 , 819.75
198.21 , 838.4
211.22 , 856.09
225.65 , 873.84
241.07 , 891.22
258.56 , 906.68
274.74 , 921.77
291.17 , 937.14
310.79 , 949.8
332.66 , 960.72
353.42 , 968.65
374.7 , 974.83
396.06 , 979.87
420.49 , 982.95
442.16 , 983.83
464.9 , 980.72
487.77 , 974.07
508.84 , 969.62
531.39 , 961.62
552.97 , 952.98
572.85 , 941.64
585.19 , 923.15
593.07 , 902.6
602.43 , 881.59
615.55 , 862.15
626.94 , 841.94
635.42 , 820.47
641.21 , 798.4
644.46 , 777.45
647.38 , 753.08
650.03 , 731.72
654.25 , 709.55
657.43 , 686.95
658.92 , 663.49
661.7 , 639.4
423.85 , 675.2
422.51 , 690.33
421.34 , 707.08
425.82 , 721.98
434.83 , 736.13
449.37 , 742.03
466.44 , 739.93
482.81 , 742.81
499.09 , 745.01
514.4 , 748.51
531.33 , 745.85
542.8 , 734.86
550.91 , 721.06
561.35 , 708.27
570.17 , 695.01
567.64 , 679.34
557.05 , 664.8
409.7 , 828.2
419.35 , 820.3
429.55 , 813.88
439.82 , 807.61
450.1 , 801.46
460.98 , 796.93
472.7 , 794.2
484.88 , 792.52
497.4 , 791.45
509.7 , 789.95
522 , 788.43
534.25 , 786.91
546.7 , 785.7
559.23 , 786.72
570.15 , 791.17
565.45 , 799.95
553.65 , 802.44
541.6 , 804.45
528.83 , 804.95
516.27 , 805.95
503.75 , 806.96
491.38 , 808.27
479.27 , 810.17
467.22 , 812.19
455.52 , 814.96
443.47 , 816.95
431.55 , 819.18
420.32 , 822.83
415.45 , 824.2
425.1 , 818.04
435.2 , 812.95
445.15 , 807.49
455.5 , 803.18
466.68 , 800.7
478.2 , 798.95
489.88 , 797.45
501.75 , 796.45
513.3 , 794.71
524.58 , 792.42
535.9 , 790.24
547.77 , 789.2
559.55 , 790.44
570.67 , 792.95
559.38 , 790.72
547.73 , 789.2
535.95 , 790.45
524.55 , 792.42
513.25 , 794.71
501.73 , 796.45
489.95 , 797.7
478.17 , 798.95
466.75 , 800.96
455.7 , 803.7
445.32 , 807.83
435.38 , 813.3
425.35 , 818.58
521.65 , 563.61
528.8 , 556.97
536.55 , 551.99
544.4 , 547.36
552.55 , 543.46
561.2 , 540.84
569.65 , 537.86
578.98 , 536.62
588.77 , 536.86
597.85 , 538.57
606.3 , 541.6
603.47 , 549.3
595.3 , 553.21
586.7 , 555.84
577.83 , 558.1
568.88 , 560.11
559.33 , 560.86
549.62 , 561.36
540.08 , 562.11
531.22 , 564.38
377.1 , 587.47
368.62 , 583.03
359.73 , 579.96
349.78 , 579.47
340.08 , 580.96
331.03 , 583.72
322.18 , 586.96
313.48 , 590.53
304.85 , 594.42
296.7 , 599.59
288.8 , 605.46
298.5 , 606.96
308.8 , 606.71
318.88 , 605.96
328.68 , 604.69
338.2 , 602.81
347.58 , 600.69
357.3 , 599.21
367.18 , 598.09
376.58 , 595.96
509.25 , 527.57
520.12 , 518.45
531.17 , 509.65
542.48 , 501.6
553.95 , 494.14
566 , 488.07
578.8 , 484.05
592.48 , 481.82
606.62 , 483.07
620.42 , 485.09
632.98 , 489.56
623.83 , 499.76
611.55 , 505.03
598.6 , 508.72
586 , 513.07
573.77 , 518.55
561.73 , 524.59
549.25 , 529.32
536.17 , 532.81
521.67 , 532.34
402.85 , 541.03
385.02 , 534.03
365.18 , 531.28
344.25 , 530.76
323.82 , 532.28
303.62 , 534.28
284.88 , 539.29
267 , 546.03
249.57 , 554.29
233.05 , 564.83
217.1 , 577.03
237.8 , 576.03
256.83 , 571.55
275.65 , 566.74
294.73 , 562.41
315 , 560.54
335.8 , 559.78
356.85 , 560.03
377.65 , 559.28
397.6 , 556.78
