3198058669_1
1165.1 , 1229.2
1165.75 , 1278.75
1170.23 , 1333.75
1177.85 , 1388.54
1188.02 , 1441.79
1199.47 , 1495.64
1211.41 , 1548.44
1224.31 , 1601.14
1240.82 , 1652.96
1260.65 , 1703.78
1282.04 , 1755.19
1304.61 , 1800.16
1335.24 , 1846.74
1370.53 , 1888.32
1409.73 , 1924.22
1451.35 , 1957.06
1499.31 , 1985.15
1550.29 , 2002.03
1604.91 , 2009.55
1660.05 , 2011.71
1716.92 , 2009.17
1769.34 , 2012.83
1822.66 , 2012.18
1878.48 , 2006.93
1932.66 , 1995.91
1981.4 , 1986.85
2037.6 , 1970.7
2086.79 , 1951.03
2134.37 , 1925.88
2179.81 , 1898.29
2225.79 , 1866.49
2264.04 , 1831.32
2294.22 , 1782.58
2323.05 , 1739.6
2349.39 , 1690.37
2370.72 , 1641.05
2391.6 , 1588.49
2406.53 , 1539.01
2417.31 , 1483.48
2419.99 , 1431.82
2415.84 , 1374.54
1516.5 , 1216.46
1493 , 1249.15
1460.78 , 1283.42
1444.59 , 1325.15
1455.74 , 1365.58
1493.01 , 1396.28
1536.35 , 1403.2
1581.79 , 1405.67
1626.39 , 1406.63
1672.25 , 1408.3
1715.03 , 1412.19
1758.81 , 1418.65
1801.56 , 1404.42
1826.7 , 1366.77
1819.24 , 1326.4
1797.85 , 1285.75
1776.24 , 1242.5
1414.22 , 1621.44
1425.56 , 1591.59
1444.3 , 1564.36
1470.27 , 1542.13
1498.17 , 1525.2
1528.32 , 1514.7
1562.25 , 1517.68
1592.02 , 1529.21
1623.12 , 1520.42
1657.14 , 1517.7
1687.02 , 1528.98
1715.2 , 1545.16
1742.14 , 1564.85
1767.4 , 1589.12
1790.39 , 1614.87
1804.52 , 1643.13
1777.47 , 1662.44
1748.92 , 1677.67
1718.85 , 1688.46
1687.39 , 1696.51
1655.02 , 1702.7
1621.47 , 1706.44
1586.95 , 1704.69
1553.55 , 1700.68
1520.8 , 1695.26
1490.85 , 1684.18
1463.37 , 1666.19
1436.09 , 1647.56
1445.97 , 1621.44
1469.07 , 1609.85
1492.25 , 1598.43
1517.87 , 1592.92
1544.72 , 1589.94
1571.45 , 1593.19
1597.52 , 1597.73
1624.2 , 1601.17
1651.62 , 1602.94
1679.57 , 1603.69
1706.17 , 1607.19
1731.72 , 1612.94
1755.92 , 1621.21
1779.75 , 1630.45
1803.49 , 1639.96
1780.45 , 1631.68
1756.75 , 1621.96
1732.02 , 1614.73
1706.72 , 1608.44
1680.12 , 1604.94
1652.55 , 1603.44
1624.47 , 1603.44
1598.1 , 1599.41
1571.99 , 1594.94
1545.14 , 1591.94
1517.8 , 1593.87
1492.97 , 1600.94
1469.37 , 1610.91
1854.04 , 1078.75
1871.32 , 1064.97
1889.89 , 1054.66
1909.16 , 1046.47
1929.41 , 1040.62
1950.57 , 1036.49
1973.59 , 1036.75
1994.91 , 1040.52
2014.16 , 1048.87
2032.04 , 1061
2048.61 , 1076.82
2046.87 , 1098.52
2026.54 , 1104.25
2003.51 , 1104.5
1980.49 , 1104.25
1958.64 , 1101.6
1938.26 , 1095.98
1917.76 , 1090.48
1897.57 , 1084.5
1876.12 , 1081
1503.4 , 1047.86
1503.25 , 1030.36
1486.42 , 1018.3
1468.72 , 1008.6
1450.83 , 999.43
1433.22 , 989.59
1414.6 , 982.59
1394.3 , 979.11
1372.78 , 978.59
1353.47 , 984.12
1337.75 , 998.99
1331.5 , 1017.86
1340.77 , 1035.68
1356.97 , 1049.1
1376.35 , 1054.61
1397.88 , 1055.61
1419.03 , 1053.85
1439.45 , 1050.6
1460.12 , 1047.86
1481.78 , 1047.11
1777.23 , 902.74
1801.66 , 864.29
1848.48 , 859.49
1895.31 , 863.99
1941.86 , 869.46
1987.95 , 875.97
2032.78 , 885.03
2075.31 , 898.47
2117.23 , 913.24
2157.68 , 932.7
2194.76 , 961.26
2178.88 , 988.64
2135.61 , 976.48
2090.73 , 967.49
2044.53 , 961.24
1998.45 , 954.73
1952.26 , 948.49
1906.31 , 941.77
1861.56 , 932.49
1818.11 , 920.62
1526.23 , 886.54
1528.81 , 854.43
1503.31 , 835.76
1474.68 , 826.02
1443.73 , 820.77
1410.98 , 819.27
1377.98 , 820.27
1346.81 , 825.02
1316.83 , 832.29
1289.51 , 846.13
1265.83 , 869.79
1250.11 , 896.27
1278.81 , 905.77
1306.88 , 894.53
1334.68 , 882.27
1365.11 , 876.02
1397.98 , 874.77
1430.51 , 876.77
1462.53 , 879.77
1493.84 , 884.27
