3198136331_1
1208.95 , 1647.3
1211.31 , 1693.99
1214.78 , 1740.24
1220.11 , 1791.06
1223.67 , 1840.32
1228.25 , 1884.4
1236.67 , 1933.4
1247.15 , 1981
1261.68 , 2028.7
1280.78 , 2072.51
1304 , 2116.47
1327.06 , 2156.85
1350.37 , 2199.34
1370.39 , 2246.69
1397.51 , 2283.63
1441.24 , 2307.52
1486.81 , 2318.63
1531.19 , 2334.35
1582.76 , 2335.21
1631.18 , 2333.76
1679.86 , 2337.18
1724.78 , 2327.15
1770.29 , 2313.34
1816.69 , 2297.89
1864.03 , 2282.16
1907.91 , 2268.58
1956.85 , 2253.34
1998.58 , 2234.88
2046.36 , 2215.63
2083.2 , 2184.81
2115.69 , 2148.73
2145.72 , 2112
2176.38 , 2071.34
2199.27 , 2031.42
2221.27 , 1989.03
2244.03 , 1945.6
2264.78 , 1903.08
2286.45 , 1856.5
2300.61 , 1809.05
2314.27 , 1764.72
2326.3 , 1715.35
1444.17 , 1558.96
1423.1 , 1593.26
1405.24 , 1628.97
1392.89 , 1667.42
1397.38 , 1707.29
1424.31 , 1739.37
1460.07 , 1754.23
1498.88 , 1737.54
1537.45 , 1732.55
1579.61 , 1731.98
1621.86 , 1738.48
1663.37 , 1742.33
1700.9 , 1734.93
1715.86 , 1696.31
1709.06 , 1657.39
1695.99 , 1618.97
1680.45 , 1577.55
1374.6 , 1952.03
1385.42 , 1924.68
1404.83 , 1900.31
1426.22 , 1876.65
1450.88 , 1858
1483.02 , 1857.03
1513.72 , 1860.91
1542.8 , 1853.78
1570.97 , 1844.91
1598.9 , 1853.57
1625.22 , 1867.65
1651.12 , 1882.78
1677.92 , 1895.59
1705.27 , 1906.52
1732.6 , 1917.53
1748.15 , 1940.76
1722.27 , 1955.85
1694.1 , 1964.78
1665.7 , 1973.31
1637.9 , 1982.99
1610.02 , 1992.53
1580.55 , 1999.03
1548.8 , 2000.78
1517.27 , 1998.55
1486 , 1995.78
1453.77 , 1995.03
1422.97 , 1991.27
1397.47 , 1975.15
1397.1 , 1964.03
1416.67 , 1950.18
1436.35 , 1936.53
1458.92 , 1930.26
1482.57 , 1926.28
1507.07 , 1924.03
1531.7 , 1922.03
1556.2 , 1919.78
1581.42 , 1919.03
1606.77 , 1919.53
1632 , 1918.78
1657.47 , 1919.03
1682.07 , 1921.03
1705.97 , 1924.56
1728.17 , 1931.35
1705.12 , 1928.29
1681.7 , 1923.81
1657.92 , 1920.03
1632.7 , 1920.78
1607.35 , 1920.28
1583.22 , 1923.28
1558.47 , 1925.03
1533.25 , 1925.78
1507.65 , 1925.78
1483.15 , 1928.04
1459.88 , 1932.77
1437.17 , 1938.77
1417.15 , 1951.46
1720.35 , 1404.27
1739.67 , 1388.43
1760 , 1375.36
1781.6 , 1365.77
1804.47 , 1359.24
1828.82 , 1355.77
1854.27 , 1354.52
1879.47 , 1356.28
1902.38 , 1362.78
1922.82 , 1375.49
1939.04 , 1394.69
1931.82 , 1417.08
1910.85 , 1428.52
1887.32 , 1433.77
1861.75 , 1434.77
1836.32 , 1433.52
1812.32 , 1429.27
1790.38 , 1420.76
1768.25 , 1412.78
1742.45 , 1412.26
1450.79 , 1426.54
1448.94 , 1406.34
1432.78 , 1394.43
1415.05 , 1386.85
1395.6 , 1383.12
1374.45 , 1382.87
1354.53 , 1385.63
1336.55 , 1392.36
1319.48 , 1401.84
1304.11 , 1415.95
1295.44 , 1433.34
1289.45 , 1451.62
1304.9 , 1465.09
1323.03 , 1471.4
1343.58 , 1469.86
1362.18 , 1464.39
1380.7 , 1458.87
1398.85 , 1452.59
1416.62 , 1445.19
1434.6 , 1438.46
1625.13 , 1306.42
1630.41 , 1258.14
1666.36 , 1222.2
1708.78 , 1204.51
1753.08 , 1191.21
1798.73 , 1180.44
1846.91 , 1174.92
1896.28 , 1177.42
1940.96 , 1189.91
1981.53 , 1212.92
2018.43 , 1246.22
2028.01 , 1283.7
1983.11 , 1271.42
1937.33 , 1260.88
1888.88 , 1256.92
1840.73 , 1262.42
1795.73 , 1274.57
1753.13 , 1291.67
1710.86 , 1309.94
1667.11 , 1323.66
1469.99 , 1304.51
1460.94 , 1273.66
1438.4 , 1248.83
1410.58 , 1232.47
1381.08 , 1220.78
1349.28 , 1213.96
1314.53 , 1214.69
1282.83 , 1221.64
1253.72 , 1234.47
1228.25 , 1256.96
1209.91 , 1284.06
1201.75 , 1315.21
1227.85 , 1334.87
1258.6 , 1325.95
1287.3 , 1311.69
1317.75 , 1302.46
1351.62 , 1300.48
1383.8 , 1306.48
1413.58 , 1317.2
1446.33 , 1321.89
