3201451573_1
764.75 , 1406.2
769.85 , 1443.36
783.89 , 1482.69
799.59 , 1516.22
812.4 , 1555.79
824 , 1591.97
841.01 , 1626.93
863.24 , 1659.86
890.34 , 1693.53
915.14 , 1719.72
945.79 , 1750.4
970.93 , 1777.21
999.13 , 1807.85
1025.02 , 1836.1
1051.07 , 1865.25
1078.43 , 1894.75
1110.72 , 1922.11
1146.25 , 1938.97
1183.55 , 1944.11
1222.37 , 1943.52
1264.5 , 1938.52
1303.03 , 1938.49
1342.07 , 1925.41
1375.97 , 1907.74
1408.22 , 1886.99
1439.91 , 1860.03
1466.54 , 1833
1496.11 , 1803.33
1522.49 , 1776.05
1549.08 , 1743.67
1572.32 , 1712.91
1596.03 , 1682.06
1621.56 , 1651.44
1646.81 , 1619.35
1668.58 , 1584.46
1684.75 , 1551.4
1698.51 , 1513.72
1708.17 , 1475.25
1716.02 , 1436.57
1724.14 , 1396.24
1731.45 , 1355.6
1081 , 1379.6
1051.68 , 1399.92
1025.87 , 1424.92
1024.53 , 1458.32
1047.06 , 1484.49
1079.14 , 1501.37
1113.06 , 1510.95
1152.33 , 1511.33
1188.29 , 1508.83
1223.29 , 1502.29
1257.16 , 1499.85
1292.27 , 1492.11
1328 , 1481.39
1346.27 , 1453.31
1341 , 1415.84
1319.21 , 1389.28
1292.16 , 1362.02
987.91 , 1655.39
1012.73 , 1628.64
1043.18 , 1613.65
1073.81 , 1599.14
1107.46 , 1591.89
1141.48 , 1585.39
1178.53 , 1585.14
1215.23 , 1586.14
1248.91 , 1578.89
1283.78 , 1583.64
1319.38 , 1586.89
1352.18 , 1595.91
1381.16 , 1614.64
1403.58 , 1642.29
1388.92 , 1672.79
1369.33 , 1701.47
1346.91 , 1729.14
1318.51 , 1749.55
1286.18 , 1759.4
1254.11 , 1769.66
1220.76 , 1777.63
1184.43 , 1779.39
1148.59 , 1776.64
1113.96 , 1771.38
1082.84 , 1758.63
1054.63 , 1737.62
1027.96 , 1712.44
1005.51 , 1684.77
1028.16 , 1665.89
1054.01 , 1668.64
1078.66 , 1673.89
1103.41 , 1678.89
1128.81 , 1682.61
1154.09 , 1686.65
1181.03 , 1687.14
1205.98 , 1682.57
1230.36 , 1676.64
1255.26 , 1671.88
1280.01 , 1666.86
1304.66 , 1661.64
1328.88 , 1655.41
1353.76 , 1650.66
1372.68 , 1650.4
1349.49 , 1658.36
1326.09 , 1665.96
1302.41 , 1673.14
1278.53 , 1679.87
1254.18 , 1685.89
1229.76 , 1691.64
1203.76 , 1694.14
1176.93 , 1694.89
1150.11 , 1695.6
1124.11 , 1693.15
1099.36 , 1688.12
1074.68 , 1682.91
1050.38 , 1676.87
1333.95 , 1197.49
1345.7 , 1178.24
1364.42 , 1164.77
1384.08 , 1153.87
1404.83 , 1146.22
1427.25 , 1142
1449.67 , 1137.73
1471.65 , 1132.48
1493.95 , 1127.99
1516.25 , 1132.47
1535.09 , 1145.48
1533.92 , 1169.02
1515.33 , 1182.87
1495.25 , 1192.7
1474.03 , 1199.25
1451.35 , 1202.99
1427.2 , 1202.24
1403.68 , 1200.24
1380.9 , 1196.74
1357.25 , 1194.99
1028.43 , 1207.62
1010.4 , 1190.86
990.8 , 1178.49
970.25 , 1168.61
947.65 , 1163.6
924.2 , 1160.37
899.9 , 1158.87
874.88 , 1158.86
851.58 , 1162.35
830.85 , 1171.68
811.43 , 1184.37
829.73 , 1200.42
848.68 , 1214.62
869.36 , 1224.05
891.68 , 1229.62
916.23 , 1230.62
939.5 , 1227.05
962.03 , 1221.89
985.23 , 1218.13
1009.65 , 1216.87
1268.7 , 1088.75
1297.33 , 1061.85
1330.42 , 1047.24
1363.4 , 1032.3
1396.38 , 1017.32
1430.4 , 1005.54
1465.68 , 996.02
1502.25 , 989.23
1541.4 , 987.75
1577.35 , 995.9
1608.1 , 1016.93
1593.59 , 1049.24
1554.68 , 1051.25
1516.97 , 1046.75
1478.93 , 1050.52
1443.85 , 1060.35
1409.9 , 1072.29
1375.18 , 1082.75
1339.38 , 1091.26
1303.35 , 1099.27
1053.68 , 1104.55
1039.83 , 1074.68
1010.83 , 1055.2
979.7 , 1041.57
947.13 , 1031.76
913 , 1024.87
880.11 , 1015.56
844.86 , 1010.98
808.43 , 1012.8
776.4 , 1023.81
749.63 , 1049.6
744.93 , 1084.8
778 , 1092.83
814.13 , 1090.05
851.6 , 1090.05
886.93 , 1094.55
921.33 , 1100.77
955.53 , 1107.53
989.15 , 1115.55
1023.86 , 1121.31
