3203334240_1
795.35 , 1050.45
799.99 , 1081.91
804.31 , 1113.28
809.75 , 1146.54
817.69 , 1179.73
826.78 , 1208.6
839.36 , 1241.86
851.81 , 1272.46
864.55 , 1302.87
882.08 , 1328.85
900.6 , 1354.9
920.67 , 1380.31
944.48 , 1407.24
963.35 , 1433.36
982.63 , 1458.84
1004.94 , 1484.13
1032.11 , 1503.86
1060.28 , 1514.19
1095.05 , 1522.07
1127.05 , 1524.75
1158.29 , 1522.12
1191.6 , 1517.25
1221.6 , 1505.29
1253.56 , 1490.22
1280.08 , 1470.83
1302 , 1449.34
1320.36 , 1422.38
1341.02 , 1396.65
1362.67 , 1371.77
1387.09 , 1346.53
1407.89 , 1322.77
1425.99 , 1297.22
1443.64 , 1267.1
1459.36 , 1239.19
1474.33 , 1210.71
1487.96 , 1178.32
1496.26 , 1147.31
1504.58 , 1115.02
1508.11 , 1082
1511.01 , 1048.97
1514.35 , 1015.95
1079.32 , 1015
1057.38 , 1035.75
1032.57 , 1059.74
1012.99 , 1086.62
1013.35 , 1118.86
1039.55 , 1135.97
1072.4 , 1142.55
1102.75 , 1141.85
1136.45 , 1142.95
1170.01 , 1138.61
1203.44 , 1133.22
1232.85 , 1127.56
1261.5 , 1110
1263.14 , 1078.8
1241.96 , 1054
1213.76 , 1033.72
1187.97 , 1012.62
995 , 1263.38
1014.02 , 1248.85
1033.95 , 1236.92
1056.12 , 1230.65
1080.53 , 1228.88
1105.03 , 1230.38
1130.12 , 1230.13
1151.78 , 1222.89
1174.92 , 1218.61
1199.08 , 1220.36
1222.15 , 1224.78
1244.92 , 1229.88
1267.62 , 1235.13
1289.8 , 1241.37
1290.03 , 1262.37
1269.92 , 1273.95
1250.08 , 1286.13
1229.75 , 1297.13
1208.97 , 1306.89
1187.45 , 1314.38
1164.83 , 1319.89
1141.55 , 1323.88
1117.17 , 1325.14
1093.53 , 1321.9
1071.88 , 1314.75
1051.15 , 1304.79
1030.78 , 1293.89
1010.82 , 1281.95
995.75 , 1264.38
1016.73 , 1266.13
1037.8 , 1267.63
1059.35 , 1268.13
1081.15 , 1268.13
1102.35 , 1269.38
1123.3 , 1271.13
1144.25 , 1269.38
1164.12 , 1265.39
1184.35 , 1262.13
1205.78 , 1261.38
1226.85 , 1259.88
1248.05 , 1258.63
1268.4 , 1255.63
1288.25 , 1251.63
1268.65 , 1255.13
1248.05 , 1257.63
1226.38 , 1257.88
1205.17 , 1259.13
1183.62 , 1259.64
1164.08 , 1264.39
1144.22 , 1268.38
1123.53 , 1270.63
1102.92 , 1268.13
1081.72 , 1266.88
1060.55 , 1265.63
1039.22 , 1264.63
1017.42 , 1264.63
1237.25 , 879.38
1248.92 , 872.47
1260.03 , 863.85
1271.8 , 857.09
1284.05 , 851.6
1297.15 , 848.23
1311.42 , 847.13
1325.45 , 848.63
1338.8 , 851.65
1351.12 , 856.88
1362.27 , 865.39
1360.75 , 878.88
1348.2 , 883.4
1335 , 886.63
1321.08 , 888.38
1306.53 , 888.88
1292.25 , 887.88
1278.67 , 885.38
1265 , 883.13
1251.2 , 881.13
1024.78 , 876.33
1015.01 , 869.42
1004.21 , 865.33
992.53 , 863.07
980.74 , 861.08
968.81 , 862.81
957.16 , 865.08
945.99 , 868.3
935.41 , 873.08
925.76 , 880.45
919.91 , 890.58
930.59 , 894.85
941.76 , 898.11
953.93 , 899.33
966.34 , 900.08
978.98 , 899.83
990.88 , 898.08
1002.56 , 895.81
1014.13 , 893.35
1024.73 , 888.52
1212.33 , 800.07
1234.38 , 788.03
1258 , 780.3
1283.95 , 777.19
1311.33 , 777.07
1338.05 , 778.57
1363.83 , 782.07
1388 , 788.75
1410.48 , 799.81
1428.9 , 818.9
1440.32 , 841.24
1421.4 , 852.14
1398.4 , 842.8
1374.38 , 835.86
1349 , 831.57
1323.13 , 828.32
1296.28 , 827.07
1268.95 , 827.32
1242.45 , 829.35
1217.34 , 825.09
1056.88 , 821.21
1040.64 , 801.05
1017.67 , 791.63
993.1 , 785.62
967.45 , 781.87
940.47 , 782.87
915.67 , 788.37
893.14 , 799.39
872.34 , 814.97
855.14 , 835.2
844.21 , 857.72
839.97 , 883.12
863.32 , 877.02
886.27 , 867.57
909.22 , 858.12
932.8 , 850.35
957.5 , 844.62
983.02 , 840.62
1009.87 , 839.37
1035.99 , 836.62
