3211099008_1
858.41 , 1097.11
858.66 , 1132.38
858.18 , 1170.93
863.8 , 1211.47
872.19 , 1250.84
880.86 , 1285.22
893.17 , 1324.37
906.99 , 1361.09
922.94 , 1393.83
941.08 , 1427.9
963.63 , 1463.04
985.55 , 1493.94
1009.15 , 1524.1
1030.79 , 1553.51
1056.69 , 1586.08
1083.18 , 1615.44
1106.57 , 1642.64
1138.76 , 1667.32
1173.64 , 1683.32
1212.75 , 1691.48
1251.42 , 1695.51
1288.85 , 1698.67
1325.74 , 1691.87
1365.28 , 1681.1
1397.68 , 1665.92
1429.23 , 1644.33
1458.15 , 1618.56
1487.27 , 1590.28
1515.6 , 1565.28
1545.18 , 1537.04
1568.9 , 1507.45
1588.37 , 1473.8
1610.06 , 1442.32
1631.95 , 1408.38
1648.82 , 1375.27
1660.96 , 1339
1669.03 , 1300.42
1678.79 , 1262.77
1688.42 , 1223.85
1692.04 , 1187.39
1697.64 , 1146.5
1179.01 , 1139.15
1152.63 , 1166.01
1127.14 , 1198.48
1110.35 , 1233.75
1112.99 , 1274.59
1137.98 , 1300.33
1178.47 , 1312.53
1216.57 , 1319.18
1256.85 , 1326.2
1296.25 , 1324.32
1334.07 , 1321.75
1373.59 , 1312.67
1402.7 , 1284.45
1403.12 , 1245.9
1387.68 , 1207.74
1363.81 , 1177.64
1339.4 , 1143.62
1077.55 , 1450.75
1100.95 , 1435.34
1126.95 , 1426.97
1153.6 , 1419.76
1181.58 , 1415.25
1209.55 , 1419.75
1235.35 , 1428.52
1264.17 , 1431.25
1291.9 , 1426.22
1321.2 , 1424.5
1346.58 , 1434.52
1370.62 , 1448.26
1395.8 , 1458.75
1423.55 , 1463.75
1414.12 , 1488.4
1396.1 , 1510.95
1374.5 , 1531.53
1351.35 , 1547.71
1324.9 , 1555.25
1296.07 , 1558
1266.28 , 1557.25
1238.05 , 1553.25
1210.07 , 1548.76
1183.2 , 1541.9
1158.45 , 1529.91
1135.22 , 1513.92
1112.65 , 1496.1
1093.33 , 1474.03
1101.05 , 1453
1122.42 , 1456.25
1144.08 , 1459
1166.67 , 1459.75
1188.92 , 1461.25
1210.8 , 1463.5
1231.58 , 1468
1253.35 , 1470.5
1275.7 , 1471.75
1298.3 , 1472.5
1320.67 , 1473.75
1343.28 , 1474.5
1365.53 , 1473
1387.53 , 1471
1408.18 , 1466.76
1387.28 , 1471
1365.65 , 1473.75
1343.15 , 1474.75
1320.32 , 1474.5
1297.7 , 1473.75
1275.22 , 1472.75
1252.97 , 1471.25
1231.47 , 1468.25
1209.6 , 1466
1187.95 , 1463.25
1165.95 , 1461.25
1143.95 , 1459.25
1122.2 , 1456.74
1391.52 , 1001.25
1402.09 , 985.65
1416.39 , 971.38
1432.12 , 961.15
1448.69 , 953.07
1466.37 , 947.91
1485.3 , 945.25
1505.27 , 944.75
1523.67 , 948.41
1540.37 , 956.26
1555.75 , 967.49
1557.79 , 985.99
1541.35 , 994.43
1523.77 , 999.75
1504.77 , 1002.25
1485.05 , 1003.25
1465.32 , 1002.27
1447.24 , 997.76
1428.6 , 994.5
1409.12 , 995.97
1128.58 , 976.38
1117.25 , 964.29
1104.78 , 954.07
1091.15 , 946.99
1075.8 , 944
1059.85 , 942.26
1043.4 , 941.51
1027.38 , 943.08
1012.53 , 947.2
999.2 , 955.01
987.2 , 966.51
997.43 , 978.98
1010.18 , 988.49
1024.48 , 993.52
1040.42 , 995.26
1056.88 , 994.51
1073.08 , 993.26
1089.15 , 991.76
1105.33 , 990.51
1121.4 , 989.01
1304.3 , 916.27
1338.7 , 899.12
1378.22 , 893.75
1416.38 , 885.53
1454.42 , 877.02
1492.65 , 868.99
1530.6 , 860.28
1569.83 , 854.27
1609.15 , 859.51
1643.42 , 877.15
1670.17 , 907.39
1641.88 , 934.27
1602.17 , 929.27
1562.45 , 924.27
1521.3 , 922.27
1479.88 , 923.7
1440.22 , 928.84
1402.5 , 938.06
1366.05 , 949.52
1324.12 , 949.64
1190.96 , 918.37
1161.91 , 900.61
1130.71 , 888.87
1099.06 , 878.37
1066.41 , 869.58
1032.63 , 863.13
997.91 , 858.62
961.59 , 857.9
928.11 , 864.96
898.26 , 880.82
871.71 , 905.62
902.88 , 917.3
937.36 , 922.39
974.04 , 922.87
1009.96 , 924.87
1045.43 , 927.86
1080.66 , 931.37
1115.04 , 936.65
1148.24 , 944.38
1183.81 , 947.12
