3211768569_1
465.59 , 612.5
468.49 , 631.19
471.62 , 649.68
475.21 , 669.08
481.49 , 688.47
490.52 , 706.88
496.08 , 724.07
502.43 , 744.21
511.04 , 760.69
520.51 , 778.47
530 , 795.35
543.47 , 810.61
557.43 , 823.13
574.06 , 835.48
588.26 , 848.78
602.73 , 862.68
617.35 , 872.82
636.53 , 881.07
655.67 , 887.1
673.7 , 891.19
693.79 , 892.05
713.61 , 890.94
733.45 , 888.48
751.56 , 884.5
771.47 , 878.45
788.33 , 870.34
805.31 , 860.05
822.17 , 849.74
836.44 , 836.51
850.02 , 821.53
862.07 , 806.32
872.31 , 789.64
881.31 , 772.02
888.65 , 753.71
896.54 , 736.37
904.85 , 717.25
910.95 , 699.41
916.97 , 681.48
923.3 , 662.06
926.98 , 642.4
927.53 , 621.94
652.26 , 588.34
643.72 , 603.94
635.84 , 620.67
633.39 , 639.52
638.75 , 656.8
655.92 , 664.76
672.46 , 669.18
690.25 , 678.35
707.73 , 683.32
725.45 , 680.16
741.8 , 670.5
756.59 , 661.2
773.48 , 653.5
781.89 , 635.94
778.45 , 617.43
770.37 , 601.98
759.22 , 585.57
617 , 717.82
620.47 , 701.87
629.12 , 688.2
644.8 , 684.06
661.33 , 686.39
676.88 , 690.7
692.67 , 694.57
709.62 , 696.06
726.02 , 693.55
741 , 688.07
755.73 , 681.83
770.77 , 676.57
788.27 , 676.84
801.81 , 685.89
805.34 , 701.47
797.8 , 715.75
786.97 , 728.85
775.95 , 741.87
763.95 , 754.36
750.05 , 762.83
734.17 , 766.57
717.33 , 767.89
701.17 , 764.82
685.58 , 760.55
670.42 , 755.56
655.95 , 748.53
641.83 , 740.58
628.4 , 730.72
650.5 , 720.32
655.1 , 712.68
663.8 , 710.55
672.45 , 712.78
680.62 , 715.94
688.9 , 718.79
697.67 , 720.75
707.35 , 720.82
716.83 , 720.32
725.88 , 718.94
734.4 , 716.59
742.9 , 714.07
750.9 , 710.33
759.15 , 707.29
768.08 , 708.39
768.27 , 716.55
760.02 , 719.57
751.27 , 721.55
742.12 , 722.7
733.1 , 724.04
723.88 , 725.08
714.65 , 726.07
705.3 , 726.82
695.7 , 726.57
686.38 , 725.82
676.77 , 726.07
667.45 , 725.28
659.1 , 722.6
754.73 , 522.89
763.96 , 519.63
773.5 , 516.88
783.65 , 515.39
794.18 , 514.64
804.83 , 515.14
815.23 , 516.14
826.13 , 516.14
836.65 , 515.39
847.06 , 516.38
856.98 , 518.39
849.31 , 520.89
838.78 , 521.64
828.28 , 522.39
817.38 , 522.39
806.61 , 522.64
795.86 , 522.89
785.33 , 522.13
775.15 , 520.64
764.4 , 520.37
619.77 , 522.21
617.95 , 514.82
611.98 , 508.6
604.92 , 504.94
597.72 , 501.69
589.88 , 499.94
581.32 , 500.19
572.88 , 500.7
565.12 , 502.68
558.17 , 506.57
551.96 , 512.51
548.05 , 519.44
555.45 , 521.96
563.55 , 523.19
571.88 , 523.94
579.95 , 525.19
588.15 , 526.19
596.35 , 527.19
604.92 , 527.43
612.52 , 525.21
742 , 480.81
756.12 , 470.93
771.52 , 464.57
787.48 , 459.55
804.67 , 457.06
822.88 , 456.56
840.83 , 457.56
858.52 , 459.06
875.15 , 462.83
890.45 , 469.52
902.82 , 482.61
889.3 , 493.31
871 , 493.06
852.8 , 492.56
834.62 , 493.06
816.8 , 494.31
799.45 , 496.56
782.48 , 499.56
764.9 , 501.33
749.26 , 495.93
653.27 , 491
643.34 , 474.32
629.18 , 459.17
613.61 , 446.1
596.86 , 436.33
578.23 , 431.25
558.03 , 429.52
538.03 , 431.77
520.05 , 438
503.93 , 449.52
492.79 , 465.64
489.28 , 485.02
507.45 , 480.58
524.7 , 472.09
542.68 , 465.77
563.5 , 465.26
582.38 , 469.87
599.68 , 478.18
616.8 , 487.04
634.2 , 495.01
