3212378179_1
403 , 404.05
405.4 , 419.68
408.98 , 437.11
412.93 , 452.98
418.54 , 468.52
425.43 , 484.91
431.71 , 499.22
439 , 514.85
446.87 , 530.21
454.12 , 544.27
464.52 , 558.8
477.31 , 568.67
491.41 , 577.32
508.42 , 584.14
524.58 , 589.12
539.4 , 594.32
556.19 , 597.79
572.68 , 600.37
589.54 , 602.98
607.13 , 605.42
623.39 , 606.31
639.32 , 605.62
657.3 , 603.66
672.72 , 600.97
690.51 , 597.46
706.48 , 591.88
716.96 , 580.6
728.06 , 566.78
736.68 , 552.98
744.21 , 537.26
752.06 , 522.34
757.72 , 506.93
761.51 , 490.09
763.83 , 472.85
765.25 , 457.2
766.41 , 439.46
766.49 , 422.74
767.39 , 405.78
766.18 , 388.66
762.56 , 372.99
757.02 , 355.95
606.78 , 373.66
599.18 , 383.79
599.12 , 397.16
602.1 , 410.44
611.63 , 420.3
625.35 , 421.35
639.71 , 418.98
653.4 , 415.94
666.33 , 413.88
680.33 , 411.86
693.39 , 407.34
697.41 , 395
693.9 , 381.55
687.32 , 368.65
681.42 , 355.86
675.34 , 344.18
664.6 , 334.47
588.66 , 500.24
596.79 , 491.37
605.66 , 483.24
613.81 , 474.34
622.31 , 465.6
631.66 , 458.74
641.93 , 454.49
653.96 , 453.99
666.13 , 454.24
676.81 , 450.96
686.93 , 446.25
698.13 , 448.49
708.66 , 451.99
716.6 , 460.94
722.17 , 470.76
721.4 , 482.66
716.63 , 492.79
708.11 , 501.55
698.51 , 507.65
688.34 , 512.22
677.51 , 515.26
666.09 , 516.99
654.16 , 517.74
641.98 , 517.99
630.31 , 516.73
619.13 , 514.49
608.16 , 511.74
598.13 , 506.71
592.16 , 498.49
600.81 , 496.21
609.53 , 493.96
617.56 , 490.08
625.56 , 486.08
633.76 , 482.71
642.83 , 481.24
652.51 , 480.99
661.81 , 479.99
670.63 , 477.99
679.59 , 476.25
688.51 , 474.5
697.81 , 473.49
706.76 , 475.24
715.19 , 478
707.09 , 475.48
698.01 , 473.99
688.59 , 474.72
679.66 , 476.49
670.93 , 478.74
662.11 , 480.74
652.93 , 481.99
643.26 , 482.24
634.18 , 483.74
625.78 , 486.46
617.63 , 490.01
609.84 , 494.5
601.61 , 497.73
668.19 , 301.14
669.79 , 294.79
672.82 , 289.01
677.29 , 283.77
682.67 , 279.65
688.52 , 276.83
694.57 , 274.64
701.52 , 274.96
707.42 , 277.61
712.66 , 282.09
715.5 , 287.96
717.19 , 294.24
716.69 , 301.14
712.44 , 306.14
705.69 , 306.89
698.69 , 306.64
691.92 , 305.89
684.92 , 305.64
678.17 , 306.39
671.69 , 306.74
556.87 , 312.06
553.35 , 304.71
547.01 , 298.72
539.63 , 295.33
531.34 , 294.09
522.76 , 294.85
515.19 , 297.58
507.88 , 301.31
501.46 , 307.24
496.06 , 313.89
492.12 , 321.04
488.61 , 328.34
496.79 , 329.59
505.59 , 329.84
514.13 , 329.09
522.59 , 328.09
530.91 , 326.84
538.99 , 325.06
547.01 , 323.19
554.33 , 319.61
644.35 , 241.98
642.88 , 234.35
646.91 , 227.82
653.4 , 223.59
660.53 , 221.08
668.28 , 219.86
676.38 , 219.35
684.48 , 218.85
692.61 , 219.35
699.93 , 221.4
706.36 , 225.84
709.83 , 231.85
701.71 , 232.32
694.18 , 234.06
686.88 , 236.1
679.48 , 238.07
672.11 , 240.12
665.11 , 242.87
657.71 , 244.82
650.5 , 246.99
573.3 , 244.46
558.88 , 236.47
541.73 , 234.71
524.12 , 235.47
507.6 , 238.44
491.68 , 242.68
475.95 , 247.31
460.73 , 252.94
445.9 , 259.87
431.24 , 267.27
421.3 , 280.96
438.8 , 281.96
454.98 , 278.21
470.2 , 272.56
485.8 , 267.71
502.3 , 264.71
519.45 , 262.96
537.17 , 262.46
554.8 , 263.21
571.57 , 260.71
