3213143311_1
965.98 , 1284.7
969.92 , 1323.44
973.48 , 1363.34
978.51 , 1407.43
986.18 , 1445.58
997.94 , 1483.86
1013.12 , 1525.34
1031.75 , 1562.34
1055.83 , 1594.86
1083.42 , 1627.1
1111.6 , 1657.35
1139.78 , 1683.38
1170.67 , 1709.8
1204.3 , 1735.09
1237.79 , 1758.18
1275.27 , 1781.97
1308.02 , 1804.07
1340.95 , 1826.96
1377.55 , 1849.7
1415.89 , 1867.77
1452.67 , 1881.69
1490.52 , 1891.53
1534.05 , 1898
1573.6 , 1899.71
1615.42 , 1896.01
1654.86 , 1879.95
1687.14 , 1854.06
1706.54 , 1820.45
1720.87 , 1780.38
1734.28 , 1740.94
1752.24 , 1707.19
1775.44 , 1669.49
1797.19 , 1636.81
1810.9 , 1595.14
1817.24 , 1557.72
1829.92 , 1518.89
1845.47 , 1477.06
1856.22 , 1436.96
1865.7 , 1396.76
1874.08 , 1359.01
1873.54 , 1315.37
1610.11 , 1326.89
1598.06 , 1351.68
1583.62 , 1376.89
1570.17 , 1403.64
1559.98 , 1429.31
1567.42 , 1456.33
1591.37 , 1474.47
1617.14 , 1482.33
1645.68 , 1484.82
1676.52 , 1481.78
1702.43 , 1475.65
1729.4 , 1465.59
1752.35 , 1447.97
1767.6 , 1423
1772.7 , 1394.46
1761.16 , 1367.87
1751.72 , 1339.49
1501.14 , 1645.77
1517.89 , 1628.02
1537.89 , 1617.27
1558.39 , 1608.02
1578.47 , 1597.51
1598.82 , 1587.75
1619.49 , 1579.18
1639.72 , 1568.99
1664.34 , 1568.77
1687.77 , 1566.02
1711.42 , 1563.76
1731.84 , 1573.26
1747.15 , 1591.55
1752.89 , 1613.55
1752.64 , 1638.17
1748.88 , 1661.12
1740.38 , 1681.82
1726.51 , 1700.67
1707.97 , 1715.23
1686.91 , 1722.77
1663.24 , 1725.02
1639.69 , 1722.52
1617.14 , 1718.02
1595.44 , 1711.75
1574.82 , 1702.96
1555.09 , 1691.7
1536.07 , 1678.44
1517.56 , 1663.7
1543.39 , 1640.27
1554.12 , 1635.51
1564.79 , 1630.28
1575.12 , 1624.29
1585.79 , 1618.99
1597.04 , 1615.49
1608.62 , 1612.54
1620.67 , 1610.52
1633.07 , 1609.27
1645.22 , 1611.02
1658.22 , 1611.02
1670.27 , 1608.99
1682.32 , 1607
1694.59 , 1608.53
1703.91 , 1616.99
1699.7 , 1627.99
1689.82 , 1635.27
1679.14 , 1640.52
1667.57 , 1643.51
1655.89 , 1646.27
1643.59 , 1647.77
1630.97 , 1647.02
1618.79 , 1645.27
1606.04 , 1644.77
1593.14 , 1644.52
1580.87 , 1643.02
1569.16 , 1640.27
1556.29 , 1640.02
1697.35 , 1170.7
1700.41 , 1152.62
1709.45 , 1137.1
1723.03 , 1123.46
1739 , 1115.42
1756 , 1110.3
1774.02 , 1107.2
1793.22 , 1106.42
1811.2 , 1109.7
1826.34 , 1119.42
1834.59 , 1135.28
1835.35 , 1154.45
1830.9 , 1171.9
1816.75 , 1184.8
1800.65 , 1192.43
1783.02 , 1196.45
1763.82 , 1195.7
1745.5 , 1193.22
1727.55 , 1189.91
1711.17 , 1183.29
1506.01 , 1170.97
1495.99 , 1156.25
1483.08 , 1142.58
1467.88 , 1133.87
1451.45 , 1128.56
1432.5 , 1128.8
1415 , 1132.04
1398.25 , 1136.78
1382.1 , 1142.79
1366.72 , 1151.13
1353.8 , 1164.8
1367.57 , 1177.57
1381.25 , 1190.49
1396.32 , 1199.56
1412.55 , 1205.3
1430.65 , 1207.3
1448.75 , 1205.3
1465.9 , 1201.32
1481.97 , 1195.06
1497.05 , 1186.05
1757.32 , 1067.64
1756.81 , 1047.25
1771.78 , 1033.77
1787.53 , 1022.51
1803.73 , 1012.52
1820.34 , 1003.48
1837.18 , 995
1855.31 , 989.75
1875.21 , 990.27
1892.68 , 996.97
1906.28 , 1011.23
1911.83 , 1029.27
1896.23 , 1028.69
1878.96 , 1021.4
1859.28 , 1020.52
1842.01 , 1027.51
1825.18 , 1036
1808.63 , 1045.15
1792.73 , 1056
1776.21 , 1065.28
1580.87 , 1015.03
1553.74 , 995.38
1522.62 , 986.41
1489.24 , 981.88
1453.69 , 981.92
1420.27 , 986.36
1388.52 , 994.36
1358.02 , 1004.36
1328.62 , 1017.75
1301.06 , 1036.06
1278.49 , 1062.13
1309.47 , 1052.87
1340.39 , 1043.47
1372.74 , 1036.88
1405.97 , 1032.13
1440.57 , 1030.13
1475.04 , 1032.38
1507.44 , 1038.86
1539.32 , 1046.62
1574.52 , 1046.38
