3213153149_1
939.7 , 1257.79
951.23 , 1301.79
964.05 , 1350.54
980.31 , 1399.2
1001.32 , 1446.06
1023.83 , 1487.14
1052.59 , 1531.7
1077.45 , 1572.73
1104.41 , 1612.24
1138.52 , 1653.51
1168.98 , 1688.91
1202.57 , 1729.9
1233.32 , 1765.33
1268.66 , 1802.56
1309.22 , 1834.62
1349.49 , 1860.17
1395.33 , 1882.89
1440.76 , 1896.85
1491.17 , 1904.32
1540.68 , 1906.19
1593.06 , 1905.47
1639.96 , 1904.46
1691.24 , 1901.04
1740.33 , 1887.07
1781.66 , 1864.93
1821 , 1830.46
1851.6 , 1791.46
1880.84 , 1755.52
1911.81 , 1713.89
1938.58 , 1672.65
1962.02 , 1629.89
1985.54 , 1584.07
2010 , 1539.12
2030.39 , 1495.48
2042.3 , 1448.55
2054.44 , 1397.14
2063.63 , 1348.49
2071.7 , 1299.14
2077.44 , 1252.86
2082.09 , 1203.1
2083.75 , 1149.05
1537.18 , 1135.12
1522.46 , 1175.7
1509.93 , 1216.95
1492.96 , 1259.27
1482.15 , 1304.1
1510.78 , 1333.68
1548.87 , 1356.97
1595.39 , 1369.56
1639.95 , 1371.12
1683.9 , 1362.1
1726.61 , 1346.77
1757.73 , 1318.42
1792.45 , 1288.54
1773.78 , 1252.02
1750.08 , 1208.88
1727.89 , 1170.83
1706.93 , 1129.47
1324.39 , 1488.32
1365.12 , 1471.59
1413.74 , 1471.82
1461.04 , 1468.82
1507.62 , 1464.32
1554.19 , 1459.83
1601.37 , 1456.57
1646.62 , 1449.33
1690.89 , 1440.07
1734.47 , 1429.25
1780.37 , 1423.32
1827.79 , 1425.57
1860.67 , 1457.67
1846.88 , 1499.55
1833.39 , 1541.57
1816.82 , 1582.37
1791.39 , 1620.07
1756.19 , 1652.53
1716.02 , 1671.55
1671.84 , 1681.07
1624.54 , 1684.07
1576.99 , 1681.55
1531.87 , 1674.05
1491.62 , 1655.56
1454.82 , 1627.5
1419.74 , 1594.67
1385.26 , 1560.19
1353.17 , 1524.85
1346.14 , 1493.07
1384.97 , 1491.57
1423.47 , 1493.82
1461.47 , 1497.07
1500.32 , 1498.57
1539.04 , 1500.32
1577.29 , 1503.09
1616.14 , 1501.57
1652.67 , 1495.32
1687.77 , 1486.09
1722.44 , 1476.09
1757.02 , 1465.95
1792.49 , 1457.32
1812.88 , 1485.1
1796.9 , 1517.49
1774.69 , 1547.52
1746.69 , 1575.06
1716.29 , 1596.32
1683.24 , 1610.34
1646.84 , 1616.82
1607.87 , 1615.57
1571.66 , 1608.59
1536.74 , 1599.09
1501.94 , 1589.34
1467.57 , 1578.75
1435.24 , 1562.58
1405.79 , 1538.73
1376.77 , 1513.67
1729.18 , 975.38
1745.83 , 963.75
1762.08 , 951
1778.68 , 939.13
1795.76 , 928.62
1813.65 , 920.4
1832.96 , 915.38
1853.93 , 913.88
1874.31 , 916.6
1892.81 , 923.13
1910.1 , 933.03
1910.03 , 952.78
1891.38 , 958.87
1872.23 , 964.14
1852.23 , 967.61
1831.63 , 969.88
1810.28 , 970.6
1790.03 , 973.6
1769.68 , 976.38
1749.18 , 978.88
1433.7 , 1015.93
1428.97 , 1000.56
1410.2 , 992.13
1391.07 , 984.76
1371.22 , 979
1349.42 , 977.78
1328.25 , 980.88
1308.3 , 986.56
1289.22 , 993.91
1270.62 , 1003.03
1253.1 , 1014.78
1239.1 , 1031.53
1261.05 , 1033.03
1283.47 , 1033.53
1305.9 , 1033.03
1327.6 , 1031.03
1348.7 , 1027.77
1369.17 , 1023.21
1389.6 , 1018.53
1411.52 , 1017.06
1730.54 , 831.83
1736.98 , 809.41
1747.55 , 788.56
1765.46 , 770.41
1785.32 , 757.32
1805.99 , 746.34
1827.39 , 737.57
1850.79 , 733.08
1875.99 , 732.33
1899.29 , 737.08
1920.04 , 747.83
1923.31 , 766.08
1898.49 , 767.62
1876.04 , 774.08
1854.87 , 783.52
1834.01 , 794.1
1813.19 , 804.71
1792.94 , 816.71
1772.99 , 829.59
1752.09 , 839.62
1450.88 , 838.89
1414.33 , 813.29
1372.1 , 802.3
1326.25 , 798.8
1279.7 , 800.9
1236.33 , 809.53
1196.67 , 826.3
1159.75 , 850.61
1125.05 , 881.3
1094.79 , 916.15
1069.8 , 952.8
1110.1 , 938.04
1147.22 , 914.34
1184.82 , 891.78
1224.4 , 874.8
1267.95 , 866.56
1314.9 , 867.3
1358.7 , 875.07
1402.53 , 882.78
1449.35 , 881.8
