3213155161_2
252.35 , 424.9
251.36 , 437.96
252.53 , 451.86
254.65 , 465.74
258.03 , 479.1
264.27 , 490.78
271.48 , 501.94
280.5 , 513.56
288.9 , 524.11
297.34 , 534.42
307.83 , 542.62
319.76 , 551.34
330.56 , 558.32
343.32 , 565.58
356.29 , 570.69
367.93 , 575.59
380.5 , 582.16
393.69 , 586.73
406.34 , 590.15
420.67 , 594.29
434.07 , 597.11
447.73 , 599.76
460.35 , 601.6
474.08 , 601.88
487.6 , 599.8
501.01 , 594.58
512.58 , 588.49
525.06 , 580.85
535.58 , 571.75
544.47 , 561.34
551.57 , 549.85
557.97 , 537.59
564.01 , 525.13
569.36 , 512.47
573.93 , 499.92
577.36 , 486.02
579.41 , 472.61
581.54 , 458.8
583.78 , 445.57
586.58 , 432.67
589.4 , 417.85
434.6 , 407.95
427.26 , 412.68
424.57 , 421.35
426.93 , 429.58
432.9 , 436.28
441.72 , 440.22
450.39 , 442.72
459.32 , 444.63
468.33 , 446.35
477.49 , 448.01
486.4 , 448.27
495.18 , 445.93
503.41 , 440.77
507.84 , 433.11
508.95 , 423.84
507.17 , 415.45
502.37 , 406.7
398.55 , 476.19
406.23 , 472.42
414.8 , 470.69
423.75 , 469.69
432.8 , 468.94
442.12 , 468.69
451.05 , 469.69
459.62 , 471.43
467.83 , 473.94
477.03 , 474.44
486.33 , 474.19
495.03 , 475.69
502.83 , 479.2
509.34 , 485.79
506.55 , 493.84
500.32 , 500.66
492.9 , 505.19
484.93 , 508.18
476.1 , 509.44
466.8 , 509.69
457.85 , 508.69
448.9 , 507.68
440.33 , 505.94
432.12 , 503.42
424.33 , 499.95
417.05 , 494.94
410.08 , 489.21
402.99 , 483.64
414.3 , 479.94
420.32 , 478.94
426.6 , 478.44
433.03 , 478.69
439.18 , 479.44
445.23 , 480.46
451.28 , 481.42
457.43 , 482.22
463.7 , 482.69
469.98 , 483.19
476.27 , 483.69
482.55 , 484.19
488.83 , 484.71
494.75 , 485.94
498.05 , 487.44
491.75 , 487.46
485.68 , 488.31
479.9 , 489.84
473.65 , 490.45
467.38 , 490.94
460.95 , 491.19
454.8 , 490.44
448.88 , 489.18
443.18 , 487.56
437.55 , 485.69
431.9 , 483.97
426.1 , 482.44
419.83 , 481.95
506.05 , 356.59
510.93 , 355.84
515.92 , 355.34
521.02 , 355.09
526.27 , 355.09
531.4 , 355.34
536.4 , 355.84
541.27 , 356.59
545.85 , 357.89
549.92 , 360.59
553.12 , 364.4
548.82 , 365.59
543.95 , 364.84
538.95 , 364.33
534.05 , 363.59
529.3 , 362.59
524.8 , 361.09
520.05 , 360.09
515.17 , 359.33
510.43 , 358.37
420.85 , 348.6
414.95 , 348.6
409.03 , 348.6
403.1 , 348.6
397.43 , 348.1
391.62 , 347.85
385.8 , 347.6
380 , 347.85
374.2 , 348.1
368.28 , 348.1
362.35 , 348.1
368.03 , 347.6
373.95 , 347.6
379.88 , 347.6
385.78 , 347.6
391.7 , 347.6
397.5 , 347.85
403.43 , 347.85
409.12 , 348.35
415.03 , 348.35
503.5 , 323.8
509.77 , 319.29
516.58 , 316.05
523.98 , 314.3
531.73 , 313.3
539.6 , 312.55
547.73 , 312.3
555.6 , 313.06
562.75 , 315.3
569.44 , 318.74
572.92 , 325.45
567.45 , 331.32
559.7 , 332.3
551.7 , 331.8
543.92 , 330.8
536.17 , 329.8
528.3 , 330.55
520.65 , 331.8
512.77 , 332.55
505.22 , 331.19
438.02 , 325.05
434.26 , 316.67
425.12 , 312.29
415.74 , 308.64
406.01 , 305.83
396.06 , 303.3
385.54 , 302.05
374.64 , 301.55
363.74 , 302.06
354.32 , 305.56
346.74 , 313.43
343.14 , 322.8
352.66 , 325.81
363.66 , 325.55
374.09 , 324.04
384.39 , 322.3
395.26 , 321.8
406.16 , 322.3
416.94 , 323.05
427.12 , 325.04
