3213214947_2
539.8 , 694.7
539.1 , 716.2
539 , 737.7
539.6 , 759.2
540.4 , 780.8
541.38 , 800.33
543.17 , 821.87
548.21 , 842.76
556.92 , 864.45
566.53 , 883
577.96 , 900.15
592.74 , 917.83
608.54 , 931.71
625.6 , 944.2
643.86 , 955.27
661.82 , 966.29
680.02 , 977.67
698.1 , 988.73
716.78 , 1000.08
735.78 , 1011.49
756 , 1020.22
776.99 , 1025.45
798.27 , 1025.55
819.03 , 1020.81
839.05 , 1012.68
857.1 , 999.94
870.81 , 984.59
882.25 , 966.99
893.66 , 947.27
904.15 , 930.21
917.21 , 910.78
928.83 , 893.31
939.27 , 874.65
949.08 , 855.9
958.64 , 836.8
968.2 , 817.74
978.39 , 798.58
989.44 , 779.94
999.6 , 760.8
1006.58 , 740.98
1009.77 , 718.1
801.39 , 683.75
789.45 , 696.75
780.99 , 711.59
773.57 , 728.04
773.62 , 746.56
783.64 , 760.6
797.92 , 769.57
814.59 , 776.53
832.25 , 781.22
850.72 , 783.89
867.8 , 783.41
885.02 , 777.3
897.47 , 765.9
901.59 , 748.01
898 , 730.9
889.89 , 713.9
884.58 , 696.54
700.57 , 813.41
717.22 , 809.67
735.12 , 810.91
753 , 812.16
771.37 , 812.41
789.37 , 813.41
807.25 , 814.66
824.77 , 816.66
842.77 , 815.66
860.4 , 813.91
878.42 , 814.92
894.08 , 820.69
901.32 , 835.91
896.13 , 851.83
888.54 , 866.93
878.79 , 881.18
867.95 , 895.06
853.45 , 904.19
836.67 , 907.66
818.65 , 906.65
801.87 , 903.16
786.22 , 897.32
771.22 , 889.53
756.82 , 880.16
743.02 , 869.11
729.89 , 856.23
718.45 , 842.56
708.35 , 828.43
700.82 , 813.66
716.72 , 813.41
732.27 , 814.41
747.12 , 816.91
762.67 , 817.91
777.97 , 819.41
793.05 , 821.41
808.35 , 822.91
823.8 , 824.16
839.47 , 824.91
855.4 , 824.66
870.82 , 823.41
886.85 , 823.41
889.82 , 837.66
881.44 , 850.03
869.77 , 860.46
857.82 , 870.16
844.7 , 876.65
829.5 , 878.41
813.7 , 877.9
799.12 , 874.93
785.55 , 869.89
772.22 , 864.07
759.22 , 857.28
746.2 , 850.5
733.25 , 843.56
720.72 , 835.56
708.65 , 826.23
883 , 611.85
890.67 , 606.69
897.52 , 599.59
905.7 , 595.58
914.42 , 593.08
923.65 , 591.6
933.25 , 590.85
943.08 , 590.6
952.02 , 592.62
960 , 597.1
964.64 , 605
962 , 613.53
954.65 , 619.6
946.17 , 622.59
936.6 , 623.35
927 , 622.6
917.65 , 621.35
908.17 , 620.35
898.6 , 619.6
888.75 , 619.35
770.13 , 600.41
766.6 , 591.4
758.98 , 584.09
750.1 , 580.08
740.12 , 578.58
729.68 , 578.08
719.2 , 578.59
709.45 , 580.56
700.27 , 583.65
691.55 , 588.13
683.6 , 594.58
692.08 , 599.56
700.88 , 603.82
709.75 , 607.86
718.85 , 611.08
728.35 , 613.58
738.33 , 615.08
748.93 , 615.33
759.02 , 614.07
767.87 , 610.03
894.37 , 560.02
898.86 , 548.83
909.22 , 541.92
920.22 , 536.68
931.57 , 532.54
943.25 , 529.02
956.27 , 529.27
968.35 , 532.02
979.07 , 537.98
988.12 , 547.27
993.18 , 558.35
994.63 , 571.04
985.55 , 565.95
975.62 , 557.77
964.27 , 553.52
951.85 , 551.52
938.94 , 552.52
927.32 , 556.06
916.25 , 561.15
905.07 , 565.73
804.78 , 541.68
788.28 , 529.52
769.83 , 522.68
749.43 , 519.93
728.3 , 518.68
706.83 , 519.17
687.03 , 523.21
668.45 , 529.42
650.48 , 537.64
632.98 , 547.16
615.43 , 556.43
634.33 , 562.08
655.05 , 560.18
674.2 , 554.91
693.55 , 549.93
714.03 , 547.33
735.2 , 548.18
755.61 , 550.9
775.63 , 554.43
796.28 , 556.69
