3213215243_1
245.15 , 893.32
251.71 , 916.12
261.68 , 937.73
274.06 , 958.2
288.84 , 979.88
304.04 , 998.57
320.48 , 1016.86
336.01 , 1035.09
351.43 , 1053.45
365.37 , 1073.19
375.15 , 1097.76
384.73 , 1117.82
398.86 , 1138.45
414.79 , 1157.12
432.18 , 1176.18
449.88 , 1193.15
470.75 , 1202.53
495.65 , 1206.85
518.88 , 1210.92
543.94 , 1209.28
565.57 , 1200.24
588.59 , 1188.43
608.36 , 1176.13
629.06 , 1160.22
647.08 , 1145.57
666.54 , 1128.91
683.46 , 1113.02
700.37 , 1094.51
715.96 , 1075.16
730.98 , 1055.21
745.6 , 1035.21
758.29 , 1016.26
771.14 , 994.1
781.91 , 971.09
790.64 , 949.94
799.13 , 925.77
807.59 , 904.43
813.87 , 880.21
818.85 , 855.84
820.37 , 831.59
817.38 , 805.86
356.81 , 854.95
357.11 , 872.61
353.5 , 889.81
351.05 , 907.95
353.54 , 924.83
363.65 , 940.71
378.13 , 951.08
395 , 955.25
412.5 , 950.05
428.25 , 943.79
444.4 , 935.69
461.1 , 926.48
475.34 , 915.64
487.85 , 904.74
494.19 , 887.1
489.94 , 870.81
480.6 , 853.74
363.37 , 986.66
380.8 , 976.98
400.72 , 980.65
421.17 , 983.41
442.22 , 981.91
462.42 , 978.67
482.5 , 975.14
501.95 , 970.34
521.45 , 965.59
542.07 , 963.15
563 , 964.9
583.25 , 968.04
598.6 , 979.71
587.81 , 996.71
574.62 , 1012.91
558.97 , 1027.59
543.05 , 1041.51
526.2 , 1052.84
509.02 , 1063.25
491.22 , 1072.19
472.57 , 1078.45
452.6 , 1082.16
431.02 , 1081.81
413.15 , 1073.19
398.46 , 1057.51
389.85 , 1039.63
384.13 , 1020.68
379.05 , 1001.31
396.37 , 1003.16
412.14 , 1002.91
427.82 , 1003.41
443.47 , 1003.9
457.92 , 1000.92
471.87 , 996.91
485.67 , 992.68
499.47 , 988.41
513.82 , 985.16
528.37 , 982.41
542.72 , 979.17
556.97 , 975.67
572.14 , 974.16
587.31 , 972.64
575.64 , 982.38
563.39 , 990.88
550.7 , 998.06
537.97 , 1005.28
525.45 , 1012.85
512.44 , 1019.35
499.37 , 1025.66
486.14 , 1031.42
472.85 , 1036.91
458.62 , 1040.41
442.69 , 1040.4
428.6 , 1036.65
417.05 , 1026.34
405.8 , 1015.09
491.8 , 741.06
500.12 , 735.5
509.95 , 733.54
520.58 , 733.81
531.23 , 733.56
541.88 , 733.31
552.4 , 733.81
562.92 , 733.31
573.2 , 732.32
583.25 , 730.83
589.32 , 736.78
581.15 , 742.78
571.98 , 746.09
561.95 , 747.57
551.67 , 748.56
541.25 , 749.31
530.75 , 749.81
520.4 , 748.91
510.77 , 746.54
501.85 , 742.56
346.51 , 755.05
341.96 , 751.29
334.86 , 750.53
327.88 , 749.55
320.56 , 749.3
313.23 , 749.56
306.25 , 750.52
299.4 , 751.79
292.81 , 753.53
286.7 , 756.57
280.63 , 759.55
286.86 , 762.06
293.03 , 764.82
299.75 , 766.29
307.08 , 766.55
314.4 , 766.3
321.15 , 764.79
327.88 , 763.3
334.53 , 761.65
340.86 , 759.31
433.72 , 676.92
431.22 , 653.44
448.72 , 636.19
468.75 , 625.67
489.72 , 618.19
511.77 , 612.65
534.55 , 608.66
558.97 , 608.69
582.2 , 611.68
603.3 , 619.01
623.22 , 629.69
631.84 , 643.94
609.47 , 639.19
586.47 , 635.69
562.14 , 636.44
538.7 , 638.96
516.32 , 643.66
494.32 , 649.35
473.85 , 658.45
454.65 , 670.95
321.15 , 691.36
318.08 , 679.76
309.18 , 670.39
299.15 , 663.36
288.52 , 657.77
277.9 , 652.36
266.75 , 648.45
254.93 , 645.86
242.1 , 645.36
231.07 , 649.67
223.91 , 659.51
221.4 , 671.36
231.3 , 665.87
243.83 , 665.05
254.72 , 669.68
265.45 , 674.91
276.27 , 679.74
287.23 , 684.18
298.1 , 688.83
309.05 , 693.36
