3213221949_1
321.87 , 527.7
324.36 , 542.72
328.03 , 559.24
331.52 , 575.72
334.77 , 592.09
338.33 , 608.32
342.25 , 624.42
347.5 , 639.94
357.95 , 653.43
367.66 , 665.3
378.11 , 678.75
387.19 , 691.75
396.52 , 705.59
406.38 , 718.95
418.52 , 732.14
431.16 , 742.84
445.02 , 751.82
459.98 , 756.76
477.26 , 756.47
492.48 , 757.32
510.02 , 759.73
524.97 , 756.79
541.89 , 753.27
556.66 , 747.73
572.25 , 738.78
585.41 , 729
598.51 , 719.2
611.51 , 710.27
625.53 , 700.54
638.58 , 689.95
649.5 , 677.4
660.99 , 665.41
671.9 , 652.87
681.25 , 639.32
688.69 , 624.97
694.14 , 608.87
697.36 , 592.25
699.89 , 576.58
702.79 , 560.81
707.39 , 544.33
711.89 , 527.65
442.5 , 517.18
435.1 , 525.65
429.59 , 535.95
428.98 , 547.58
436.43 , 557.77
446.07 , 564.5
456.08 , 571.16
467.04 , 575.74
478.62 , 577.24
490.66 , 575.64
501.33 , 570.11
511.55 , 563.35
520.92 , 556.1
528.12 , 546.96
524.14 , 535.4
518.02 , 525.87
508.75 , 516.99
416.09 , 610.59
425.19 , 606.81
435.89 , 606.34
446.61 , 605.84
457.19 , 606.59
468.04 , 606.84
478.74 , 607.34
489.34 , 606.59
499.91 , 605.84
510.51 , 606.59
520.96 , 607.59
531.56 , 608.34
541.81 , 609.82
548.31 , 616.62
539.76 , 622.17
531.37 , 628.07
522.74 , 633.35
513.82 , 637.83
504.49 , 641.19
494.59 , 643.34
484.34 , 644.84
473.76 , 645.59
463.06 , 645.07
452.99 , 643.25
443.59 , 640.09
434.91 , 634.91
426.97 , 627.74
421.06 , 619.32
426.34 , 611.84
434.26 , 611.59
442.19 , 611.84
449.89 , 612.59
457.59 , 613.34
465.26 , 614.09
473.09 , 614.59
481.01 , 614.84
488.96 , 614.59
496.89 , 614.34
504.81 , 614.09
512.76 , 613.84
520.81 , 613.84
528.74 , 613.59
529.04 , 617.13
521.91 , 619.09
514.69 , 620.86
507.44 , 622.49
500.04 , 623.84
492.34 , 624.59
484.54 , 625.09
476.62 , 624.84
468.79 , 624.35
461.12 , 623.6
453.64 , 622.38
446.31 , 620.83
439.39 , 618.62
432.76 , 615.53
533.44 , 453.56
538.02 , 449.97
542.84 , 446.94
547.72 , 444.05
552.79 , 441.78
558.34 , 440.57
564.34 , 440.81
570.12 , 441.57
575.54 , 443.09
580.64 , 445.27
585.25 , 448.86
584.47 , 454.32
578.92 , 455.56
573.14 , 456.31
567.37 , 457.06
561.59 , 457.81
555.69 , 458.31
549.82 , 457.8
544.14 , 456.82
538.97 , 454.81
423.83 , 451.45
421.83 , 446.46
416.6 , 443.85
411.38 , 441.38
405.91 , 439.59
400.25 , 438.11
394 , 437.86
388.13 , 438.85
382.75 , 440.83
377.56 , 443.46
372.87 , 447.41
369.68 , 452.36
375.68 , 453.11
381.56 , 454.1
387.56 , 454.86
393.81 , 455.11
400.15 , 455.11
406.4 , 454.86
412.4 , 454.11
418.4 , 453.36
509.81 , 409.98
521.01 , 398.01
536.46 , 395.48
552.76 , 396.23
568.93 , 397.23
585.46 , 397.48
600.91 , 399.99
615.24 , 404.66
628.96 , 411.14
641.93 , 419.58
653.03 , 431.23
637.71 , 428.5
622.99 , 424.48
608.01 , 420.98
592.31 , 418.98
576.01 , 418.23
559.61 , 417.73
544.41 , 420.72
529.43 , 424.22
513.14 , 425
440.32 , 423.24
437.32 , 410.47
426.78 , 402.05
414.75 , 397.53
401.98 , 394.56
387.98 , 394.05
374.25 , 395.05
360.88 , 396.79
348.15 , 399.95
336.48 , 405.6
326.3 , 415.3
323.8 , 428.3
337.27 , 429.3
349.38 , 425.07
361.25 , 420.04
374.48 , 418.05
388.58 , 418.3
401.7 , 420.54
414.6 , 423.29
427.48 , 426.07
