1419583212_1
492.64 , 630.55
494.84 , 649.84
497.71 , 668.88
501.59 , 689.66
503.86 , 709.05
507.04 , 730.21
511.86 , 749.31
518.24 , 767.23
527.59 , 785.3
536.92 , 803.75
547.02 , 821.95
557.03 , 838.07
567.86 , 855.72
580.54 , 872.42
595.01 , 886.41
611.34 , 896.88
629.4 , 903.4
649.91 , 907.29
670.66 , 908.94
689.83 , 907.91
710.1 , 902.99
727.3 , 895.6
746 , 885
762.85 , 875.76
781.1 , 865.5
798.86 , 854.55
814.73 , 845.63
833.06 , 833.75
848.04 , 821.39
863.43 , 807.37
877.96 , 794.4
888.76 , 778
900.24 , 759.66
908.94 , 742.55
917.4 , 723.46
924.41 , 705.23
930.12 , 686.61
934.12 , 667.19
933.03 , 645.72
927.67 , 625.98
921.5 , 606.64
578.37 , 633.11
572.15 , 648.25
563.43 , 662.25
556.75 , 676.3
558.1 , 692.69
567.28 , 706.31
580.59 , 715.24
597.23 , 718.96
613.28 , 720.62
629.77 , 719.1
646.64 , 716.8
663.11 , 711.99
674 , 701.01
676.47 , 684
672.67 , 669
664.61 , 653.84
657.65 , 637.75
557.44 , 765.2
569.94 , 762.95
583.09 , 763.95
595.99 , 765.45
608.19 , 768.45
620.39 , 771.45
633.77 , 770.95
647.17 , 770.45
659.94 , 772.2
672.59 , 774.19
684.89 , 776.96
697.67 , 778.7
710.56 , 780.21
706.94 , 791.45
697.84 , 801.29
687.87 , 809.96
677.29 , 816.94
665.97 , 821.94
653.92 , 825.2
641.02 , 826.7
627.39 , 826.7
614.49 , 825.19
602.29 , 822.23
591.09 , 816.86
580.74 , 809.26
572.94 , 798.93
567.45 , 787.78
562.16 , 776.55
563.19 , 770.95
572.12 , 774.72
581.04 , 778.73
590.34 , 781.61
600.02 , 783.94
609.82 , 785.98
620.34 , 786.45
630.87 , 785.95
641.29 , 785.2
651.82 , 784.7
662.24 , 783.95
672.64 , 783.2
683.29 , 782.95
693.82 , 782.45
701.77 , 783.43
692.24 , 785.93
681.94 , 786.95
671.64 , 787.95
661.12 , 788.45
650.34 , 788.45
639.94 , 789.2
629.39 , 789.7
618.74 , 789.97
608.87 , 788.13
599.32 , 785.57
590.07 , 782.57
580.94 , 779.2
571.99 , 775.23
683.1 , 563.97
689.3 , 561.46
696.27 , 560.47
703.5 , 560.97
710.73 , 561.47
717.95 , 561.97
725.05 , 562.72
732.27 , 563.22
739.62 , 562.97
747.08 , 562.97
753.95 , 564.21
747.27 , 565.22
740.18 , 565.97
732.95 , 566.47
725.73 , 566.97
718.4 , 567.22
711.3 , 566.47
704.43 , 565.24
697.8 , 563.48
690.33 , 563.47
558.35 , 553.2
553.88 , 549.66
549.11 , 546.97
543.78 , 545.65
538.28 , 544.65
532.68 , 543.9
526.83 , 543.65
521.23 , 544.4
515.86 , 545.62
510.85 , 547.64
506.03 , 550.15
511 , 552.16
516.23 , 553.67
521.5 , 555.13
526.95 , 556.17
532.55 , 556.9
538.53 , 556.9
544.38 , 556.65
550.23 , 556.9
555.95 , 557.4
640.3 , 515.02
654.42 , 504.37
672 , 502.02
690.57 , 501.77
708.2 , 499.53
725.67 , 496.99
743.65 , 495.52
762 , 496.27
779.32 , 499.04
795.05 , 505.27
806.01 , 518.99
789.9 , 523.26
772.05 , 521.52
754.07 , 520.02
736.25 , 521.81
718.97 , 524.75
702.07 , 528.52
684.85 , 531.52
666.62 , 532.52
649.27 , 529.76
572.47 , 518.41
564 , 510.21
554.4 , 505.2
544.02 , 502.21
533.17 , 500.21
521.95 , 498.96
510.82 , 497.46
499.98 , 495.46
488.38 , 495.93
478.88 , 501.28
475 , 511.21
485.25 , 514.21
495.48 , 517.44
505.88 , 520.34
516.48 , 522.97
527.1 , 525.49
537.98 , 527.47
548.7 , 529.72
559.58 , 531.74
570.09 , 528.95
