3213229323_1
246.8 , 310.97
245.47 , 321.35
243.5 , 332.82
242.22 , 343.87
242.9 , 354.75
245.74 , 365.26
249.81 , 375.44
255.3 , 386.23
261.33 , 395.59
267.8 , 404.41
274.22 , 413.25
280.78 , 422.05
288.52 , 431.24
296.21 , 439.23
304.42 , 446.93
312.71 , 452.76
322.68 , 458
333.2 , 462.11
344.09 , 465.45
354.99 , 468.02
366.06 , 469.69
377.22 , 469.58
388.37 , 467.99
399.54 , 465.34
409.26 , 461.69
419.67 , 456.72
429.26 , 450.56
437.93 , 443.25
446 , 435.5
453.35 , 427.28
460.19 , 418.62
466.66 , 409.78
473.37 , 400.7
480.09 , 391.73
486.06 , 382.19
490.91 , 372.17
494.44 , 361.78
496.71 , 350.88
497.97 , 339.94
498.53 , 328.84
498.5 , 316.62
345.7 , 300.37
342.8 , 307.99
339.43 , 316.4
338.24 , 324.63
340.96 , 333.15
348.25 , 338.67
356.58 , 339.18
365.8 , 339.55
374.19 , 339.25
383.41 , 338.65
391.99 , 338.28
400.61 , 336.67
407.26 , 330.84
408.6 , 323.01
405.92 , 314.23
401.23 , 307.09
395.6 , 299.55
317.53 , 373.2
324.65 , 368.95
332.18 , 365.68
340.63 , 364.47
348.58 , 362.21
357.4 , 362.71
365.6 , 364.45
374.4 , 364.94
382.73 , 363.45
391.18 , 362.2
400.1 , 362.45
408.68 , 363.46
416.35 , 366.25
422.77 , 372.48
418.03 , 379.45
412.9 , 386.32
407.05 , 392.92
400 , 397.46
392.45 , 400.7
384.25 , 402.45
375.55 , 403.2
366.75 , 402.7
358.3 , 401.45
350.5 , 398.96
343.1 , 395.3
335.98 , 390.9
329.18 , 385.61
322.44 , 380.13
335.03 , 373.95
340.3 , 373.7
345.58 , 373.95
350.88 , 373.7
355.8 , 374.7
360.73 , 375.71
365.75 , 376.45
371.05 , 376.2
376.23 , 375.7
381.38 , 375.2
386.43 , 374.43
391.48 , 373.69
396.53 , 372.95
401.56 , 373.71
401.98 , 377.49
397.5 , 379.46
392.93 , 381.23
388.2 , 382.52
383.23 , 383.44
378.18 , 384.18
373.15 , 384.95
367.85 , 384.69
362.8 , 383.96
358.03 , 382.7
353.23 , 381.41
348.53 , 379.95
343.73 , 378.66
339.43 , 376.19
405.5 , 266.49
407.97 , 261.77
411.19 , 257.3
415.65 , 254.08
420.6 , 252.25
426.1 , 251.49
431.7 , 250.99
437.32 , 251.49
442.8 , 252.24
447.78 , 254.01
452.51 , 256.52
454.25 , 261.49
449.5 , 263.99
444.65 , 266.24
439.4 , 267.49
433.8 , 267.99
428.07 , 268.24
422.45 , 267.74
416.73 , 267.49
411 , 267.24
338.15 , 257.16
334.87 , 253.43
330.65 , 251.44
326 , 250.44
321 , 250.19
316 , 250.44
310.97 , 250.69
306.35 , 251.68
301.95 , 253.21
297.75 , 255.18
293.65 , 257.44
297.65 , 259.94
301.97 , 261.69
306.6 , 262.69
311.38 , 263.44
316.38 , 263.69
321.5 , 263.69
326.38 , 263.19
331.15 , 262.44
335.68 , 261.18
395.61 , 240.64
402.13 , 234.38
410.24 , 232.26
418.38 , 230.13
426.66 , 228.37
435.21 , 227.11
444.21 , 226.89
453.11 , 227.39
461.79 , 228.32
469.69 , 230.87
476.63 , 235.92
471.38 , 239.89
463.11 , 238.14
454.46 , 237.11
445.91 , 238.35
437.38 , 239.63
428.86 , 240.89
420.56 , 242.63
412.16 , 244.14
403.26 , 243.66
350.79 , 234.16
343.4 , 228.29
335.12 , 225.01
326.57 , 222.39
317.55 , 220.61
307.92 , 220.11
298.3 , 219.61
288.42 , 219.61
279.15 , 220.84
270.92 , 224.39
263.97 , 231.36
272.15 , 234.88
281.77 , 235.36
291.52 , 235.11
301.17 , 235.61
310.8 , 236.11
319.95 , 237.61
328.95 , 239.37
337.97 , 241.11
347.47 , 241.86
