3213231361_1
1540.31 , 1516.8
1556.01 , 1571.8
1575.88 , 1630.44
1597.78 , 1688.89
1619.33 , 1742.81
1646.63 , 1803.5
1671.67 , 1858.46
1690.64 , 1915.75
1727.45 , 1965.81
1770.19 , 2010.59
1804.58 , 2057.21
1840.96 , 2106.03
1880.99 , 2151.48
1926.82 , 2197.38
1972.13 , 2236.28
2021.02 , 2276.04
2068.37 , 2316.22
2118.61 , 2349.43
2175.12 , 2376.39
2233.81 , 2381.92
2294.58 , 2377.01
2357.55 , 2364.88
2413.2 , 2341.49
2464.42 , 2305.79
2505.09 , 2266.04
2549.26 , 2219.65
2591.56 , 2180.7
2637.79 , 2136.77
2678.44 , 2087.76
2715.11 , 2040.42
2749.75 , 1992.24
2783.05 , 1940.65
2815.22 , 1886.13
2841.5 , 1833.9
2861.9 , 1773.19
2877.67 , 1716.69
2890.08 , 1654.11
2900.84 , 1592.79
2913.48 , 1536.04
2929.79 , 1474.86
2946.13 , 1412.19
2014.28 , 1396.64
1988.53 , 1452.02
1961.56 , 1507.43
1938.33 , 1562.25
1932.04 , 1623.5
1980.96 , 1662.94
2028.57 , 1701.93
2084.24 , 1726.82
2143.28 , 1733.66
2198.42 , 1709.81
2254.01 , 1679.55
2307.78 , 1647.99
2349.7 , 1601.25
2364.27 , 1540.41
2348.84 , 1482.04
2323.35 , 1424.62
2288.82 , 1372.38
1879.25 , 1806.9
1933.83 , 1795.16
1991.8 , 1790.4
2048.95 , 1783.9
2108.97 , 1783.4
2168.78 , 1782.4
2222.1 , 1768.05
2276.6 , 1756.05
2334.62 , 1751.4
2391.5 , 1744.4
2446.82 , 1734.17
2504.32 , 1728.37
2552.59 , 1751.05
2527.16 , 1800
2499.25 , 1847.9
2465.63 , 1893.78
2422.4 , 1934.75
2376.12 , 1967.15
2328.2 , 1994.94
2278.15 , 2016.93
2225.95 , 2033.14
2169.85 , 2041.5
2114.32 , 2031.71
2063.7 , 2011.64
2015.8 , 1983.7
1970.8 , 1947.7
1930.74 , 1904.12
1900.49 , 1857.12
1933.75 , 1807.4
1978.75 , 1819.4
2025.58 , 1827.65
2070.78 , 1839.41
2117 , 1848.9
2165.18 , 1854.4
2212.28 , 1846.65
2255.03 , 1829.89
2299.47 , 1816.91
2344.05 , 1804.11
2386.15 , 1785.15
2427.85 , 1764.89
2471.85 , 1751.18
2520 , 1753.9
2496.73 , 1794.43
2463.83 , 1831.31
2425.3 , 1860.11
2384.78 , 1883.39
2343.3 , 1904.39
2300.95 , 1922.42
2257.28 , 1936.64
2210.8 , 1945.65
2161.3 , 1948.4
2111.65 , 1945.92
2065.97 , 1935.13
2024.42 , 1914.34
1985.57 , 1886.47
1952.25 , 1849.58
2282.54 , 1191.66
2306.24 , 1167.96
2327.92 , 1143.53
2352.44 , 1122.01
2379.14 , 1106.65
2407.94 , 1097.19
2439.54 , 1093.16
2472.82 , 1093.66
2504.19 , 1098.06
2533.79 , 1106.16
2559.99 , 1122.84
2557.51 , 1154.17
2531.14 , 1170.44
2502.34 , 1179.87
2473.41 , 1189.03
2444.26 , 1197.91
2411.47 , 1199.41
2380.36 , 1194.4
2348.89 , 1190.16
2315.36 , 1190.16
1906.03 , 1196.89
1886.23 , 1180.89
1864.15 , 1171.36
1841.43 , 1163.61
1817.28 , 1158.63
1791.92 , 1156.13
1766.1 , 1157.61
1741.85 , 1162.36
1719.6 , 1171.45
1699.78 , 1187.3
1683.95 , 1207.13
1701.88 , 1226.12
1724.68 , 1233.63
1749.55 , 1237.13
1775.15 , 1239.13
1801.58 , 1238.88
1826.58 , 1235.62
1849.97 , 1229.12
1873.58 , 1223.01
1898.04 , 1218.6
2215.15 , 1026.56
2235.71 , 978.98
2281.43 , 953.29
2332.38 , 940.07
2384.55 , 929.55
2437.1 , 919.85
2491.08 , 913.06
2547.25 , 910.81
2604.03 , 911.31
2656.68 , 920.8
2704.3 , 941.97
2687.25 , 981.03
2633.5 , 988.33
2579.3 , 994.66
2525.4 , 1001.56
2471.88 , 1009.31
2418.55 , 1017.41
2367.1 , 1029.58
2315.38 , 1041.07
2262.12 , 1048.79
1957.24 , 1088.83
1930.12 , 1054.07
1889.49 , 1027.68
1847.12 , 1005.84
1802.59 , 990.29
1754.67 , 981.58
1703.57 , 983.86
1655.39 , 992.08
1609.37 , 1004.84
1567.76 , 1028.71
1533.64 , 1066.58
1510.89 , 1108.58
1560.52 , 1113.82
1609.82 , 1107.9
1657.44 , 1098.59
1705.24 , 1089.55
1754.02 , 1082.55
1805.04 , 1080.18
1856.04 , 1082.34
1905.44 , 1088.07
