3213270807_4
314.7 , 474.19
319.19 , 487.57
323.39 , 501.71
328.17 , 514.99
333.06 , 529.53
337.34 , 543.63
341.87 , 556.38
348.34 , 570.41
356.06 , 583.14
363.72 , 594.11
372.64 , 606.34
381.99 , 617.54
392.76 , 626.78
406.74 , 633.88
420.66 , 637.54
434.9 , 640.31
449.15 , 643.38
463.46 , 646.65
478.24 , 648.58
492.63 , 649.67
506.82 , 648.77
520.68 , 645.65
535.32 , 640.39
548.06 , 634.06
560.56 , 627.5
573.96 , 619.82
585.23 , 611.39
595.45 , 602.02
605.86 , 590.19
614.48 , 579
623.17 , 567.3
631.49 , 555.25
637.47 , 541.95
640.84 , 527.85
643.13 , 513.55
643.95 , 499.02
643.9 , 484.59
642.94 , 468.73
640.62 , 454.3
637.16 , 440.06
633.57 , 425.82
438.19 , 426.91
435.5 , 437.28
434.43 , 447.59
436.54 , 457.92
444.71 , 465.19
454.67 , 468.85
465.9 , 472.15
476.15 , 473.12
487.55 , 473.69
497.14 , 470.78
507.28 , 465.31
515.95 , 459.06
521.03 , 449.29
521.8 , 438.85
516.65 , 428.93
508.36 , 423.3
497.8 , 417.87
413.5 , 528.57
422.88 , 519.92
433.52 , 514.56
444.2 , 509.3
455.02 , 504.57
466.85 , 502.07
479.25 , 500.82
491.07 , 498.31
502.88 , 495.83
515.42 , 494.82
528.33 , 495.07
540.75 , 496.32
552.67 , 498.55
560.02 , 508.39
557.23 , 520.1
550.81 , 530.27
541.52 , 539.29
531.92 , 547.41
521.62 , 553.57
510.73 , 558.06
499.45 , 561.56
486.77 , 562.32
474.35 , 563.57
462.2 , 561.83
451.12 , 557.82
440.7 , 552
430.45 , 545.75
420.5 , 538.57
422.75 , 520.07
432.65 , 518.07
442.02 , 515.08
451.3 , 511.8
460.98 , 509.32
470.9 , 507.33
481.05 , 505.82
491.1 , 504.08
501.25 , 502.57
511.9 , 502.07
522.67 , 502.32
533.3 , 502.82
543.6 , 504.05
552.15 , 509.42
550.12 , 519.25
541.65 , 524.7
532.7 , 529.11
523.75 , 533.32
514.55 , 536.8
505.27 , 540.06
495.57 , 542.57
485.65 , 544.57
474.88 , 544.81
464.98 , 542.82
455.27 , 540.31
445.75 , 537.57
436.68 , 533.76
428.06 , 528.63
507 , 378.55
511.02 , 374.28
515.5 , 370.8
520.12 , 367.67
525 , 365.3
530 , 363.3
535.6 , 362.55
541.58 , 362.55
547.17 , 363.3
552.65 , 364.27
557.37 , 367.12
556.5 , 372.55
551.65 , 375.06
546.7 , 377.29
541.33 , 378.55
535.73 , 379.3
529.88 , 379.55
524.05 , 379.3
518.2 , 379.05
512.48 , 379.55
418.26 , 388.16
413.46 , 386.12
408.31 , 384.9
402.91 , 384.15
397.16 , 384.15
391.66 , 384.65
386.51 , 385.88
381.51 , 387.38
376.77 , 389.7
372.91 , 393.82
369.59 , 398.15
374.46 , 399.9
379.74 , 400.9
385.37 , 401.15
390.87 , 400.65
396.14 , 399.65
401.29 , 398.4
406.09 , 396.4
410.89 , 394.42
415.78 , 392.66
482.1 , 349.84
487.76 , 339.39
499.33 , 336.36
510.95 , 333.5
522.55 , 330.61
534.25 , 327.87
546.38 , 326.07
558.78 , 326.84
569.93 , 330.66
579.98 , 337.44
589.23 , 346.46
587.93 , 356.84
576.28 , 354.02
564.92 , 350.66
552.7 , 349.1
540.4 , 350.55
528.75 , 353.32
516.6 , 355.09
504.2 , 356.34
491.83 , 357.58
430.63 , 368.94
426.65 , 358.59
416.72 , 353.47
404.55 , 353.18
392.6 , 352.43
380.4 , 352.18
368.92 , 353.93
358.72 , 358.64
349.95 , 367.16
343.27 , 376.61
337.48 , 386.36
333.42 , 396.68
344.07 , 394.03
353.72 , 387.86
363.5 , 382.17
373.64 , 377.42
384.37 , 374.17
395.97 , 372.68
408.17 , 372.43
420.25 , 372.93
