3213802370_1
589.94 , 789.85
594.04 , 815.29
596.07 , 839.59
596.98 , 866.92
598.83 , 893.1
603.01 , 916.21
609.78 , 943.55
618.44 , 967.94
630.46 , 989.64
637.65 , 1013.76
647.39 , 1038.66
662.31 , 1061.2
678.32 , 1079.97
697.32 , 1099.58
714.29 , 1116.99
734.32 , 1134.27
756.07 , 1149.42
779.68 , 1161.07
802.8 , 1169.6
829.35 , 1177.03
854.56 , 1183.41
879.46 , 1188.11
905.35 , 1192.14
930.3 , 1190.95
956.69 , 1188.11
982.37 , 1182.67
1007.75 , 1176.53
1032.64 , 1168.3
1053.14 , 1154.89
1072.41 , 1139.27
1091.27 , 1119.07
1106.17 , 1099.12
1120.49 , 1075.61
1131.8 , 1053.2
1141.79 , 1029.33
1150.65 , 1003.83
1158.37 , 980.37
1165.35 , 954.25
1169.94 , 930.1
1173.7 , 903.41
1176.7 , 876.7
899.03 , 804.84
888.07 , 818.5
878.71 , 833.23
870.77 , 850.8
869.19 , 868.39
876.64 , 884.36
892.89 , 892.55
911.81 , 893.62
929.1 , 894.19
948.59 , 896.6
966.57 , 899.25
984.34 , 897.63
999.07 , 888
1005.64 , 870.52
1007.41 , 851.77
1004.52 , 834.58
997.27 , 816.77
807.25 , 988.19
820.52 , 976.18
835.7 , 969.42
851.95 , 965.18
869.3 , 963.19
887.48 , 963.44
904.95 , 965.19
921.45 , 968.94
937.85 , 972.93
956.02 , 973.19
974.1 , 973.7
989.9 , 978.69
1003.52 , 989.72
1015 , 1003.19
1014.26 , 1020.92
1003.18 , 1034.53
988.6 , 1042.94
972.33 , 1047.19
955.6 , 1050.44
937.77 , 1049.44
920.8 , 1046.69
903.58 , 1044.44
886.25 , 1042.44
869.52 , 1039.19
853.42 , 1034.71
838.35 , 1027.54
824.48 , 1017.17
814 , 1003.34
831.5 , 991.69
843.77 , 990.44
856.2 , 991.44
868.62 , 992.44
881.4 , 992.69
893.95 , 993.44
906.12 , 994.94
918.2 , 996.69
929.88 , 999.22
941.58 , 1001.72
953.27 , 1004.2
965.8 , 1004.94
978 , 1006.44
989.95 , 1008.4
1001.05 , 1011.98
990.35 , 1009.72
978.52 , 1007.44
966.48 , 1005.69
954.17 , 1004.44
942.12 , 1002.68
930.17 , 1000.71
918.6 , 997.97
907 , 995.19
894.35 , 994.69
881.55 , 994.44
869.38 , 992.94
856.95 , 991.94
844.3 , 991.44
1007.35 , 742.05
1010.6 , 730.55
1021 , 724.56
1031.78 , 719.58
1042.95 , 715.8
1054.7 , 713.05
1067.62 , 712.8
1079.72 , 714.77
1090.7 , 719.14
1100.6 , 726.55
1108.35 , 736.3
1112.14 , 747.48
1102.58 , 755.79
1090.75 , 758.3
1077.67 , 758.3
1065.35 , 756.8
1053.25 , 754.82
1041.65 , 751.83
1030.65 , 747.57
1019.17 , 744.31
853.73 , 708.83
847.29 , 700.11
838.38 , 694.21
828.7 , 690.48
818.4 , 687.98
807.4 , 686.98
796.3 , 687.74
786 , 690.2
776.35 , 694.02
767.1 , 699.05
758.15 , 704.73
766.97 , 710.83
775.97 , 716.49
785.47 , 720.76
795.77 , 723.22
806.77 , 724.23
817.88 , 723.48
829 , 722.73
839.75 , 721.22
849.77 , 718.22
1003.64 , 676.67
1012.2 , 659.34
1028.96 , 649.61
1048.54 , 646.16
1069.04 , 647.19
1089.16 , 649.42
1109.41 , 651.42
1129.19 , 654.41
1147.09 , 661.66
1162.64 , 675.17
1172.89 , 691.92
1168.88 , 702.4
1156.19 , 686.72
1140.46 , 673.73
1122.21 , 667.42
1101.46 , 667.39
1082.19 , 671.38
1062.44 , 674.4
1042.89 , 677.92
1022.99 , 680.27
897.44 , 670.63
898.14 , 649.09
879.54 , 632.98
858.82 , 622.57
837.67 , 613.61
815.52 , 607.12
791.97 , 603.36
766.94 , 604.09
743.5 , 608.05
722.44 , 617.33
704.42 , 634.93
697.92 , 657.11
718.72 , 648.08
739.77 , 638.77
762.74 , 633.79
787.89 , 633.86
811.19 , 638.1
832.67 , 646.11
853.77 , 655.21
874.54 , 665.48
