3213825562_1
78.75 , 1296.44
85.9 , 1328.37
96.36 , 1362.37
110 , 1396.42
127.22 , 1429.52
143.11 , 1459.01
157.84 , 1491.81
172.04 , 1526.28
184.74 , 1556.19
202.15 , 1590.28
220.87 , 1619.24
240.86 , 1649.29
262.94 , 1677.42
289.52 , 1697.94
324.07 , 1709.76
359.82 , 1711.45
396.83 , 1707.43
429.2 , 1699.12
464.17 , 1690.84
498.18 , 1679.64
532 , 1664.72
562.48 , 1652.91
595.8 , 1639.84
630.48 , 1626.89
664.08 , 1614.23
696.38 , 1602.11
730.99 , 1589.28
760.34 , 1573.78
791.5 , 1552.29
816.41 , 1528.33
838.1 , 1501.42
852.58 , 1465.89
860.47 , 1431.81
866.79 , 1396.8
874.93 , 1362.56
881.78 , 1328.55
889.99 , 1292.94
897.03 , 1259.67
903.75 , 1222.34
909.39 , 1188.88
911.45 , 1150.89
226.7 , 1120.08
212.48 , 1147.18
206.84 , 1177.87
209.18 , 1207.75
217.03 , 1237.84
232.4 , 1267.61
260.5 , 1273.35
289.04 , 1258.91
316.22 , 1243.47
346.02 , 1233.93
377.39 , 1228.13
407.2 , 1218.72
433.62 , 1198.25
432.16 , 1170.07
411.94 , 1142.57
391.6 , 1121.66
365.94 , 1098.89
270.24 , 1442.75
266.47 , 1418.3
264.22 , 1393.1
270.16 , 1369.67
279.53 , 1347.8
298.95 , 1331.62
321.4 , 1323.92
344.82 , 1318
366.35 , 1307.47
389.07 , 1300.35
414.37 , 1298.35
439.2 , 1301.34
462.6 , 1307.32
484.5 , 1316.61
505.1 , 1329.47
524.75 , 1344.95
528.92 , 1368.9
510.22 , 1387.1
489.37 , 1399.35
468.92 , 1412.61
448.55 , 1426.06
427.8 , 1438.56
406.35 , 1449.35
383.95 , 1457.12
360.52 , 1463.08
337.12 , 1469.09
311.45 , 1467.85
288.57 , 1460.97
299.47 , 1422.54
298.47 , 1405.1
302.78 , 1389.27
311.75 , 1375.32
326.15 , 1367.42
342.07 , 1363.25
358.2 , 1359.62
373.12 , 1353.1
387.97 , 1346.6
405.65 , 1346.1
423.17 , 1346.85
439.97 , 1349.1
456 , 1353.1
471.87 , 1357.25
488.17 , 1360.61
500.04 , 1365.03
484.55 , 1369.85
468.7 , 1374.09
453.5 , 1379.59
438.95 , 1387.11
424.7 , 1395.36
410.85 , 1404.73
396.37 , 1412.32
381.17 , 1417.83
365.57 , 1422.5
349.37 , 1426.11
332.45 , 1428.1
315.15 , 1426.87
406.15 , 1025.95
412.09 , 1011.53
419.22 , 997.4
427.37 , 983.73
438.7 , 971.14
452.82 , 964.02
469 , 961.71
485.82 , 962.7
501.57 , 965.88
516.9 , 969.95
531.2 , 976.46
542.65 , 986.7
528.5 , 993.73
513.75 , 998.86
498.52 , 1003.08
483.38 , 1007.47
467.85 , 1011.19
452.38 , 1014.97
436.97 , 1018.92
421.72 , 1023.21
228.1 , 1094.21
216 , 1083.87
201.72 , 1079.48
186.82 , 1076.21
170.97 , 1074.97
155.5 , 1076.94
141.5 , 1082.03
129.29 , 1092.01
120.09 , 1104.54
113.83 , 1118.13
109.32 , 1132.36
105.1 , 1146.71
120.08 , 1144.46
133.67 , 1138.23
147.28 , 1131.94
160.85 , 1125.71
174.4 , 1119.17
188.05 , 1113.26
202 , 1108.06
216.12 , 1103.44
325.67 , 911.02
343.27 , 885.15
368.97 , 867.01
396.6 , 854.03
425.4 , 844.54
456.12 , 838.77
487.82 , 835.01
520.52 , 836.27
551.87 , 840.77
580.4 , 851.01
595.99 , 873.77
562.95 , 874.77
529.89 , 875.78
497.6 , 878.34
467.4 , 885.29
439.94 , 898.74
414.52 , 917.77
389.19 , 937.01
362.32 , 951.66
334.4 , 940.24
190.99 , 1000.31
177.61 , 986.44
162.29 , 976.1
145.89 , 968.51
127.06 , 967.03
108.86 , 970.38
92.78 , 978.71
78.96 , 992.79
68.28 , 1007.94
59.59 , 1023.91
52.59 , 1040.41
49.71 , 1058.79
63.44 , 1046.81
77.71 , 1033.54
93.14 , 1023.58
109.36 , 1015.63
126.19 , 1009.56
145.36 , 1008.29
164.19 , 1010.29
182.34 , 1013.66
