3213978420_1
803.56 , 1104.83
806.99 , 1136.66
808.86 , 1171.68
810.81 , 1207.28
814.25 , 1242.77
819.35 , 1274.68
826.83 , 1309.65
837.15 , 1343.64
847.64 , 1373.8
860.97 , 1406.74
877.39 , 1437.16
895.46 , 1467.12
916.76 , 1494.84
942.5 , 1517.86
969.95 , 1536.4
1001.61 , 1554.01
1032.82 , 1566.39
1069.13 , 1571.27
1101.12 , 1570.42
1136.11 , 1567.59
1170.51 , 1564.28
1204.51 , 1561.44
1241.67 , 1557.52
1274.6 , 1549.59
1304.97 , 1536.28
1336.8 , 1518.79
1366.98 , 1503.02
1397.67 , 1486.89
1427.78 , 1468.39
1454.25 , 1445.49
1474.56 , 1420.46
1492.68 , 1391.27
1507.43 , 1360.48
1517.8 , 1327.68
1525.77 , 1291.01
1529.74 , 1256.76
1530.88 , 1222.61
1531.82 , 1188.3
1535.88 , 1154.19
1544.94 , 1120.37
1556.01 , 1086.38
1033.62 , 1055.84
1016.87 , 1072.73
1004.9 , 1094.32
1000.69 , 1119.07
1008.99 , 1142.02
1025.59 , 1157.98
1047.01 , 1171.11
1070.93 , 1175.7
1095.86 , 1173.77
1121 , 1168.89
1142.99 , 1163
1166.13 , 1154.35
1187.41 , 1139.05
1192.4 , 1117.24
1181.81 , 1094
1166.5 , 1074.9
1147.5 , 1057.6
957.62 , 1298.88
980 , 1283.5
1003.77 , 1271.6
1028.14 , 1261.86
1053.22 , 1253.85
1080.47 , 1250.13
1109.17 , 1249.38
1136.44 , 1245.63
1164.42 , 1243.38
1192.64 , 1245.13
1220.14 , 1248.38
1247.27 , 1252.4
1272.05 , 1261.1
1295.44 , 1273.9
1293.49 , 1301.51
1272.27 , 1320.22
1249.42 , 1334.34
1224.85 , 1343.65
1198.74 , 1349.89
1171.74 , 1354.14
1144.6 , 1358.13
1117.6 , 1362.38
1090.32 , 1366.13
1062.22 , 1368.13
1034.37 , 1365.63
1009.22 , 1357.72
985.99 , 1344.5
967.63 , 1323.16
988.37 , 1300.88
1009.42 , 1296.89
1030.55 , 1292.95
1051.87 , 1289.38
1073.82 , 1287.17
1096.22 , 1285.88
1118.52 , 1284.36
1139.87 , 1280.88
1161.32 , 1277.63
1183.27 , 1275.38
1205.67 , 1274.09
1228.47 , 1273.63
1251.12 , 1274.38
1273.32 , 1276.13
1271.62 , 1292.88
1251.89 , 1299.63
1231.39 , 1304.88
1210.89 , 1310.13
1190.14 , 1314.89
1169.1 , 1318.9
1147.85 , 1322.63
1126.52 , 1326.13
1104.94 , 1329.13
1083.24 , 1331.85
1061.17 , 1333.88
1038.55 , 1333.06
1017.42 , 1329.14
998.78 , 1319.3
1213.3 , 944.49
1225.6 , 934.44
1238.22 , 925.25
1251.67 , 918.24
1265.67 , 913.02
1281.4 , 911.25
1297.5 , 912.24
1312.25 , 915.99
1326.08 , 921.76
1339.55 , 928.74
1352.63 , 936.59
1348.4 , 949.21
1333.78 , 953.24
1319.12 , 957.25
1304.12 , 960.5
1288.28 , 961.99
1271.75 , 961.95
1256.35 , 959.51
1241.25 , 956.49
1225.6 , 954.55
1015.21 , 946.8
1002.03 , 939.09
988 , 933.85
973.78 , 929.09
958.65 , 926.12
943.25 , 923.59
927.15 , 922.6
911.68 , 924.94
897.88 , 930.97
886.08 , 942.51
877.53 , 955.34
890.25 , 964.31
903.38 , 972.18
918.4 , 975.37
934.65 , 974.59
950.03 , 972.09
965.43 , 969.57
980.8 , 967.08
995.9 , 963.97
1010.31 , 959.6
1158.8 , 846.09
1167.37 , 816.27
1195.35 , 803.33
1226.25 , 796.83
1258.6 , 793.34
1292.3 , 793.59
1324.4 , 797.59
1355.15 , 804.43
1383.62 , 816.65
1409.88 , 834.68
1433.2 , 858.24
1431.58 , 882.61
1403.78 , 868.58
1375.9 , 854.87
1345.62 , 847.09
1311.82 , 847.59
1279.82 , 851.84
1246.97 , 854.34
1215.7 , 860.12
1184.47 , 865.29
1038.44 , 846.63
1031.89 , 823.93
1012.73 , 808.03
991.73 , 797.02
968.1 , 792.46
942.23 , 792.45
917.08 , 793.95
893.62 , 798.95
871.98 , 807.88
852.52 , 823.05
841.16 , 843.88
835.9 , 867.2
855.27 , 853.79
875.97 , 842.19
897.95 , 834.21
923.22 , 832.95
947.65 , 835.95
970.5 , 842.23
992.88 , 849.2
1016.35 , 854.19
