3214010220_1
437.03 , 652.88
442.56 , 667.9
447.74 , 684.22
454.84 , 699.78
461.78 , 714.94
470.51 , 730.73
481.16 , 744.61
490.76 , 756.93
502.88 , 770.52
516.02 , 781.55
528.43 , 792.08
543.83 , 802.12
558.61 , 809.78
573.26 , 818.57
588.18 , 827.08
603.47 , 834.6
618.69 , 840.52
634.96 , 845.41
652.85 , 848.5
669.87 , 846.46
685.36 , 843.41
702.35 , 839.07
718.88 , 832.49
733.35 , 824.4
747.75 , 815.1
762.18 , 804.37
773.91 , 793.76
786.02 , 779.79
796.49 , 767.12
806.58 , 752.92
814.67 , 738.06
818.85 , 721.74
822.25 , 704.75
823.07 , 687.62
822.02 , 670.33
821.69 , 653.15
820.57 , 636.01
819.23 , 620.1
817.03 , 602.36
813.5 , 585.3
808.74 , 568.62
569.05 , 583.94
564.94 , 595.99
564 , 609.98
566.12 , 622.4
577.99 , 629.71
591.05 , 630.58
604.26 , 629.5
618.8 , 628.69
630.93 , 624.25
643.31 , 618.55
654.31 , 611.47
663.55 , 601
667.16 , 588.65
662.65 , 576.11
650.59 , 568.35
639.59 , 561.97
628.69 , 552.12
561.69 , 702.49
572.17 , 693.27
583.09 , 685.37
594.64 , 679.06
605.97 , 672.22
618.97 , 669.49
632.09 , 666.99
644.24 , 662.47
656.47 , 658.23
669.49 , 655.5
682.99 , 653.74
696.49 , 651.99
709.87 , 649.99
722.47 , 653.43
718.59 , 665.84
713.01 , 677.66
705.09 , 688.59
696.24 , 699.21
684.89 , 706.03
672.92 , 711.01
660.77 , 715.46
648.27 , 719.21
635.77 , 722.99
622.74 , 725.74
608.64 , 726.24
595.27 , 724.27
583.52 , 718.55
572.12 , 711.91
568.44 , 706.24
576.59 , 697.6
586.07 , 691.86
595.94 , 686.99
606.77 , 684.49
617.37 , 681.48
628.12 , 678.81
638.52 , 675.46
648.77 , 671.92
658.87 , 667.81
669.32 , 664.61
679.94 , 661.74
690.92 , 659.51
702.09 , 657.72
711.76 , 660.92
703.99 , 669.71
694.87 , 676.56
685.24 , 681.95
675.37 , 686.8
665.52 , 691.68
655.59 , 696.34
645.42 , 700.26
634.69 , 702.99
623.74 , 705.25
612.79 , 707.49
601.59 , 709.24
590.27 , 710.74
578.72 , 709.74
630.85 , 501.33
633.03 , 494.9
637.03 , 489.16
642.38 , 484.05
648.12 , 480.05
654.25 , 476.92
660.85 , 475.08
668.23 , 475.33
675.23 , 476.33
681.98 , 477.83
688.47 , 479.84
689.83 , 486.11
684.25 , 490.68
678.3 , 494.12
672.35 , 497.58
665.95 , 499.84
658.95 , 500.83
651.58 , 501.08
644.58 , 502.08
637.45 , 502.82
546.99 , 528.39
540.83 , 525.02
534.33 , 522.63
527.28 , 521.36
519.63 , 521.35
512.81 , 523.08
506.53 , 526.23
500.81 , 530.73
495.38 , 536.16
490.7 , 541.84
485.68 , 547.36
492.98 , 548.11
500.15 , 549.11
507.81 , 549.11
514.98 , 548.11
521.9 , 546.61
528.58 , 544.58
535.03 , 542.08
541.33 , 539.12
547.43 , 535.61
602.26 , 483.01
598 , 468.9
605.03 , 455.85
617.25 , 446.4
630.48 , 439.67
644.17 , 434.47
659.05 , 431.63
674.33 , 429.62
690.3 , 429.15
705.45 , 431.36
718.82 , 437.71
728.18 , 449.8
717.38 , 460.37
702.35 , 457.89
686.9 , 456.5
671.9 , 459
657.35 , 462.56
642.83 , 466.09
629.3 , 471.86
616.15 , 478.74
547.16 , 488.73
539.3 , 477.65
526.8 , 472.81
512.35 , 472.56
499.38 , 476.34
486.77 , 480.75
474.45 , 486.06
462.75 , 493.01
452.45 , 503.56
446.19 , 515.59
441.45 , 528.06
442.45 , 542.38
455.76 , 544.01
465.13 , 533.16
473.93 , 522.07
485.1 , 513.57
497.23 , 507.55
509.8 , 503.06
523.05 , 499.82
537.12 , 498.3
