3214010220_3
402.9 , 468.8
398.26 , 482.05
392.74 , 496.91
388.34 , 512.13
385.28 , 526.1
382.94 , 541.96
381.22 , 557.62
379.91 , 571.83
379.56 , 587.46
380.54 , 602.91
384.46 , 617.83
391.33 , 631.82
400.05 , 644.78
409.38 , 657.32
419.29 , 668.93
429.49 , 679.64
441.36 , 690.49
452.79 , 698.68
466.89 , 706.96
480.15 , 713.64
494.79 , 720.14
507.99 , 725.73
523.2 , 732.71
536.96 , 739.54
551.51 , 740.48
567.53 , 739
581.34 , 737.02
596.19 , 732.71
609.91 , 725.76
623.52 , 717.7
637.17 , 709.1
649.29 , 701.36
661.77 , 693.01
672.97 , 680.87
681.96 , 668.85
690.4 , 656.25
697.54 , 643.22
705.7 , 629.93
716.26 , 618.78
719.11 , 603.68
726.29 , 589.69
566.31 , 513.37
555.13 , 517.64
544.29 , 522.63
535.98 , 531.76
534.72 , 543.85
540.63 , 554.03
549.93 , 561.5
560.1 , 569.65
570.25 , 575.7
581.2 , 579.83
593.15 , 579.75
606.11 , 579.89
617.72 , 576.72
624.54 , 566.7
622.71 , 555.21
619.35 , 543.44
614.34 , 531.37
460.94 , 564.15
476.14 , 565.66
489.99 , 569.9
504.47 , 572.9
518.16 , 577.41
531.26 , 583.71
543.91 , 591.13
556.94 , 597.65
571.09 , 601.42
586.07 , 603.4
600.91 , 605.65
614.59 , 610.14
627.28 , 617.51
636.68 , 629.42
625.77 , 640.82
612.87 , 647.66
598.72 , 651.41
583.74 , 653.4
567.82 , 653.4
552.84 , 651.42
539.34 , 646.43
526.09 , 640.68
513.12 , 634.05
500.71 , 625.93
489.04 , 615.75
478.5 , 604.2
469.68 , 592.05
463.17 , 579
472.44 , 573.9
483.24 , 577.67
494.39 , 580.86
505.34 , 584.43
515.79 , 589.49
526.19 , 594.65
536.59 , 599.89
547.12 , 604.64
557.79 , 608.91
568.76 , 612.38
580.19 , 615.15
591.94 , 617.15
603.47 , 619.64
614.74 , 622.67
617.81 , 632.27
607.04 , 636.3
595.22 , 638.15
582.62 , 638.42
570.62 , 636.88
559.22 , 634.14
548.44 , 630.15
537.74 , 625.93
527.14 , 621.39
517.19 , 615.15
507.79 , 607.25
498.39 , 599.34
488.87 , 591.83
479.6 , 583.58
642.68 , 489.59
646.3 , 483.22
653.4 , 481.09
660.73 , 479.34
668.28 , 478.09
676.2 , 477.59
683.98 , 478.38
691 , 480.66
697.65 , 484.06
703.63 , 489.26
707.44 , 495.76
705.78 , 503
699.03 , 506.08
691.48 , 507.34
683.68 , 506.59
676.36 , 504.85
669.18 , 502.84
662.4 , 499.82
655.73 , 496.63
649.08 , 493.21
546.35 , 446.71
543.76 , 441.08
539.65 , 436.01
535.03 , 431.12
529.8 , 427.42
524.08 , 425.21
517.98 , 423.71
511.4 , 423.21
504.95 , 423.93
499.03 , 425.69
493.35 , 427.96
495.86 , 433.56
499.45 , 438.83
504.35 , 443.46
509.68 , 446.78
515.35 , 449.21
521.3 , 450.92
527.98 , 451.21
534.78 , 451.21
541.6 , 451.21
651.49 , 448.59
660.62 , 445.57
671.04 , 445.09
681.57 , 445.34
691.51 , 446.84
701.22 , 448.84
710.59 , 451.43
719.64 , 454.74
728.44 , 458.83
736.19 , 465.79
740.24 , 474.59
731.79 , 477.35
723.09 , 472.93
714.34 , 468.69
705.14 , 465.74
695.79 , 463.11
686.19 , 460.84
675.89 , 460.09
665.37 , 459.87
655.9 , 457.29
570.55 , 426.56
573.93 , 416.18
564.75 , 407.64
554.75 , 401.38
544.93 , 394.66
534.93 , 388.39
524.43 , 383.4
513.28 , 380.15
501.63 , 377.88
489.61 , 376.4
478.29 , 379.43
472.63 , 389.63
483.4 , 393.63
495.56 , 394.88
507.7 , 396.13
518.88 , 399.38
529.33 , 404.56
539.53 , 410.25
549.65 , 416.14
559.33 , 423.37
