3214022978_1
618.4 , 819.05
629.33 , 847.92
639.11 , 878.77
649.01 , 910.32
659.8 , 941.61
671.43 , 972.46
683.29 , 1003.36
695.29 , 1033.39
707.87 , 1064.94
721.75 , 1093.73
745 , 1116.35
767.76 , 1140.42
787.91 , 1165.08
809.87 , 1189.64
834.02 , 1213.54
858.44 , 1232.49
886.08 , 1252.54
914.9 , 1266.35
946.71 , 1272.54
980.06 , 1273.52
1014.07 , 1272.58
1044.7 , 1266.83
1076.05 , 1253.09
1103.78 , 1235.3
1128.13 , 1217.42
1153.68 , 1196.25
1176.92 , 1173.76
1199.58 , 1149.46
1220.97 , 1124.59
1237.72 , 1095.7
1250.96 , 1064.03
1261.07 , 1035.69
1271.85 , 1003.13
1280.63 , 973.24
1288.96 , 939.24
1294.98 , 908.16
1299.6 , 876.76
1303.19 , 841.54
1304.83 , 809.82
1305.09 , 777.56
1305.25 , 742.85
852.98 , 917.16
842.24 , 935.87
829.54 , 956.36
824.09 , 977.31
838.52 , 996.27
859.91 , 1000.9
882.99 , 1009.41
904.82 , 1015
928.28 , 1019.73
950.92 , 1012.79
971.7 , 1002.43
992.06 , 994.72
1012.96 , 981.21
1028.14 , 964.42
1025.32 , 943.24
1010.37 , 924.36
996.87 , 904.33
837.78 , 1101.83
857.63 , 1102.32
875.88 , 1098.57
894.05 , 1094.58
912.8 , 1091.83
931.8 , 1094.08
951.78 , 1093.83
968.28 , 1085.83
986.55 , 1082.08
1005.68 , 1080.08
1024.43 , 1077.32
1042.61 , 1073.32
1061.13 , 1070.08
1080.66 , 1069.71
1066.18 , 1083.17
1051.26 , 1095.35
1036.45 , 1107.92
1021.18 , 1119.21
1005.53 , 1129.33
989.2 , 1137.84
972.58 , 1145.31
955.05 , 1150.58
935.8 , 1152.33
917.55 , 1148.58
900.9 , 1141.08
885.08 , 1131.4
869.58 , 1120.9
854.05 , 1110.36
863.53 , 1108.33
878.5 , 1107.58
893.33 , 1108.58
908.28 , 1109.33
922.63 , 1111.33
937.45 , 1112.33
951.68 , 1110.07
965.53 , 1107.08
979.5 , 1104.33
993.38 , 1101.35
1007.03 , 1097.83
1020 , 1093.07
1033.63 , 1089.61
1046.36 , 1084.1
1058.97 , 1078.06
1046.43 , 1083.86
1033.45 , 1088.61
1020.28 , 1092.83
1006.78 , 1096.58
993.58 , 1100.84
979.73 , 1103.83
965.86 , 1106.82
951.88 , 1109.57
937.3 , 1111.08
922.11 , 1110.83
907.75 , 1108.83
893.18 , 1107.33
878.11 , 1106.83
1026.25 , 777.88
1033.95 , 772.42
1043.78 , 771.88
1053.62 , 772.38
1063.6 , 772.63
1073.33 , 773.38
1083.08 , 774.13
1092.67 , 773.13
1102.53 , 772.63
1112.13 , 773.66
1115.8 , 780.81
1107.92 , 785.88
1099.03 , 788.36
1089.8 , 790.11
1080.42 , 791.63
1070.45 , 791.39
1061.1 , 789.91
1052.08 , 787.62
1042.97 , 785.61
1034.05 , 783.14
810.51 , 806.01
805.55 , 799.79
797 , 798.52
788.2 , 799.23
780.07 , 801.34
772.35 , 804.26
763.92 , 805.77
755 , 805.27
745.98 , 805.02
737.32 , 806.02
729.15 , 808.02
736.5 , 812.03
744.42 , 814.53
752.62 , 816.52
761.15 , 817.77
770.3 , 817.77
779.1 , 817.02
787.3 , 815
795.45 , 812.98
803.23 , 810.2
950.97 , 764.57
963.69 , 743.1
985.12 , 730.08
1007.87 , 720.92
1031.12 , 713.1
1054.69 , 705.81
1078.42 , 698.81
1103.39 , 694.31
1129.37 , 691.92
1155.17 , 689.06
1179.02 , 695.34
1172.37 , 717.16
1149.62 , 726.42
1125.27 , 732.32
1098.97 , 734.07
1072.52 , 735.53
1047.62 , 740.17
1022.45 , 744.33
999.7 , 753.58
977.77 , 765.33
856.57 , 762.3
838.5 , 754.05
817.95 , 751.54
797.52 , 748.8
777.22 , 745.8
756.82 , 743.05
735.9 , 741.29
714.97 , 739.55
693.35 , 739.79
673.45 , 743.66
657.82 , 758.3
675.77 , 766.51
695.92 , 769.83
717.57 , 770.05
738.6 , 771.55
759.87 , 772.55
781.37 , 772.05
802.9 , 772.55
823.82 , 774.3
845.1 , 775.3
