3214097106_2
426.67 , 595.07
427.93 , 613.17
429.4 , 631.15
431.77 , 649.03
435.03 , 666.81
438.98 , 686.02
443.73 , 703.74
449.83 , 720.74
457.78 , 737.11
467.62 , 752.37
479.01 , 766.75
491.59 , 780.11
506.28 , 793.84
520.25 , 806.15
533.16 , 817.21
548.57 , 828.11
565.6 , 836.73
583.82 , 841.51
600.73 , 843.76
619.5 , 844.94
638.06 , 844.6
656.53 , 842.26
674.68 , 837.53
690.89 , 831.43
708.19 , 823.2
725.42 , 815.28
742.15 , 807.01
758.33 , 798.11
773.39 , 787.89
787.68 , 776.77
800.22 , 763.44
811.15 , 748.93
821.4 , 733.68
830.72 , 717.65
838.47 , 700.89
844.38 , 683.51
848.33 , 663.93
849.51 , 645.72
848.1 , 627.19
846.3 , 608.73
844.3 , 590.26
550.49 , 562.41
542.3 , 577.16
531.5 , 591.9
524.37 , 608.97
537.02 , 622.53
554.18 , 629.04
571.14 , 635.28
588.5 , 637.35
607.25 , 638.31
625.89 , 635.31
643.57 , 632.76
661.16 , 628.59
678.77 , 622.48
678.83 , 605.55
673.43 , 587.24
666.79 , 570.07
657.01 , 554.06
498.19 , 677.34
513.84 , 669.57
531.22 , 665.84
548.84 , 662.6
566.69 , 659.84
585.39 , 660.84
604.22 , 661.59
622.91 , 660.59
641.14 , 662.59
658.62 , 666.11
676.24 , 669.36
693.62 , 673.1
709.76 , 679.4
709.43 , 697.92
699.51 , 712.74
687.79 , 726.99
673.87 , 739.6
658.87 , 749.15
642.59 , 755.07
624.96 , 758.34
607.49 , 761.84
589.26 , 759.83
572.21 , 755.36
556.62 , 747.26
542.52 , 735.16
530.97 , 720.87
520.72 , 706.12
511.06 , 691.19
528.69 , 692.59
540.29 , 687.81
554.22 , 687.84
568.16 , 687.84
581.49 , 689.09
593.51 , 692.91
606.51 , 694.83
619.72 , 693.34
633.04 , 692.09
646.87 , 691.84
660.44 , 691.09
673.76 , 689.85
687.22 , 688.84
700.79 , 688.09
695.59 , 697.85
684.51 , 704.33
673.24 , 710.29
661.51 , 714.81
649.57 , 718.81
637.47 , 722.57
624.51 , 724.59
611.19 , 725.84
597.87 , 724.61
585.16 , 722.07
573.04 , 718.35
561.76 , 712.38
551.12 , 704.74
540.12 , 698.08
667.55 , 513.19
673.92 , 507.31
680.6 , 502.13
687.72 , 498.25
695 , 494.67
702.77 , 492.43
711.02 , 491.19
719.65 , 491.69
727.77 , 493.19
735.22 , 496.13
742.52 , 499.68
742.92 , 507.82
735.57 , 511.19
727.55 , 512.94
718.92 , 513.44
710.42 , 514.19
701.55 , 514.19
693.05 , 514.94
684.32 , 515.19
675.82 , 514.44
546.87 , 514.08
546.5 , 507.77
540.4 , 503.45
534.12 , 499.58
527.62 , 496.3
520.65 , 494.32
513.05 , 493.57
505.2 , 493.83
497.82 , 495.06
490.98 , 497.39
484.62 , 501
479.55 , 506.82
486.02 , 510.05
493.38 , 511.31
501.23 , 511.07
508.85 , 511.82
516.33 , 512.82
523.83 , 513.83
531.42 , 514.56
539.27 , 514.82
657.6 , 451.39
670.27 , 442.71
685.27 , 439.64
701.05 , 438.14
716.7 , 436.39
732.7 , 435.39
748.83 , 436.14
764.12 , 438.63
778.53 , 442.88
791.97 , 449.75
801.24 , 462.28
787.9 , 456.12
774.12 , 450.39
759.3 , 446.89
743.9 , 444.64
727.9 , 443.64
712.38 , 445.64
698.9 , 452.35
684.88 , 457.39
670.05 , 460.86
549.88 , 454.4
541.12 , 447.21
530.92 , 443.97
520.95 , 440.23
510.6 , 437.22
499.87 , 434.97
488.55 , 433.97
476.85 , 433.72
465.75 , 435.23
455.77 , 438.96
446.42 , 444.47
456.07 , 449.24
467.62 , 448.72
479.32 , 448.47
490.55 , 449.72
501.5 , 451.47
512.12 , 453.97
522.02 , 458
532.22 , 461.24
543.05 , 463.23
