3214120096_5
314.45 , 464.6
318.69 , 477.88
323.07 , 490.91
327.13 , 504.65
331.27 , 518.31
335.45 , 531.27
341.12 , 545.65
347.7 , 558.21
355.37 , 570.2
363.79 , 581.82
371.83 , 592.18
381.7 , 603.27
392.98 , 612.79
405.05 , 619.35
417.14 , 626.42
429.24 , 632.66
444.23 , 635.97
457.78 , 638.92
472.04 , 641.63
485.95 , 641.27
500.36 , 637.91
513.33 , 634.66
527.81 , 630.91
540.86 , 625.47
552.95 , 619.46
565.1 , 611.88
576.25 , 603.65
586.54 , 593.67
595.84 , 582.16
604.63 , 571.04
613.6 , 559.61
621.88 , 548.8
629.74 , 536.13
634.58 , 522.48
637.36 , 509.47
638.71 , 494.25
638.11 , 480.3
636.86 , 465.78
634.36 , 452.17
631.75 , 437.87
631.15 , 423.55
430.56 , 421.35
429.12 , 431.04
429.58 , 440.71
432.14 , 450.82
438.49 , 458.26
448.06 , 461.26
457.57 , 464.9
467.69 , 466.95
477.68 , 466.27
488.06 , 465.48
497.56 , 462.33
506.79 , 458.4
515.14 , 452.95
519.69 , 443.94
518.94 , 433.51
513.51 , 424.65
506.56 , 416.92
414.27 , 514.42
422.77 , 505.42
432.44 , 498.73
443.12 , 494.93
454.84 , 493.17
467.29 , 493.42
479.59 , 492.94
490.22 , 488.9
501.17 , 485.65
513.62 , 485.42
525.82 , 486.17
537.89 , 487.14
549.01 , 490.16
554.02 , 500.47
550.26 , 511.2
542.84 , 520.6
534.52 , 529.67
525.37 , 537.81
515.57 , 544.13
505.27 , 549.17
494.47 , 552.66
482.39 , 553.67
470.32 , 552.67
458.72 , 550.68
448.32 , 545.93
438.47 , 539.85
428.72 , 533.36
420.02 , 524.42
417.02 , 518.67
425.84 , 514.44
434.87 , 510.64
444.19 , 507.65
454.39 , 506.42
464.84 , 507.17
474.82 , 505.42
484.02 , 502.17
493.77 , 499.92
503.72 , 498.16
513.94 , 496.92
524.27 , 495.92
534.85 , 496.42
544.05 , 499.68
544.72 , 510
537.25 , 517.68
528.75 , 522.94
519.72 , 526.72
510.82 , 530.89
501.69 , 534.4
492.5 , 537.69
482.87 , 540.16
472.04 , 540.17
462.32 , 537.94
452.69 , 535.44
443.07 , 532.9
433.97 , 529.44
425 , 525.41
507.05 , 371.92
510.78 , 367.95
515.02 , 364.94
519.55 , 362.67
524.17 , 360.64
528.98 , 359.16
534.02 , 358.17
539.33 , 357.67
544.5 , 358.42
549.8 , 358.92
554.19 , 361.52
552.8 , 366.17
548.27 , 368.44
543.62 , 370.42
538.58 , 371.42
533.27 , 371.92
527.85 , 372.17
522.55 , 372.67
517.12 , 372.92
511.83 , 373.42
416.53 , 380.47
412.2 , 377.7
407.57 , 375.72
402.4 , 374.96
396.98 , 374.71
391.8 , 375.46
386.88 , 376.74
382.07 , 378.23
377.45 , 380.23
373.3 , 383.41
369.75 , 387.46
374.4 , 389.24
379.2 , 390.72
384.5 , 391.21
389.8 , 390.71
395.1 , 390.21
400.27 , 389.46
405.12 , 388.09
410.02 , 386.7
414.64 , 384.81
478.85 , 353.32
486.52 , 344.39
495.78 , 337.42
505.68 , 332.31
516.43 , 329.33
527.9 , 327.8
539.73 , 327.07
551.55 , 327.82
562.65 , 330.09
572.7 , 334.83
581.62 , 342.59
577.23 , 350.84
566.35 , 348.07
554.75 , 346.82
542.7 , 346.58
531.03 , 347.64
519.62 , 349.3
508.83 , 352.09
498.85 , 357.07
488.2 , 359.9
431.87 , 349.31
421.82 , 343.8
409.82 , 342.8
397.35 , 342.8
384.98 , 343.05
373.48 , 345.07
362.88 , 348.93
352.85 , 354.46
344.38 , 363.4
337.4 , 372.88
331 , 382.55
342.5 , 384.55
352.98 , 380.31
363.1 , 374.96
373.4 , 370.28
384.57 , 367.56
396.1 , 365.56
408.32 , 365.05
420.82 , 365.05
431.35 , 360.96
