3215987812_1
782.97 , 1082.25
783.97 , 1115.66
785.6 , 1149.07
790.01 , 1183.05
797.4 , 1219.06
804.87 , 1249.56
813.8 , 1285.52
820.66 , 1318.13
831.15 , 1352.61
846.48 , 1381.28
865.79 , 1409.67
886.38 , 1437.44
910.97 , 1464.21
939.34 , 1483.87
970.49 , 1496.72
1003.07 , 1504.66
1038.09 , 1511.22
1069.34 , 1519.09
1104.93 , 1530.44
1137.59 , 1538.31
1171.87 , 1540.83
1206.05 , 1544.29
1241.76 , 1545.63
1275.89 , 1542.99
1308.5 , 1536.76
1341.53 , 1523
1369.59 , 1506.3
1398.86 , 1485.99
1423.66 , 1464.55
1444.15 , 1434.94
1461.45 , 1406.6
1477.51 , 1375.46
1491.32 , 1343.91
1502.19 , 1311.49
1513.04 , 1278.13
1524.14 , 1246.43
1534.68 , 1211.83
1541.41 , 1179.17
1544.24 , 1143.46
1541.99 , 1110.75
1537.75 , 1073.75
1126.5 , 1048.68
1121.12 , 1068.75
1114.73 , 1088.58
1116.13 , 1110.59
1130.29 , 1125.69
1152.58 , 1128.75
1174.37 , 1131.62
1195.98 , 1134.75
1217.95 , 1136.84
1239.6 , 1138.8
1260.13 , 1138.88
1283.03 , 1134.53
1298.19 , 1121.46
1301.2 , 1100.2
1300.98 , 1078.5
1294.42 , 1057.06
1289.7 , 1035
1049.51 , 1298.73
1067.81 , 1289.69
1086.26 , 1280.98
1104.88 , 1272.86
1123.93 , 1266.01
1143.66 , 1260.51
1164.76 , 1257.73
1185.73 , 1260.71
1207.29 , 1262.48
1226.74 , 1256.5
1247.18 , 1252.49
1266.56 , 1258.02
1284.84 , 1267.29
1302.81 , 1277.27
1320.81 , 1287.24
1325.41 , 1304.58
1305.93 , 1310.48
1285.21 , 1313.97
1263.76 , 1315.98
1241.96 , 1317.23
1219.91 , 1316.48
1197.96 , 1315.48
1175.78 , 1315.98
1153.38 , 1315.98
1130.96 , 1315.98
1109.38 , 1314.22
1088.31 , 1311.47
1068.06 , 1307
1064.76 , 1296.48
1082.79 , 1292.98
1100.61 , 1288.95
1118.68 , 1285.55
1137.31 , 1283.24
1155.98 , 1280.98
1174.66 , 1278.71
1193.91 , 1277.73
1212.96 , 1276.22
1231.86 , 1274.5
1250.84 , 1272.91
1269.06 , 1275.72
1286.34 , 1280.73
1303.79 , 1285.48
1321.61 , 1289.49
1306.74 , 1292.98
1288.18 , 1290.46
1270.36 , 1286.51
1252.36 , 1282.83
1233.26 , 1281.48
1214.11 , 1280.23
1194.74 , 1279.48
1175.34 , 1280.23
1156.18 , 1281.46
1137.51 , 1283.73
1118.66 , 1285.58
1100.71 , 1289.27
1083.81 , 1294.98
1288.2 , 927.91
1298.88 , 917.99
1310.67 , 911.18
1322.88 , 905.39
1336 , 901.92
1350.33 , 900.91
1364.55 , 902.16
1378.03 , 904.91
1390.73 , 909.18
1402.67 , 915.63
1409.99 , 927.24
1405.69 , 939.92
1393.55 , 945.94
1380.3 , 949.16
1366.33 , 950.91
1352.12 , 949.66
1338.28 , 947.66
1325 , 944.41
1312.7 , 938.91
1300.78 , 932.48
1080.45 , 926.28
1072.86 , 915.86
1062.47 , 908.23
1051.05 , 903.46
1038.6 , 900.98
1024.92 , 900.98
1011.97 , 902.48
999.62 , 905.21
988.1 , 909.6
977.45 , 916.51
967.72 , 925.98
974.25 , 936.76
985.05 , 943.24
997.17 , 946.49
1010.1 , 947.98
1023.77 , 947.98
1036.6 , 946.23
1049.17 , 943.98
1061.39 , 940.98
1073 , 936.72
1286.14 , 821.68
1295.05 , 800.98
1314.17 , 787.42
1335.02 , 778.9
1358.02 , 774.94
1381.24 , 778.44
1402.82 , 785.12
1422.09 , 798.17
1440.67 , 813.19
1458.74 , 829.53
1472.49 , 848.53
1480.51 , 869.56
1459.19 , 873.19
1439.09 , 862.37
1419.97 , 848.94
1400.04 , 837.71
1378.69 , 830.43
1353.89 , 830.18
1330.34 , 832.89
1307.52 , 828.56
1116.91 , 796.98
1096.07 , 780.9
1071.57 , 774.38
1044.14 , 773.88
1017.96 , 776.95
993.44 , 783.48
970.09 , 792.34
947.91 , 804.76
928.01 , 823.4
913.22 , 844.68
897.54 , 865.63
919.76 , 877.86
945.24 , 873.38
968.81 , 865.12
992.96 , 857.95
1017.19 , 850.98
1041.71 , 844.45
1066.91 , 839.35
1091.96 , 833.95
1114.77 , 823.14
