3217492469_1
1066.97 , 1063.33
1066.28 , 1107.56
1073.52 , 1154.61
1074.1 , 1202.34
1078.81 , 1249.2
1083.97 , 1296.72
1091.76 , 1347.21
1100.5 , 1392.14
1110.42 , 1439.45
1127.57 , 1486.36
1149.35 , 1528.62
1174.41 , 1567.39
1207.9 , 1603.95
1242.73 , 1635.47
1277.17 , 1667.97
1316.72 , 1695.25
1355.84 , 1719.85
1398.34 , 1747
1437.18 , 1770.14
1481.41 , 1788.41
1528.03 , 1802.97
1573.34 , 1813.56
1621.46 , 1823.18
1669.97 , 1827.87
1717.1 , 1822.09
1763.46 , 1804.5
1802.04 , 1777.83
1837.81 , 1743.73
1868.43 , 1711.28
1901.25 , 1674.27
1927.65 , 1637.53
1952.8 , 1594.87
1976.36 , 1551.19
1995.99 , 1508.18
2014.41 , 1462.23
2031.02 , 1421.25
2051.51 , 1374.43
2073.98 , 1335.71
2087.05 , 1286.65
2096.42 , 1241.98
2094.71 , 1191.57
1569.17 , 1124.62
1543.36 , 1149.42
1519.77 , 1183.84
1521.06 , 1222.98
1540.53 , 1255.77
1576.84 , 1267.75
1616.12 , 1276.79
1652.42 , 1289.13
1693.38 , 1300.47
1729.92 , 1304.34
1772.01 , 1304.37
1809.7 , 1295.78
1840.49 , 1271.53
1837.12 , 1234.44
1824.38 , 1195.43
1809.35 , 1158.97
1791.37 , 1122.51
1383.5 , 1392.05
1423.78 , 1378.8
1467.7 , 1372.55
1512.1 , 1367.3
1557.38 , 1363.8
1603.1 , 1361.3
1648.72 , 1364.05
1692.3 , 1371.05
1738.65 , 1372.3
1784.4 , 1374.81
1824.6 , 1388.33
1863.05 , 1407.33
1892.54 , 1441.88
1879.15 , 1482.15
1864.43 , 1521.9
1837.63 , 1557.42
1802.22 , 1584.55
1762.9 , 1600.55
1720.75 , 1610.55
1675.35 , 1613.8
1631.08 , 1608.29
1589.28 , 1597.56
1549.2 , 1583.76
1510.88 , 1564.39
1474.48 , 1540.27
1442 , 1506.8
1415.97 , 1471.02
1395.04 , 1433.35
1396.5 , 1394.05
1432.42 , 1385.03
1471.08 , 1388.3
1509.28 , 1392.55
1547.45 , 1396.8
1586.6 , 1399.05
1624.28 , 1404.3
1662.22 , 1409.05
1701.38 , 1411.3
1741.12 , 1412.3
1780.88 , 1413.3
1820.03 , 1411.05
1858.83 , 1414.05
1877.22 , 1445.35
1854.47 , 1475.83
1824.65 , 1500.56
1791.55 , 1516.32
1756.7 , 1527.09
1719.7 , 1533.8
1681.65 , 1538.3
1643 , 1535.05
1606.03 , 1528.3
1570.08 , 1519.33
1535.33 , 1508.33
1501.3 , 1495.59
1468.47 , 1479.02
1438.08 , 1455.87
1409.5 , 1427.95
1809.5 , 1024.72
1824.57 , 1005.63
1844.25 , 992.22
1864.75 , 980.97
1886 , 971.97
1908.3 , 965.48
1933.08 , 963.97
1956.38 , 968.47
1977.9 , 976.71
1997.53 , 990.25
2010.75 , 1009.97
2015.72 , 1033.03
1994.97 , 1043.73
1972.65 , 1050.21
1948.5 , 1052.97
1923.1 , 1053.21
1899.67 , 1048.96
1876.7 , 1043.72
1853.28 , 1039.47
1830.95 , 1032.99
1554.61 , 992.55
1554.21 , 969.6
1538.43 , 950.82
1519.98 , 934.1
1500.06 , 921.44
1479.01 , 911.89
1455.76 , 907.32
1430.83 , 906.42
1407.63 , 911.08
1386.36 , 919.83
1366.26 , 932
1347.68 , 948.32
1367.86 , 960.22
1388.45 , 971.09
1409.68 , 980.07
1431.81 , 986.79
1455.53 , 990.42
1480.31 , 991.82
1505.03 , 993.32
1530.01 , 994.32
1840.75 , 868.8
1855.66 , 847.43
1877.55 , 834.29
1903.12 , 829.52
1929.78 , 831.55
1955.6 , 835.8
1980.7 , 841.56
2005.25 , 848.3
2028.55 , 858.03
2050.28 , 872.08
2067.26 , 891.82
2052.57 , 898.9
2031.15 , 883.99
2008.83 , 871.62
1984.35 , 864.79
1957.92 , 863.33
1932.62 , 868.57
1908 , 875.3
1884.85 , 885.57
1859.17 , 888.98
1630.52 , 831.51
1601.07 , 800.57
1566.02 , 780.01
1527.69 , 768.18
1487.02 , 761.01
1443.62 , 759.36
1400.04 , 760.6
1357.57 , 764.15
1317.82 , 773.37
1281.79 , 791.68
1249.37 , 819.61
1291.99 , 816.36
1330.79 , 805.36
1372.07 , 799.36
1415.77 , 798.36
1457.17 , 804.13
1497.57 , 811.87
1535.57 , 824.32
1571.64 , 842.37
1608.14 , 859.12
