3218864820_1
713.05 , 764.2
718.24 , 816.17
724.44 , 874.07
734.57 , 931.34
750.33 , 987.64
770.59 , 1042.85
792.79 , 1097.29
814.47 , 1151.67
833.6 , 1206.46
850.92 , 1261.64
870.68 , 1310.23
900.75 , 1365.7
936.35 , 1409.97
977.94 , 1447.37
1023.24 , 1479.53
1077.19 , 1511.27
1127.58 , 1534.82
1179.29 , 1555.93
1234.28 , 1572.84
1294.39 , 1583.37
1350.3 , 1587.56
1408.21 , 1588.4
1464.83 , 1580.18
1520.56 , 1560.49
1568.18 , 1536.22
1620.6 , 1509.57
1676.04 , 1486.06
1731.73 , 1465.95
1772.09 , 1426.6
1815.16 , 1387.66
1844.24 , 1338.07
1873.84 , 1291.44
1904.21 , 1241.72
1932.36 , 1191.3
1954.3 , 1139.97
1970.7 , 1083.88
1980.23 , 1023.48
1983.74 , 966.32
1986.9 , 910.46
1988.65 , 854.85
1982.15 , 792.61
1289.04 , 736.25
1258.7 , 765.38
1235.47 , 796.97
1219.55 , 836.59
1218.4 , 880.2
1235.04 , 916.25
1275.17 , 936.62
1316.45 , 939.55
1355.98 , 939.59
1401.46 , 938.5
1442.04 , 934.89
1483.39 , 928.71
1515.31 , 898.47
1514.94 , 860.29
1501.51 , 817.02
1484.69 , 777.84
1465.3 , 739.47
1153.75 , 1180.82
1175.55 , 1155.51
1202.95 , 1139.39
1230.1 , 1122.75
1257.75 , 1107.32
1286.4 , 1094.67
1317.08 , 1086.75
1350.67 , 1084.82
1381.72 , 1077.59
1415.5 , 1079.07
1446.45 , 1086.53
1475.22 , 1098.81
1502.65 , 1114.72
1529.75 , 1131.57
1556.5 , 1149.32
1582.15 , 1170.25
1554.92 , 1182.1
1523.35 , 1188.07
1489.92 , 1190.32
1455.4 , 1190.32
1421.03 , 1190.07
1386.88 , 1189.32
1352.83 , 1188.32
1320.03 , 1184.82
1286.83 , 1182.07
1252.67 , 1182.82
1219.75 , 1186.07
1185.47 , 1186.57
1175.75 , 1172.57
1199 , 1158.82
1223.62 , 1148.79
1249.03 , 1140.81
1276.47 , 1136.82
1305.28 , 1135.57
1334.42 , 1135.07
1363.7 , 1135.32
1392.38 , 1136.82
1421.15 , 1138.07
1449.7 , 1139.82
1477.28 , 1143.57
1505.1 , 1146.82
1531.88 , 1152.2
1556.98 , 1160.81
1531.9 , 1154.47
1504.9 , 1149.59
1477.33 , 1145.82
1449.28 , 1143.07
1420.47 , 1141.82
1391.45 , 1141.07
1363.03 , 1139.07
1334.72 , 1136.82
1305.58 , 1136.32
1277.75 , 1139.57
1250.78 , 1144.57
1224.5 , 1151.07
1200.1 , 1161.78
1504.25 , 524.69
1517.44 , 501.74
1537.85 , 481.35
1559.78 , 465.16
1583.38 , 453.32
1608.78 , 446.18
1636.65 , 444.19
1663.95 , 447.44
1688.67 , 455.63
1711.95 , 468.18
1730.72 , 489.14
1729.39 , 517.32
1710.25 , 538.19
1687.28 , 551.45
1661.33 , 557.44
1632.83 , 556.69
1605.8 , 552.96
1580.47 , 545.7
1555.95 , 536.96
1530.92 , 529.19
1157.98 , 499.19
1155 , 475.57
1137.01 , 458.72
1116.73 , 447.94
1094.18 , 442.69
1070.2 , 440.44
1046.23 , 442.69
1024.21 , 448.96
1003.93 , 459.76
984.5 , 472.66
969.73 , 491.44
981.2 , 511.42
996.53 , 530
1016.65 , 541.12
1038.01 , 548.69
1061.88 , 551.19
1086.58 , 550.43
1109.58 , 546.21
1130.45 , 537.2
1148.22 , 519.81
1421.23 , 392.78
1420.75 , 341.06
1458.85 , 308.19
1504.62 , 295.44
1555.2 , 298.06
1604.62 , 303.3
1655.03 , 306.56
1705.4 , 309.81
1753.83 , 317.13
1797.1 , 335.65
1832.5 , 372.56
1854.09 , 414.91
1803.97 , 416.31
1757.92 , 404.07
1712.22 , 391.29
1663.28 , 385.06
1612.88 , 388.31
1560.9 , 388.32
1511.9 , 394.41
1466.1 , 407.08
1225.88 , 350.04
1191.28 , 325.22
1152.41 , 312.48
1109.96 , 306.74
1065.06 , 305.99
1020.18 , 305.77
977.36 , 310.75
935.51 , 317.72
897.03 , 331.52
863.3 , 358.54
844.81 , 395.49
880.83 , 416.25
924.03 , 412.49
965.53 , 404.76
1008.33 , 399.73
1051.78 , 396.01
1096.28 , 394.49
1140.34 , 397
1184.71 , 398.74
1226.56 , 391.74
