1421150832_1
709.05 , 446.8
678.09 , 475.31
652.82 , 508.86
623.09 , 539.2
595.37 , 573.71
574.4 , 607.94
550.86 , 648.01
533.48 , 684.31
516.08 , 723.27
500.54 , 764.43
489.64 , 805.31
487.76 , 851.9
495.66 , 894.83
507.53 , 934.99
527 , 974.06
550.29 , 1006.57
574.04 , 1045.12
600.33 , 1079.2
628.74 , 1109.02
659.21 , 1140.73
697.2 , 1163.14
736.99 , 1178.55
775.86 , 1190.91
819.74 , 1205.54
859.77 , 1217.21
900.86 , 1229.63
944.18 , 1239.84
988.07 , 1246.87
1029.1 , 1242.76
1072.23 , 1238.88
1115.42 , 1236.69
1157.99 , 1227.99
1201.06 , 1227.45
1242.81 , 1237.53
1286.74 , 1240.63
1325.66 , 1230.54
1364.3 , 1211.53
1399.82 , 1187.05
1430.6 , 1156.83
1461.3 , 1124.09
1487.71 , 1088.52
909.55 , 535
888.98 , 549.6
868.85 , 566.18
854.08 , 587.38
855.26 , 611.5
872.78 , 630.93
896.84 , 637.28
923.2 , 637.08
949.6 , 644.72
973.78 , 651.04
999.11 , 657.77
1021.26 , 670.47
1042.97 , 683.61
1067.25 , 691.75
1090.95 , 683.08
1101.79 , 659.36
1102.9 , 631.75
762.43 , 782.49
785.33 , 757.6
810.53 , 735.65
838.13 , 720.28
869.08 , 713.47
899.81 , 721.2
928.81 , 732.46
958.96 , 741.18
987.13 , 755.12
1012.7 , 776.16
1035.04 , 801.24
1054.65 , 827.34
1073.11 , 853.79
1091.19 , 880.37
1104.88 , 907.2
1077.01 , 921.92
1048.33 , 934.34
1018.26 , 943.18
986.96 , 949.69
953.13 , 950.96
920.13 , 947.94
889.18 , 940.65
859.9 , 930.18
831.81 , 915.98
805.4 , 897.37
781.47 , 872.84
764.98 , 845.69
757.73 , 814.69
786.98 , 813.44
807.88 , 799.09
819 , 776.87
838.73 , 759.44
862.38 , 752.29
888.53 , 754.19
912.83 , 760.22
936.38 , 767.41
959.93 , 774.67
982.75 , 783.7
1003.48 , 798.69
1021.83 , 818.04
1038.8 , 838.04
1055.29 , 858.24
1069.23 , 879.32
1066.5 , 903.92
1042.53 , 910.45
1017.81 , 915.46
991.86 , 917.94
964.93 , 918.44
938.61 , 916.66
913.15 , 913.16
887.93 , 909.19
863.75 , 902.95
841.13 , 893.35
819.48 , 880.94
801.55 , 861.29
788.46 , 839.89
1197.82 , 558.74
1213.29 , 554.73
1229.14 , 557.98
1244.79 , 561.74
1259.94 , 566.36
1274.27 , 573.23
1288.49 , 580.42
1302.57 , 587.99
1316.22 , 596.61
1329.79 , 605.46
1343.72 , 613.4
1331.47 , 608.23
1317.37 , 600.78
1303.19 , 593.47
1287.17 , 590.59
1271.1 , 587.76
1256.14 , 582.81
1241.32 , 577.49
1226.72 , 571.52
1212.22 , 565.27
917.13 , 479.81
906.15 , 469.59
893.78 , 463.19
881.33 , 457.01
868.6 , 451.78
855.03 , 448.37
840.9 , 446.13
826.53 , 444.38
811.55 , 443.88
796.93 , 445.13
782.7 , 447.13
795.12 , 453.31
808.48 , 457.12
822.03 , 460.66
835.6 , 464.03
849.23 , 467.38
863.1 , 470.15
876.75 , 473.42
890.35 , 476.78
903.68 , 480.62
1237.8 , 395.17
1267.05 , 387.67
1297.3 , 392.67
1324.17 , 406.17
1349.27 , 424.39
1373.15 , 446.02
1396.3 , 469.17
1417.75 , 493.1
1436.42 , 518.05
1452.04 , 544.07
1465.57 , 570.94
1444.05 , 571.92
1419.8 , 551.42
1395.32 , 531.45
1371.4 , 509.99
1346.65 , 490.8
1320.55 , 475.42
1293.62 , 462.02
1268.12 , 445.01
1243.98 , 425.1
978.3 , 357.44
982.2 , 333.54
963.6 , 315.19
941.7 , 304.79
917.83 , 299.19
891.4 , 298.94
865.08 , 299.44
839.25 , 300.95
817.05 , 310.22
796.77 , 324.76
777.48 , 342.06
760.35 , 361.44
786.5 , 362.03
808.58 , 352.46
830.67 , 342.94
854.8 , 337.94
881.12 , 338.44
906.58 , 340.69
928.43 , 351.2
952 , 357.46
