3218988613_1
412.34 , 524.73
412.96 , 541.67
414.27 , 558.53
416.42 , 576.62
417.94 , 595.07
421.31 , 611.4
426.29 , 629.72
431.21 , 646.9
436.8 , 662.1
444.75 , 677.87
453.43 , 693.5
463.6 , 709.92
473.81 , 722.76
486.1 , 736.78
497.44 , 749.49
509.36 , 763.41
522.72 , 775.25
537.72 , 784.22
552.06 , 793.8
568.29 , 800.01
586.42 , 802.83
604.63 , 803.44
622.13 , 803.01
637.68 , 796.22
655.61 , 790.19
669.76 , 781.79
684.12 , 771.43
697.54 , 757.95
710.94 , 747.05
724.21 , 736.55
736.28 , 722.17
747.2 , 709.69
760.9 , 696.38
771.07 , 683.21
780.66 , 667.56
788.95 , 651.55
797.1 , 635.72
804.16 , 619.86
810.21 , 602.88
815.17 , 586.77
820.5 , 568.42
554.3 , 530.5
551.71 , 546.89
546.44 , 565.06
537.13 , 580.59
537.12 , 598.18
552.88 , 603.43
572.06 , 607.62
587.29 , 616.32
605.42 , 619.08
619.84 , 610.7
637.62 , 607.6
655.56 , 608.95
670.87 , 600.33
667.07 , 582.88
657.05 , 566.63
643.06 , 554.69
626.66 , 546.94
509.25 , 648.52
525.35 , 648.27
540.85 , 646.77
557.08 , 646.77
572.7 , 648.02
588.08 , 649.77
603.7 , 648.52
619.3 , 649.77
634.92 , 651.02
650.92 , 651.52
666.3 , 653.27
680.45 , 657.48
682.49 , 672.32
674.84 , 685.14
667.25 , 698.02
657.97 , 710.3
645.65 , 719.37
632.2 , 725.51
617.3 , 728.27
601.8 , 729.77
586.3 , 728.26
571.77 , 724.78
557.92 , 719.95
545 , 712.52
533.05 , 702.34
525.49 , 689.47
519.03 , 676.14
513.77 , 662.47
519.25 , 654.27
531.55 , 655.02
542.92 , 657.79
554.75 , 659.52
566.73 , 661.02
578.3 , 663.29
589.7 , 665.98
601.62 , 667.55
613.83 , 666.52
625.75 , 665.02
637.5 , 663.02
649.58 , 661.78
662.25 , 661.77
674.57 , 662.52
669.03 , 670.51
659.2 , 677.06
648.85 , 682.26
638.27 , 686.75
627.52 , 690.78
615.8 , 692.77
603.5 , 693.52
591.45 , 692.23
579.65 , 690.42
568.23 , 687.76
557.75 , 683.02
548.25 , 675.52
538.95 , 667.46
528.62 , 662.14
655.44 , 506.52
660.97 , 501.01
667.44 , 498.02
674.44 , 496.27
681.67 , 495.02
689.14 , 494.27
696.84 , 494.02
704.32 , 494.77
711.32 , 496.55
717.94 , 499.02
724.29 , 502.32
720.09 , 507.99
713.12 , 509.76
705.87 , 511
698.64 , 512.27
691.19 , 513.02
683.84 , 512.01
676.72 , 510.53
669.87 , 508.54
663.17 , 506.27
555.13 , 495.35
550.05 , 491.29
544.5 , 488.49
538.68 , 486.59
532.38 , 485.58
526.08 , 484.58
519.52 , 484.08
512.85 , 483.83
506.55 , 484.82
500.95 , 487.45
495.85 , 491.33
501.45 , 493.8
507 , 496.61
512.55 , 499.29
518.48 , 501.11
524.77 , 502.08
531.33 , 501.58
537.88 , 501.08
544.3 , 500.33
550.28 , 498.64
636.69 , 462.93
649.74 , 455.92
663.84 , 451.66
678.82 , 449.19
693.54 , 446.19
708.54 , 443.69
724.37 , 442.93
739.22 , 445.68
752.59 , 451.84
765.44 , 459.43
777.28 , 469.77
763.54 , 473.18
747.59 , 472.7
732.74 , 469.93
717.02 , 468.93
701.32 , 469.93
686.09 , 471.94
671.47 , 475.18
656.84 , 478.43
641.49 , 476.7
577.27 , 465.29
567.73 , 454.49
555.85 , 447.89
542.9 , 444.19
529.9 , 440.5
516.83 , 437.01
503.85 , 433.26
490.75 , 429.73
476.82 , 427.96
463.88 , 431.79
452.2 , 438.73
457.69 , 450.95
469.77 , 457.01
483.95 , 455.73
498.27 , 456.73
511.98 , 458.98
525.55 , 461.48
537.85 , 466.88
550.9 , 470.44
565.42 , 470.98
