3218989431_1
351.9 , 1579.75
368.62 , 1668.76
396.83 , 1765.22
433.16 , 1859.19
465.64 , 1944.16
504.63 , 2039.54
542.56 , 2122.58
585.85 , 2213.73
627.11 , 2307.69
663.7 , 2396.23
709.94 , 2480.49
772.83 , 2550.16
848.64 , 2616.42
918.59 , 2676.83
1009.99 , 2725.11
1096 , 2762.8
1189.46 , 2794.19
1285.93 , 2817.28
1385.67 , 2835.45
1482.87 , 2839.57
1577.46 , 2817.65
1664.66 , 2775.44
1746.9 , 2726.5
1827.93 , 2668.46
1909.53 , 2626.06
1995.45 , 2578.3
2078.59 , 2531.09
2168.7 , 2485.15
2251.12 , 2435.66
2327.55 , 2374.17
2386.34 , 2295.39
2435.24 , 2214.82
2478.67 , 2126.4
2508.04 , 2031.65
2550.32 , 1941.25
2599.95 , 1854.14
2639.18 , 1774.26
2674.68 , 1678.63
2689.92 , 1581.26
2691.79 , 1481.95
2678.65 , 1383.95
1076.75 , 1460.89
1025.44 , 1535.04
977.69 , 1619.24
946.25 , 1709.77
930.9 , 1797
1011.4 , 1835.95
1105.25 , 1860.57
1194.02 , 1881
1292.24 , 1891.8
1380.87 , 1876.5
1475.4 , 1842.94
1569.68 , 1822.63
1661.27 , 1796.34
1721.36 , 1735.09
1704.79 , 1643.45
1655.1 , 1559.75
1594.77 , 1482.47
927.95 , 2105.07
1006.58 , 2084.54
1091.58 , 2077.32
1173.35 , 2063.3
1258.85 , 2057.07
1346.53 , 2058.82
1427.73 , 2043.8
1511.33 , 2033.54
1598.88 , 2035.57
1687.05 , 2034.82
1774.98 , 2033.57
1861.45 , 2037.82
1888.46 , 2112.1
1859.97 , 2186.8
1824.23 , 2259.27
1778.45 , 2327.82
1713.73 , 2384.55
1641 , 2419.55
1565.6 , 2446.09
1486.83 , 2466.32
1401.92 , 2473.82
1315.7 , 2469.07
1233.23 , 2456.58
1157.85 , 2429.98
1089.38 , 2383.99
1025.5 , 2324.9
984.45 , 2254.57
956.68 , 2179.62
977.7 , 2117.07
1040.53 , 2126.6
1103.62 , 2135.58
1169.62 , 2138.57
1233.8 , 2145.31
1298.7 , 2150.57
1362.75 , 2157.57
1427.68 , 2153.32
1488.8 , 2140.22
1550.3 , 2127.97
1609.73 , 2111.57
1667.33 , 2091.69
1727.03 , 2075.58
1788.58 , 2063.45
1799.83 , 2110.57
1749.03 , 2149.55
1695.73 , 2181.55
1639.7 , 2206.57
1579.92 , 2222.31
1518.17 , 2234.07
1455.23 , 2243.31
1389.83 , 2247.07
1323.45 , 2244.82
1259.28 , 2238.08
1198.35 , 2224.56
1141.55 , 2202.61
1085.58 , 2177.94
1030.83 , 2149.44
1570.29 , 1182.05
1595.61 , 1147.95
1629.39 , 1121.7
1665.79 , 1102.55
1702.99 , 1085.81
1742.12 , 1074.06
1784.64 , 1069.02
1828.96 , 1070.3
1871.84 , 1074.54
1912.89 , 1082.56
1948.57 , 1103.33
1943.79 , 1144.3
1907.24 , 1163.1
1869.14 , 1177.05
1829.14 , 1187.31
1786.26 , 1191.55
1741.44 , 1191.8
1698.21 , 1188.32
1656.29 , 1182.05
1613.29 , 1178.05
1048.45 , 1191.95
1014.47 , 1170.25
979.67 , 1150.65
943.7 , 1134.26
906.85 , 1120.51
866.97 , 1113.02
823.7 , 1113.02
783.1 , 1119
745.15 , 1130.43
710.02 , 1149.3
677.55 , 1175.27
708.72 , 1204.95
744.15 , 1223.11
781.9 , 1234.86
821.67 , 1242.54
864.22 , 1244.52
905.32 , 1239.52
945.7 , 1233.01
986.8 , 1228.02
1026.93 , 1221.04
1434.98 , 965.87
1498.58 , 905.75
1571.68 , 871.67
1649.23 , 849.12
1728.36 , 829.14
1808.45 , 811.38
1888.23 , 792.87
1970.13 , 778.86
2058.31 , 779.37
2136.33 , 801.12
2201.73 , 856.37
2165.18 , 927.64
2081.91 , 938.55
1997.81 , 929.12
1909.26 , 928.87
1823.83 , 935.52
1741.9 , 949.44
1665.06 , 973.3
1588.26 , 997.12
1505.03 , 1007.9
1092.8 , 1010.34
1047.25 , 950
976.31 , 929.21
902.46 , 914.24
827.86 , 900.7
755.31 , 882.72
684.96 , 860.97
611.86 , 844.22
532.48 , 847.94
465.28 , 878.1
409.93 , 936.22
444.68 , 1001.89
514.48 , 1024.51
585.18 , 1003.72
659.4 , 989.47
736.86 , 996.65
809.03 , 1015.2
880.58 , 1034.97
954.33 , 1050.23
1032.68 , 1055.97
