3218990939_1
231.92 , 631.34
226.98 , 654.81
219.64 , 680.12
213.95 , 705.93
213.93 , 732.24
214.36 , 760.1
215.57 , 786.53
216.83 , 812.87
221.68 , 837.93
229.05 , 863.49
239.91 , 887.41
252.63 , 910.97
263.04 , 933.38
274.09 , 958.2
282.17 , 983.17
293.33 , 1007.33
310.67 , 1025.34
335.88 , 1035.94
360.3 , 1043.1
387.38 , 1046.12
412.34 , 1044.69
439.81 , 1041.62
465.21 , 1037.35
490.41 , 1027.6
513.92 , 1015.17
536.5 , 1002.31
558.6 , 989.05
579.33 , 973.11
598.86 , 956.16
618.63 , 938.52
636.66 , 917.6
650.3 , 897.61
665.64 , 873.3
676.1 , 851.44
688.5 , 825.81
699.65 , 803.78
711.11 , 780.31
720.59 , 754.31
724.94 , 730.36
731.18 , 703.4
734.64 , 676.2
319.94 , 650.46
314.26 , 667.84
307.23 , 687.78
299.32 , 706.81
293.35 , 724.86
290.93 , 745
299.44 , 764.21
314.94 , 775.64
334.75 , 778.53
355.53 , 777.55
375 , 774.38
395.01 , 770.13
414.18 , 764.9
429.41 , 753.74
429.9 , 733.86
419.88 , 716.72
405.15 , 701.16
288.75 , 825.58
299.65 , 816.15
312.3 , 811.56
326.7 , 812.58
341.1 , 813.58
355.98 , 813.58
370.62 , 814.08
384.8 , 815.58
398.6 , 817.86
412.1 , 820.68
424.73 , 825.32
436.93 , 831.32
449.5 , 836.08
461.58 , 842.39
456.07 , 853.82
443.68 , 859.15
430.15 , 861.93
416.4 , 864.34
402.38 , 866.09
388.32 , 867.83
374.3 , 869.58
359.9 , 870.58
345.73 , 869.08
331.7 , 867.33
317.52 , 865.83
304.75 , 861.58
293.5 , 853.08
290.25 , 839.76
299 , 824.83
309.95 , 827.6
320.77 , 830.59
332.1 , 832.61
343.55 , 834.32
354.6 , 836.93
366.32 , 838.08
378.38 , 838.58
390.3 , 839.33
402.23 , 840.08
413.93 , 841.26
425.35 , 843.06
436.77 , 844.83
448.48 , 846.06
459.6 , 847.83
448.02 , 846.35
436.35 , 845.06
424.9 , 843.3
413.45 , 841.56
401.77 , 840.33
389.85 , 839.58
377.68 , 839.83
365.65 , 839.35
354.12 , 837.71
343.4 , 834.6
332.07 , 832.57
320.62 , 830.82
309.65 , 828.11
448.44 , 619.78
455.67 , 613.56
462.64 , 606.58
469.79 , 600.16
477.99 , 596.51
487.49 , 595.78
496.74 , 597.03
505.59 , 599.18
513.82 , 602.66
521.72 , 607.04
528.94 , 613.28
529.24 , 622.48
520.87 , 625.55
512.12 , 627.76
502.87 , 629.03
493.12 , 629.28
483.99 , 627.8
475.19 , 625.53
466.29 , 623.53
456.91 , 622.53
334.96 , 608.56
328.49 , 602.34
321.59 , 597.46
314.24 , 593.7
306.46 , 591.21
298.31 , 589.46
289.51 , 589.96
281.11 , 591.21
273.46 , 594.06
266.84 , 599.71
260.84 , 606.21
266.32 , 612.93
273.54 , 616.91
281.59 , 618.96
290.24 , 619.71
299.14 , 619.96
308.16 , 619.96
316.94 , 619.46
325.59 , 618.71
333.65 , 616.7
404.4 , 562.17
417.2 , 544.58
436.55 , 536.77
458.9 , 535.17
481.15 , 536.92
502.75 , 540.02
523.4 , 545.17
543.08 , 552.16
562.15 , 560.92
579.88 , 573.41
595.8 , 589.57
591.12 , 607.15
571.65 , 599.67
553.6 , 588.13
534.4 , 579.67
514.05 , 574.07
491.97 , 571.92
469 , 572.17
446.62 , 570.67
423.52 , 570.7
347.1 , 586.55
342.94 , 573.4
334.39 , 561.85
323.64 , 551.1
312.37 , 541.82
300.57 , 534.06
288 , 528.32
274.37 , 525.07
260.05 , 526.89
247.75 , 533.43
239.62 , 545.07
244.87 , 557.73
257.64 , 553.07
271.87 , 555.07
284.37 , 561.07
296.52 , 567.98
309.25 , 573.07
321.6 , 579.54
332.99 , 588.45
342.99 , 599.45
