3220050079_2
300.7 , 406.19
300.27 , 417.37
301.36 , 430.38
303.65 , 442.17
305.92 , 454.06
308.54 , 465.28
312.11 , 477.58
316.44 , 488.36
321.17 , 500.1
325.41 , 511.19
330.16 , 522.14
337.54 , 532.22
345.83 , 541.84
354.3 , 549.86
364.36 , 556.79
375.44 , 562.55
386.57 , 567.27
398.02 , 571.34
409.6 , 575.17
420.82 , 577.46
433.51 , 578.3
445.54 , 577.79
457.93 , 576.57
470.31 , 574.86
481.09 , 572.03
493.12 , 566.61
501.97 , 558.75
508.34 , 548.12
513.4 , 537.31
518.77 , 526.27
524.76 , 515.69
532.38 , 506.83
538.73 , 495.93
543.65 , 484.84
548.86 , 474.13
554.02 , 463.03
558.65 , 451.81
562.76 , 440.45
566 , 428.9
568 , 417.12
568.55 , 403.89
404.35 , 384.78
397.19 , 391.03
391.03 , 398.95
390.96 , 408.37
397.74 , 415.17
406.13 , 420.02
415.32 , 422.99
424.96 , 422.81
435.44 , 422.36
444.44 , 423.39
454.8 , 423.42
464.78 , 421.94
473.92 , 420.39
480.31 , 413.61
480.14 , 403.27
476.63 , 394.64
471.24 , 385.7
371.95 , 472.09
379.43 , 467.62
386.88 , 462.94
394.25 , 458.02
401.82 , 453.71
409.6 , 449.81
417.88 , 447.33
426.43 , 445.34
435.57 , 446.09
444.82 , 445.59
453.73 , 446.83
461.55 , 450.6
468.37 , 457.01
474.35 , 463.99
480.9 , 470.76
482.17 , 479.65
474.5 , 483.8
466.1 , 486.08
457.2 , 487.34
448.43 , 488.84
439.4 , 489.84
429.9 , 489.84
421.12 , 488.35
412.85 , 485.87
404.73 , 483.08
396.67 , 480.09
387.77 , 478.83
379.73 , 475.83
378.45 , 471.09
386 , 470.09
393.45 , 468.84
400.38 , 466.57
407.2 , 464.09
414.5 , 462.6
422.55 , 462.59
430.25 , 463.34
438.27 , 463.34
446.1 , 463.84
453.52 , 465.09
460.48 , 467.35
467.4 , 469.57
474.23 , 472.1
481.36 , 473.96
474.38 , 472.52
467.6 , 469.87
460.77 , 467.32
453.57 , 465.58
446 , 464.59
438.2 , 464.09
430.52 , 463.34
422.73 , 462.84
414.92 , 463.34
407.6 , 464.82
400.67 , 467.08
393.6 , 469.09
386.4 , 470.84
475.65 , 351.22
480.55 , 348.48
485.65 , 346.22
491.07 , 344.71
496.75 , 343.73
502.9 , 343.72
508.67 , 344.47
514.35 , 345.48
519.48 , 347.75
524.55 , 350.1
528.54 , 354.59
526.37 , 359.47
520.48 , 359.97
514.42 , 360.22
508.52 , 359.72
502.62 , 359.22
496.95 , 358.21
491.4 , 356.97
485.85 , 355.73
480.6 , 353.93
390.71 , 346.79
386.43 , 343.17
381.66 , 340.89
376.46 , 339.67
371.01 , 338.91
365.46 , 339.39
360.38 , 340.9
355.63 , 343.31
351.04 , 345.94
346.58 , 349.13
342.31 , 352.66
347.51 , 353.91
352.71 , 355.15
358.03 , 356.16
363.59 , 356.66
369.13 , 357.16
374.94 , 357.16
380.13 , 355.93
385.06 , 354.16
389.84 , 352.06
466.3 , 308.79
470.8 , 300.04
480.15 , 297.01
490.23 , 295.54
500.55 , 294.54
511.25 , 294.29
521.35 , 295.78
530.62 , 298.86
539.18 , 304.05
546.65 , 311.64
551.79 , 320.22
554.4 , 328.87
545.45 , 324.78
536.98 , 319.54
528.27 , 314.78
518.95 , 311.78
508.85 , 310.29
498.15 , 310.04
487.35 , 310.04
476.65 , 309.79
414.76 , 312.04
414.76 , 301.02
405.69 , 295.59
395.52 , 293.04
384.77 , 291.52
373.69 , 290.77
362.22 , 290.78
351.55 , 292.34
342.02 , 296.59
333.42 , 303.22
326.03 , 311.59
319.62 , 320.27
330.85 , 319.78
339.75 , 313.89
349.17 , 309.5
359.89 , 308.02
371.12 , 307.52
382.35 , 308.02
393.07 , 309.53
403.57 , 311.48
