3222262589_1
1035.28 , 1282.53
1040.8 , 1325.32
1048.18 , 1374.61
1059.4 , 1416.75
1072.13 , 1460.54
1088 , 1505.58
1108.46 , 1546.95
1132.73 , 1589.5
1156.97 , 1626.86
1185.43 , 1661.38
1221.69 , 1695.85
1251.18 , 1729.77
1287.43 , 1760.15
1324.2 , 1788.5
1360.06 , 1817.83
1396.81 , 1846.18
1435.63 , 1872.7
1476.25 , 1894.36
1521.81 , 1904.34
1568.19 , 1902.31
1610.95 , 1897.05
1660.17 , 1886.45
1701.57 , 1873.24
1742.47 , 1851.1
1776.46 , 1818.57
1805.71 , 1778.62
1833.59 , 1743.7
1862.45 , 1708.03
1890.52 , 1672.17
1912.29 , 1631.58
1931.48 , 1587.32
1951.76 , 1544.91
1967.69 , 1501.23
1983.93 , 1460.07
1998.67 , 1412.76
2011.02 , 1369.55
2020.68 , 1323.14
2023.42 , 1276.16
2022.74 , 1229.91
2017.24 , 1186.79
2010.06 , 1136.67
1321.9 , 1250.12
1320.06 , 1281.37
1326.39 , 1312.25
1341.57 , 1343.3
1365.19 , 1363.7
1391.82 , 1382.25
1420.36 , 1398.72
1454.02 , 1404.11
1486.11 , 1403.12
1510 , 1383.95
1533.12 , 1360.78
1556.22 , 1337.47
1584.54 , 1317.05
1612.49 , 1303.03
1625.72 , 1274.79
1625.82 , 1239.94
1615.29 , 1207.87
1290.7 , 1484.62
1329.42 , 1474.61
1370.35 , 1469.12
1411.75 , 1464.62
1454.38 , 1462.62
1496.38 , 1459.37
1534.88 , 1448.94
1571.85 , 1435.46
1611.08 , 1426.34
1652.95 , 1422.87
1696.18 , 1422.12
1737.35 , 1427.14
1771.94 , 1445.39
1757.18 , 1481.89
1740.29 , 1517.77
1720.3 , 1552.52
1688.62 , 1580.92
1655.3 , 1604.78
1619.53 , 1622.05
1581.1 , 1632.6
1541.28 , 1640.38
1500.5 , 1646.12
1457 , 1645.91
1419.7 , 1633.37
1384.75 , 1613.92
1352.15 , 1588.07
1324.48 , 1556.14
1303.44 , 1521.82
1316.95 , 1497.12
1350.7 , 1499.12
1384.85 , 1500.37
1419.33 , 1500.87
1453.6 , 1499.87
1487.98 , 1500.62
1521.62 , 1498.37
1551.45 , 1488.62
1581.33 , 1478.9
1611.05 , 1468.9
1641.65 , 1460.39
1671.5 , 1450.64
1702.55 , 1442.89
1733.71 , 1447.54
1713.95 , 1473.87
1693.25 , 1499.82
1668.15 , 1522.9
1641.08 , 1540.36
1612.7 , 1554.62
1581.98 , 1562.87
1549.8 , 1568.09
1518.75 , 1575.88
1487.6 , 1583.37
1452.9 , 1583.33
1423.05 , 1573.46
1395.72 , 1556.65
1369.72 , 1536.15
1343.5 , 1516.17
1570.23 , 1041.94
1586.7 , 1028.47
1603.63 , 1016.06
1619.9 , 1002.01
1636.63 , 989.06
1654.61 , 979.57
1673.81 , 973.41
1694.53 , 970.4
1716.53 , 970.44
1736.48 , 975.19
1754.35 , 984.94
1751.7 , 1004.7
1734.15 , 1015.25
1715.81 , 1023.7
1696.01 , 1028.69
1674.88 , 1030.94
1652.68 , 1030.94
1630.88 , 1030.29
1611.31 , 1035.66
1592.33 , 1042.18
1288.26 , 1068.79
1276.71 , 1058.53
1263.79 , 1052.06
1249.81 , 1048.31
1235.06 , 1046.04
1219.61 , 1045.26
1204.91 , 1047.63
1191.56 , 1052.75
1179.06 , 1060.24
1167.59 , 1070.72
1158.26 , 1082.54
1171.24 , 1088.8
1184.79 , 1093.29
1199.29 , 1096.04
1214.38 , 1097.54
1229.86 , 1096.79
1243.91 , 1093.14
1257.93 , 1089.36
1272.18 , 1086.11
1286.53 , 1083.03
1509 , 935.33
1536.62 , 908.68
1568.85 , 894.8
1601.85 , 883.3
1635.22 , 872.6
1669.6 , 863.55
1705.17 , 857.06
1742.92 , 855.08
1779.33 , 859.83
1808.7 , 881.77
1825.26 , 913.13
1796.88 , 935.7
1762.58 , 926.58
1725.05 , 924.08
1686.95 , 925.32
1651.38 , 931.81
1618.2 , 942.88
1586.22 , 957.6
1554.55 , 973.33
1517.47 , 969.97
1357.35 , 1006.17
1350.62 , 970.65
1319.73 , 952.42
1285.73 , 942.4
1249.53 , 936.65
1212.38 , 932.9
1174.85 , 929.9
1137.35 , 932.88
1104.45 , 945.4
1075.23 , 968.38
1056.36 , 999
1045.2 , 1032.4
1078.38 , 1043.69
1108.75 , 1024.1
1138.18 , 1001.66
1172.97 , 992.89
1211.93 , 992.9
1249.7 , 995.4
1285.62 , 1001.67
1320.53 , 1010.22
