3230011778_1
32.94 , 331.19
36.79 , 345.59
39.45 , 358.95
44.15 , 374.27
48.33 , 388.16
52.51 , 403.31
56.64 , 416.73
62.04 , 431.59
67.93 , 444.55
75.79 , 458.17
83.76 , 469.9
93.35 , 482.15
102.94 , 492.14
114.72 , 502.02
126.27 , 510.92
138.98 , 520.07
151.54 , 527.63
165.85 , 534.38
178.78 , 539.74
193.27 , 545.48
207.12 , 551.05
221.36 , 555.28
236.55 , 555.79
250.69 , 556.84
265.49 , 553.44
278.65 , 546.74
291.01 , 537.85
300.53 , 526.73
308.45 , 513.56
314.43 , 499.92
318.92 , 485.57
323.46 , 472.25
332.59 , 458.91
340.8 , 446.94
344.8 , 433.16
349.87 , 418.36
355.43 , 404.13
359.68 , 390.13
364.15 , 375.94
366.25 , 360.71
365.06 , 345.7
221.68 , 346.61
214.95 , 352.85
210.5 , 362.66
214 , 371.37
222.3 , 377.4
231.71 , 381.5
240.95 , 385.41
250.4 , 389.7
260.27 , 393.23
269.81 , 394.43
280.02 , 392.91
290.16 , 390.13
298.53 , 385.11
303.53 , 376.05
305 , 366.34
301.79 , 356.64
295.99 , 347.48
167.7 , 423.05
177.12 , 418.37
187.97 , 416.8
199.07 , 415.8
210.42 , 415.3
221.77 , 414.8
233.25 , 415.05
244.25 , 416.3
255 , 418.05
266.48 , 418.3
277.57 , 417.3
288.93 , 416.8
299.55 , 418.78
308.18 , 425.78
304.65 , 435.62
295.92 , 442.33
286.93 , 448.31
277.3 , 452.57
266.9 , 455.05
256.15 , 456.8
244.9 , 457.55
233.8 , 456.55
223.3 , 454.3
213.32 , 451.02
203.62 , 446.99
194.52 , 441.4
185.52 , 435.4
176.62 , 429.2
176.95 , 424.8
185.92 , 423.8
195.27 , 423.55
204.72 , 423.55
213.47 , 425.05
222.45 , 426.05
231.42 , 427.05
240.3 , 428.29
248.9 , 430.06
257.9 , 431.05
266.75 , 429.81
275.23 , 427.78
283.9 , 426.09
292.85 , 427.05
301.29 , 429.14
293.82 , 431.56
284.85 , 432.55
275.75 , 433.3
266.65 , 434.05
257.18 , 434.05
248.2 , 433.05
239.57 , 431.33
230.85 , 429.79
222.1 , 428.29
213.35 , 426.8
204.38 , 425.8
195.15 , 426.3
185.7 , 426.3
295.44 , 287.19
298.09 , 284.26
301.49 , 282.96
304.94 , 281.69
308.49 , 280.69
312.17 , 279.94
316.06 , 279.69
319.87 , 280.19
323.54 , 280.94
326.92 , 282.44
329.91 , 284.89
329.58 , 288.69
326.17 , 289.94
322.24 , 289.69
318.31 , 289.44
314.39 , 289.19
310.46 , 288.94
306.56 , 288.68
302.89 , 287.94
298.97 , 288.19
204.72 , 289.01
201.3 , 286.12
197.38 , 284.62
193.53 , 282.84
189.25 , 282.09
184.6 , 282.09
179.95 , 282.09
175.43 , 282.32
171.43 , 283.66
167.65 , 285.7
164.75 , 289.09
168.5 , 291.09
172.43 , 292.61
176.6 , 293.58
180.88 , 294.33
185.3 , 294.84
189.82 , 295.09
194.35 , 294.84
198.62 , 294.09
202.57 , 292.57
296.87 , 255.5
300.81 , 248.8
307.14 , 243.72
314.07 , 240.26
321.35 , 237.77
329.72 , 237.5
337.6 , 238.76
345.07 , 240.72
351.89 , 244.51
358.14 , 249.77
361.58 , 256.7
362.74 , 264.63
357.14 , 268.77
351.64 , 262.76
344.72 , 259.28
336.82 , 258
328.35 , 258
320.1 , 258.5
311.97 , 259.25
304 , 258.28
241.17 , 247.19
230.2 , 238.03
217.1 , 234.52
202.85 , 233.29
188.75 , 234.78
175.45 , 238.05
162.68 , 242.1
150.28 , 247.26
138.25 , 253.53
126.9 , 261.63
115.75 , 270.28
126.53 , 280.04
140.38 , 278.05
151.95 , 270.57
164.22 , 265.05
177.12 , 261.15
190.7 , 258.57
204.93 , 257.28
219.65 , 257.03
234.1 , 257.78
