1422700214_1
244.2 , 1842.5
261.87 , 1916.41
279.62 , 1987.74
297.48 , 2060.18
316.42 , 2138.73
334.67 , 2211.24
365.85 , 2277.75
394.59 , 2347.8
431.47 , 2420.53
478.22 , 2479.24
524.62 , 2537.72
578.75 , 2587.44
635.93 , 2639.3
691.93 , 2690.2
756.24 , 2733.84
820.45 , 2783.2
884.69 , 2826.28
948.14 , 2854.21
1025.27 , 2873.39
1103.3 , 2879.34
1175.9 , 2869.63
1249.32 , 2844.78
1321.67 , 2817
1386.37 , 2772.11
1443.57 , 2728.04
1504.92 , 2684.74
1565.2 , 2635.46
1616.84 , 2580.7
1668.59 , 2524.21
1718.14 , 2461.04
1761.42 , 2403.32
1795.75 , 2336.61
1824.6 , 2263.2
1849.26 , 2191.23
1874.41 , 2120.26
1897.15 , 2043.45
1906.1 , 1970.9
1909.05 , 1889.6
1911.56 , 1818.2
1913.84 , 1741.45
1916.32 , 1659.13
835.7 , 1993.4
806.53 , 2034.84
791.76 , 2092.35
794.83 , 2143.75
832.07 , 2188.8
886.96 , 2193.05
939.83 , 2179.78
993.63 , 2185.98
1051.84 , 2199.63
1106.45 , 2190.07
1158.27 , 2170.01
1213.73 , 2163.96
1264.79 , 2155.41
1316.08 , 2126.33
1325.48 , 2076.2
1302.55 , 2021.03
1275.2 , 1970.8
792.39 , 2441.67
833.84 , 2424.46
873.94 , 2402.9
913.97 , 2381.16
955.19 , 2362.91
999.37 , 2351.42
1045.82 , 2357.6
1093.44 , 2353.42
1138.22 , 2343.18
1185.62 , 2347.42
1230.49 , 2357.4
1276.07 , 2365.93
1322.24 , 2373.18
1368.66 , 2379.92
1381.97 , 2420.85
1349.99 , 2456.8
1312.74 , 2486.08
1272.57 , 2507.45
1229.89 , 2521.42
1185.32 , 2532.15
1139.49 , 2540.16
1092.34 , 2545.42
1043.74 , 2547.67
994.89 , 2545.92
948.59 , 2538.94
906.06 , 2524.61
865.76 , 2503.52
828.22 , 2475
795.89 , 2444.92
837.72 , 2448.42
878.97 , 2443.67
921.39 , 2445.92
964.69 , 2445.42
1007.26 , 2443.42
1049.72 , 2445.67
1092.04 , 2448.17
1132.91 , 2442.67
1173.19 , 2435.92
1214.66 , 2431.67
1253.24 , 2421.42
1292.54 , 2412.66
1333.41 , 2407.17
1369.84 , 2401.94
1330.32 , 2410.19
1291.34 , 2419.71
1251.54 , 2427.42
1210.69 , 2432.9
1171.26 , 2441.4
1131.91 , 2450.15
1090.69 , 2454.41
1049.72 , 2449.17
1006.76 , 2450.42
963.49 , 2449.92
920.42 , 2450.92
877.61 , 2449.42
835.64 , 2452.67
1319.15 , 1620.98
1338.75 , 1589.86
1366.53 , 1561.6
1396.05 , 1537.33
1427.83 , 1519.29
1460.9 , 1504.98
1496.8 , 1496.96
1536.1 , 1495.98
1572.85 , 1502.24
1606.3 , 1515.39
1638.15 , 1533.23
1643.32 , 1570.06
1614.93 , 1597.47
1582.95 , 1614.97
1549 , 1626.74
1512 , 1632.48
1472.48 , 1632.98
1433.3 , 1631.73
1396.43 , 1625.73
1358.45 , 1621.98
766.4 , 1633.47
742.65 , 1600.7
711.42 , 1572.68
676.62 , 1554.42
639.52 , 1542.67
597.72 , 1540.57
557.82 , 1546.94
520.87 , 1558.92
485.64 , 1576.15
452.07 , 1597.49
417.87 , 1617.17
453.27 , 1633.67
483.75 , 1663.8
516.7 , 1686.92
553.32 , 1699.65
594.97 , 1702.42
635.22 , 1696.82
672.97 , 1686.15
710.44 , 1675.1
749.67 , 1667.43
1201.35 , 1395.42
1237.35 , 1338.17
1293.9 , 1300.6
1353.5 , 1270.26
1414.38 , 1244.15
1478.52 , 1225.66
1547.22 , 1216.55
1619.07 , 1217.92
1685.95 , 1230.76
1747.9 , 1253.95
1802.1 , 1298.67
1803.53 , 1360.19
1734.62 , 1351.42
1665.2 , 1343.77
1593.1 , 1342.67
1523.6 , 1350.17
1454.6 , 1358.67
1387.65 , 1371.4
1323.3 , 1389.46
1263.3 , 1418.19
839.6 , 1416.67
819.05 , 1359.69
768.31 , 1320.96
710.03 , 1302.97
649 , 1290.15
590.61 , 1272.24
527.13 , 1264.47
460.98 , 1266.75
403.25 , 1285.8
354.44 , 1329.87
311.85 , 1379.19
266.33 , 1427.47
331.28 , 1432.22
396.23 , 1427.47
460.45 , 1421.22
524.68 , 1414.97
590.73 , 1412.47
654.58 , 1419.47
717.95 , 1427.44
782.23 , 1433.62
