3231797341_1
434.34 , 478.44
440.15 , 495.31
446.46 , 512.09
453.56 , 528.63
461.1 , 544.72
468.83 , 560.9
477.44 , 576.74
486.86 , 592.02
497.51 , 604.59
511.21 , 617
525.45 , 628.65
540.92 , 638.43
555.88 , 645.5
573.76 , 650.36
592.24 , 652.82
608.98 , 654.71
627.13 , 657.69
644.92 , 662.09
661.51 , 666.69
677.96 , 671.43
696.35 , 671.45
711.66 , 663.45
728.13 , 652.84
742.67 , 643.81
757.85 , 636.13
775.15 , 628.77
790.77 , 619.85
802.73 , 606.41
814.37 , 592.85
826.73 , 580.18
839.35 , 567.75
849.97 , 552.98
856.36 , 536.47
859.81 , 519.6
863.68 , 502.17
865.12 , 483.09
864.12 , 466.32
862.14 , 447.68
859.23 , 429.2
855.36 , 412.57
850.14 , 394.5
617.81 , 418.99
613.06 , 432.32
608.3 , 446.98
608.4 , 461.18
619.78 , 471.29
634.38 , 471.04
648.51 , 468.6
663.29 , 466.56
677.96 , 465.15
693.81 , 461.06
708.45 , 458.13
721.99 , 455.97
735.68 , 448.15
737.66 , 433.71
733.07 , 419.3
721.37 , 409.96
709.65 , 400.65
580.88 , 554.4
590.45 , 542.07
602.3 , 531.23
615 , 522.77
628.46 , 516.12
642.3 , 510.88
657.23 , 507.91
672.9 , 506.4
687.75 , 503.16
702.68 , 500.16
718.61 , 501.15
733.81 , 503.65
749.23 , 505.65
764.3 , 508.37
765.84 , 523.95
758.98 , 537.3
749.03 , 549.5
737.06 , 559.99
724.4 , 568.64
711 , 575.4
696.98 , 580.15
681.9 , 582.9
666.11 , 584.15
649.7 , 584.15
634.03 , 582.64
619.08 , 579.66
605.23 , 574.41
592.63 , 565.65
599.88 , 553.15
605.54 , 542.2
616.58 , 536.69
628.08 , 532.63
639.71 , 528.88
651.98 , 526.41
664.25 , 523.91
676.65 , 521.65
689.21 , 519.65
701.36 , 516.89
713.43 , 513.88
725.83 , 511.64
739.21 , 511.4
751.86 , 513.15
761.95 , 520.08
755.36 , 530.66
744.31 , 536.13
732.03 , 538.63
720.25 , 542.15
708.2 , 545.15
695.9 , 547.65
683.75 , 550.41
671.68 , 553.4
659.61 , 556.4
647.43 , 559.13
635.5 , 562.39
622.38 , 563.15
610.33 , 560.11
698.93 , 345.99
704.5 , 340.67
710.33 , 336.06
716.83 , 333.21
723.8 , 331.49
731 , 330.24
738.8 , 330.25
746 , 331.47
752.55 , 334.11
758.7 , 337.77
764.66 , 342.19
758.75 , 346.43
752.11 , 348.72
745.25 , 350.76
738.75 , 353.51
731.78 , 355.26
724.58 , 356.49
717.03 , 355.99
709.83 , 354.76
703.34 , 351.94
577.41 , 370.62
570.66 , 367.38
563.09 , 366.13
555.01 , 366.38
547.44 , 367.63
540.09 , 369.36
533.22 , 372.14
526.57 , 375.54
520.16 , 379.66
514.16 , 384.9
509.69 , 391.13
517.54 , 391.88
525.72 , 391.88
533.32 , 390.63
540.76 , 389.14
548.12 , 387.38
555.34 , 385.36
562.69 , 383.63
570.04 , 381.91
576.68 , 378.41
665.16 , 310.26
672.54 , 299.08
684.99 , 294.98
698.96 , 294.01
713.03 , 293.26
726.99 , 292.26
740.81 , 291.01
754.41 , 289.26
768.24 , 288.01
781.59 , 290.28
792.5 , 298.59
789.55 , 311.25
775.48 , 310.5
762.38 , 307.76
748.18 , 307.26
734.81 , 309.51
721.23 , 311.26
707.03 , 311.76
692.96 , 312.51
678.51 , 312.51
594.92 , 315.04
580.6 , 310.28
564.3 , 309.53
548.23 , 310.77
532.75 , 313.24
518.48 , 318.01
504.25 , 322.99
490.8 , 330.19
478.81 , 341.43
469.2 , 354.03
460.95 , 367.03
475.12 , 362.01
488.93 , 355.8
503.02 , 350.5
517.15 , 345.32
531.23 , 340.02
545.5 , 335.24
559.95 , 330.78
575.35 , 328.13
591.63 , 328.78
