3233580660_1
394.43 , 455.36
394.32 , 473.67
394.2 , 491.68
394.25 , 509.79
394.09 , 528.05
394.53 , 546.15
395.7 , 564.5
398.31 , 582.49
403.83 , 601.64
411.19 , 618.02
419.59 , 634.26
429.08 , 649.13
441.46 , 664.15
454.23 , 676.66
468.8 , 687.54
484.46 , 698.08
501.05 , 707.18
517.98 , 715.76
535.03 , 722.55
550.89 , 728.61
568.82 , 734.23
586.96 , 736.96
605.32 , 737.28
623.65 , 736
642.13 , 733.79
660.8 , 729.38
678.56 , 722.65
694.76 , 713.6
708.5 , 704.04
722.63 , 692.12
736.14 , 679.29
749.36 , 666.19
760.53 , 651.29
770.11 , 635.4
777.45 , 618.31
783.83 , 600.8
790.81 , 583.56
797.33 , 566.16
803.29 , 548.58
808.4 , 530.6
812.37 , 512.5
577.8 , 470.25
571.35 , 482.75
563.01 , 496.63
557.96 , 510.01
561.19 , 524.68
572.9 , 534.76
587.26 , 539.69
602.97 , 542.73
616.79 , 545.42
632.59 , 549.89
647.23 , 552.81
662.27 , 550.87
675.34 , 544.05
683.9 , 531.49
683.8 , 516.62
678.18 , 501.39
672.8 , 486.8
521.44 , 602.8
532.82 , 595.17
544.84 , 589.14
557.44 , 584.8
570.94 , 582.3
585.57 , 582.55
599.32 , 584.56
611.84 , 589.07
625.84 , 590.55
640.09 , 589.55
653.37 , 592.52
665.07 , 599.4
676.07 , 608.18
686.46 , 618.62
685.39 , 632.85
675.36 , 643.39
664.34 , 652.15
652.24 , 658.03
639.19 , 661.55
624.94 , 662.55
610.47 , 662.05
596.57 , 660.29
583.29 , 657.33
571.02 , 652.11
559.11 , 645.72
549.44 , 635.05
538.97 , 624.82
528.72 , 614.32
542.19 , 607.8
551.69 , 604.8
562.34 , 604.05
573.02 , 604.8
582.97 , 607.05
592.82 , 609.57
602.67 , 612.03
612.72 , 614.05
623.14 , 615.3
633.94 , 615.8
644.74 , 616.3
655.39 , 617.05
665.84 , 618.29
676.02 , 620.07
685.78 , 622.65
676.49 , 624.55
665.94 , 623.55
655.14 , 623.05
644.12 , 623.05
633.32 , 623.55
622.54 , 624.05
611.87 , 623.32
601.79 , 621.33
592.14 , 618.51
582.69 , 615.3
572.87 , 612.81
562.42 , 611.55
551.99 , 610.29
685.6 , 414.46
690.82 , 407.24
698.25 , 402.55
706.5 , 399.94
715.12 , 398.21
724.27 , 397.46
733.4 , 398.21
742.3 , 399.46
750.27 , 402.65
757.73 , 407.31
763.53 , 414.36
761.24 , 422.56
753.27 , 425.78
744.8 , 427.96
735.8 , 428.96
726.55 , 428.46
718 , 426.45
709.48 , 424.48
701.05 , 422.23
692.92 , 419.47
566.82 , 397.96
562.18 , 390.56
555.13 , 384.77
547.36 , 381.08
539.33 , 378.06
530.73 , 376.31
521.61 , 375.56
512.5 , 376.31
503.63 , 377.56
495.13 , 379.55
486.93 , 382.06
491.99 , 389.36
499.06 , 394.93
506.78 , 398.9
514.73 , 402.08
523.33 , 403.8
532.33 , 404.81
541.43 , 404.06
550.31 , 402.81
559.18 , 401.56
677.54 , 341.86
685.84 , 337.59
695.49 , 336.36
705.62 , 336.61
715.62 , 337.11
725.64 , 337.61
735.64 , 338.11
745.51 , 338.86
754.11 , 342.38
759.55 , 350.13
757.1 , 359.12
747.71 , 360.86
737.81 , 361.61
728.19 , 362.86
718.41 , 363.86
708.54 , 364.61
698.89 , 365.86
688.89 , 366.39
681.07 , 360.67
677.8 , 352.01
612.18 , 339.14
597.05 , 325.52
579.62 , 318.34
561.89 , 312.1
544.14 , 305.85
525.6 , 301.09
506.6 , 297.34
486.12 , 298.09
467.22 , 302.06
450 , 309.84
434.12 , 321.34
451.47 , 328.62
471.94 , 327.84
492.14 , 329.09
511.77 , 331.59
530.67 , 335.59
548.5 , 341.62
565.89 , 348.86
584.22 , 353.94
604.12 , 355.84
