3234997069_1
274.75 , 382.85
274.02 , 403.02
273.14 , 421.61
273.12 , 442.05
276.42 , 462.82
280.95 , 482.7
285.74 , 502.55
291.93 , 521.14
300.28 , 540.39
308.33 , 559.49
317.24 , 576.76
330.26 , 592.51
344.95 , 606.15
360.27 , 620.57
376.7 , 631.34
394.58 , 640.97
412.54 , 652.4
429.76 , 663.19
449.25 , 668.71
469.59 , 672.82
488.82 , 674.14
509.47 , 673.62
529.74 , 671.61
548.59 , 666.66
570.14 , 661.44
588.38 , 656.37
607.28 , 647.46
623.15 , 635.16
636.02 , 620.12
648.94 , 604.46
663.37 , 589.4
677.11 , 574.58
688.52 , 557.93
700.38 , 540.53
710.67 , 522.54
717.87 , 505.27
725 , 484.71
730.23 , 465.65
734.17 , 446.3
737.59 , 426.5
741.05 , 404.55
456.01 , 264.86
453.33 , 280.05
449.53 , 295.04
446.3 , 311.59
446.28 , 328.49
451.58 , 343.46
466 , 347.3
483.14 , 346.46
498.3 , 344.65
514.91 , 344.25
529.95 , 346.19
546.52 , 345.51
548.56 , 331
547.23 , 313.2
543.69 , 298.4
538.53 , 282.75
533.11 , 266.68
451.19 , 468.61
453.7 , 454.94
455.94 , 441.13
457.19 , 426.86
459.12 , 412.94
462.92 , 399.88
469.66 , 388.13
482.34 , 383.61
496.87 , 384.33
510.42 , 387.1
522.43 , 393.59
530.56 , 404.99
534.98 , 417.66
539.23 , 430.41
542.91 , 443.51
546.19 , 456.84
546.62 , 471.44
542.94 , 484.53
539.87 , 497.94
535.44 , 510.61
525.94 , 521.36
512.62 , 524.61
497.96 , 525.11
483.54 , 524.2
471.21 , 518.64
460.68 , 508.58
457.18 , 495.41
455.29 , 481.46
473.44 , 468.61
474.66 , 461.74
475.94 , 454.86
477.62 , 448.19
479.32 , 441.49
480.98 , 434.81
483.32 , 428.46
488.81 , 423.73
495.19 , 421.36
502.26 , 422.18
508.39 , 425.27
512.43 , 431.04
515.48 , 437.16
518.42 , 443.34
520.94 , 449.61
522.95 , 456.16
526.44 , 462.11
526.58 , 469.2
521.2 , 473.98
518.01 , 480.04
516.13 , 486.62
510.16 , 490.11
502.91 , 490.61
495.66 , 491.11
488.42 , 490.6
482.73 , 486.91
480.19 , 480.61
477.19 , 474.46
550.05 , 238.2
554.99 , 229.75
561.97 , 222.02
569.57 , 214.67
577.72 , 208.76
586.88 , 205.71
597.3 , 206.2
607 , 208.2
615.97 , 211.69
624.14 , 217.52
630.03 , 225.68
633.85 , 234.55
627.13 , 242.4
618.12 , 245.97
608.55 , 248.2
598.25 , 248.95
588.05 , 247.95
578.6 , 245.43
569.67 , 241.71
559.75 , 240.2
441.58 , 231.9
436.56 , 224.12
430.76 , 216.59
423.19 , 210.77
414.92 , 207.01
405.62 , 205.52
396.19 , 206.77
387.87 , 210.53
380.11 , 215.82
374.32 , 223.4
370.15 , 231.57
366.19 , 239.77
373.69 , 245.27
382.24 , 248.29
391.54 , 249.77
401.44 , 249.52
410.87 , 248.27
420.29 , 247.01
428.84 , 244.03
437.06 , 239.92
510.75 , 155.9
528.6 , 147.81
547.88 , 142.9
568.27 , 140.4
589.08 , 138.67
610.58 , 138.4
630.5 , 141.9
648.6 , 149.5
665.35 , 160.77
676 , 177.15
680.76 , 196.5
665.88 , 199.75
650.05 , 185.91
632.23 , 177.39
612.17 , 174.15
590.77 , 174.63
571.38 , 179.28
551.95 , 183.9
531.35 , 185.24
514.21 , 175.85
463.65 , 176.45
454.78 , 161.17
439.55 , 151.74
423.1 , 145.79
404.92 , 143.33
385.57 , 143.33
367.65 , 146.33
351.15 , 152.08
336.6 , 163.39
326.65 , 178.38
319.15 , 194.33
316.9 , 212.58
332.3 , 207.42
346.02 , 193.83
360.95 , 183.54
378.15 , 179.08
396.77 , 177.58
415.4 , 179.08
432.88 , 183.06
450.25 , 187.18
