3238436027_1
309.93 , 407.1
313.97 , 418.67
317.83 , 431.32
320.96 , 443.84
323.69 , 456.43
326.54 , 468.14
329.85 , 480.88
333.48 , 492.99
339.28 , 505.05
346.16 , 515.9
352.57 , 525.82
359.96 , 537.06
367.83 , 547.23
375.32 , 557.18
382.91 , 566.9
392.34 , 576.66
401.98 , 584.45
413.54 , 590.78
425.7 , 594.32
438.13 , 595.6
450.83 , 594.93
464.42 , 592.44
475.59 , 588.2
487.51 , 582.45
498.71 , 575.66
508.3 , 567.65
517.85 , 558.68
527.04 , 549.48
534.1 , 540.18
542.5 , 529.68
551.19 , 519.62
558.86 , 510.18
566.25 , 499
571.36 , 487.88
575.55 , 475.1
580.23 , 464.45
584.65 , 451.22
587.87 , 439.07
590.3 , 426.82
592.57 , 414.56
595.65 , 401
422.35 , 393.25
414.06 , 401.96
404.27 , 411.75
397.77 , 422.09
399.74 , 435.27
410.81 , 440.5
423.56 , 441.87
436.47 , 443.18
449.36 , 443.68
463.07 , 442.39
475.13 , 440.42
488.49 , 436.75
498.13 , 429.21
496.68 , 416.49
489.13 , 406.14
478.72 , 397.38
466.95 , 391.08
393.12 , 493.24
400.32 , 488.31
407.82 , 484.03
415.64 , 480.73
424.3 , 479.22
433.05 , 477.99
442.07 , 478.74
450.97 , 477.74
459.39 , 475.74
468.52 , 475.24
477.3 , 476.49
485.72 , 478.52
494.05 , 480.67
502.04 , 483.43
502.42 , 491.68
495.25 , 496.83
488.05 , 501.81
480.62 , 506.24
473.02 , 510.25
465.22 , 513.65
456.87 , 515.74
448.1 , 516.99
438.82 , 517.24
430.07 , 515.95
422.14 , 513.01
414.52 , 509.11
406.87 , 505.24
400.17 , 498.79
394.87 , 492.49
402.17 , 491
410 , 490.49
417.8 , 490.99
425.72 , 491.24
433.19 , 492.52
440.87 , 493.24
448.57 , 492.49
455.77 , 490.77
463.02 , 489.09
470.57 , 488.03
478.37 , 487.49
486.42 , 487.49
494.37 , 487.24
502.17 , 486.74
496.35 , 489.24
488.52 , 489.74
480.72 , 490.25
473.05 , 491.06
465.44 , 491.96
458 , 493.24
450.3 , 493.99
442.37 , 494.24
434.32 , 494.24
426.25 , 494.24
418.19 , 494.24
410.14 , 494.24
402.44 , 493.49
488.19 , 341.72
491.62 , 337.29
496.04 , 333.87
500.76 , 331.21
505.64 , 328.96
510.94 , 327.72
516.69 , 327.97
522.12 , 328.97
527.26 , 330.5
532.14 , 332.72
536.59 , 336.1
537.94 , 340.97
532.91 , 342.72
527.62 , 343.97
522.09 , 344.72
516.32 , 344.47
510.54 , 344.22
504.89 , 343.72
499.24 , 343.22
493.59 , 342.71
405.13 , 342.52
401.31 , 338.93
396.94 , 336.98
392.24 , 335.7
387.41 , 334.7
382.24 , 334.95
377.31 , 335.69
372.59 , 336.95
368.31 , 339.23
364.01 , 341.53
360.09 , 344.7
364.29 , 347.16
368.74 , 348.98
373.44 , 350.23
378.49 , 350.7
383.66 , 350.45
388.49 , 349.46
393.31 , 348.45
398.24 , 347.7
403.06 , 346.69
473.44 , 312.48
480.87 , 305.28
489.71 , 301.97
499.54 , 300.74
509.74 , 301.23
519.94 , 301.73
530.01 , 302.47
539.62 , 304.24
548.24 , 308.27
556.21 , 314.01
562.19 , 321.73
557.84 , 328.14
548.69 , 325.48
539.09 , 323.74
529.49 , 322.02
519.66 , 320.73
509.59 , 319.98
499.39 , 320.48
489.44 , 321.48
479.55 , 320.35
411.81 , 321.75
411.61 , 312.54
403.74 , 307.72
394.96 , 305.27
385.69 , 303.75
375.79 , 304
366.04 , 304.52
357.26 , 307.05
349.01 , 311.02
341.49 , 316.82
334.34 , 323.7
331.81 , 332.5
339.36 , 337.77
348.41 , 335.77
356.71 , 331.97
365.49 , 329.48
374.28 , 327.02
383.46 , 325.23
392.99 , 324.25
402.76 , 323.75
