323855036_4
359.68 , 528.99
359.81 , 543.04
361.12 , 558.13
365.02 , 572.98
369.5 , 585.99
374.95 , 600.04
381.05 , 614.02
389.38 , 626.84
399.79 , 637.07
411.09 , 647.27
422.37 , 657.02
433.98 , 665.67
446.79 , 674.13
458.58 , 682.57
472.5 , 689.03
486.81 , 693.25
499.95 , 695.99
515.63 , 695.9
529.95 , 693.9
544.53 , 691.99
560.38 , 690.33
574.8 , 688
588.86 , 684.71
603.05 , 680.27
616.37 , 674.74
630.29 , 666.83
643.11 , 659.86
656.62 , 652.4
667.94 , 644.57
679.6 , 634.61
688.72 , 622.7
695.15 , 609.38
700.45 , 594.85
704.1 , 581.48
707.58 , 566.25
711.05 , 552.74
715.29 , 537.42
718.28 , 523.48
719.94 , 508.06
719.62 , 493.75
717.35 , 478.1
470.28 , 488.19
465.26 , 498.56
459.67 , 508.51
458.49 , 520.14
465.93 , 529.38
476.51 , 534.37
487.86 , 538.03
499.96 , 539.55
510.9 , 539.79
522.74 , 539.38
534.62 , 535.75
545.85 , 532.76
557.2 , 528.19
563.92 , 519.42
563.79 , 507.36
557.62 , 496.82
551.99 , 486.44
432.08 , 586.9
444.13 , 580.89
456.48 , 575.62
468.6 , 569.63
480.81 , 563.89
493.81 , 560.17
508.48 , 560.4
522.55 , 558.9
536.88 , 557.9
550.36 , 560.65
563.5 , 564.08
576.3 , 568.13
589.2 , 572.03
601.83 , 576.4
603.03 , 590.2
592.45 , 600.49
581.15 , 608.6
569.88 , 616.89
557.86 , 623.13
544.75 , 626.64
531.15 , 629.15
516.36 , 629.15
502.63 , 626.92
489.28 , 623.86
476.73 , 619.31
465 , 612.3
453.43 , 604.97
441.83 , 597.65
442.33 , 593.4
452.78 , 589.38
463.15 , 584.87
473.58 , 580.65
484.31 , 577.17
495.9 , 575.41
507.88 , 574.4
519.73 , 573.16
531.5 , 571.72
543.83 , 571.4
555.8 , 572.4
567.63 , 573.69
579.15 , 575.63
590.3 , 578.4
597.96 , 584.15
587.58 , 588.65
576.95 , 592.37
566.11 , 595.65
555.23 , 598.9
544.38 , 602.16
533.28 , 604.94
521.63 , 606.66
509.88 , 608.15
497.78 , 607.41
486.23 , 605.56
475.5 , 602.08
464.43 , 599.16
452.81 , 597.41
560.55 , 445.54
564.33 , 439.51
570.47 , 435.89
576.6 , 432.28
583.05 , 429.54
589.97 , 427.77
597.45 , 427.29
604.7 , 428.29
611.72 , 429.79
618.17 , 432.57
624.52 , 435.52
624.33 , 442.78
618.25 , 446.57
611.62 , 448.79
604.25 , 449.54
596.88 , 450.29
589.5 , 449.54
581.9 , 449.29
574.4 , 448.79
567.15 , 447.78
463.49 , 454.21
460.79 , 448.49
455.17 , 444.65
449.19 , 441.67
443.14 , 439.11
436.64 , 437.46
429.59 , 436.96
422.69 , 437.7
416.49 , 439.96
410.74 , 443.46
405.59 , 448.58
402.49 , 454.46
408.64 , 456.74
414.94 , 458.72
422.22 , 458.71
429.39 , 458.96
436.67 , 458.96
443.59 , 458.21
450.51 , 457.46
457.19 , 456.2
530.19 , 417.24
534.37 , 402.06
543.35 , 388.81
557.17 , 381.25
571.69 , 375.74
586.94 , 371.74
603.77 , 370.99
619.84 , 373.21
634.64 , 377.98
648.24 , 386.05
660.03 , 398.32
667.26 , 412.02
652.92 , 406
637.97 , 401.48
621.87 , 399.24
605.67 , 397.24
589.94 , 400.24
575.54 , 405.96
561.12 , 411.72
546.87 , 417.98
474.16 , 413.65
472.36 , 402.89
462.41 , 396.92
451.76 , 392.89
440.63 , 389.9
428.51 , 388.9
416.33 , 389.77
405.61 , 393.5
395.11 , 397.99
384.86 , 403.26
375.53 , 411.05
369.96 , 421.15
381.83 , 419.65
393.13 , 416.9
403.91 , 413.19
415.08 , 410.28
426.78 , 408.41
439.13 , 408.9
450.58 , 411.27
461.94 , 413.89
