3248183827_1
544.8 , 777.44
556.17 , 795.71
567.56 , 814.27
577.59 , 835.38
584.96 , 856.62
592.72 , 877.72
602.97 , 898.07
613.97 , 917.47
626.34 , 936.76
638.35 , 956.02
650.43 , 974.95
665.13 , 991.89
683.06 , 1006.64
697.6 , 1022.43
715.25 , 1038.81
730.65 , 1053.45
747.16 , 1071.32
763.36 , 1086.53
782.79 , 1095.06
805.71 , 1096.26
828.94 , 1094.36
852.05 , 1091.91
872.53 , 1089.11
893.81 , 1079.34
913.79 , 1068.76
930.93 , 1054.12
948.82 , 1039.38
962.66 , 1021.25
974.78 , 1003.23
985.87 , 983.77
997.63 , 962.75
1008.45 , 944.87
1019.71 , 923.51
1029.18 , 903.62
1038.65 , 883.65
1048.4 , 862.43
1057.81 , 841.29
1065.78 , 820.4
1071.68 , 798.72
1079.83 , 777.22
1085.85 , 755.4
711.86 , 786.02
704.93 , 805.1
698.07 , 825.76
692.12 , 845.77
695.97 , 866.39
709.35 , 884.81
725.51 , 899.22
745.6 , 906.49
765.12 , 909.16
787.15 , 902.42
807.13 , 894.7
825.95 , 884.78
841.93 , 871.31
853.76 , 854.43
853.24 , 833.73
847.82 , 812.69
839.81 , 790.85
674.21 , 946.44
692.54 , 943.44
712.06 , 943.94
731.26 , 942.69
750.79 , 943.19
768.41 , 947.7
786.51 , 951.18
804.26 , 946.94
821.09 , 940.91
839.66 , 938.44
859.19 , 937.94
878.61 , 937.19
898.29 , 936.94
916.62 , 939.54
902.36 , 952.79
888.93 , 966.97
874.61 , 980.06
859.34 , 990.44
843.13 , 998.44
825.16 , 1002.19
806.61 , 1004.69
787.19 , 1005.44
767.63 , 1004.94
749.44 , 1001.69
732.94 , 994.67
717.96 , 983.44
703.96 , 969.44
689.38 , 957.1
695.96 , 949.69
710.38 , 951.19
724.06 , 954.18
737.84 , 956.93
751.63 , 959.69
765.09 , 963.21
778.66 , 966.44
793.44 , 967.19
807.01 , 963.94
820.46 , 960.44
833.63 , 956.51
846.76 , 952.42
859.88 , 948.42
873.21 , 944.69
886.12 , 940.25
873.61 , 944.04
860.56 , 948.16
847.11 , 951.66
833.66 , 955.17
820.38 , 959.01
807.36 , 963.19
793.79 , 966.44
779.01 , 965.68
765.24 , 962.94
751.66 , 959.69
738.09 , 956.43
724.51 , 953.19
710.36 , 951.19
852.89 , 652.45
859.08 , 642.73
869.62 , 638.7
880.76 , 635.96
892.64 , 634.7
905.09 , 634.7
917.09 , 635.7
928.44 , 637.95
939.62 , 640.7
949.91 , 645.46
958.37 , 654.4
950.34 , 663.46
940.12 , 668.45
928.96 , 671.2
917.12 , 672.45
904.89 , 672.95
892.76 , 672.19
881.41 , 669.95
870.87 , 665.96
860.44 , 661.71
675.2 , 655.84
666.29 , 651.41
656.89 , 648.4
646.97 , 646.4
636.69 , 645.15
626.54 , 643.65
616.24 , 642.4
605.59 , 642.9
595.44 , 644.43
587.24 , 650.65
590 , 660.17
596.42 , 668.32
605.04 , 673.41
614.07 , 677.43
624.24 , 678.9
634.99 , 678.65
644.82 , 676.4
654.01 , 672.91
663.41 , 669.91
672.21 , 665.21
818.93 , 606.85
838.08 , 593.48
858.13 , 582.39
878.6 , 572.42
899.86 , 564.92
922.18 , 559.35
944.78 , 554.5
967.75 , 550.32
991.88 , 548.6
1014.65 , 552.6
1034.63 , 563.83
1017.86 , 572.85
993.48 , 572.1
969.83 , 574.85
947.75 , 580.78
925.8 , 586.98
904.15 , 593.62
882.5 , 600.37
861.33 , 608.13
839.9 , 615.08
692.9 , 600.78
678.14 , 593.25
662.92 , 587.26
646.87 , 583.01
631.22 , 577.98
615.75 , 572.74
599.85 , 568.27
583.07 , 565.51
565.79 , 567.27
551.19 , 575.17
543.37 , 589.76
560.02 , 586.77
577.64 , 587.76
593.87 , 591.76
610.3 , 595.19
626.47 , 599.24
642.52 , 603.51
658.3 , 608.28
673.82 , 613.47
690.9 , 615.53
