3249818146_1
308.65 , 397.89
308.92 , 411.44
309.57 , 424.85
311.71 , 438.72
314.23 , 453.03
318.33 , 466.77
324.74 , 479.97
329.92 , 492.85
335.4 , 505.3
343.69 , 517.53
352.36 , 527.78
361.83 , 537.47
372.15 , 547.36
382.65 , 557.79
391.66 , 568.52
401.1 , 579.5
409.36 , 589.75
419.22 , 600.07
430.5 , 608.17
444 , 614.22
457.16 , 616.28
472.11 , 615.32
484.19 , 611
497.75 , 604.12
509 , 595.84
518.17 , 585.96
529.46 , 576.5
541.14 , 569.12
552.83 , 561.17
563.95 , 553.6
575.17 , 544.02
584.5 , 534.52
594.44 , 523.32
603.78 , 512.67
612.88 , 501.85
619.33 , 490.32
623.91 , 476.39
628.01 , 463.48
632.1 , 449.72
635.54 , 435.37
637.94 , 421.15
402.32 , 423.9
398.5 , 435.05
391.48 , 444.58
384.9 , 456.15
386.4 , 468.25
396.4 , 473.92
408.32 , 477.87
420.85 , 480.16
433.22 , 480.62
445.85 , 480.03
458.66 , 479.76
470.78 , 478.09
478.15 , 469.06
477.31 , 456.93
470.7 , 446.46
464.33 , 435.94
461.75 , 422.81
390.06 , 510.36
400.24 , 508.61
411.16 , 508.86
422.21 , 508.86
432.79 , 509.86
443.49 , 510.61
454.03 , 509.61
464.86 , 510.11
475.54 , 510.86
486.46 , 511.11
497.51 , 511.11
508.33 , 511.61
507.77 , 521.66
503.24 , 530.71
497.09 , 539.09
489.81 , 547.11
481.79 , 554.37
473.38 , 560.54
464.06 , 564.11
453.96 , 566.11
442.91 , 566.14
432.74 , 564.29
423.36 , 560.93
415.03 , 554.58
408.5 , 546.31
403.57 , 537.43
399.33 , 528.31
394.74 , 519.31
398.31 , 513.11
406.83 , 512.86
415.38 , 513.11
423.69 , 513.86
431.74 , 515.11
440.16 , 515.61
448.44 , 516.36
456.86 , 515.86
465.16 , 515.11
473.59 , 515.61
482.01 , 515.11
490.31 , 514.36
498.49 , 513.36
506.09 , 514.58
499.84 , 520.34
493.46 , 525.73
486.71 , 530.2
479.46 , 533.08
472.21 , 536.11
464.38 , 537.86
456.21 , 538.86
447.66 , 538.6
439.94 , 536.73
432.86 , 533.18
426.09 , 528.89
419.49 , 524.03
412.99 , 519.02
406.24 , 514.58
471.49 , 386.22
476.94 , 383.51
483.17 , 382.47
489.67 , 381.97
496.04 , 382.72
502.54 , 382.22
509.14 , 381.97
515.76 , 382.22
522.14 , 382.97
528.38 , 383.97
528.72 , 389.73
523.51 , 393.2
518.01 , 395.95
512.24 , 397.97
506.12 , 399.22
499.37 , 399.25
493.26 , 397.98
487.37 , 396.25
481.87 , 393.47
476.39 , 390.61
384.01 , 382.62
381.74 , 379.11
378.05 , 377.17
374.05 , 376.17
370.12 , 374.9
365.6 , 374.92
361.2 , 375.18
357.15 , 376.17
353.45 , 378.03
350.18 , 381.02
348.3 , 384.67
351.77 , 387.14
355.27 , 389.4
359.02 , 391.17
363.18 , 391.91
367.7 , 391.92
372.23 , 391.92
376.5 , 391.41
380.33 , 389.91
383.56 , 386.9
469.3 , 342.2
474.46 , 332
485.43 , 328.67
497 , 326.74
508.95 , 325.43
521.12 , 324.7
533.55 , 324.45
545.62 , 325.45
556.9 , 328.05
567.5 , 332.16
576.88 , 339.71
571.2 , 346.35
560.4 , 342.8
548.92 , 340.57
536.8 , 339.7
524.85 , 340.95
513.62 , 343.72
502.18 , 345.93
490.45 , 347.71
478.75 , 348.94
395.97 , 341.49
388 , 334.01
379.15 , 329.04
369.52 , 326.03
359.12 , 324.63
348.8 , 323.01
337.98 , 322.51
327.12 , 321.98
317.07 , 324.2
308.16 , 329.09
302.75 , 337.76
313.73 , 338.01
324.7 , 338.26
335.68 , 338.51
346.75 , 338.51
357.38 , 339.51
367.82 , 340.83
378.23 , 342.24
387.62 , 345.88
396.88 , 349.76
