3255054809_1
791.31 , 1013
790.16 , 1044.78
789.38 , 1080.18
789.4 , 1112.53
792.11 , 1148.1
792.67 , 1181.1
792.09 , 1213.81
798.82 , 1247.38
805.89 , 1282.14
814.81 , 1313.41
825.34 , 1345.79
839.56 , 1378.3
853.99 , 1407.15
875.65 , 1432.77
896.36 , 1461.66
918.52 , 1488.16
942.26 , 1509.18
970.94 , 1527.77
1003.46 , 1538.98
1036.49 , 1543.43
1072.46 , 1545.73
1104.64 , 1549.23
1139.27 , 1550.81
1173 , 1545
1203.74 , 1536.91
1235.59 , 1525.57
1267.99 , 1508.7
1297.88 , 1494.3
1321.45 , 1472.6
1341.51 , 1446
1364.22 , 1418.01
1385.63 , 1390.45
1404.94 , 1365.32
1421.64 , 1334.57
1433.14 , 1301.43
1443.43 , 1269.15
1450.5 , 1238.65
1458.33 , 1204.13
1465.92 , 1169.7
1468.5 , 1137.41
1472.65 , 1102.14
1056.31 , 998.89
1042.02 , 1017.18
1026.61 , 1037.36
1018.39 , 1061.06
1018.5 , 1085.09
1034.19 , 1101.85
1057.85 , 1112
1082.13 , 1113.83
1106.26 , 1118.17
1130.93 , 1121.62
1155.94 , 1122.56
1181.41 , 1122.35
1204.54 , 1115.49
1210.1 , 1092.14
1209.16 , 1067.9
1203.01 , 1043.16
1194.05 , 1019.39
974.81 , 1205.96
993.66 , 1200.43
1012.06 , 1193.96
1030.68 , 1187.94
1050.26 , 1183.71
1071.38 , 1184.71
1089.16 , 1193.24
1110.28 , 1194.21
1130.91 , 1196.22
1148.76 , 1204.42
1165.31 , 1216.21
1182.31 , 1226.71
1199.49 , 1236.71
1210.22 , 1253.28
1194.28 , 1266.72
1177.38 , 1277.4
1159.61 , 1285.93
1141.68 , 1293.84
1123.31 , 1300.46
1103.26 , 1303.71
1081.78 , 1303.46
1061.26 , 1301.21
1041.68 , 1296.99
1023.48 , 1289.9
1006.91 , 1278.3
992.72 , 1262.63
982.8 , 1245.41
975.32 , 1227.34
988.31 , 1211.96
1003.11 , 1209.46
1018.18 , 1207.46
1033.38 , 1205.71
1049.43 , 1205.71
1064.13 , 1208.45
1078.51 , 1211.97
1093.34 , 1214.46
1108.78 , 1215.71
1124.21 , 1216.96
1139.06 , 1219.46
1152.63 , 1224.53
1165.71 , 1231.21
1178.43 , 1238.72
1189.83 , 1247.21
1174.06 , 1247.71
1159.46 , 1250.71
1144.01 , 1251.96
1128.68 , 1253.46
1113.01 , 1254.21
1097.68 , 1252.7
1082.86 , 1250.2
1068.38 , 1246.98
1054.16 , 1243.24
1040.36 , 1238.74
1027.16 , 1232.49
1013.66 , 1227.24
1000.23 , 1221.67
1238.19 , 925.47
1248.89 , 919.76
1260.04 , 915.19
1271.77 , 911.94
1284.19 , 910.22
1297.39 , 910.47
1310.07 , 911.72
1322.41 , 913.73
1333.66 , 917.96
1344.29 , 923.98
1352.63 , 933.67
1343.54 , 942.13
1332.39 , 946.76
1320.16 , 948.97
1307.09 , 949.47
1294.41 , 948.22
1282.32 , 945.75
1270.47 , 942.73
1258.74 , 939.5
1247.79 , 934.34
1042.79 , 889.77
1033.43 , 881.95
1023.79 , 875.04
1013.86 , 868.86
1003.41 , 864.15
992.26 , 861.11
979.96 , 860.33
968.31 , 862.4
957.61 , 866.36
947.34 , 871.64
937.36 , 877.61
947.36 , 883.61
957.13 , 890.12
967.34 , 895.6
977.86 , 900.11
989.31 , 902.57
1001.81 , 902.86
1013.96 , 901.86
1026.13 , 900.86
1038.06 , 899.4
1183.05 , 863.47
1200.66 , 841.13
1224.67 , 827.97
1250.45 , 819.75
1278.17 , 815.35
1307.15 , 813.47
1336.88 , 813.22
1365.17 , 816.44
1390.65 , 825.32
1413.47 , 841.67
1427.24 , 865.14
1421.75 , 889.41
1399.22 , 872.2
1375.28 , 858.95
1349.07 , 851.48
1320.8 , 848.22
1291.05 , 847.97
1263.42 , 852.6
1236.45 , 858.56
1210.97 , 867.47
1096.57 , 851.48
1093.89 , 827.58
1075.79 , 807.49
1054.07 , 793.48
1031.57 , 781.49
1008.97 , 769.63
985.64 , 760.23
961.39 , 753
935.12 , 749.74
910.04 , 755.56
889.28 , 772.3
877.84 , 795
903.64 , 799.25
928.84 , 793.75
956.32 , 793
981.39 , 798.79
1005.27 , 806.77
1028.44 , 816.84
1050.27 , 830.5
1071.79 , 844.97
