3255410296_1
477.8 , 589.35
489.94 , 608.15
501.18 , 627.45
513.17 , 648.94
525.68 , 668.27
538.71 , 687.15
552.5 , 705.33
568.02 , 722.34
587.47 , 738.59
607.49 , 750.65
628.66 , 760.56
651.05 , 767.17
672.15 , 769.8
695.86 , 770.21
719.49 , 771.83
742.83 , 774.19
766.13 , 775.45
789.04 , 775.79
811.92 , 776.21
835.17 , 777.41
858.71 , 777.35
883.92 , 775.26
905.31 , 772.8
927.83 , 766.13
945.75 , 751.42
959.1 , 731.61
968.66 , 710.34
975.71 , 689.23
983.63 , 667.43
993.71 , 644.59
1001.7 , 622.81
1008.64 , 600.54
1013.97 , 577.56
1017.56 , 554.07
1018.8 , 532.66
1017.7 , 508.95
1014.48 , 485.5
1008.79 , 462.45
1001.7 , 439.7
994.3 , 417.44
986.8 , 395.12
671.6 , 473.01
665.38 , 493.18
665.79 , 514.98
676.25 , 535.95
694.97 , 547.19
717.23 , 548.14
738.19 , 542.66
760 , 538.54
782.49 , 535.08
802.63 , 529.85
822.98 , 517.72
841.31 , 505.01
856.63 , 490.66
858.74 , 469.27
845.57 , 450.35
827.7 , 435.92
809.1 , 422.72
665.89 , 650.68
683.16 , 636.65
702.04 , 626.81
720.04 , 614.81
737.84 , 602.19
756.87 , 592.7
776.57 , 585.5
796.47 , 578.86
817.12 , 573.44
836.69 , 565.9
857.16 , 560.18
878.87 , 556.95
901.24 , 555.18
918.14 , 567.85
912.39 , 588.28
906.63 , 608.73
897.3 , 627.8
884.92 , 645.65
869.49 , 662.31
851.69 , 674.89
832.07 , 682.41
810.37 , 685.68
788.09 , 687.68
765.69 , 685.95
744.39 , 681.93
723.57 , 676.86
703.39 , 670.68
684.24 , 661.77
665.89 , 650.68
682.59 , 641.97
700.26 , 636.06
717.66 , 629.41
734.89 , 622.18
752.91 , 616.91
770.69 , 611.2
788.07 , 604.49
805.19 , 596.89
822.26 , 589.31
839.44 , 581.89
856.91 , 575.42
875.22 , 570.61
893.24 , 565.33
911.11 , 562.21
898.19 , 577.38
883.59 , 591.98
868.79 , 606
853.62 , 618.94
837.39 , 628.93
820.57 , 637.41
803.01 , 643.68
784.69 , 648.41
765.51 , 651.43
745.62 , 652.93
725.12 , 653.18
705.21 , 654.68
684.59 , 654.68
780.95 , 350.67
787.4 , 342.47
793.08 , 334.02
799.76 , 325.87
807.83 , 319.04
816.5 , 313.91
825.75 , 310.38
835.88 , 308.7
846.58 , 308.17
856.8 , 309.65
866.33 , 312.54
865.5 , 321.41
856.6 , 326.01
847.43 , 329.67
837.8 , 332.44
828.2 , 335.17
818.95 , 338.67
809.4 , 341.47
800.23 , 345.15
791.05 , 348.92
610.26 , 405.66
601.88 , 404.18
592.76 , 404.18
583.88 , 404.65
575.83 , 406.91
567.93 , 409.43
560.66 , 413.58
553.81 , 418.93
547.72 , 425.5
542.95 , 432.53
537.06 , 439.18
544.68 , 436.15
552.86 , 434.18
560.63 , 431.4
568.63 , 429.15
576.21 , 425.78
583.91 , 422.84
591.36 , 419.17
598.96 , 415.94
606.31 , 411.93
702.25 , 242.95
717.76 , 221.68
738 , 203.2
761.58 , 194.17
788.17 , 191.48
815.88 , 191.45
842.62 , 193.95
867.05 , 200.99
889.18 , 214.19
908.24 , 233.68
918.97 , 256.65
900.7 , 267.9
879.2 , 252.97
855.33 , 244.45
827.98 , 245.71
802.92 , 251.73
778.73 , 259.22
754.9 , 267.52
733.45 , 281.92
712.43 , 266.13
630.31 , 312.07
617.71 , 289.97
591.86 , 285.57
564.21 , 285.33
540.76 , 294.86
518.71 , 308.32
497.48 , 324.14
478.41 , 344.19
464.81 , 366.19
454.05 , 389.29
446.56 , 413.57
450.31 , 439.77
474.32 , 432.71
488.3 , 410.84
498.91 , 387.69
516.31 , 367.07
537.11 , 350.07
560.51 , 340.36
586.54 , 336.32
612.59 , 332.32
