325564774_1
441.8 , 568.4
441.73 , 585.92
441.99 , 603.36
442.13 , 620.79
441.95 , 638.36
441.27 , 656.29
440.48 , 673.64
440.75 , 691.16
442.89 , 708.21
447.41 , 726.44
452.67 , 742.6
460.12 , 759.68
469.38 , 773.56
482.35 , 786.45
495.32 , 797
510.9 , 807
526.41 , 814.29
543.89 , 820.45
559.77 , 825.46
577.01 , 831.5
594.71 , 835.31
611.08 , 836.11
630.11 , 834.1
646.33 , 829.68
662.64 , 824.69
680.8 , 820.2
696.92 , 815.47
713.95 , 808.02
728.08 , 798.95
741.28 , 786.68
753.22 , 772.58
763.35 , 759.39
771.9 , 743.88
780.07 , 728.26
787.73 , 712.25
794.69 , 695.85
800.75 , 679.03
805.32 , 661.81
808.37 , 644.17
809.84 , 626.25
810.3 , 608.15
569.72 , 560.04
562.26 , 567.72
557.44 , 578.75
560.71 , 590.47
568.37 , 598.79
578.97 , 604.62
589.63 , 608.46
601.3 , 611.3
612.93 , 613.89
624.63 , 613.3
636 , 612.13
648.4 , 611.65
659.1 , 609.19
670.37 , 603.59
675.56 , 594.38
676.07 , 582.22
670.41 , 571.25
506.56 , 664.73
519.11 , 655.47
533.74 , 651.47
548.93 , 648.73
564.63 , 646.98
580.93 , 646.46
595.11 , 651.22
610.81 , 652.98
626.01 , 650.24
640.09 , 655.22
653.91 , 661.01
667.51 , 667.47
680.84 , 674.76
691.97 , 686.63
688.24 , 701.32
675.86 , 711.18
662.86 , 719.16
649.63 , 726.67
635.74 , 732.23
620.54 , 734.98
604.11 , 734.73
588.16 , 733.47
573.41 , 729.74
559.91 , 722.85
547.43 , 713.35
535.91 , 701.58
524.09 , 690.26
513.87 , 678.03
522.81 , 666.98
535.18 , 665.48
547.18 , 663.24
559.81 , 662.23
572.93 , 662.23
585.43 , 663.48
597.16 , 666.33
609.18 , 668.6
621.76 , 669.73
633.91 , 671.76
645.54 , 674.73
656.78 , 678.49
667.84 , 682.74
679.06 , 686.48
680.54 , 697.24
669.63 , 701.98
657.91 , 704.88
645.68 , 706.74
633.18 , 707.98
620.43 , 708.73
607.91 , 707.58
595.88 , 705.3
584.36 , 702.02
572.96 , 698.63
561.79 , 694.71
550.68 , 690.61
540.46 , 684.1
530.44 , 676.85
687.82 , 511.63
693.12 , 509.15
698.47 , 506.6
703.97 , 504.61
709.87 , 503.39
716.12 , 502.88
722.37 , 503.38
728.5 , 504.13
734.37 , 505.36
739.62 , 508.16
744.21 , 512.75
741.96 , 517.87
735.7 , 518.39
729.7 , 519.38
723.32 , 519.13
716.82 , 519.13
710.32 , 519.13
704.32 , 518.13
698.45 , 516.91
693.07 , 514.38
557.79 , 492.73
552.9 , 488.88
547.75 , 485.77
542.23 , 483.8
536.67 , 481.75
530.88 , 480.26
524.48 , 480.03
518.33 , 480.78
512.4 , 482.03
506.95 , 484.35
502.3 , 488.78
507.5 , 491.71
512.5 , 495.24
517.88 , 497.78
523.8 , 499.03
529.95 , 499.78
536.23 , 500.28
542.62 , 500.53
548.8 , 499.78
554.33 , 497.77
672.94 , 451.61
681.13 , 440.17
692.84 , 432.71
706.69 , 430.36
720.37 , 433.04
733.12 , 437.58
745.52 , 443.17
757.32 , 450.45
768.49 , 459.41
778.79 , 469.96
786.06 , 481.76
787.04 , 492.96
776.77 , 482.37
765.77 , 472.87
754.12 , 465.3
742.12 , 458.55
729.42 , 453.84
715.49 , 451.61
700.87 , 450.84
687.09 , 453.36
585.1 , 443.25
584.3 , 434.01
574.3 , 428.97
563.33 , 426.22
552.15 , 423.87
540.55 , 422.51
528.9 , 421.24
517.23 , 419.97
505.85 , 421.88
495.8 , 426.91
487.5 , 435.72
482.5 , 445.72
492.1 , 439.62
502.9 , 436.57
515.02 , 436.22
527.17 , 436.47
539.35 , 436.22
551.38 , 436.72
562.95 , 438.2
574.02 , 440.72
