3260548295_2
343 , 468.4
344.28 , 482.91
345.11 , 497.43
346.63 , 513.45
349.06 , 527.68
352.53 , 541.55
357.18 , 556.77
361.91 , 570.28
367.94 , 584.88
374.88 , 598.9
382.66 , 610.31
393.57 , 622.23
404.13 , 632.06
415.28 , 641.21
427.7 , 651.99
437.81 , 661.43
450.05 , 670.36
463.28 , 677.12
479.01 , 678.25
493.87 , 675.18
508.9 , 672.95
523.05 , 670.03
538.25 , 666.3
552.13 , 662.29
566.57 , 656.79
580.57 , 650.98
593.79 , 645
606.92 , 637.52
619.88 , 629.58
632.39 , 620.72
643.81 , 611.74
654.98 , 600.42
662.55 , 588.49
668.7 , 574.21
673.92 , 559.58
678.46 , 546.13
683.18 , 531.14
686.77 , 517.3
689.26 , 501.98
690.97 , 486.58
691.58 , 471.09
447.6 , 477.65
441.06 , 485.53
433.61 , 493.88
434.2 , 503.91
440.3 , 513.2
450.15 , 517.7
461.44 , 519.01
471.73 , 519.4
482.59 , 519.16
493.7 , 518.51
504.63 , 516.88
515.6 , 514.56
525.28 , 510.87
532.14 , 503.06
531.41 , 491.72
524.26 , 484.22
516.6 , 475.6
427.08 , 570.22
434.6 , 565.94
442.23 , 561.81
449.98 , 557.94
458.36 , 555.71
467.7 , 555.97
476.56 , 557.22
485.78 , 556.72
495.13 , 556.47
504 , 557.72
512.61 , 559.48
521.11 , 561.48
529.18 , 564.31
537.01 , 567.96
539.78 , 575.26
532.05 , 579.23
524.28 , 582.98
516.5 , 586.73
508.75 , 590.53
500.63 , 593.23
491.75 , 594.47
482.53 , 593.97
473.73 , 592.62
465.3 , 590.45
457.3 , 587.45
449.53 , 583.68
441.93 , 579.53
434.36 , 575.25
436.33 , 568.72
443.9 , 568.22
451.25 , 567.22
459.05 , 567.22
466.5 , 567.97
473.73 , 569.24
481.18 , 569.97
488.88 , 569.72
496.11 , 568.46
503.53 , 567.72
511.23 , 567.97
518.8 , 568.47
526.13 , 569.49
533.23 , 570.95
539.83 , 573.49
533.33 , 570.72
526.23 , 569.24
518.9 , 568.22
511.33 , 567.72
503.5 , 567.72
495.93 , 568.19
488.73 , 569.47
481.03 , 569.22
473.7 , 568.25
466.48 , 566.97
458.81 , 566.72
450.98 , 566.72
443.65 , 567.72
536.55 , 408.69
540.47 , 404.99
545 , 402.73
549.9 , 401.45
555.02 , 400.69
560.52 , 400.69
565.67 , 401.45
570.57 , 402.68
575.12 , 404.75
579.55 , 407.19
583.49 , 410.56
579.03 , 412.95
574.52 , 415.2
569.88 , 416.96
564.72 , 417.69
559.47 , 417.19
554.45 , 416.18
549.42 , 415.2
544.4 , 414.19
539.52 , 412.93
438.43 , 407.64
436.83 , 402.57
431.92 , 400.02
426.44 , 398.8
420.77 , 398.05
414.82 , 398.3
409.12 , 399.05
403.42 , 399.78
398.09 , 401.32
393.07 , 403.55
388.52 , 407.05
393.27 , 410.05
398.17 , 412.67
402.84 , 415.81
407.79 , 418.32
413.34 , 419.29
418.92 , 418.3
424.02 , 416.3
428.92 , 413.64
433.9 , 411.2
505.94 , 388.13
511.16 , 376.89
522.74 , 372.14
535.14 , 369.13
548.14 , 367.38
561.49 , 366.38
575.19 , 366.13
588.16 , 367.88
600.94 , 370.13
612.99 , 373.68
623.51 , 381.39
626.42 , 392.13
613.19 , 390.88
599.97 , 389.63
586.62 , 388.63
572.89 , 388.38
559.07 , 388.38
545.37 , 388.61
532.37 , 390.38
518.54 , 390.38
448.9 , 385.13
448.59 , 373.87
438.52 , 370.13
427.37 , 368.64
416.07 , 367.39
404.8 , 366.14
393.27 , 365.39
381.62 , 365.89
371.19 , 368.88
361.47 , 373.77
352.88 , 381.61
349.62 , 391.89
360.52 , 390.64
371.55 , 388.89
382.72 , 387.39
394 , 386.14
405.39 , 385.14
417.3 , 385.14
428.07 , 387.4
439 , 389.42
