3262777136_1
145.43 , 327.09
144.91 , 339.3
144.83 , 351.42
145.64 , 363.98
147.14 , 376.84
148.16 , 390.29
148.3 , 402.86
148.84 , 415.37
150.75 , 427.72
154.25 , 439.78
159.16 , 451.39
165.74 , 462.09
173.22 , 472.2
182.37 , 482.36
190.84 , 491.31
199.6 , 499.58
210.4 , 507.79
221.15 , 513.9
232.62 , 518.03
245.98 , 521.31
258.49 , 523.16
270.06 , 523.88
282.94 , 522.98
295.69 , 520.44
308.73 , 518.16
320.98 , 514.79
332.56 , 511.5
344.82 , 507.15
355.49 , 501.84
366.34 , 494.11
376.09 , 485.19
384.72 , 476.86
394.95 , 468.63
403.81 , 460.86
412.76 , 451.33
420.67 , 440.85
426.25 , 429.94
430.82 , 417.45
434.01 , 405.76
436.96 , 392.9
440.55 , 380.4
255.99 , 331.75
249.59 , 341.15
242.3 , 349.35
235.42 , 358.42
235.33 , 370.81
243.4 , 378.15
255.23 , 381.68
265.64 , 384.15
277.25 , 386.94
288.53 , 388.48
301 , 389.19
312.05 , 387.9
320.95 , 379.64
321.18 , 368.24
315.89 , 357.87
310.17 , 347.96
305.88 , 336.82
213.46 , 417.39
222.36 , 415.64
230.44 , 411.88
238.99 , 409.39
248.51 , 408.88
257.21 , 411.14
265.41 , 414.4
274.34 , 416.13
283.51 , 417.39
291.91 , 420.16
300.04 , 423.65
307.86 , 428.01
315.43 , 433.11
319.68 , 440.96
313.49 , 448.12
306.38 , 454.48
298.56 , 458.88
290.34 , 462.14
281.51 , 464.14
272.24 , 465.14
263.06 , 463.88
254.24 , 461.89
246.09 , 458.52
238.39 , 453.79
230.81 , 448.76
224.27 , 441.69
219.2 , 434.12
215.95 , 425.91
218.96 , 420.14
225.51 , 421.91
232.34 , 423.13
239.66 , 422.89
247.09 , 422.89
254.29 , 423.39
260.99 , 424.91
267.29 , 427.21
274.09 , 428.52
281.01 , 429.66
287.86 , 430.79
294.54 , 432.38
301.13 , 434.14
307.86 , 435.62
311.86 , 439.61
305.29 , 441.36
298.21 , 442.14
291.01 , 441.64
283.86 , 441.04
277.06 , 439.74
270.28 , 438.38
263.34 , 437.39
255.89 , 437.39
248.86 , 436.54
242.69 , 433.88
236.59 , 430.89
230.56 , 427.7
224.56 , 424.49
332.05 , 305.31
336.1 , 301
340.75 , 297.88
345.62 , 295.3
350.53 , 292.83
355.93 , 291.57
361.7 , 292.06
367.23 , 293.06
372.28 , 295.04
376.85 , 298.37
380.75 , 302.73
380.27 , 308.33
375.2 , 310.28
370.08 , 312.06
364.43 , 312.81
358.52 , 312.56
353 , 311.57
347.73 , 310.06
342.3 , 308.81
337.15 , 307.09
248.39 , 285.72
244.64 , 281.02
240.36 , 276.5
235.64 , 272.84
230.44 , 270.33
224.99 , 268.59
219.29 , 267.34
213.34 , 266.59
207.16 , 266.83
201.86 , 268.93
196.96 , 272.09
200.88 , 276.76
205.16 , 281.28
210.09 , 284.43
215.13 , 287.27
220.71 , 288.84
226.51 , 289.83
232.59 , 290.34
238.76 , 290.59
244.96 , 290.34
317.59 , 264.43
327.16 , 260.65
337.79 , 258.93
349.01 , 258.43
360.46 , 258.43
371.94 , 258.43
383.39 , 258.43
394.62 , 258.93
404.76 , 261.61
413.59 , 267.68
421.04 , 275.86
413.09 , 278.68
403.37 , 275.19
393.39 , 272.17
382.41 , 271.18
371.44 , 272.18
359.96 , 272.18
348.51 , 272.18
337.16 , 271.93
325.84 , 272.18
269.83 , 256.93
261.63 , 250.13
253.08 , 244.4
244.33 , 239.17
235.18 , 235.03
226.03 , 230.88
216.71 , 227.31
206.93 , 224.63
196.96 , 222.38
186.68 , 220.98
178.03 , 226.38
186.71 , 231.82
195.93 , 235.66
205.13 , 239.66
215 , 242.11
224.46 , 245.31
233.68 , 249.28
242.88 , 253.22
251.75 , 258.12
261.61 , 260.7
