1425648903_1
386.65 , 504.75
386.25 , 521.28
386.21 , 539.55
387.33 , 556.06
388.89 , 574.26
390.54 , 590.75
393.17 , 608.21
398.25 , 625.24
403.36 , 641.85
410.27 , 656.86
420.32 , 672.19
428.37 , 686.73
435.76 , 702.65
443.43 , 717.95
454.84 , 733.42
467.98 , 742.41
485.39 , 748.27
502.05 , 752.14
518.36 , 756.19
536.08 , 762.08
553.35 , 764.84
570.64 , 765.75
588.08 , 764.39
605.01 , 761.24
621.23 , 756.31
638.15 , 748.87
653.35 , 741.35
668.12 , 733.11
682.19 , 722.83
695.44 , 712.14
709.14 , 699.69
720.2 , 687
730.72 , 671.63
739.17 , 658.07
746.4 , 640.59
752.09 , 624.87
755.97 , 607.76
758.66 , 591.29
760.94 , 573.07
763.57 , 555.55
765 , 537.8
546.64 , 517.89
536.17 , 526.3
528.31 , 536.8
523.97 , 549.82
526.35 , 563.55
536.73 , 572.08
551.03 , 576.52
563.78 , 580
577.49 , 583.38
590.71 , 583.46
605.38 , 580.86
617.91 , 578.33
629.97 , 570.3
634.43 , 557.35
631.13 , 544.48
621.93 , 534.74
610.91 , 524.12
486.85 , 622.07
499.08 , 612.08
513.45 , 607.83
529.68 , 607.32
545.52 , 608.57
560.52 , 611.57
576.28 , 613.07
591.4 , 610.32
607.5 , 609.57
622.3 , 613.07
636.53 , 617.56
649.97 , 624.42
657.72 , 637.45
654.61 , 652.3
649.08 , 666.1
641.13 , 679.05
628.8 , 688.83
614.78 , 693.82
599.65 , 696.57
583.3 , 696.82
567.33 , 695.82
551.83 , 693.83
537.15 , 690.05
523.15 , 685.08
509.88 , 677.85
498.23 , 666.22
491.35 , 652.82
488.35 , 637.82
504.6 , 628.07
514.6 , 623.32
526.55 , 622.82
538.65 , 623.07
549.65 , 625.57
561 , 627.32
572.48 , 628.82
583.98 , 630.32
595.93 , 630.82
607.9 , 630.32
619.85 , 630.82
631.45 , 632.07
642.58 , 634.33
648.33 , 643.8
646.07 , 654.87
637.92 , 663.56
627.33 , 666.82
615.95 , 668.57
603.75 , 668.57
591.9 , 667.82
579.95 , 667.32
568.1 , 666.57
556.62 , 665.07
545.5 , 662.84
534.98 , 659.44
525.08 , 654.29
515.78 , 647.49
508.85 , 638.22
632.15 , 473.61
634.81 , 468.44
638.97 , 463.77
644.23 , 461.1
649.65 , 459.11
655.48 , 457.86
661.65 , 457.36
667.8 , 457.86
673.62 , 459.11
679.05 , 461.1
684.15 , 463.94
686.54 , 469.1
681.27 , 471.64
675.45 , 472.86
669.4 , 473.61
663.12 , 473.86
656.82 , 473.61
650.42 , 473.61
644.25 , 474.11
638.07 , 474.61
540.83 , 456.99
536.23 , 452.2
531.08 , 448.48
525.42 , 446.08
519.48 , 444.47
513.33 , 443.21
506.7 , 442.96
500.2 , 443.47
494.15 , 444.93
488.4 , 446.93
482.55 , 448.71
487.98 , 451.65
493.5 , 454.42
499.75 , 455.46
506.02 , 456.46
512.3 , 457.46
518.58 , 458.46
524.67 , 459.83
530.77 , 461.19
537.27 , 461.71
624.13 , 425.99
630.96 , 417.42
639.88 , 411.49
650.3 , 409.22
661.55 , 409.74
672.83 , 410.24
683.73 , 411.48
694.38 , 413.24
704.4 , 416.24
713.96 , 420.55
722.5 , 427.59
721 , 436.71
710.58 , 434.51
700.81 , 430.99
690.5 , 428.49
679.48 , 427.49
668.2 , 427.99
657.08 , 428.74
645.68 , 428.99
634.56 , 428.24
562.16 , 415.51
559.07 , 402.92
548.12 , 395.78
536.1 , 391.79
523.25 , 389.29
511.38 , 384.8
499.05 , 381.3
485.47 , 382.3
473.77 , 387.38
463.25 , 395.66
455.33 , 406.34
448.4 , 417.29
460.22 , 412.81
472.07 , 408.27
484.57 , 405.02
498.5 , 404.8
511.45 , 407.03
523.5 , 411.07
535.55 , 415.06
548.75 , 416.79
