1426539072_1
421.75 , 571.14
424.4 , 586.25
428.45 , 600.99
433.29 , 615.44
437.75 , 629.85
442.91 , 645.58
448.57 , 659.34
455.7 , 673.91
463.21 , 686.3
473.66 , 697.91
482.86 , 710.87
491.56 , 722.86
502.05 , 735.14
513.06 , 746.76
523.34 , 757.58
534.43 , 767.5
548.82 , 775.68
563.14 , 779.78
578.57 , 782.49
594.37 , 782.68
609.37 , 782.04
623.91 , 777.36
637.81 , 769.4
650.43 , 761.37
663.65 , 753.79
676.97 , 743.81
687.26 , 732.69
699.48 , 722.33
709.25 , 711.48
718.17 , 697.66
725.25 , 685.42
731.97 , 670.61
738.95 , 656.12
743.02 , 642.03
747.45 , 626.58
751.06 , 611.69
752.9 , 596.76
752.89 , 581.5
754.61 , 564.87
754.13 , 550.18
752.15 , 533.89
543.37 , 536.48
539.62 , 547.31
539.44 , 559.25
540.25 , 572.12
549.86 , 579.59
561.21 , 583.93
572.43 , 586.42
584.56 , 588.36
597.06 , 585.78
608.6 , 582.88
620.54 , 580.65
633.18 , 577.51
643.26 , 571.94
647.87 , 560.17
646.22 , 547.92
639.37 , 537.7
632.06 , 527.53
512.3 , 635.63
524.67 , 630.38
538.35 , 627.88
552.62 , 626.63
567.27 , 627.13
581.2 , 629.13
595.75 , 628.37
608.8 , 624.63
622.25 , 621.63
636.65 , 620.63
651.42 , 620.88
666.2 , 621.14
679.27 , 624.87
676.2 , 638.23
669.17 , 650
659.37 , 660.8
649.02 , 671.4
637.98 , 680.47
625.83 , 686.61
612.92 , 690.62
598.88 , 692.38
584.23 , 691.88
570.67 , 689.15
557.75 , 685.15
545.55 , 679.13
534.3 , 670.63
524.49 , 659.83
517.55 , 648
532.3 , 639.38
541.55 , 636.63
550.98 , 634.11
561.4 , 633.63
571.42 , 634.88
581.73 , 635.63
591.88 , 634.63
601.45 , 632.39
611.12 , 630.35
621.4 , 629.63
631.83 , 630.13
642.1 , 630.88
652.39 , 631.63
655.58 , 640.08
649.17 , 648.03
641.03 , 653.9
632.28 , 658.15
623.55 , 662.38
614.75 , 666.43
605.98 , 670.45
596.6 , 673.13
586.7 , 674.63
576.17 , 674.87
566.38 , 673.16
557.45 , 669.54
549.2 , 664.02
542.4 , 656.25
536.7 , 648.06
631.75 , 470.92
635.55 , 466.12
640.1 , 461.58
645 , 457.92
650.23 , 455.19
655.8 , 453.4
661.85 , 452.67
667.92 , 453.42
673.67 , 454.85
678.98 , 457.4
684.09 , 460.47
683.81 , 466.64
678.8 , 469.91
673.45 , 472.21
667.83 , 473.91
661.88 , 474.92
655.55 , 475.17
649.12 , 475.17
642.67 , 475.19
636.98 , 473.65
536.51 , 480.16
530.83 , 477.39
525.06 , 474.95
519.28 , 472.43
513.28 , 470.63
506.83 , 469.64
500.28 , 470.37
494.38 , 472.48
489.03 , 476.09
484 , 480.61
479.48 , 485.64
484.83 , 489.24
490.56 , 491.92
496.86 , 493.13
503.66 , 493.39
509.98 , 492.14
516.13 , 490.49
522 , 488.38
527.93 , 486.41
534.15 , 484.96
609.75 , 420.6
620.65 , 411.46
632.62 , 405.23
644.75 , 399.35
657.88 , 395.98
672.35 , 396.35
685.95 , 398.81
698.67 , 402.82
710.37 , 409.73
719.81 , 420.4
726.23 , 432.33
724.25 , 445.1
712.17 , 439.05
700.92 , 430.84
688.67 , 425.34
674.88 , 423.35
660.73 , 422.1
646.95 , 424.14
634.12 , 428.09
620.48 , 430.34
545.02 , 432.71
538.39 , 421.01
526.17 , 415.27
512.57 , 412.78
498.35 , 414.03
485.98 , 419.25
473.52 , 424.2
461.25 , 429.73
449.58 , 436.87
440.2 , 447.77
434.89 , 460.09
431.45 , 473.27
443.33 , 468.42
453.05 , 457.68
464.17 , 449.03
476.7 , 444.27
490.2 , 441.52
504.77 , 441.02
519.25 , 441.77
533.83 , 441.27
