1426553012_1
335.85 , 487.44
337.2 , 500.47
338.83 , 514.95
341.29 , 529.29
345.31 , 543.07
351.46 , 555.88
358.39 , 568.29
366.36 , 579.99
375.54 , 590.7
386.36 , 600.19
397.79 , 609.26
409.11 , 618.54
421 , 627.37
432.48 , 634.04
446.56 , 640.3
460.05 , 643.21
474.04 , 643.82
488.05 , 643.24
503.49 , 642.12
517.65 , 641.2
531.95 , 639.84
544.88 , 638.36
560.25 , 635.18
573.44 , 630.19
585.59 , 623.63
596.87 , 615.74
608.56 , 606.26
618.81 , 596.9
628.26 , 586.5
635.5 , 574.2
640.59 , 560.79
645.02 , 547.29
648.91 , 532.1
651.79 , 518.05
653.27 , 505.01
654.16 , 490.42
653.59 , 475.84
651.43 , 461.42
647.53 , 447.28
642.41 , 434.63
636.2 , 420.94
444.98 , 452.44
436.22 , 462.47
430.17 , 473.81
429.85 , 486.85
436.78 , 498.85
448.4 , 503.57
461.97 , 503.56
474.87 , 508.02
488.69 , 508.86
498.25 , 500.92
510.19 , 493.15
522.42 , 489.67
533.09 , 480.67
535.73 , 467.69
531.62 , 454.98
520.49 , 447.07
509.12 , 439.69
426.5 , 549.87
437.02 , 544.88
447.7 , 540.13
457.9 , 534.21
468.7 , 529.86
481.45 , 529.62
494.07 , 529.14
504.8 , 524.64
515.38 , 519.59
526.92 , 516.88
538.58 , 514.37
551.42 , 514.37
563.8 , 515.36
574.27 , 520.34
570.51 , 531.32
564.56 , 541.57
556.58 , 551.04
547.42 , 559.96
537.17 , 565.88
526.52 , 570.63
515.4 , 574.12
503.62 , 576.37
491.38 , 577.62
478.75 , 577.12
467 , 574.87
456 , 571.12
445.5 , 565.87
435.8 , 558.42
437.25 , 549.12
447.15 , 547.61
456.6 , 545.09
466.18 , 542.88
475.85 , 540.88
485.68 , 539.1
495.48 , 537.37
504.95 , 534.91
514.23 , 532.14
523.4 , 529.22
532.77 , 526.6
542.05 , 523.83
551.33 , 521.05
561.3 , 519.63
566 , 527.54
560.47 , 535.63
552.4 , 541.63
543.52 , 545.35
534.35 , 548.28
525.08 , 551.05
515.5 , 553.37
505.7 , 555.11
495.9 , 556.87
485.88 , 558.12
475.45 , 558.62
464.8 , 558.62
454.65 , 557.64
445.7 , 554.08
516.43 , 384.89
518.58 , 380.71
521.49 , 376.83
525.4 , 373.92
529.58 , 371.73
533.88 , 369.88
538.55 , 368.9
543.58 , 368.64
548.38 , 369.4
552.93 , 370.64
557.13 , 372.8
557.35 , 377.76
553.1 , 379.92
548.45 , 380.88
543.93 , 382.14
539.48 , 383.65
534.83 , 384.62
530.25 , 385.89
525.6 , 386.89
520.6 , 387.07
428.26 , 405.32
424.38 , 401.72
419.86 , 399.9
415.08 , 398.67
410.19 , 397.67
404.94 , 397.42
399.79 , 397.92
395.01 , 399.15
390.61 , 401.35
386.36 , 403.85
382.31 , 406.92
386.74 , 408.91
391.11 , 411.18
395.74 , 412.69
400.74 , 413.42
406.01 , 413.67
411.38 , 413.67
416.16 , 412.39
421.06 , 411.42
425.5 , 409.43
490.81 , 367.12
492.38 , 359.55
494.97 , 352.47
498.52 , 345.69
503.12 , 339.32
509.16 , 333.78
515.59 , 329.35
522.49 , 326.19
529.88 , 324.3
538.06 , 324.37
545.21 , 326.78
548.51 , 332.37
540.21 , 332.47
532.76 , 334.38
525.74 , 337.13
518.78 , 340.13
512.31 , 344.37
506.42 , 350.27
501.42 , 356.52
496.61 , 362.82
424.02 , 375
421.91 , 367.13
414.37 , 361.35
405.64 , 358.75
395.77 , 358.5
386.57 , 360.21
377.72 , 362.54
369.07 , 365.22
360.89 , 369.34
353.49 , 375.53
349.02 , 383.5
349.03 , 393.52
357.64 , 390.65
363.59 , 383.18
370.75 , 376.28
378.59 , 371.43
387.19 , 368.57
397.04 , 368.75
406.09 , 370.78
415.17 , 372.65
