1430618662_1
148.59 , 320
146.53 , 333.06
144.5 , 347.41
145.26 , 362.99
147.58 , 377.1
150.53 , 391.19
153.43 , 404.82
156.79 , 419.12
160.83 , 433.29
165.85 , 447.09
172.28 , 459.54
179.92 , 471.8
188.18 , 484.21
198.1 , 494.95
206.45 , 505.81
217.87 , 515.86
229.28 , 523.92
241.59 , 533.02
254.56 , 539.44
268.89 , 541.52
283.6 , 540.69
298.08 , 540.87
311.42 , 541.42
325.87 , 538.48
340.24 , 536.11
353.33 , 529.03
364.88 , 521.63
377.25 , 513.02
387.25 , 502.14
395.73 , 491.54
404.74 , 479.33
412.93 , 466.61
419.68 , 454.48
425.78 , 441.97
431.27 , 427.5
435.2 , 414.16
439.25 , 399.34
442.7 , 385.88
446.06 , 372.47
448.32 , 357.41
449.8 , 342.38
253.01 , 334.31
246.03 , 341.67
239.61 , 350.61
239.15 , 361.54
245.67 , 370.36
253.96 , 376.66
261.63 , 384.07
271.44 , 390.45
281.36 , 391.91
291.91 , 388.88
301.95 , 384.05
312 , 379.28
322.02 , 375.93
328.91 , 367.49
329.91 , 356.61
325.01 , 347.61
317.28 , 338.65
206.9 , 398.12
220.65 , 397.62
233.83 , 399.37
247.1 , 400.87
260.38 , 402.37
273.8 , 403.62
287.55 , 404.12
300.35 , 401.62
312.93 , 398.62
326.7 , 399.12
339 , 402.65
351.77 , 405.15
362.21 , 412.04
356.72 , 423.57
348.65 , 434.12
338.4 , 443.12
327.9 , 451.37
316.18 , 456.11
304.25 , 460.37
291.58 , 463.12
277.8 , 462.61
265 , 460.11
252.2 , 457.65
240.8 , 451.77
230.23 , 443.7
221.22 , 433.47
214.65 , 422.37
210.17 , 410.55
214.65 , 404.12
224.48 , 407.4
234.1 , 411.38
244.4 , 413.87
254.43 , 416.88
264.82 , 419.14
275.5 , 420.86
286.38 , 422.12
297.27 , 420.88
307.58 , 418.39
317.75 , 415.64
328.52 , 414.09
339.52 , 413.13
350.55 , 412.1
348.42 , 420.86
339.45 , 426.58
329.85 , 430.67
320.15 , 434.37
310.35 , 437.89
299.95 , 440.13
289.05 , 441.37
277.75 , 440.97
267.23 , 438.94
257.3 , 435.77
247.83 , 431.36
238.53 , 426.46
229.53 , 420.74
221.33 , 412.8
331.3 , 292.9
335.82 , 288.62
340.98 , 286
346.03 , 283.18
351.18 , 280.53
356.48 , 278.38
362.07 , 276.89
368.28 , 277.15
373.88 , 278.68
379.08 , 281.16
383.67 , 285.25
384.67 , 290.89
379.45 , 293.4
373.75 , 294.65
367.55 , 294.9
361.35 , 294.65
355.27 , 294.15
349.43 , 293.15
343.6 , 292.15
337.4 , 292.4
242.26 , 283.58
242.36 , 278.32
239.07 , 274.29
235.05 , 271.09
230.65 , 268.86
225.84 , 267.59
220.57 , 267.34
215.42 , 267.84
210.4 , 268.59
205.77 , 270.18
201.47 , 272.72
198.62 , 276.84
202.84 , 279.56
207.19 , 281.85
211.69 , 283.84
216.59 , 284.84
221.87 , 285.09
227.15 , 284.84
232.32 , 284.34
237.47 , 284.83
313.05 , 269.91
319.37 , 260.07
329.25 , 253.7
339.73 , 248.98
350.85 , 245.87
362.68 , 244.17
374.73 , 245.41
386.3 , 247.66
397 , 251.65
406.8 , 258.16
414.34 , 267.49
417.68 , 277.04
407.43 , 271.66
396.73 , 267.59
385.12 , 265.4
373.2 , 263.92
361.15 , 265.16
348.98 , 266.16
336.45 , 265.92
325.1 , 268.66
270.4 , 253.69
261.35 , 246.41
250.82 , 243.24
239.55 , 241.53
228.55 , 239.24
217.4 , 237.25
206.02 , 235.76
195.12 , 238.23
185.22 , 243.22
176.25 , 250.67
172.7 , 261
182.62 , 265.26
192.97 , 261.74
203.12 , 257.57
213.97 , 254.99
225.95 , 255.25
237.35 , 256.77
247.65 , 260.49
257.68 , 264.99
269.54 , 265.01
