143196796_1
545.05 , 624.89
545.5 , 647.17
549.13 , 670.83
556.07 , 693.8
562.68 , 715.06
569.67 , 738.27
576.22 , 761.35
583.83 , 782.15
594.06 , 804.14
608.08 , 822.84
619.52 , 842.11
631.18 , 864.14
645.07 , 882.94
658.32 , 901.06
671.62 , 921.67
688.02 , 936.72
705.44 , 951.6
724.54 , 964.16
748.15 , 967.66
771.25 , 967.1
794.45 , 964.9
819.3 , 962.25
838.47 , 951.19
858.81 , 939.32
878.25 , 925.78
898.39 , 912.84
916.36 , 898.97
934.22 , 884.33
953.09 , 867.67
969.83 , 851.97
987 , 834.54
1002.14 , 817.6
1017.15 , 801.71
1032.12 , 780.89
1038.6 , 758.97
1043.76 , 736.73
1048.93 , 713.83
1053.42 , 690.16
1055.06 , 667.64
1056.96 , 643.71
1057.09 , 619.32
659.85 , 632.5
659.78 , 648.65
657.37 , 665.15
656.01 , 683.16
659.25 , 699.22
671.58 , 710
688.27 , 715.72
704.16 , 717.1
720.33 , 712.9
736.56 , 707.51
752.62 , 701.49
767.79 , 694.96
782.39 , 686.08
790.38 , 670.44
784.73 , 655.37
773.95 , 642.94
762.2 , 628.6
626.75 , 729.75
648.4 , 728
669.58 , 730.75
690.88 , 733.25
711.45 , 737.25
731.67 , 742.02
753.1 , 744.25
774.27 , 741.5
795.95 , 739.75
817.25 , 737.25
838.55 , 734.75
860.35 , 733.25
879.82 , 739.32
876.37 , 759.62
861.92 , 776.09
844.9 , 789.01
827.42 , 800.5
809.02 , 809.73
789.52 , 815.74
769.3 , 820.48
749.05 , 825.25
726.8 , 825.75
705.83 , 822.56
687.65 , 812.87
670.4 , 800.64
655.55 , 784.33
644.01 , 766.85
634.74 , 748.48
637.25 , 734
655.2 , 738.25
671.98 , 745.01
689.4 , 750.28
706.1 , 757.28
724.17 , 761.25
744.05 , 761.5
763.83 , 761
783.1 , 759.5
800.98 , 755.02
818.7 , 750.29
835.83 , 744.48
854.25 , 741.25
872.29 , 745.16
866.28 , 762.22
851.1 , 773.49
834.52 , 780.99
817.1 , 786.25
799.17 , 790.57
781.55 , 795.5
762.75 , 798
743.23 , 799
724.08 , 797.24
706.23 , 792.76
689.17 , 786.77
672.7 , 778.97
658.75 , 764.75
648.65 , 749.15
798.95 , 544.19
805.95 , 538.69
813.23 , 533.92
820.9 , 530.2
828.7 , 526.94
837.38 , 525.51
846.7 , 525.44
855.83 , 525.94
864.78 , 526.76
873.45 , 528.19
881.47 , 530.95
878.27 , 536.19
869.53 , 537.44
860.88 , 538.93
852.25 , 540.45
843.5 , 541.69
834.5 , 542.44
825.15 , 542.44
815.78 , 542.44
806.93 , 541.46
653.05 , 535.37
647.02 , 530.91
640.68 , 527.43
634 , 524.83
626.75 , 523.42
619.08 , 522.92
611.18 , 522.92
603.62 , 523.67
596.43 , 525.14
589.9 , 528.16
584.1 , 533.17
591.42 , 534.41
598.5 , 536.19
605.93 , 537.16
613.48 , 537.92
620.9 , 538.91
628.35 , 539.92
636 , 540.42
643.68 , 540.92
651.47 , 541.17
778.09 , 491.11
788.47 , 477.22
806.17 , 475.86
824.12 , 476.61
841.84 , 477.86
859.44 , 479.34
877.17 , 480.59
895.02 , 481.58
912.02 , 484.37
927.59 , 490.11
941.87 , 499.39
932.34 , 505.86
915.47 , 502.86
897.87 , 501.36
879.79 , 501.86
861.82 , 502.61
843.87 , 503.36
825.77 , 503.86
808.16 , 505.36
790.34 , 504.36
625.57 , 492.49
621.06 , 482.4
611.62 , 476.23
599.69 , 475.71
587.89 , 476.46
576.57 , 478.21
565.37 , 480.21
554.94 , 483.74
544.94 , 488.59
535.89 , 495.89
532.09 , 506.21
533.59 , 517.68
543.04 , 512.52
552.04 , 504.99
562.27 , 500.94
573.47 , 498.97
585.39 , 499.46
596.47 , 501.7
607.79 , 503.46
619.11 , 501.71
