1436253170_1
712.9 , 967.65
720.6 , 994.93
726.9 , 1022.21
733.16 , 1052.32
739.05 , 1079.81
747.22 , 1109.89
756.6 , 1136.8
769.76 , 1162.86
786.55 , 1187.58
803.48 , 1212.39
822.62 , 1235.64
841.89 , 1254.69
864.91 , 1274.24
887.99 , 1293.72
911.92 , 1312.16
934.75 , 1328.26
961.2 , 1344.08
986.11 , 1356.13
1014.98 , 1366.58
1041.39 , 1374.9
1071.36 , 1383.14
1099.5 , 1389.32
1127.32 , 1392.07
1157.38 , 1387.33
1182.22 , 1373.32
1203.43 , 1351.04
1220.52 , 1329.23
1237.6 , 1304.57
1252.98 , 1279.13
1267.27 , 1252.59
1281.68 , 1226.77
1297.19 , 1202.36
1312.14 , 1177.59
1325.05 , 1151.78
1336.11 , 1125.04
1346.18 , 1094.78
1353.81 , 1066.81
1360.13 , 1038.54
1365.34 , 1010.05
1369.73 , 981.63
1376.4 , 950.5
1093.39 , 938.87
1080.72 , 958.5
1066.05 , 977.31
1052.54 , 996.84
1058.86 , 1020.33
1077.68 , 1035.14
1098.35 , 1043.75
1122.68 , 1049.86
1144.95 , 1056.75
1170.34 , 1060.74
1191.97 , 1058.85
1215.68 , 1048.12
1231.86 , 1033.2
1238.45 , 1009.95
1229.29 , 988.32
1223.29 , 963.83
1217.08 , 939.48
1000.5 , 1134.11
1017.48 , 1131.36
1035.45 , 1130.61
1053.53 , 1131.11
1071.12 , 1132.61
1088.6 , 1134.36
1105.95 , 1136.36
1123.55 , 1137.86
1141.62 , 1138.36
1159.58 , 1137.61
1177.42 , 1138.61
1195.03 , 1140.11
1212.25 , 1142.36
1227.29 , 1148.33
1216.53 , 1162.08
1203.93 , 1175.12
1189.55 , 1184.07
1173.47 , 1188.6
1156.47 , 1191.36
1138.53 , 1192.11
1121.28 , 1189.86
1104.28 , 1187.11
1087.88 , 1183.1
1071.47 , 1179.09
1055.62 , 1174.14
1040.45 , 1167.32
1026.2 , 1158.06
1012.38 , 1147.49
1005 , 1134.11
1019.27 , 1137.61
1033.7 , 1140.86
1048.33 , 1143.62
1062.97 , 1146.36
1077.28 , 1149.86
1091.45 , 1153.62
1105.97 , 1156.61
1121.1 , 1158.36
1137.08 , 1158.36
1152.45 , 1157.11
1167.47 , 1155.11
1182.47 , 1153.11
1197.35 , 1150.86
1212.13 , 1148.86
1197.25 , 1151.11
1182.35 , 1153.36
1167.35 , 1155.36
1152.22 , 1157.11
1136.97 , 1158.61
1121.12 , 1158.36
1105.75 , 1157.11
1091.22 , 1154.11
1077.05 , 1150.35
1062.75 , 1146.86
1048.22 , 1143.86
1033.45 , 1141.36
1019.15 , 1137.88
1210.8 , 820.95
1217.96 , 809.27
1228.8 , 799.7
1240.42 , 792.32
1252.83 , 786.95
1266.12 , 783.71
1280.62 , 782.95
1294.77 , 784.45
1307.83 , 788.21
1320.47 , 792.7
1331.29 , 802.42
1329.75 , 816.53
1320.65 , 827.44
1308.3 , 832.95
1294.17 , 834.45
1280.03 , 832.95
1265.62 , 831.95
1250.88 , 831.7
1236 , 831.7
1221.52 , 830.94
1048.39 , 821.47
1036.04 , 810.61
1023.44 , 800.51
1009.27 , 794.68
994.14 , 790.94
978.82 , 787.67
962.14 , 787.17
946.34 , 789.42
931.37 , 793.4
917.49 , 800.24
904.84 , 810.17
917.34 , 820.67
930.89 , 828.21
945.64 , 832.69
960.97 , 835.95
977.04 , 837.67
993.34 , 838.92
1010.14 , 838.67
1026.79 , 838.17
1042.14 , 834.9
1218.19 , 740.09
1232.82 , 726.19
1250.34 , 720.32
1268.97 , 716.59
1288.07 , 713.84
1306.47 , 709.59
1325.07 , 705.81
1344.89 , 707.09
1362.19 , 713.59
1377.44 , 725.84
1387.26 , 741.93
1370.62 , 749.34
1350.41 , 749.84
1330.34 , 750.59
1310.62 , 752.09
1291.52 , 754.85
1272.91 , 758.59
1254.62 , 763.1
1235.89 , 766.58
1218.52 , 760.34
1132.8 , 736.11
1103.1 , 717.22
1068.85 , 709.49
1032.08 , 706.99
994.92 , 708.74
958.52 , 711.96
923.25 , 717.64
890.7 , 728.45
861.23 , 747.92
834.23 , 774.41
812.15 , 802.99
847.1 , 809.23
879.5 , 797.99
910.55 , 782.5
943.17 , 771.72
977.23 , 763.46
1013.85 , 760.74
1050.53 , 763.49
1086.1 , 768.45
1124.07 , 768.49
