1440499238_1
643.05 , 832.35
641.58 , 864.59
640.35 , 896.99
638.59 , 929.49
636.24 , 965.52
634.01 , 998.19
632.69 , 1030.49
634.52 , 1065.35
639.15 , 1095.68
654.8 , 1126.56
675.06 , 1151.12
697.02 , 1176.9
727.37 , 1192.63
755.62 , 1211.61
781.05 , 1229.01
806.84 , 1252.76
829.11 , 1275.01
857.35 , 1296.94
886.32 , 1314.38
914.64 , 1325.96
947.35 , 1334.61
980.7 , 1340.96
1014.1 , 1343.46
1047.83 , 1337.81
1078.27 , 1329.11
1110.61 , 1315.4
1137.86 , 1297.67
1162.1 , 1275.22
1183.07 , 1248.89
1199.96 , 1218.98
1214.36 , 1191.59
1234.69 , 1164.62
1253.05 , 1135.65
1265.77 , 1106.58
1270.18 , 1071.33
1271.97 , 1039.43
1273.41 , 1004.78
1275.73 , 973.18
1278.27 , 938.52
1277.52 , 906.56
1275.15 , 871.39
977.06 , 868.09
960.73 , 883.67
937.09 , 897.24
922.36 , 916.8
920.33 , 941.38
937.68 , 957.54
962.02 , 961.35
986.87 , 967.59
1012.12 , 971.58
1037.56 , 977.19
1061.08 , 970.19
1085.59 , 963.05
1107.14 , 949.55
1118.81 , 928.57
1110.53 , 906.77
1095.09 , 885.21
1077.22 , 866.11
830.37 , 1032.04
857.87 , 1032.04
883.2 , 1027.55
909.87 , 1025.79
935.45 , 1029.79
962.85 , 1030.04
989.52 , 1031.79
1014.85 , 1036.27
1041.99 , 1035.54
1069.14 , 1034.79
1095.57 , 1032.54
1121.14 , 1028.54
1145.79 , 1034.56
1148.13 , 1060.51
1135.32 , 1082.34
1116.34 , 1101.81
1094.67 , 1115
1071.95 , 1125.48
1048.6 , 1134.06
1023.39 , 1138.8
998 , 1134.42
973.02 , 1129.19
948.22 , 1123.57
923.67 , 1117.33
900.89 , 1107.06
879.85 , 1092.02
859.72 , 1074.39
842.68 , 1054.09
847.62 , 1041.79
870.22 , 1043.04
893.07 , 1043.79
915.54 , 1045.29
938.77 , 1045.29
961.5 , 1046.29
983.62 , 1048.54
1005.39 , 1051.55
1027.62 , 1053.54
1050.6 , 1053.04
1073.82 , 1053.04
1096.07 , 1051.08
1117.69 , 1047.81
1139.82 , 1045.56
1133.77 , 1063.39
1116.07 , 1076.32
1096.62 , 1084.29
1075.7 , 1089.04
1054.35 , 1092.81
1032.42 , 1095.54
1009.22 , 1095.54
986.12 , 1095.29
963.87 , 1093.29
942.05 , 1090.47
920.95 , 1086.11
901.29 , 1078.78
882.64 , 1068.55
864.77 , 1056.18
1108.62 , 779.23
1113.68 , 769.93
1122.02 , 762.09
1131.27 , 756.82
1141.14 , 753.23
1151.77 , 751.24
1163.12 , 750.73
1173.87 , 752.48
1183.87 , 755.73
1193.27 , 760.61
1200.56 , 769.15
1198.89 , 779.9
1189.67 , 785.19
1180.19 , 789.91
1170.22 , 793.25
1159.47 , 794.98
1147.99 , 794.73
1137.24 , 792.97
1126.97 , 790.2
1117.17 , 786.49
934.51 , 779.54
921.73 , 769.02
907.13 , 763.55
892.08 , 759.02
876.15 , 756.27
859.13 , 756.78
843.18 , 759.52
827.71 , 763.27
812.81 , 768.04
798.61 , 774.78
786.23 , 786.52
801.11 , 791.3
815.78 , 796.5
830.98 , 800.77
846.81 , 803.76
863.23 , 805.52
880.13 , 804.77
896.06 , 802.03
911.63 , 798.5
926.18 , 792.81
1055.19 , 727.88
1061.29 , 708.25
1077.22 , 692.36
1095.82 , 683.38
1116.19 , 678.63
1138.22 , 677.38
1160.87 , 677.38
1182.91 , 678.63
1203.09 , 683.79
1221.47 , 693.39
1237.66 , 708.85
1244.26 , 728.2
1225.37 , 722.56
1204.62 , 718.65
1183.79 , 714.88
1161.39 , 714.38
1138.87 , 714.63
1116.22 , 714.63
1095.52 , 718.63
1076.12 , 725.12
966.27 , 710.94
943.5 , 698.21
918.35 , 691.44
890.97 , 689.19
862.62 , 689.44
834.52 , 690.2
808.25 , 694.72
783.89 , 702.93
761.32 , 716.24
740.86 , 735.27
725.87 , 757.19
752.77 , 760.44
776.25 , 749.44
799.57 , 737.98
825 , 731.67
852.47 , 729.59
880.72 , 729.69
908.95 , 730.19
936.55 , 731.94
964.4 , 733.19
