1440501186_1
323.05 , 406.44
321.1 , 419.56
319.76 , 433.96
318.76 , 448.35
318.15 , 462.55
317.88 , 478.09
318 , 492.18
318.93 , 505.91
321.77 , 520.47
325.13 , 534.7
335.12 , 543.51
348.31 , 551.24
359.36 , 559.37
371.3 , 566.3
385.2 , 573.14
397.01 , 581.15
409.38 , 588.4
421.4 , 595.78
433.96 , 603.97
445.76 , 611.08
458.59 , 616.96
473.16 , 619.64
486.89 , 620.29
501.66 , 619.27
516.05 , 617.1
528.12 , 609.96
539.72 , 602.08
550.7 , 593.12
562 , 582.26
572.23 , 572.14
581.45 , 562.64
590.57 , 551.56
598.4 , 539.36
604.02 , 526.07
607.65 , 512
609.68 , 497.56
611.09 , 483.06
612.32 , 468.51
613.34 , 454
614.18 , 439.55
614.9 , 425.1
466.99 , 400
459.75 , 406.93
452.77 , 414.85
449.49 , 425.01
454.1 , 434.64
463.22 , 439.59
473.01 , 442.96
482.75 , 445.13
494.16 , 446.73
504.04 , 446.37
514.58 , 443.73
525.04 , 440.47
533.14 , 434.62
535.17 , 424.13
530.24 , 414.72
523.78 , 407.11
515.92 , 398.92
411.84 , 480.27
421.51 , 475.09
432.89 , 473.77
444.41 , 472.77
455.56 , 471.02
466.62 , 469.02
477.79 , 467.27
489.19 , 468.52
501.09 , 468.77
512.99 , 469.02
523.79 , 471.52
533.89 , 475.55
543.84 , 480.02
550.66 , 488.94
545.44 , 498.67
538.24 , 507.62
529.44 , 515.2
519.87 , 520.75
509.84 , 525.02
497.96 , 525.27
486.31 , 524.52
475.39 , 522.27
464.99 , 519.05
455.12 , 514.28
445.41 , 509.12
435.79 , 503.7
426.51 , 497.44
417.75 , 489.7
417.84 , 482.52
427.31 , 480.77
437.29 , 480.02
447.26 , 479.27
457.26 , 478.52
467.12 , 477.52
477.21 , 478.02
487.09 , 479.02
497.06 , 479.77
507.41 , 479.77
517.51 , 479.27
527.49 , 478.52
537.71 , 478.27
546.06 , 482.76
546.71 , 492.42
538.84 , 498.27
530.54 , 502.81
520.99 , 504.52
510.79 , 504.77
500.56 , 504.52
490.44 , 504.02
480.21 , 503.77
469.99 , 503.52
459.66 , 503.52
449.81 , 502.5
441.06 , 499.25
432.69 , 494.84
424.42 , 490.11
533.32 , 367.64
535.35 , 363.36
539.22 , 360.21
543.55 , 358.15
548.05 , 356.63
552.92 , 355.89
558.05 , 355.64
563.05 , 356.14
567.67 , 357.39
571.82 , 359.89
575.32 , 363.64
575.89 , 368.07
571.15 , 369.12
566.4 , 370.15
561.52 , 370.89
556.52 , 371.39
551.52 , 371.89
546.65 , 372.64
541.42 , 372.67
536.97 , 371.07
445.02 , 361.64
441.33 , 359.26
437.49 , 357.29
433.49 , 355.8
429.01 , 355.29
424.63 , 354.54
419.91 , 354.54
415.56 , 355.28
411.56 , 356.83
407.83 , 359.07
404.86 , 362.54
408.54 , 364.94
412.26 , 367.2
416.24 , 368.82
420.59 , 369.54
425.09 , 369.04
429.34 , 368.04
433.59 , 367.04
437.94 , 366.29
442.06 , 365.05
511.1 , 338.28
513.43 , 330.2
520.12 , 324.26
527.75 , 320.81
536 , 318.78
544.95 , 318.28
553.9 , 317.78
562.98 , 317.53
571.93 , 317.01
579.75 , 319.78
586.6 , 325.28
587.63 , 333.01
579.05 , 334.28
569.85 , 334.28
560.9 , 333.79
552.25 , 334.88
544 , 336.88
535.73 , 338.75
527.25 , 340.28
518.58 , 341.26
472.56 , 329.96
464.13 , 323.45
454.78 , 319.53
445.08 , 316.49
434.74 , 314.71
423.99 , 313.71
413.01 , 313.22
402.78 , 315.18
393.61 , 319.8
384.86 , 325.34
376.21 , 331.21
383.49 , 339.21
394.21 , 340.21
404.46 , 338.21
415.18 , 337.21
426.16 , 336.71
437.26 , 336.46
448.36 , 336.71
459.08 , 337.71
469.68 , 338.96
