1440954875_1
132.84 , 340.55
133.54 , 362.31
135.25 , 384.33
137.91 , 406.14
142.59 , 427.72
148.51 , 446.78
156.38 , 467.56
165.76 , 487.75
176.27 , 507.37
187.7 , 526.1
201.52 , 542.46
216.75 , 560.06
231.42 , 575.15
249.05 , 590.1
265.57 , 603.39
281.62 , 617.85
298.53 , 631.15
318.22 , 644.84
337.3 , 655.63
357.26 , 664.59
378.32 , 669.3
399.96 , 669.13
420.73 , 662.96
439.61 , 653.38
460.27 , 641.53
476.15 , 629.29
491.28 , 611.53
504.04 , 594.45
520.89 , 580.16
535.92 , 564.73
552.26 , 549.15
567.38 , 532.17
579.66 , 514.24
590.98 , 496.24
600.16 , 475.04
607.88 , 454.71
614.34 , 434.89
620.02 , 414.1
622.75 , 392.31
624.37 , 370.46
626.25 , 346.55
361.34 , 368.04
355.67 , 385.01
340.98 , 399.12
328.15 , 415.42
326.66 , 434.1
337.35 , 450.77
356.94 , 456.65
377.54 , 457.25
395.66 , 459.29
416.98 , 460.38
435.35 , 456.65
456.71 , 451.82
471.81 , 442.22
475.14 , 421.99
470.86 , 401.82
458.03 , 386.16
449.53 , 368.31
284.8 , 499
303.2 , 500.25
320.78 , 497.25
337.2 , 491.98
354.53 , 488.5
373.43 , 488.75
391.25 , 491.25
409.55 , 492.75
427.35 , 490.25
444.68 , 486.76
462.98 , 488.22
478.12 , 497.01
494.32 , 502.76
487.49 , 518.58
479.52 , 534.02
470.65 , 549.15
459.43 , 563.4
444.9 , 573.99
429.05 , 580.75
411.48 , 583.75
392.7 , 583.25
374.28 , 582
357.45 , 577.41
342.07 , 569.28
328.35 , 556.55
314.9 , 543.1
301.99 , 529.45
292.59 , 514.55
292.3 , 504
305.45 , 507.02
319.68 , 507.75
333.15 , 510.1
346.9 , 511.85
360.48 , 514.01
374.12 , 516
387.88 , 517.75
402.38 , 518
416.12 , 516.25
429.77 , 514.25
443.9 , 513.25
458.12 , 512.5
472.03 , 511
469.17 , 518.66
457.58 , 525.48
445.7 , 531.53
433.2 , 535.85
420.12 , 539
406.23 , 540.5
391.88 , 540.5
378 , 539.02
365.38 , 535.01
353 , 530.45
340.65 , 525.85
328.28 , 521.24
316.05 , 516.25
304.2 , 510.12
486 , 290.22
492.77 , 283.44
500.52 , 279.21
508.45 , 275.5
516.5 , 272.22
525.02 , 269.97
534.27 , 269.22
543.42 , 270.22
552.55 , 271.21
560.58 , 274.53
567.92 , 279.85
566.37 , 288.65
558.65 , 292.98
550.25 , 295.47
540.77 , 295.72
531.27 , 295.97
521.77 , 295.72
512.77 , 294.47
503.77 , 293.22
495.38 , 290.73
329.67 , 285.37
320.8 , 276.65
310.88 , 270.83
299.93 , 267.64
288.15 , 266.14
275.75 , 265.89
263.25 , 265.89
251.12 , 266.71
240.17 , 269.91
230.5 , 276.33
221.2 , 283.89
231.42 , 288.9
242.07 , 292.67
253.15 , 295.6
264.9 , 297.14
276.92 , 298.14
289.32 , 297.89
301.6 , 297.39
313.75 , 296.64
325.65 , 295.39
472.11 , 228.28
481.44 , 216.69
494.26 , 210.53
507.51 , 205.75
521.26 , 202.01
535.38 , 199.03
550.36 , 197.78
565.71 , 198.28
580.19 , 200.51
593.38 , 205.55
605.43 , 213.62
599.43 , 222.53
584.59 , 221.03
569.38 , 220.78
554.96 , 223.18
541.11 , 226.78
527.34 , 230.54
513.26 , 233.63
498.84 , 236.03
483.94 , 237.09
361.65 , 232.92
348.22 , 222.27
333.22 , 216.01
318 , 210.56
302.35 , 205.87
285.92 , 202.8
268.44 , 201.8
251.25 , 200.3
233.3 , 200.29
217.45 , 204.61
203.27 , 213.05
217.92 , 220.45
234.57 , 223.04
250.82 , 226.57
266.92 , 230.45
283.45 , 233.27
299.95 , 236.27
316.3 , 239.55
333.02 , 242.05
350.37 , 243.3
