145548320_1
588.3 , 929.7
584.96 , 1012.2
601.82 , 1095.98
620.17 , 1179.36
640.72 , 1261.04
668.65 , 1340.51
702.05 , 1419.14
735.27 , 1490.53
771.53 , 1567.05
810.97 , 1643.75
847.52 , 1717.93
892.32 , 1796.7
939.64 , 1863.54
991.42 , 1930.75
1042.6 , 1991.71
1106.54 , 2053.34
1157.31 , 2123.92
1215.2 , 2183.5
1279.94 , 2232.47
1365.61 , 2253.76
1446.98 , 2263.77
1530.93 , 2258.01
1609.8 , 2229.15
1677.94 , 2173.4
1730.92 , 2111.23
1782.46 , 2043.2
1835.2 , 1972.15
1890.17 , 1907.56
1941.24 , 1849.13
1991.11 , 1778.64
2033.52 , 1704.31
2078.43 , 1632.94
2124.2 , 1561.54
2166.64 , 1486.3
2202.12 , 1414.26
2233.73 , 1333.45
2264.68 , 1248.53
2289.96 , 1171.3
2308.07 , 1089.35
2318.94 , 1002.51
2322.84 , 916.64
1319.29 , 994
1288.5 , 1048.3
1261.1 , 1110.02
1243.13 , 1171.09
1273.47 , 1225.07
1328.01 , 1267.5
1381.5 , 1306.56
1436.05 , 1339.7
1498.66 , 1362.25
1560.42 , 1353.46
1616.93 , 1319.27
1671.16 , 1279.98
1721.9 , 1235.2
1755.6 , 1183.1
1740.85 , 1118.5
1713.53 , 1062.32
1682.1 , 999.39
1075.82 , 1460.58
1148.99 , 1437.31
1230.05 , 1429.58
1313.02 , 1433.33
1391.89 , 1445.56
1466.44 , 1466.61
1549.67 , 1463.32
1621.77 , 1437.57
1701.02 , 1426.08
1783.64 , 1430.58
1861.09 , 1445.64
1856.6 , 1528.26
1832.85 , 1601.18
1805.34 , 1672.63
1773.03 , 1742.63
1734.19 , 1810.2
1680.29 , 1872.35
1616.92 , 1922.82
1547.44 , 1957.08
1470.32 , 1972.83
1387.32 , 1969.08
1316.67 , 1938.96
1253.3 , 1888.56
1201.79 , 1825.55
1161.56 , 1758.55
1131.55 , 1687.88
1105.84 , 1615.78
1086.55 , 1540.18
1135.57 , 1506.58
1185.77 , 1467.86
1250.57 , 1463.83
1313.64 , 1471.33
1375.3 , 1481.83
1437.17 , 1491.83
1501.1 , 1497.58
1565.77 , 1493.33
1626.77 , 1481.58
1687.19 , 1468.58
1749.32 , 1459.08
1815.84 , 1459.41
1809.85 , 1523.23
1786.3 , 1578.86
1757.07 , 1632.58
1725.19 , 1685.18
1688.13 , 1736.03
1639.37 , 1778.8
1584.17 , 1803.8
1526.24 , 1821.57
1461.69 , 1826.08
1399.1 , 1817.59
1341.77 , 1798.85
1287.17 , 1771.7
1239.02 , 1727.28
1197.9 , 1677.9
1165.31 , 1625.53
1144.32 , 1569.08
1735.03 , 703.63
1768.93 , 696.89
1803.95 , 692.38
1840.93 , 692.88
1878.03 , 692.63
1915.01 , 692.13
1951.61 , 690.88
1988.36 , 689.88
2025.43 , 689.63
2061.33 , 692.4
2094.55 , 700.65
2061.38 , 699.38
2024.4 , 699.88
1987.68 , 700.88
1950.83 , 701.63
1913.86 , 702.13
1877.86 , 699.62
1842.45 , 695.88
1805.48 , 695.38
1769.7 , 698.38
1245.05 , 702.06
1211.6 , 692.55
1175.88 , 687.54
1138.47 , 686.03
1100.92 , 684.79
1063.38 , 683.54
1025.45 , 683.5
988.52 , 686.07
952.32 , 690.07
917.02 , 695.91
883.65 , 705.54
919.02 , 699.8
955.38 , 696.06
993.38 , 695.79
1031.53 , 695.79
1068.95 , 694.29
1106.12 , 696.29
1143.3 , 698.29
1180.85 , 697.54
1217.9 , 699.79
1646.4 , 600.2
1681.8 , 550.33
1731.28 , 514.08
1784.65 , 487.7
1841.05 , 469.98
1901.03 , 459.21
1962.45 , 451.45
2025.73 , 447.45
2086.18 , 456.7
2140.7 , 479.73
2191.48 , 512.55
2196.55 , 566.7
2133.05 , 569.72
2069.93 , 565.95
2006.1 , 568.74
1945.58 , 578.44
1886.88 , 591.95
1827.65 , 604.2
1768.6 , 616.95
1703.9 , 615.95
1347.66 , 553.36
1296.37 , 505.8
1236.39 , 482.77
1171.02 , 470.96
1105.07 , 460.26
1041.44 , 444.53
971.79 , 441.57
906.67 , 453.96
846.24 , 475.63
787.69 , 503.4
734.59 , 545.78
802.47 , 552.53
870.06 , 559.78
937.69 , 567.02
1006.26 , 572.28
1073.41 , 580.56
1136.87 , 596.53
1199.01 , 614.79
1264.32 , 626.78
1329.01 , 614.06
