1458971524_1
398.35 , 514.6
396.99 , 530.9
395.82 , 547.25
396.94 , 565.14
398.91 , 581.3
400.74 , 597.47
403.6 , 615.21
408.18 , 631.09
414.28 , 646.53
422.45 , 661.12
432.57 , 674.41
445.31 , 687.44
457.09 , 699.35
468.41 , 712.58
478.46 , 724.7
490.24 , 738.04
502.22 , 748.26
517.4 , 756.44
533.44 , 761.88
550 , 765.74
567.43 , 767.77
583.62 , 766.7
601.02 , 761.95
616.24 , 754.82
631 , 748.11
646.01 , 738.72
658.78 , 729.16
672.09 , 717.73
685.31 , 707.7
697.72 , 695.52
709.53 , 682.61
718.86 , 670.07
725.18 , 653.14
730.56 , 637.62
738.09 , 621.98
743.63 , 607.37
749.79 , 591
755.82 , 574.16
757.82 , 557.82
757.53 , 540.9
754.4 , 523.75
538.7 , 530.41
529.88 , 539.01
521.03 , 548.58
517.81 , 561
523.85 , 571.6
535.07 , 578.77
546.22 , 584.37
558.93 , 587.19
572.31 , 585.85
584.22 , 584.33
597.77 , 583.62
610.38 , 583.23
621.21 , 576.95
626.4 , 565.45
623.09 , 552.48
613.68 , 544.47
603.76 , 535.47
484.9 , 615.38
496.55 , 609.23
509.62 , 606.38
522.85 , 603.88
536.8 , 602.88
550.88 , 603.63
564.45 , 605.38
578.9 , 605.38
592.85 , 604.38
606.08 , 606.88
618.33 , 611.4
630.4 , 616.38
641.55 , 623.98
647.29 , 635.78
637.25 , 646.03
627.4 , 656.38
616.83 , 665.47
605.1 , 671.64
592.88 , 676.13
578.9 , 677.13
564.6 , 676.88
551 , 675.13
538 , 672.13
525.85 , 667.34
514.6 , 660.07
504.31 , 650.06
496.53 , 638.98
490.4 , 627.25
486.4 , 617.13
497.47 , 615.38
509.02 , 616.13
520.6 , 616.88
532.4 , 617.13
543.98 , 617.88
555.42 , 618.88
566.5 , 620.63
578.42 , 620.63
589.75 , 619.38
601.7 , 619.38
612.77 , 621.12
623.1 , 624.35
632.79 , 629.38
635.18 , 639.12
625.1 , 642.92
614.23 , 645.13
602.77 , 646.13
591.08 , 646.63
579.52 , 647.38
567.7 , 647.13
556.27 , 646.12
545.17 , 644.38
534.1 , 642.64
523.15 , 640.63
512.52 , 637.91
502.42 , 634.14
493.93 , 625.91
633.05 , 479.64
638.72 , 474.19
645.22 , 470.95
651.75 , 467.68
658.72 , 465.62
666.32 , 464.89
673.92 , 465.64
681.05 , 467.39
687.9 , 469.64
694.17 , 473.49
699.24 , 479.31
696.64 , 485.88
689.9 , 488.39
682.77 , 490.14
675.17 , 490.89
667.32 , 490.64
659.62 , 490.14
651.9 , 489.63
644.65 , 488.16
637.96 , 485.57
528.4 , 463.57
524.29 , 457.45
518.44 , 452.58
512.24 , 448.66
505.77 , 445.44
498.97 , 443.2
491.79 , 441.7
484.12 , 441.2
476.69 , 442.18
470.17 , 445.3
464.54 , 450.7
470.22 , 456.12
476.39 , 460.05
482.89 , 463.24
489.42 , 466.23
496.49 , 467.96
503.92 , 468.95
511.22 , 470.2
518.76 , 470.95
526.32 , 470.2
614.5 , 435.99
623.7 , 428.76
634.4 , 425.47
645.95 , 423.99
657.4 , 422.24
668.88 , 420.49
680.42 , 418.99
692 , 417.49
704.08 , 416.99
715.28 , 419.25
722.97 , 427.75
713.4 , 433.96
702.4 , 436.72
691.08 , 438.75
679.5 , 440.24
667.95 , 441.73
656.95 , 444.48
646.1 , 447.48
633.92 , 447.76
623.73 , 443.23
542.39 , 421.8
534.55 , 412.27
524.86 , 404.92
514.31 , 399.9
502.78 , 397.17
491.88 , 393.19
480.78 , 389.65
468.69 , 388.17
455.83 , 388.17
444.33 , 390.89
434.96 , 399.17
445.43 , 404.4
457.38 , 406.17
469.86 , 406.92
481.99 , 408.41
492.96 , 412.17
503.16 , 418.1
512.96 , 425.17
523.16 , 431.13
535.71 , 431.67
