1466887621_1
523.39 , 710.64
522.27 , 730.5
520.92 , 748.45
521.55 , 769
524.62 , 788.35
527.92 , 808.29
533.05 , 826.96
542.28 , 846.19
551.39 , 862.92
562.51 , 878.81
576.14 , 895.18
588.2 , 910
600.12 , 925.05
615.36 , 940.12
630.6 , 953.04
646.85 , 964.15
662.57 , 973.88
680.86 , 984.56
699.85 , 991.63
718.02 , 996.51
737.95 , 998.58
758.09 , 1000.89
778.53 , 998.47
797.09 , 994.04
814.72 , 986.4
832.29 , 975.13
847.23 , 963.58
863.75 , 950.35
877.67 , 936.51
891.58 , 921.62
904.74 , 906.4
916.67 , 891.86
928.23 , 874.64
939.01 , 858.29
948.97 , 840.89
958.82 , 824.27
966.61 , 805.28
971.75 , 786.49
975.78 , 766.81
978.57 , 746.76
981.7 , 726.75
710.69 , 658.19
700.8 , 675.5
690.25 , 692.3
682.35 , 710.15
687.33 , 730.33
701.36 , 744.41
717.49 , 755.28
736.45 , 760.39
756.06 , 763.51
777.57 , 763.76
797.63 , 759.39
817.17 , 753.06
832.16 , 741.36
836.43 , 721.63
835.01 , 702.49
827.2 , 683.9
819.35 , 663.44
639.56 , 808.91
658.16 , 805.9
675.93 , 801.14
693.96 , 796.89
712.43 , 793.63
732.38 , 793.91
750.76 , 797.37
770.43 , 796.66
789.31 , 794.16
808.03 , 796.92
825.58 , 801.93
844.08 , 805.18
863.46 , 806.66
860.06 , 823.81
849.82 , 839.38
839.5 , 854.96
826.36 , 869.36
810.86 , 879.89
793.71 , 885.76
775.03 , 888.66
755.81 , 890.41
736.01 , 890.38
719.08 , 883.92
702.46 , 876.57
686.18 , 868.04
671.47 , 855.34
659.56 , 840.31
648.4 , 825.03
643.56 , 809.16
660.63 , 810.16
677.46 , 811.66
694.91 , 811.91
712.36 , 812.16
729.18 , 813.66
745.38 , 816.48
761.91 , 818.69
778.11 , 815.87
794.73 , 813.98
812.16 , 813.66
829.01 , 815.12
845.96 , 813.92
861.58 , 809.91
853.76 , 821.98
839.83 , 830.14
824.76 , 835.2
809.33 , 839.64
794.53 , 845.41
778.76 , 849.15
761.93 , 850.66
744.61 , 851.16
727.61 , 849.95
711.53 , 846.9
696.51 , 841.86
681.68 , 836.18
665.88 , 832.47
652.47 , 822.83
836.34 , 606.68
842.04 , 599.24
849.67 , 593.89
857.67 , 589.62
865.74 , 585.52
874.26 , 582.75
883.92 , 582.18
893.09 , 583.68
902.39 , 584.92
911.04 , 587.4
919.07 , 591.66
919.82 , 600.44
911.37 , 603.42
902.32 , 605.18
892.99 , 606.43
883.59 , 607.43
873.79 , 607.18
864.37 , 606.18
855.07 , 604.93
845.29 , 604.68
681.32 , 593.98
674.75 , 587.91
667.85 , 582.77
660.45 , 579.01
652.32 , 577.04
643.7 , 576.03
634.77 , 575.88
626.35 , 577.3
618.42 , 579.74
611.02 , 583.54
603.62 , 587.28
611.25 , 590.31
619.02 , 592.93
627.02 , 595.18
635.1 , 597.27
643.6 , 598.53
652.57 , 598.78
661.55 , 599.03
670.39 , 599.53
679.12 , 600.28
802.14 , 549.34
807.74 , 532.25
825.01 , 527.07
843.81 , 524.84
862.47 , 522.27
881.19 , 519.84
900.72 , 519.09
919.54 , 521.35
937.09 , 526.1
953.09 , 534.77
965.4 , 548.37
963.34 , 556.53
947.76 , 546.62
929.97 , 542.34
910.66 , 542.07
891.71 , 544.02
873.57 , 547.59
856.09 , 552.61
838.01 , 556.34
818.46 , 556.6
715.85 , 545.1
709.66 , 527.36
692.08 , 518.58
673.4 , 512.87
654.56 , 507.53
635.18 , 503.1
614.28 , 501.85
593.78 , 503.95
575.94 , 511.79
562.89 , 527.75
554.86 , 545.55
546.13 , 563.1
562.28 , 550.45
578.83 , 539.14
597.2 , 532.82
618.11 , 531.6
638.03 , 534.84
657.58 , 538.86
677.15 , 542.86
696 , 548.22
