10407038_1
158.84 , 696.6
159.5 , 734.3
162.21 , 772.17
166.02 , 809.99
170.08 , 850.22
171.94 , 890.98
176.22 , 927.39
186.7 , 964.46
201.26 , 1002.36
217.05 , 1037.63
232.74 , 1072.49
254.41 , 1104.65
284.21 , 1131.4
313.97 , 1157.98
346.35 , 1181.56
378.61 , 1200.83
414.69 , 1219.44
448.63 , 1235.04
485.35 , 1246.7
525.36 , 1254.36
560.78 , 1262.93
602.73 , 1266.1
641.22 , 1259.72
677.75 , 1253.15
715.62 , 1242.43
750.73 , 1225.87
779.84 , 1200.71
802.92 , 1166.27
823.63 , 1133.25
842.39 , 1099.37
858.67 , 1066.62
876.3 , 1029.8
893.83 , 993.84
910.72 , 958.5
923.86 , 923.95
935.95 , 886.3
952 , 850.27
960.89 , 810.88
966.14 , 774.04
970.3 , 734.06
975.8 , 694.25
585.8 , 736.25
575.1 , 764.48
561.14 , 795.5
545.64 , 824.7
542.95 , 857.55
554.25 , 888.24
582.73 , 903.46
614.61 , 912.54
646.6 , 919.81
680.74 , 916.28
714.39 , 910.45
743.55 , 893.99
770 , 875.8
792.87 , 850.2
789.66 , 818.81
772.7 , 791.85
755.45 , 760.85
492.15 , 1030.5
515.85 , 1025
539.48 , 1019.25
562.85 , 1013.04
585.35 , 1005.29
607.8 , 997.35
630.45 , 989.96
654.12 , 984.27
680.23 , 984.75
703.77 , 978.88
726.35 , 971.27
751.4 , 968.5
776.55 , 970.99
783.93 , 993.12
775.92 , 1015.55
767.37 , 1037.78
754.07 , 1058.33
736.28 , 1077.13
716 , 1091.15
693.85 , 1100.02
669.67 , 1104.5
643.65 , 1103.75
620.17 , 1097.76
598.1 , 1088.74
576.62 , 1077.75
555.62 , 1065.72
534.8 , 1053.12
513.7 , 1041.29
530.9 , 1026.5
548.4 , 1022.5
566.65 , 1020
584.9 , 1017.5
602.82 , 1014.32
620.8 , 1011.28
638.67 , 1008
657.15 , 1006
675.83 , 1004.32
694.15 , 1002
711.67 , 997.98
728.58 , 992.74
746.2 , 988.96
763.97 , 985.52
776.68 , 982.24
760.17 , 988.24
743.92 , 994.97
728.35 , 1003.79
712.38 , 1011.51
695.85 , 1017.52
678.73 , 1022.25
660.35 , 1024.5
641.4 , 1025.5
623.05 , 1027.85
604.88 , 1030.5
586.27 , 1032.25
566.92 , 1032.5
548.42 , 1030.5
732.73 , 595.02
740.94 , 578.32
751.5 , 562.5
766.23 , 548.77
782.11 , 538.36
798.73 , 529.77
816.31 , 524.02
836.13 , 525.24
854.11 , 530.4
870.56 , 539.35
884.27 , 554.07
891.49 , 571.12
885.63 , 588.67
869.13 , 597.55
850.25 , 600.77
830.78 , 602.77
810.46 , 602.52
791 , 600.52
771.4 , 598.77
751.08 , 599.01
514.67 , 605.31
498.83 , 592.68
482.1 , 582.45
464.88 , 573.48
445.73 , 569.11
424.82 , 569.83
405.75 , 574.36
387.48 , 580.37
370.15 , 589.21
354.35 , 602.01
340.25 , 617.36
357.85 , 625.14
375.88 , 631.63
395.2 , 635.62
415.23 , 638.11
436.23 , 638.61
456.85 , 637.36
477.02 , 635.11
496.95 , 632.4
514.93 , 625.62
781.87 , 500.41
790.59 , 478.19
805.84 , 458.17
826.02 , 443.48
847.37 , 431.91
868.07 , 418.73
889.2 , 406.65
911.17 , 396.92
937.17 , 395.91
959.22 , 405.42
976.87 , 424.41
991.01 , 444.8
965.05 , 445.41
940.14 , 442.16
915.85 , 446.68
894.17 , 457.38
872.42 , 467.88
850.14 , 476.65
829.47 , 489.82
807.37 , 499.16
542.33 , 541.84
538.68 , 511.8
505.5 , 499.58
470.15 , 491.79
434.5 , 484.8
397.82 , 479.81
360.45 , 476.31
322.2 , 475.06
285.05 , 479.08
251.15 , 489.63
220.77 , 509.46
197.2 , 538.56
236.18 , 538.81
275.03 , 539.31
313.5 , 538.06
351.25 , 535.27
390.22 , 535.06
427.5 , 538.81
464.88 , 542.31
503.73 , 542.81
