146978430_2
370.04 , 462.6
373.34 , 475.49
376.77 , 487.92
381.61 , 501.36
386.68 , 513.29
392.07 , 525.09
398.78 , 537.92
404.86 , 549.16
412.85 , 560.41
421.87 , 571.41
429.78 , 581.57
437.75 , 591.74
446.95 , 603
454.43 , 613.97
462.61 , 623.83
472.62 , 633.55
483.24 , 642.85
494.37 , 650.65
505.8 , 657.54
518.2 , 662.42
531.67 , 660.98
544.2 , 657.89
557.99 , 654.94
569.52 , 647.54
580.18 , 640.14
586.75 , 629.09
590.37 , 615.71
593.3 , 602.06
596.13 , 589.46
597.53 , 575.98
601.3 , 563.22
605.27 , 548.97
608.65 , 536.07
611.69 , 523.13
614.24 , 510.06
616.51 , 496.86
618.22 , 483.55
619.6 , 470.24
621.33 , 456.94
623.28 , 443.62
625.05 , 428.85
477.1 , 450.91
471.85 , 458.94
469.06 , 468.01
468.76 , 477.37
472.66 , 485.87
481.31 , 489.65
490.85 , 492.28
500.62 , 493.04
509.93 , 493.38
520.18 , 492.54
529.35 , 489.5
537.11 , 483.48
544.68 , 478.36
550.16 , 470.33
548.91 , 460.7
545.36 , 451.64
539.44 , 443.85
461.31 , 549.88
466.19 , 539.23
475.63 , 530.79
485.86 , 524.59
496.63 , 519.89
508.36 , 517.39
520.09 , 514.86
531.34 , 511.38
543.18 , 509.13
555.53 , 510.37
566.06 , 515.88
571.31 , 526.48
573.06 , 538.58
573.31 , 551.4
573.09 , 564.25
570.58 , 575.98
566.83 , 587.11
561.15 , 597.53
551.61 , 605.62
541.01 , 610.88
529.01 , 612.88
516.31 , 612.38
505.59 , 607.66
496.03 , 599.61
488.14 , 589.98
481.18 , 580.03
474.61 , 569.95
468.24 , 559.83
467.81 , 547.88
476.24 , 541.69
485.31 , 537.13
494.49 , 532.86
504.54 , 530.63
514.78 , 528.88
524.41 , 525.85
533.59 , 521.64
543.09 , 518.38
553.84 , 517.63
563.81 , 519.94
567.55 , 529.25
567.31 , 540.25
566.06 , 550.75
564.56 , 561.15
562.55 , 571.28
560.02 , 581.18
555.25 , 590.18
547.09 , 597.11
537.06 , 599.38
526.56 , 600.63
515.81 , 601.38
506.31 , 598.13
498.64 , 590.2
492.98 , 581.56
486.22 , 573.31
480.21 , 564.81
474.03 , 556.36
524.35 , 399.19
529.58 , 394.21
535 , 389.79
540.77 , 386.29
546.5 , 382.78
552.48 , 379.82
559 , 378.2
566.18 , 378.44
572.75 , 379.91
578.55 , 383.38
584.05 , 387.62
582.61 , 394.17
577.4 , 399.13
571.73 , 402.94
565.28 , 404.68
558.1 , 404.94
551.02 , 404.44
544.1 , 403.69
537.4 , 402.44
530.93 , 400.68
457.71 , 405.81
453.95 , 400.87
448.77 , 397.71
443.25 , 395.47
437.52 , 393.71
431.44 , 392.71
425.09 , 393.22
419.37 , 394.95
414.02 , 397.71
409.3 , 402.18
405.77 , 407.21
408.27 , 412.61
413.05 , 416.72
418.57 , 418.95
424.67 , 419.96
431.12 , 419.7
437.09 , 418.47
442.69 , 416.44
448.12 , 413.87
453.22 , 410.52
507.8 , 363.78
510.24 , 352.81
520.1 , 347.52
530.35 , 343.55
540.58 , 339.51
551.15 , 336.26
562.35 , 334.26
574.27 , 333.78
584.83 , 337.02
594.22 , 343.45
601.56 , 352.38
601.63 , 362.04
591.67 , 357.03
581.53 , 352.51
570.05 , 351.53
558.85 , 353.53
548.27 , 356.79
538.1 , 361
528.08 , 365.76
517.45 , 368.68
468.46 , 362.23
458.76 , 355.06
448.12 , 350.63
436.69 , 347.88
424.19 , 347.38
411.44 , 347.38
399.29 , 348.63
388.81 , 353.64
380.47 , 362.73
376.96 , 373.75
374.09 , 385.13
383.14 , 378.08
390.5 , 368.49
400.24 , 361.48
412.31 , 362.63
423.71 , 365.5
435.06 , 368.36
446.16 , 371.7
457.49 , 374.6
469.52 , 373.64
