147110327_1
1166.95 , 940.89
1165.12 , 984.65
1161.58 , 1034.58
1157.49 , 1079.76
1152.75 , 1126.43
1149.72 , 1174.12
1150.84 , 1224.43
1153.04 , 1269.1
1158.68 , 1317.75
1169.84 , 1361.08
1185.56 , 1409.39
1206.44 , 1450.97
1227.47 , 1491.22
1252.19 , 1534.04
1277.9 , 1571.09
1307.12 , 1612.5
1328.81 , 1653.83
1352.57 , 1692.57
1383.62 , 1730.13
1422.1 , 1760.98
1462.1 , 1782.04
1506.45 , 1799.45
1554.33 , 1811.99
1598.99 , 1816.95
1648.14 , 1813.08
1692.11 , 1799.03
1734.96 , 1777.57
1777.3 , 1754.18
1822.11 , 1736.61
1862.52 , 1716.99
1906.54 , 1693.38
1943.69 , 1666.77
1979.45 , 1637.51
2015.38 , 1604.13
2048.56 , 1568.47
2075.9 , 1532.48
2102.5 , 1493.88
2126.91 , 1451.32
2145.73 , 1409.36
2169.53 , 1369.35
2198.05 , 1326.95
1606.35 , 976.55
1582.1 , 1007.79
1560.98 , 1037.55
1546.57 , 1075.85
1550.42 , 1114.78
1571.61 , 1146.62
1603.1 , 1173.33
1638.44 , 1189.22
1676.04 , 1195.78
1716.85 , 1201.53
1755.72 , 1207.78
1793.49 , 1208.06
1830.3 , 1191.48
1851.43 , 1157.23
1855.72 , 1119.55
1852.98 , 1079.86
1846.4 , 1038.7
1410.33 , 1347.94
1439 , 1338.17
1471.86 , 1339.69
1505.33 , 1339.44
1537.7 , 1341.94
1567.75 , 1349.37
1595.25 , 1362.93
1621.23 , 1380.37
1652.28 , 1385.65
1685.73 , 1385.44
1715.73 , 1392.92
1743.8 , 1404.43
1772.08 , 1415.44
1800.25 , 1426.63
1794.9 , 1456.64
1770.28 , 1477.98
1743.23 , 1492.67
1713.23 , 1500.19
1680.25 , 1501.44
1647.95 , 1498.81
1616.43 , 1494.54
1586.45 , 1486.94
1559.03 , 1473.16
1533.2 , 1455.29
1508.33 , 1434.69
1483.3 , 1414.41
1458.78 , 1392.89
1434.43 , 1370.79
1431.33 , 1355.19
1455.45 , 1366.47
1479.78 , 1377.14
1504.63 , 1386.23
1530.13 , 1393.98
1555.63 , 1401.67
1580.53 , 1410.71
1604.48 , 1422.68
1629.23 , 1432.09
1657.9 , 1433.44
1686.98 , 1433.94
1714.86 , 1436.94
1743.2 , 1438.97
1771.18 , 1441.69
1796.48 , 1445.44
1768 , 1446.69
1740.63 , 1442.71
1713.86 , 1437.46
1685.75 , 1434.94
1656.9 , 1435.94
1628.4 , 1434.26
1603.28 , 1425.9
1579.3 , 1413.92
1554.98 , 1403.16
1530 , 1394.41
1504.65 , 1386.51
1479.53 , 1378.14
1455.4 , 1366.72
1899.85 , 927.49
1917.65 , 908.23
1939.5 , 897.34
1963.65 , 891.99
1989.05 , 889.24
2015.4 , 889.99
2039.95 , 894.49
2062.62 , 902.75
2084.55 , 913.48
2103.92 , 931.06
2116.55 , 952.19
2108.57 , 974.76
2086.6 , 985.24
2060.6 , 983.74
2035.92 , 979.48
2011.52 , 974.73
1987.65 , 968.72
1965.07 , 960.25
1942.8 , 950.76
1920.4 , 941.75
1604.22 , 842.52
1609.06 , 819.85
1597.88 , 798.44
1582.47 , 778.79
1562.64 , 763.43
1541.07 , 752.65
1518.34 , 745.4
1494.49 , 740.17
1469.32 , 737.67
1444.52 , 740.9
1422.34 , 749.68
1403.12 , 766.67
1419.57 , 786.11
1440.19 , 799.24
1461.74 , 810.04
1483.99 , 818.54
1506.97 , 825.39
1530.47 , 831.4
1554.42 , 836.41
1579.19 , 839.74
1917.65 , 804.53
1951.38 , 779.31
1991.35 , 769.78
2033.33 , 764.56
2076.9 , 762.53
2119.97 , 765.01
2160.62 , 773.04
2198.1 , 788.23
2230.98 , 815.85
2252.14 , 850.98
2264.22 , 889.86
2250.81 , 913.4
2227.08 , 879.18
2196.38 , 849.01
2160.28 , 830.16
2119.45 , 822.52
2076.5 , 819.78
2033.33 , 822.6
1991.68 , 828.53
1950.15 , 833.28
1672.24 , 751.03
1673.56 , 709.1
1652.39 , 675.2
1621.72 , 645.04
1590.04 , 617.61
1556.91 , 594.23
1521.82 , 576.12
1483.19 , 567.07
1445.41 , 578.15
1413.01 , 603.52
1384.66 , 634.88
1354.49 , 665.55
1394.66 , 659.29
1430.64 , 643.9
1470.04 , 636.03
1507.79 , 647.09
1540.87 , 670.55
1572.17 , 698.97
1601.82 , 729.88
1633.29 , 757.86
