1471928356_1
215.61 , 337.87
218.01 , 348.83
221.07 , 361.02
224.11 , 372.06
228.42 , 383.92
234.41 , 394.94
240.59 , 404.43
247.68 , 414.74
254.6 , 425.15
259.4 , 435.47
266.53 , 445.85
275.29 , 454.5
284.5 , 463.03
293.74 , 469.6
305.25 , 474.44
317.39 , 474.52
329.92 , 474.73
341.79 , 476.35
353.48 , 474.92
365.08 , 472.38
377.62 , 469.53
389.19 , 466.94
400.53 , 464.13
411.95 , 459.88
422.85 , 454.56
433.68 , 447.64
443.34 , 441.85
451.94 , 433.32
457.45 , 422.53
461.04 , 410.77
464.39 , 399.36
469.09 , 387.51
474.44 , 377.1
478.26 , 365.65
478.87 , 353.49
479.43 , 341.57
478.45 , 328.52
476.42 , 316.81
473.93 , 305.21
471.04 , 293.81
467.35 , 281.25
310.86 , 296.56
308.15 , 305.35
306.37 , 313.82
305.68 , 322.99
306.44 , 333
312.81 , 338.75
322.64 , 337.97
330.92 , 335.86
340.3 , 333.3
348.75 , 330.43
357.93 , 327.67
366.94 , 324.8
372.78 , 317.99
370.23 , 309.05
365.44 , 300.59
360.06 , 293.43
353.16 , 286.5
312.21 , 394.46
311.48 , 385.89
314.64 , 378.49
318.41 , 371.24
323.41 , 364.44
330.36 , 359.89
337.96 , 357.14
346.16 , 355.67
353.63 , 352.67
361.46 , 350.39
370.25 , 350.64
377.86 , 353.36
385.13 , 357.04
391.91 , 362.07
398.48 , 367.64
402.72 , 374.51
397.98 , 381.39
392.78 , 388.08
386.08 , 393.31
379.13 , 397.89
371.98 , 401.89
364.38 , 404.49
356.48 , 406.64
348.16 , 407.89
339.58 , 408.64
330.78 , 408.41
323.21 , 405.63
316.03 , 401.71
322.98 , 391.14
325.51 , 386.37
328.26 , 381.62
331.39 , 376.96
335.75 , 373.13
340.63 , 370.73
345.63 , 368.61
350.58 , 366.39
356.06 , 365.39
361.81 , 364.89
367.53 , 364.39
373.38 , 364.64
378.75 , 365.89
383.86 , 367.64
388.43 , 370.83
392.14 , 375.13
386.9 , 376.64
381.43 , 377.64
375.93 , 378.63
370.68 , 380.14
365.33 , 381.38
359.96 , 382.64
354.33 , 383.39
348.96 , 384.64
343.96 , 386.63
338.71 , 388.13
333.61 , 389.86
328.61 , 391.88
356.85 , 242.88
360.03 , 236.93
364.18 , 231.31
369.25 , 225.98
374.68 , 221.29
380.75 , 218.23
387.38 , 216.63
394.55 , 217.13
400.7 , 219.89
406.58 , 223.37
411.94 , 228.23
415.17 , 234.21
409.9 , 238.37
403.58 , 240.63
396.78 , 241.88
389.85 , 242.88
382.9 , 243.89
376.1 , 245.13
369.05 , 245.88
362.38 , 247.39
295.48 , 262.87
291.01 , 258.2
285.04 , 254.95
278.99 , 251.91
272.71 , 249.64
266.01 , 248.14
259.21 , 249.39
253.04 , 252.07
247.66 , 256.94
243.72 , 262.62
241.06 , 268.79
239.46 , 275.39
244.58 , 280.04
251.46 , 279.14
257.76 , 276.87
264.19 , 274.91
270.41 , 272.44
276.59 , 269.77
282.79 , 267.33
289.34 , 265.52
335.3 , 207.96
344 , 198.27
354.6 , 191.95
365.5 , 186.5
376.73 , 182.02
388.75 , 179.21
401.65 , 179.71
413.28 , 183.19
423.7 , 189.89
433.47 , 198.41
441.9 , 208.06
438.43 , 216.59
427.65 , 210.78
416.98 , 204.65
405.95 , 199.48
394.02 , 196.46
381.27 , 197.71
369.62 , 201.2
358.62 , 206.4
347.35 , 210.7
291.08 , 216.52
284.48 , 207.68
274.36 , 204.27
263.25 , 205.75
252.73 , 208.49
242.43 , 211.68
232.86 , 216.74
224.51 , 225.09
219.08 , 234.52
215.98 , 244.87
213.58 , 255.52
215.33 , 266.52
223.09 , 259.42
229.31 , 250.3
237.73 , 242.09
247.11 , 236.51
257.46 , 233.53
268.46 , 231.77
279.91 , 231.02
290.14 , 227.76
