1477005205_1
473.6 , 764.35
478.34 , 792.16
484.54 , 821.99
496.25 , 847.15
510.32 , 875.21
525.15 , 901.5
539.29 , 925.47
555.59 , 951.33
573.99 , 975.48
592.84 , 995.45
615.94 , 1017.62
636.55 , 1035.93
661.23 , 1053.9
686.69 , 1070.73
710.41 , 1085.77
736.98 , 1102.72
761.74 , 1116.85
788.75 , 1130.12
815.12 , 1141.89
844.87 , 1150.32
872 , 1153.02
903.85 , 1151.56
932.19 , 1149.59
959.02 , 1139.11
980.04 , 1119.46
996.85 , 1092.36
1006.62 , 1064.09
1016.22 , 1036.15
1028.09 , 1009.36
1040.56 , 984.01
1053.43 , 957.54
1063.93 , 930.16
1072.51 , 900.81
1080.91 , 873.11
1088.71 , 845.02
1096.2 , 814.08
1102.19 , 786.62
1106.93 , 757.5
1109.12 , 727.96
1107.64 , 698.81
1102.21 , 667
908.9 , 751.05
897.58 , 767.3
887.09 , 786.93
890.43 , 807.01
902.68 , 824.94
921.12 , 835.19
940.86 , 834.42
961.08 , 827.3
982.04 , 826.74
1001.69 , 835.78
1022.73 , 831.8
1039.11 , 819.63
1051.2 , 803.16
1059.87 , 782.27
1067.18 , 763.05
1059.04 , 744.21
1048.25 , 723.95
813.53 , 937.11
830.88 , 933.36
848.61 , 930.37
866.55 , 927.86
885.13 , 926.61
903.95 , 925.86
921.9 , 923.36
939.88 , 920.87
958.58 , 919.86
977.63 , 920.11
995.95 , 918.36
1013.23 , 914.4
1029.38 , 920.7
1030.27 , 939.31
1027.51 , 957.13
1022.37 , 973.78
1009.53 , 987.61
993.83 , 995.34
976.45 , 999.11
957.53 , 998.61
940.05 , 995.12
923.73 , 989.32
907.5 , 983.34
891.05 , 977.88
875 , 971.37
859.23 , 963.82
843.8 , 955.39
828.53 , 946.61
829.28 , 939.36
843.55 , 939.11
857.95 , 939.11
872.11 , 939.61
886.03 , 940.61
900.18 , 941.11
914.36 , 941.61
927.65 , 943.87
940.86 , 946.36
954.88 , 947.11
969.15 , 946.86
983.43 , 946.61
996.4 , 943.63
1008.61 , 939.13
1021.25 , 935.6
1008.95 , 939.84
996.55 , 943.86
983.58 , 946.86
969.43 , 947.36
955.15 , 947.11
941.11 , 946.36
927.55 , 944.61
913.88 , 943.11
900.33 , 941.36
886.05 , 941.11
872 , 940.36
857.86 , 939.86
843.58 , 939.61
999.75 , 603.65
1006.94 , 595.45
1013.22 , 586.92
1019.53 , 578.38
1026.55 , 570.1
1035.62 , 565.28
1045.97 , 563.4
1056.1 , 565.62
1064.83 , 571.45
1071.28 , 579.92
1075.93 , 589.08
1078.93 , 598.82
1080.49 , 609.3
1072.3 , 615.91
1061.67 , 614.65
1050.67 , 614.15
1039.8 , 613.4
1028.83 , 612.9
1017.7 , 613.15
1007.2 , 611.66
866.82 , 610.04
858.41 , 596.6
848.52 , 583.67
840.56 , 570.1
830.89 , 557.24
816.98 , 549.98
800.26 , 550.76
785.38 , 555.41
771.46 , 562.6
758.03 , 571
745.26 , 581.28
732.31 , 590.97
739.28 , 604.96
753.56 , 610.97
769.36 , 613.71
785.26 , 616.22
802.28 , 615.97
818.66 , 614.47
834.96 , 612.72
850.73 , 609.95
1030.2 , 504.68
1035.57 , 494.28
1042.8 , 484.56
1052.6 , 477.52
1063.25 , 472.91
1075.23 , 471.18
1087.67 , 470.43
1099.78 , 471.93
1110.65 , 475.89
1118.67 , 485.16
1122.95 , 495.93
1123.95 , 508.25
1123.2 , 520.73
1114.28 , 513
1104.95 , 504.68
1093.1 , 502.69
1080.4 , 502.43
1067.7 , 502.68
1055.38 , 503.68
1042.8 , 504.18
901.2 , 508.04
899.37 , 483.83
876.38 , 472.06
851.72 , 464.81
825.8 , 460.07
798.3 , 461.57
773.5 , 468.61
750.15 , 479.23
726.5 , 488.87
703.25 , 499.85
682.79 , 518.35
676.05 , 543.32
699.02 , 532.56
723 , 523.86
746.38 , 513.26
770.32 , 504.58
795.88 , 499.09
822.62 , 496
849.95 , 497.57
874.3 , 505.32
