148351850_1
515.54 , 671.55
517.44 , 693.74
519.42 , 716.07
522.55 , 736.07
527.47 , 757.9
534.29 , 779.11
542.39 , 799.97
551.69 , 822.41
560.4 , 842.61
568.33 , 863.28
577.08 , 883.5
587.07 , 904.44
597.8 , 923.57
611.49 , 941.7
624.51 , 960
638.36 , 976.33
657.07 , 989.95
675.87 , 999.51
696.31 , 1010.53
717.94 , 1016.21
739.87 , 1017.22
761.06 , 1015.62
784.65 , 1012.29
806.18 , 1006.33
827.18 , 998.51
846.53 , 988.53
864.08 , 975.35
879.75 , 959.75
895.71 , 942.44
908.78 , 925.58
923.36 , 907.47
935.95 , 888.66
946.98 , 869.25
958.3 , 849.97
967.69 , 830.86
977.82 , 809.72
986.55 , 790.33
995.48 , 768.73
1000.7 , 748.36
1006.45 , 725.9
1011.1 , 703.5
669.12 , 664.51
663.54 , 680.66
654.83 , 694.46
649.47 , 712.07
658.47 , 726.37
671.2 , 736.92
684.36 , 748.95
698.26 , 759.88
715.7 , 760.64
732.4 , 755.3
748.25 , 746.5
763.92 , 739.15
779.15 , 730.1
784.53 , 714.54
781.18 , 696.59
774.15 , 682.15
761.43 , 668.03
637.8 , 824.66
642.45 , 807.76
653.03 , 793.17
668.27 , 784.4
685.85 , 781.16
704.38 , 782.41
722.77 , 783.91
741.32 , 782.66
759.6 , 784.41
778.02 , 785.9
794.55 , 791.16
809.65 , 800.27
822.83 , 813.93
832.13 , 828.84
821.92 , 843.51
811.52 , 858.18
800.55 , 872.66
786.82 , 885.65
772.3 , 896.41
757.05 , 905.16
740.05 , 909.66
721.4 , 908.69
704.3 , 904.41
688.67 , 896.57
674.42 , 885.04
661.06 , 871.43
651.56 , 856.46
645.82 , 840.18
649.05 , 821.66
660.17 , 814.53
671.82 , 808.64
683.6 , 803.13
695.85 , 799.12
709.07 , 796.91
723.1 , 796.41
736.77 , 797.66
750.15 , 799.51
763.4 , 801.64
776.25 , 804.64
788.27 , 809.39
799.88 , 815.42
811.13 , 822.26
803.75 , 831.96
792.85 , 839.86
782.55 , 849.41
772.95 , 859.51
762.05 , 867.41
749.65 , 871.13
736.2 , 872.9
722.77 , 871.15
710.67 , 866.66
699.3 , 860.16
688.58 , 851.71
680.87 , 840.76
673.55 , 829.66
662.97 , 820.89
788.84 , 581.22
793.31 , 572.49
801.39 , 566.22
810.19 , 561.88
819.39 , 558.7
829.67 , 557.72
840.17 , 558.22
849.84 , 560.47
858.79 , 564.43
867.19 , 569.79
875.03 , 576.67
877.73 , 585.96
868.74 , 589.72
858.59 , 590.97
848.07 , 591.47
837.57 , 591.97
827.29 , 590.97
817.02 , 589.97
807.34 , 587.72
797.59 , 585.72
670.6 , 580.95
668.9 , 572.38
662.03 , 565.26
654.15 , 560.42
645.63 , 557.5
636.73 , 555.23
626.98 , 554.73
617.73 , 556.23
609.13 , 559.07
601 , 563.2
593.4 , 568.81
586.73 , 575.98
594.88 , 580.01
603.38 , 583
612.5 , 584.73
622.5 , 584.73
632.11 , 583.98
641.98 , 583.73
651.83 , 583.48
661.46 , 582.73
748.24 , 534.61
756.48 , 521.14
770.84 , 515.35
787.01 , 513.35
803.79 , 512.61
820.59 , 513.36
837.01 , 514.86
852.79 , 517.65
868.16 , 521.37
882.69 , 526.88
896.56 , 534.17
894.09 , 545.46
878.07 , 543.14
862.01 , 540.86
845.24 , 540.11
828.57 , 539.14
812.04 , 537.86
795.49 , 536.61
779.07 , 538.11
762.76 , 539.87
663.92 , 542.22
659.84 , 529.96
648.92 , 521.97
636.79 , 517.49
623.92 , 514.47
610.44 , 512.72
596.72 , 513.98
584.09 , 517.5
572.19 , 522.71
561.22 , 530.46
550.8 , 539.82
548.42 , 552.97
560.92 , 550.72
572.54 , 544.72
584.35 , 539.04
597.17 , 535.97
611.37 , 535.73
624.85 , 537.44
637.79 , 540.35
650.47 , 543.72
