149162488_1
353.69 , 458.3
356.49 , 470
359.97 , 482.69
363.96 , 494.24
369.19 , 507
372.83 , 519.09
377.14 , 530.67
383.77 , 541.48
391.57 , 551.66
400.83 , 561.51
409.28 , 570.11
417.85 , 579.95
426.3 , 590.1
432.96 , 600.86
441.02 , 611.17
448.31 , 621.43
457.61 , 630.21
467.72 , 637.16
480.02 , 639.7
493.38 , 642.29
505.14 , 643.32
518.19 , 641.9
530.53 , 638.17
542.05 , 632.14
552.08 , 624.29
561.38 , 614.8
570.8 , 607.25
581.35 , 599.85
591.3 , 591.89
603.09 , 585.75
611.6 , 577.14
620.76 , 567.9
630.56 , 559.01
639.08 , 550.06
645.61 , 538.88
651.7 , 527.75
656.48 , 515.59
660.68 , 503.04
664.16 , 490.66
666.88 , 478.54
669.55 , 465.6
462.5 , 464.5
457.75 , 477.57
452.37 , 490.5
448.85 , 503.46
449.73 , 518.25
461.32 , 526.15
471.29 , 534.45
484.3 , 542.05
497.1 , 542.27
511.16 , 537.95
524.47 , 531.41
537.3 , 527.54
545.65 , 516.36
544.69 , 503.13
541.58 , 488.34
535.96 , 475.57
530.18 , 462.15
441.9 , 565.28
449.92 , 562.02
459.45 , 561.78
469 , 562.03
478.3 , 561.28
486.95 , 563.32
495.55 , 565.5
503.85 , 563.3
513.15 , 563.53
522.67 , 563.78
532.2 , 564.03
541.5 , 564.78
551.02 , 564.53
555.72 , 569.45
548.5 , 575.18
541.33 , 581.08
534.38 , 587.54
527.3 , 593.63
519.88 , 598.8
511.52 , 601.54
502.25 , 602.28
492.77 , 602.4
483.9 , 600.78
475.92 , 597.03
468.45 , 592.06
461.3 , 586.18
454.48 , 579.36
448 , 572.38
450.9 , 567.53
458.45 , 568.53
465.65 , 570.28
472.22 , 573.56
479.65 , 574.78
486.7 , 576.8
494 , 578.27
501.42 , 577.03
508.72 , 575.53
515.65 , 573.28
523.3 , 572.53
531.08 , 572.03
538.27 , 570.25
545.7 , 569.01
552.9 , 567.28
546.38 , 568.28
539.17 , 570.03
531.75 , 571.28
523.98 , 571.79
516.57 , 573.1
509.47 , 575.03
502.3 , 576.78
494.38 , 577.03
486.97 , 575.77
479.67 , 574.29
472.75 , 572.06
465.85 , 569.79
458.42 , 568.53
546.85 , 415.52
552.37 , 409.25
558.68 , 403.7
565.15 , 398.71
572.2 , 395.18
579.93 , 393.28
588.18 , 392.52
596.43 , 393.27
604.2 , 395.02
611.4 , 398.03
618.35 , 401.77
618.1 , 410.27
611.52 , 415.03
604.4 , 418.27
596.38 , 419.52
587.88 , 419.77
579.38 , 419.52
570.88 , 419.27
562.62 , 418.52
554.75 , 417.01
453.85 , 406.96
449.33 , 400.72
443.22 , 395.83
436.76 , 391.88
430.04 , 388.59
422.97 , 386.36
415.37 , 385.11
407.29 , 385.36
399.81 , 386.86
392.89 , 389.45
386.24 , 392.86
391.49 , 398.86
396.74 , 404.86
403.47 , 408.12
410.34 , 410.89
417.56 , 412.89
425.51 , 413.36
433.62 , 413.61
441.56 , 414.11
449.26 , 413.1
535.75 , 395.02
541.48 , 388.55
548.33 , 383.7
555.67 , 380.34
563.55 , 378.23
571.5 , 376.27
579.48 , 374.28
587.65 , 372.8
595.98 , 373.52
603.75 , 375.77
610.77 , 380.02
607.18 , 385.77
598.75 , 385.27
590.48 , 386.54
582.17 , 387.84
574.3 , 389.98
566.38 , 391.99
558.58 , 394.24
550.92 , 396.77
542.98 , 398.75
446.26 , 385.89
435.86 , 380.22
425.25 , 374.94
414.58 , 369.95
403.58 , 365.95
391.73 , 363.7
379.13 , 363.41
367.18 , 365.48
356.2 , 369.45
345.98 , 375.56
336.83 , 384.7
348.03 , 381.24
359.75 , 378.68
372.08 , 377.45
384.65 , 378.2
396.93 , 379.55
408.43 , 382.55
419.53 , 386.22
430.53 , 390.15
442.2 , 392.68
