1499030378_1
267.7 , 340.44
268.66 , 355.17
269.49 , 370.75
270.56 , 386.71
271.9 , 402.5
274.37 , 418.18
279.31 , 434.69
283.67 , 449.09
290.08 , 463.86
299.9 , 477.1
309.94 , 488.24
322.4 , 499.22
335.41 , 507.71
350.12 , 514.9
364.84 , 520.13
380.12 , 525.27
395.11 , 531.16
409.67 , 536.3
424.94 , 540.73
440.2 , 543.61
455.46 , 544.4
473 , 544.84
488.4 , 543.23
504.28 , 539.43
518.54 , 535.15
534 , 530.1
549.03 , 526.65
565.09 , 521.89
578.98 , 516.35
593.83 , 509.3
607.93 , 500.61
618.95 , 490.35
627.27 , 477.05
634.39 , 462.4
639.89 , 447.96
644.95 , 433.15
648.44 , 416.92
652.24 , 400.8
655.84 , 386.43
659.56 , 370.36
662.75 , 354.15
435.55 , 313.15
428.87 , 324.25
421.27 , 336.04
416.01 , 349.92
419.54 , 361.63
433.03 , 366.54
446.83 , 363.26
459.73 , 360.31
474.24 , 359.41
488.03 , 363.12
501.3 , 367.82
513.81 , 371.62
525.3 , 364.65
527.4 , 350.66
523.01 , 337.22
515.48 , 325.25
508.44 , 313.16
392.73 , 409.72
396.05 , 398.12
404.08 , 388.35
414.08 , 380.85
424.56 , 374.66
435.41 , 369.5
446.73 , 365.72
459.43 , 364.72
471.91 , 366.22
484.48 , 367.47
495.88 , 371.13
506.56 , 376.82
516.6 , 384.1
525.22 , 393.7
532.25 , 403.87
534.25 , 416.1
530.98 , 427.72
520.83 , 434.75
508.96 , 437.47
496.73 , 439.47
484.13 , 440.72
471.06 , 440.97
458.11 , 440.47
445.88 , 438.46
434 , 435.72
423.08 , 430.81
412.36 , 425.31
402.16 , 418.39
423.48 , 398.22
429.13 , 395.1
434.81 , 391.91
441 , 389.96
447.96 , 389.72
454.81 , 390.22
461.53 , 390.96
468.16 , 391.99
475 , 392.47
481.86 , 392.97
488.36 , 394.2
494.28 , 396.76
500.06 , 399.73
505.71 , 402.95
510.98 , 407.22
509.13 , 411.87
502.36 , 411.22
495.43 , 410.93
488.68 , 410.18
481.96 , 409.45
475.33 , 408.46
468.61 , 407.75
461.98 , 406.72
455.25 , 405.97
448.41 , 405.47
441.68 , 404.73
435.21 , 403.45
429.36 , 400.75
523.19 , 275.42
529.16 , 268.45
536.54 , 263.57
544.37 , 259.9
552.79 , 257.64
561.82 , 256.67
571.07 , 257.17
579.62 , 259.18
587.52 , 262.68
594.87 , 267.66
601.94 , 273.42
598.38 , 280.96
590.62 , 284.74
582.29 , 287.14
573.64 , 288.92
564.37 , 289.42
555.24 , 288.66
546.69 , 286.67
538.09 , 284.82
530.44 , 280.67
422.68 , 262.62
416.75 , 255.93
409.62 , 251.31
402.15 , 247.56
394.33 , 244.8
385.68 , 243.8
376.75 , 244.3
368.2 , 245.52
360.3 , 248.08
353.55 , 253.85
347.1 , 260.3
353.98 , 265.67
361.25 , 269.96
368.78 , 273.57
377.08 , 275.3
386.12 , 275.55
395.15 , 275.3
404.08 , 274.8
412.5 , 273.3
420.22 , 270.29
531.05 , 211.02
535.24 , 197.53
548.35 , 192.28
562.92 , 190.02
578.45 , 189.77
593.25 , 191.52
607.05 , 195.27
619.95 , 201.26
632.03 , 209.49
641.87 , 220.87
648.17 , 233.65
651.55 , 247.7
640.32 , 242.03
628.8 , 232.27
616.47 , 224.71
603.1 , 220.01
588.17 , 218.52
573.12 , 219.77
557.97 , 220.77
542.72 , 219.95
446.94 , 197.4
433.24 , 186.51
416.94 , 182.28
399.31 , 180.75
381.09 , 180.99
363.74 , 183.07
347.36 , 187.21
332.44 , 194.9
318.67 , 205.65
307.56 , 219.3
300.06 , 234.25
314.66 , 225.87
328.69 , 215.84
343.49 , 207.82
358.99 , 201.99
375.88 , 199.01
393.38 , 200.75
409.41 , 205.53
425.63 , 209.82
442.81 , 212.25
