150557677_1
53.39 , 582.83
51.13 , 601.99
49.71 , 621.2
50.1 , 642.19
51.63 , 663.18
53.64 , 682.19
57.5 , 703.05
61.9 , 721.77
68.62 , 741.5
78.58 , 759.52
92.19 , 773.04
108.03 , 785.75
123.46 , 797.18
142.34 , 807.73
159.65 , 815.98
178.35 , 826.89
194.51 , 838.23
212.74 , 847.38
232.19 , 847.37
251.59 , 847.09
272.31 , 840.53
290.31 , 836.53
311.95 , 832.76
331.57 , 830.14
351.52 , 827.28
370.99 , 822.42
389.84 , 816.11
407.44 , 807.49
425.23 , 794.89
438.73 , 782.32
452.33 , 767.28
463.96 , 750.55
473.51 , 732.81
481.93 , 714.56
490.86 , 696.5
498.16 , 676.31
503.77 , 657.8
508.96 , 637.12
512.12 , 618.43
513.07 , 597.29
515 , 576.6
162 , 580.55
156.68 , 594.32
147.21 , 608.03
141.66 , 623.11
146.93 , 638.09
159.43 , 650.21
175.05 , 652.49
189.97 , 648.9
206.4 , 646.68
222.78 , 650.35
238.98 , 652.65
255.45 , 651.33
267.3 , 642.25
271.2 , 626.53
265.3 , 611.94
255.27 , 597
247.5 , 582.66
148.34 , 729.15
156.04 , 720.7
164.12 , 712.38
170.75 , 703.51
179.72 , 697.28
190.62 , 698.65
201.56 , 697.15
212.06 , 694.65
222.89 , 696.39
232.42 , 701.25
241.74 , 706.52
250.84 , 712.4
260.31 , 717.38
269.87 , 722.17
279.66 , 726.16
271.66 , 734.1
262.62 , 740.14
253.27 , 745.4
243.74 , 750.24
234.07 , 754.67
224.12 , 758.15
213.62 , 760.65
202.54 , 761.9
191.34 , 760.9
180.72 , 758.77
171.72 , 752.52
163.19 , 745.03
157.15 , 735.95
154.59 , 723.9
162.12 , 720.9
171.04 , 721.15
180.06 , 721.15
188.87 , 720.65
197.64 , 720.15
206.69 , 720.15
215.72 , 720.15
224.26 , 721.15
232.56 , 722.65
241.12 , 723.65
249.92 , 724.15
258.81 , 724.4
267.49 , 725.15
274.89 , 726.65
266.34 , 725.65
257.79 , 726.65
248.89 , 726.92
240.59 , 725.4
232.52 , 723.39
224.07 , 722.15
215.41 , 722.91
207.12 , 724.4
198.06 , 724.4
189.29 , 724.9
180.62 , 725.65
171.81 , 725.15
163.52 , 723.65
284.25 , 523.75
287.9 , 513.35
294.13 , 503.88
302.4 , 495.07
311.98 , 489.01
322.6 , 485.76
334.32 , 486.75
345.45 , 488.98
355.57 , 493.56
365.2 , 499.44
374.25 , 506.82
378.31 , 516.95
369.6 , 525.39
360.4 , 532.5
349.93 , 535.99
338.55 , 537.75
326.7 , 537
315.07 , 535.78
304.32 , 532.78
294.12 , 528.53
171.15 , 517.42
166.84 , 508.89
158.98 , 502.99
150.3 , 499.23
141.45 , 495.94
131.28 , 495.46
121.93 , 497.7
113.38 , 501.98
105.53 , 508.05
99.65 , 515.95
95.4 , 524.45
99.42 , 533
106.9 , 539.7
115.65 , 543.2
125.72 , 543.95
136.03 , 544.2
145.73 , 542.72
154.65 , 539.7
162.9 , 534.7
169.67 , 527.12
242.84 , 434.53
255.4 , 417.97
273.74 , 410.38
294.06 , 407.05
315.26 , 405.53
336.84 , 406.28
357.92 , 408.1
377.67 , 412.6
396.29 , 419.51
413.26 , 430.93
428.34 , 446.28
420.27 , 461.46
401.51 , 455
383.14 , 447.51
364.19 , 441.54
344.19 , 437.56
323.22 , 435.53
301.39 , 435.74
281.41 , 439.79
260.99 , 442.68
170.5 , 467.09
169.97 , 453.03
158.47 , 444.55
145.9 , 439.21
132.75 , 435.34
118.72 , 433.09
104.25 , 434.34
90.7 , 437.57
78.25 , 443.36
66.45 , 450.89
56.53 , 461.81
51.77 , 474.59
64.87 , 471.27
76.2 , 462.42
88.5 , 456.11
102 , 452.84
116.25 , 454.59
129.34 , 458.62
142.84 , 461.91
156.12 , 465.69
