1507775914_1
277.25 , 427.35
274.94 , 451.1
273.04 , 475.7
271.29 , 499.61
270.23 , 524.6
269.16 , 547.98
269.19 , 573.52
272.13 , 598.68
276.46 , 621.92
283.27 , 645.77
290.83 , 669.08
300.43 , 692.02
314.1 , 711.64
323.35 , 735.14
343.44 , 747.7
366.9 , 757
390.44 , 761.14
415.81 , 764.77
439.05 , 767.85
464.13 , 769.77
489.33 , 770.4
514.14 , 769.04
536.94 , 765.12
561.28 , 761.71
586.61 , 761.34
610.51 , 760.15
635.74 , 753.86
655.48 , 742.16
676.96 , 727.22
691.91 , 709.27
704.55 , 688.66
715.23 , 666.54
723.56 , 642.03
731.66 , 618.12
738.65 , 594.9
742.68 , 570.6
744.66 , 546.81
747.47 , 521.14
749.51 , 497.87
751.28 , 473
750.55 , 447.37
420.3 , 399.3
407.5 , 412.1
394.18 , 427.6
382.03 , 442.78
375.88 , 460.8
380.31 , 478.71
393.2 , 493.59
412.55 , 498.5
431.66 , 499.13
450.24 , 503.73
469.75 , 509.9
487.78 , 510.31
502.61 , 496.18
501.1 , 477.01
493.13 , 460.11
485.98 , 441.81
483.4 , 421.69
348.23 , 552.84
357.37 , 540.87
370.3 , 534.04
385.05 , 531.68
399.75 , 534.37
413.9 , 538.09
428.27 , 541.4
442.55 , 544.93
455.8 , 550.88
468.25 , 558.86
480.85 , 566.51
492.87 , 575.76
503.45 , 587.34
514.11 , 598.74
506.7 , 611.1
493.05 , 615.83
478.27 , 618.32
463.5 , 620.84
448.62 , 623.11
433.15 , 624.11
417.77 , 622.85
402.67 , 621.07
388.1 , 618.23
373.85 , 614.61
360.89 , 607.79
350.7 , 596.09
346.46 , 582.26
344.72 , 567.11
359.97 , 572.11
369.37 , 569.21
378.9 , 566.43
388.75 , 564.34
399.42 , 563.86
409.57 , 565.37
419.47 , 567.36
429.27 , 569.65
438.4 , 573.33
447.32 , 577.7
456.35 , 581.73
465.55 , 585.18
474.62 , 589.02
483.7 , 592.84
492.82 , 596.45
489 , 597.63
479.07 , 595.59
468.8 , 594.36
458.42 , 593.36
448.25 , 591.85
438.32 , 589.96
428.32 , 588.1
418.27 , 586.35
408.5 , 584.13
399.12 , 581.14
389.85 , 577.84
380.02 , 575.61
369.62 , 574.63
550.62 , 381.15
558.07 , 375.94
566.07 , 372.13
574.57 , 369.64
583.45 , 367.91
593.07 , 368.15
601.72 , 370.43
609.77 , 374.06
617.45 , 378.7
624.57 , 384.85
630.72 , 392
628.32 , 399.9
618.97 , 400.65
609.35 , 400.9
600.37 , 399.4
591.7 , 397.18
583.05 , 394.92
574.87 , 391.65
566.62 , 388.65
558.5 , 385.27
420.02 , 360.71
415.1 , 352.87
407.87 , 345.67
399.77 , 340.81
391.42 , 336.72
383 , 332.7
373.75 , 330.7
363.52 , 330.73
354.47 , 333.18
346.1 , 337.24
338.42 , 343.22
335.42 , 351.97
343.39 , 356.7
352.02 , 359.99
361.27 , 361.96
371 , 362.97
381.22 , 362.97
391.32 , 362.72
401.42 , 362.97
411.27 , 363.71
533.62 , 300.13
537.67 , 285.88
550.97 , 279.29
565.64 , 276.13
581.42 , 275.13
597.52 , 274.88
613.52 , 275.38
628.92 , 277.15
643.82 , 279.89
657.22 , 286.22
669.35 , 295.85
666.7 , 309.12
651.07 , 307.88
635.19 , 307.63
620.62 , 311.13
606 , 314.5
590.8 , 316.63
575.05 , 315.63
559.39 , 314.38
544.37 , 311.88
436.6 , 279.99
435.86 , 265.45
429.81 , 253.21
418.14 , 245.81
404.79 , 242.52
389.99 , 242.77
375.44 , 242.02
361.37 , 243.77
348.84 , 248.77
337.69 , 257.68
328.78 , 268.82
321.59 , 280.52
334.16 , 275.79
346.39 , 269.79
359.34 , 265.77
373.76 , 266.78
386.87 , 270.51
399.09 , 276.52
411.04 , 283.22
424.46 , 286.29
