1525046335_1
1051.15 , 1151
1059 , 1200.07
1065.88 , 1247.72
1076.83 , 1297.13
1087.66 , 1344.8
1107.87 , 1393.41
1129.38 , 1438.82
1156.29 , 1483.63
1185.76 , 1523.25
1209.88 , 1567.63
1231.29 , 1614.74
1252.33 , 1657.44
1281.48 , 1698.85
1320.14 , 1734.35
1359.17 , 1765.74
1398.67 , 1794.88
1442.66 , 1822.2
1485.78 , 1840.31
1532.53 , 1864.68
1580.17 , 1881.63
1628.08 , 1895.12
1681.13 , 1898.58
1727.87 , 1894.03
1778.04 , 1875.56
1817.73 , 1850.93
1855.81 , 1818.83
1886.94 , 1776.31
1918.71 , 1735.85
1948.95 , 1697.53
1978.51 , 1655.57
2002.63 , 1613.83
2022.76 , 1567.89
2043.84 , 1522.34
2064.09 , 1471.51
2081.37 , 1424.3
2096.11 , 1379.5
2113.47 , 1328.24
2127.49 , 1281.35
2139.17 , 1234.21
2145.55 , 1184.43
2149.34 , 1130.29
1653.16 , 1212.25
1623.64 , 1240.87
1596.17 , 1268.89
1574.84 , 1305.18
1570.52 , 1343.49
1590.45 , 1378.1
1630.13 , 1391.16
1670.37 , 1385.54
1711.34 , 1396.62
1750.3 , 1406.76
1791.1 , 1399.2
1830.2 , 1384.9
1864.35 , 1363.59
1874.64 , 1326.63
1858.92 , 1287.11
1844.35 , 1250.2
1832.35 , 1208.14
1496.04 , 1536.07
1527.49 , 1533.57
1558.49 , 1530.07
1589.46 , 1526.57
1619.59 , 1521.33
1650.59 , 1517.82
1681.57 , 1521.32
1712.54 , 1524.82
1743.16 , 1520.58
1773.66 , 1516.04
1805.37 , 1518.07
1836.84 , 1520.57
1867.09 , 1525.59
1869.28 , 1556.6
1857.22 , 1583.67
1839.44 , 1608.69
1815.19 , 1628.66
1788.34 , 1641.58
1759.84 , 1650.03
1730.19 , 1656.32
1698.24 , 1657.82
1666.46 , 1656
1637.96 , 1647.5
1611.07 , 1634.84
1584.69 , 1620.69
1559.21 , 1604.24
1534.71 , 1585
1514.17 , 1560.97
1538.79 , 1539.32
1561.46 , 1540.32
1583.79 , 1542.07
1604.99 , 1546.07
1625.49 , 1551.55
1646.84 , 1555.34
1668.07 , 1559.32
1689.04 , 1563.82
1710.94 , 1566.47
1732.84 , 1564.57
1753.96 , 1560.39
1774.74 , 1555.36
1795.62 , 1550.54
1816.62 , 1546.08
1826.34 , 1545.28
1806.21 , 1551.39
1786.57 , 1558.56
1766.84 , 1565.53
1746.89 , 1571.98
1726.34 , 1577.32
1704.64 , 1579.3
1682.89 , 1576.42
1662.99 , 1569.79
1643.44 , 1562.35
1623.82 , 1555.07
1603.32 , 1549.57
1581.66 , 1546.45
1560.01 , 1543.3
1825.13 , 1008.32
1828.37 , 984.87
1839.63 , 964.82
1854.38 , 946.07
1872.61 , 929.83
1892.41 , 918.06
1914.81 , 912.57
1938.63 , 910.07
1962.01 , 913.45
1982.91 , 922.1
2000.9 , 938.1
2005.91 , 960.52
1996.37 , 981.2
1983.23 , 1000.5
1964.41 , 1015.06
1941.78 , 1020.07
1917.36 , 1021.32
1892.93 , 1020.07
1868.38 , 1019.07
1844.28 , 1020.72
1555.82 , 1023.99
1546.64 , 1001.62
1530.15 , 980.59
1511.55 , 960.49
1490.25 , 944.73
1467.02 , 934.24
1439.85 , 932.47
1414.25 , 937.53
1389.62 , 944.46
1366.12 , 953.93
1343.55 , 966.24
1327.05 , 987.24
1349.17 , 1000.62
1372.55 , 1010.49
1396.7 , 1018.26
1422.07 , 1023.74
1448.78 , 1026.49
1474.88 , 1022.46
1501.7 , 1019.99
1528.28 , 1022.99
1830.91 , 853.31
1849.91 , 826.56
1875.61 , 804.59
1904.19 , 790.3
1934.13 , 780.31
1965.51 , 772.82
1999.04 , 769.81
2033.39 , 768.56
2065.56 , 774.34
2093.79 , 789.41
2114.27 , 815.65
2080.76 , 818.06
2046.51 , 819.56
2014.34 , 825.31
1985.24 , 837.83
1954.11 , 845.83
1923.71 , 855.02
1894.39 , 866.83
1865.29 , 879.34
1833.92 , 886.82
1653.19 , 862.84
1609.72 , 840.36
1563.82 , 825.36
1514.72 , 816.34
1463.07 , 812.59
1409.59 , 812.59
1358.16 , 816.84
1309.66 , 827.11
1264.87 , 845.15
1222.67 , 870.62
1190.94 , 910.59
1234.87 , 889.57
1280.82 , 874.56
1331.14 , 868.09
1381.94 , 873.59
1431.04 , 882.62
1481.72 , 888.34
1533.02 , 892.84
1580.87 , 904.61
1633.37 , 906.59
