1528184869_1
425.85 , 556.75
431.96 , 609.85
444.67 , 671.57
452.5 , 731.03
465.27 , 786.67
484.36 , 844.96
507.57 , 899.33
535.72 , 951.43
567.2 , 1003.61
606.79 , 1050.53
649.84 , 1089.93
692.4 , 1126.42
740.13 , 1165.36
791.44 , 1199.54
837.49 , 1231.67
885.82 , 1264
935.82 , 1299.18
990.09 , 1328.57
1043 , 1348.92
1100.84 , 1360.49
1158.12 , 1351.23
1201.65 , 1311.1
1253.52 , 1275.23
1300.52 , 1235.5
1341.8 , 1197.58
1388.5 , 1157.73
1433.36 , 1121.1
1479.17 , 1078.81
1525.86 , 1044.46
1572.09 , 1004.09
1608.55 , 958.39
1640.65 , 912.1
1665.78 , 857.4
1686.24 , 799.14
1700.37 , 741.35
1710.96 , 685.81
1715.68 , 623.7
1715.7 , 562.81
1712.03 , 507.07
1707.78 , 446.21
1712 , 384.15
1093.7 , 459.44
1058.32 , 494.43
1023.34 , 536.22
998.81 , 589.64
976.04 , 637.3
997.94 , 685.75
1047.55 , 703.46
1107.02 , 709.06
1159.11 , 714.66
1216.26 , 714.73
1266.93 , 712.29
1323.79 , 702.45
1362.2 , 667.36
1351.83 , 614.74
1326.87 , 567.62
1309.85 , 512.1
1284.79 , 461.94
940.45 , 1000.92
955.3 , 963.55
988.28 , 936.08
1023.48 , 914.89
1057.85 , 891.49
1093.93 , 872.42
1135.35 , 865.92
1177.73 , 870.42
1218.25 , 878.72
1253.37 , 900.1
1280.69 , 933.12
1295.7 , 970.5
1300.94 , 1012.52
1294.19 , 1053.82
1284.43 , 1093.69
1273.73 , 1133.07
1261.2 , 1171.42
1235.75 , 1205.14
1200.1 , 1225.14
1159.88 , 1234.17
1117.25 , 1238.17
1074.33 , 1234.8
1036.4 , 1221.35
1003.21 , 1194.45
981.14 , 1159.59
966.21 , 1122.19
955.7 , 1082.69
946.7 , 1042.47
956.2 , 982.92
981.15 , 955.23
1010.23 , 934.14
1041.3 , 918.16
1073.15 , 904.9
1106.53 , 895.17
1141.15 , 887.92
1179.08 , 888.43
1212.15 , 898.66
1242.59 , 916.05
1263.86 , 945.07
1278.95 , 976.44
1281.45 , 1013.37
1274.71 , 1048.24
1264.42 , 1081.32
1252.92 , 1113.8
1239.45 , 1145.6
1211.28 , 1169.13
1178.8 , 1180.67
1143.8 , 1187.17
1106.5 , 1188.92
1069.8 , 1185.95
1037.42 , 1174.16
1013.2 , 1146.17
998.7 , 1114.67
986.72 , 1082.37
975.21 , 1049.89
964.45 , 1017.12
1320.25 , 326.32
1324.1 , 298.19
1340.9 , 275.39
1363.12 , 256.95
1386.78 , 242.58
1412.28 , 233.32
1440.83 , 230.32
1470.3 , 231.36
1497.42 , 237.32
1520.75 , 252.42
1537.07 , 275.39
1541.51 , 303.02
1531.02 , 328.04
1509.03 , 347.05
1483.65 , 356.57
1454.97 , 359.32
1425.47 , 358.3
1397.88 , 353.35
1370.17 , 348.57
1341.42 , 346.02
957.46 , 332.95
955.3 , 300.65
937.9 , 274.52
913.62 , 251.96
886.92 , 236.04
858.85 , 223.95
826.7 , 220.71
795.05 , 224.97
766.7 , 236.07
739.95 , 251.83
714.97 , 272.55
691.32 , 296.45
716.62 , 316.26
742.82 , 333.45
770.77 , 345.96
800.92 , 353.48
833.3 , 356.2
866.8 , 355.7
898.7 , 351.95
930 , 346.94
1344 , 129.23
1351.74 , 94.18
1379.65 , 68.33
1411.08 , 51.72
1445.45 , 42.48
1483.67 , 42.73
1518.15 , 51.64
1550.8 , 64.53
1582.58 , 80.29
1613.03 , 99.26
1641.47 , 123.97
1632.95 , 149.93
1600.9 , 135.36
1571.03 , 114.74
1540.35 , 96.33
1506.1 , 88
1469.92 , 93.49
1438.08 , 108.91
1406.9 , 126.07
1375.95 , 143.19
1036.19 , 146.37
1033.69 , 84.23
981.69 , 49.01
921.19 , 34.87
855.29 , 37.61
792.27 , 46.36
729.62 , 55.84
669.52 , 70.88
613.32 , 94.08
561.36 , 129.26
521.04 , 179.41
505.79 , 239.36
559.79 , 210.61
610.34 , 171.33
662.74 , 137.43
723.02 , 122.86
786.84 , 129.4
847.96 , 142.04
910.16 , 152.48
974.79 , 157.86
