1541108261_1
177.2 , 606.65
183.04 , 627.71
189.9 , 650.5
198.04 , 675.63
205.75 , 697.92
214.2 , 719.2
222.09 , 741.62
232.68 , 762.91
250.19 , 782.06
268.32 , 795.74
289.06 , 809.92
306.61 , 824.82
327.12 , 838.9
347.43 , 849.24
370.95 , 856.56
391.87 , 867.15
414.48 , 877.7
438.5 , 882.92
461.82 , 883.51
484.23 , 880.46
509.89 , 876.32
532.6 , 872.35
556.32 , 866.58
579.1 , 858.64
601.03 , 849.09
621.37 , 834.29
638.98 , 820.64
660.58 , 806.53
678.87 , 793.03
696.37 , 774.67
710.61 , 755.84
725.5 , 736.51
737.86 , 716.8
749.5 , 696.87
755.53 , 673.85
764 , 650.01
772.15 , 627.2
776.25 , 603.22
778.6 , 579.38
779.8 , 556.05
781.85 , 531
405.1 , 554.8
396.9 , 571.25
388.09 , 587.47
387.56 , 605.34
396.54 , 620.81
414.94 , 627.95
432.6 , 624.81
451.41 , 620.22
470.51 , 618.27
488.07 , 616.4
507.82 , 618.07
524.88 , 620.03
540.94 , 610.72
547.13 , 593.85
546.12 , 574.91
535.92 , 558.58
521.35 , 545.45
353.5 , 702.82
369.15 , 695.04
386.07 , 690.5
402.9 , 685.67
419.52 , 680.55
436.27 , 675.57
455.32 , 675.32
473.18 , 678.04
490.9 , 675.55
507.9 , 671.07
526.95 , 670.82
545.05 , 673.09
563.38 , 674.85
581.3 , 677.36
587.62 , 691.97
573.08 , 702.78
557.77 , 711.55
541.85 , 718.6
525.42 , 724.14
508.68 , 729.07
490.95 , 732.07
472.38 , 733.32
453.7 , 734.32
434.88 , 735.07
416.45 , 733.53
399.05 , 729.86
382.73 , 724.06
367.88 , 714.2
361.75 , 703.82
376.93 , 700.57
393 , 699.07
408.7 , 701.33
424.75 , 699.82
441.3 , 699.32
457.95 , 699.07
474.62 , 698.82
491.05 , 698.07
506.85 , 696.06
522.08 , 692.83
537.52 , 690.07
553.1 , 687.58
568.92 , 685.57
585.58 , 685.32
571.38 , 687.57
555.45 , 689.32
539.1 , 690.23
523.88 , 693.44
508.73 , 696.81
493.35 , 699.72
477.2 , 701.07
460.55 , 701.32
444 , 701.82
427.82 , 703.07
411.4 , 703.82
394.73 , 704.07
378.3 , 703.32
534.45 , 453.94
539.67 , 443.71
549.05 , 436.09
559.15 , 430.48
569.65 , 425.93
581.15 , 423.69
593.62 , 423.44
605.5 , 424.94
617 , 427.19
627.5 , 431.7
637.39 , 437.85
635.62 , 449.56
625.98 , 456.42
615.23 , 460.19
603.95 , 462.94
592.2 , 464.69
579.7 , 464.94
567.95 , 463.19
556.58 , 460.7
544.7 , 459.19
380.43 , 461.44
370.25 , 454.24
359.11 , 449.84
347.66 , 446.21
335.36 , 444.22
322.46 , 444.97
310.43 , 447.51
298.86 , 450.94
287.86 , 455.84
277.64 , 462.83
269.73 , 472.72
280.11 , 479.35
291.25 , 483.73
303.66 , 485.47
316.68 , 485.97
329.58 , 485.22
341.88 , 483.23
353.73 , 480.22
365.16 , 476.54
376.25 , 471.95
507.6 , 348.13
524.45 , 340.29
541.8 , 333.9
560.6 , 330.38
580.48 , 331.13
599.53 , 334.13
618.18 , 337.95
636.65 , 342.13
654.93 , 346.7
672.25 , 353.28
687.88 , 364.66
677.53 , 374.65
658.62 , 371.39
639.45 , 368.64
620.67 , 365.16
601.88 , 361.63
582.78 , 358.81
563.2 , 356.88
543.42 , 358.38
523.4 , 358.92
372.06 , 382.44
363 , 363.5
343.1 , 356.51
320.95 , 354
298.2 , 355.25
277.93 , 361.53
258.3 , 369.2
238.82 , 377.49
220.03 , 387.73
203.43 , 404.07
193.74 , 423.1
191.25 , 445.25
208.98 , 435.76
226.3 , 421.46
245.43 , 411.99
266.25 , 406.75
288.4 , 404.25
311.52 , 403.75
333.9 , 401.78
354.48 , 396
