1543376624_1
679 , 1307.3
686.12 , 1340.35
696.9 , 1376.69
709.57 , 1412.62
721.92 , 1448.34
733.69 , 1483.71
748.32 , 1518.04
766.36 , 1550.92
787.61 , 1581.86
809.16 , 1611.95
832.24 , 1640.62
859.78 , 1670
887.64 , 1693.4
919.21 , 1715.97
949.66 , 1737.92
977.82 , 1757.87
1009.79 , 1780.52
1044.33 , 1797.89
1077.26 , 1808.89
1114.85 , 1816.52
1152.69 , 1820.52
1190.56 , 1816.95
1227.66 , 1807.94
1260.86 , 1796.43
1295.56 , 1777.66
1324.53 , 1757.14
1354.9 , 1732.76
1383.28 , 1707.14
1409.23 , 1680.12
1434.98 , 1653.53
1460.19 , 1626.29
1483 , 1596.31
1499.52 , 1566.24
1515.89 , 1529.8
1529.15 , 1496.79
1541.19 , 1459.14
1551.39 , 1424.58
1563 , 1386.47
1573.21 , 1351.53
1581.69 , 1316.19
1588.72 , 1277.06
1042.45 , 1268.64
1027.51 , 1295.11
1013.52 , 1325.37
1012.31 , 1355.81
1032.09 , 1378.4
1063.06 , 1385.22
1095.82 , 1389.82
1127.4 , 1393.44
1159.36 , 1391.75
1190.45 , 1390.63
1222.18 , 1393.32
1253.98 , 1382.78
1283.8 , 1379.08
1300.94 , 1353.02
1305.09 , 1322.45
1291.92 , 1291.68
1274.67 , 1263.63
980.97 , 1522.46
1008.35 , 1512.93
1034.69 , 1499.98
1061.12 , 1487.31
1089.92 , 1480.25
1120.6 , 1477.21
1151.42 , 1479.96
1182.97 , 1481.21
1214.64 , 1480.21
1245.85 , 1482.21
1276.17 , 1485.94
1306.57 , 1489.56
1336.62 , 1493.93
1336.75 , 1524.68
1321.38 , 1550.04
1303.8 , 1574.63
1282.47 , 1597.71
1258.64 , 1617.5
1233.22 , 1632.71
1206.02 , 1642.92
1176.07 , 1647.46
1144.64 , 1645.94
1116.07 , 1638.55
1089.45 , 1626.44
1064.05 , 1611.22
1039.57 , 1593.3
1016.5 , 1571.48
996.69 , 1547.68
982.47 , 1524.71
1008.85 , 1522.71
1034.87 , 1519.96
1060.89 , 1517.21
1087.05 , 1514.71
1114.17 , 1515.21
1141.27 , 1514.71
1167.35 , 1512.09
1193.2 , 1508.96
1218.75 , 1505.21
1245.14 , 1503.28
1272.25 , 1503.71
1299.5 , 1503.96
1326.25 , 1502.71
1318.85 , 1522.87
1297.25 , 1535.95
1274.85 , 1546.96
1251.55 , 1555.14
1227.82 , 1562.46
1203.32 , 1568.46
1177.89 , 1572.46
1151.27 , 1573.95
1124.87 , 1571.93
1099.22 , 1568.46
1074.27 , 1563.5
1049.6 , 1557.94
1025.42 , 1551.41
1002.42 , 1542.43
1291.9 , 1102.3
1303.28 , 1092.41
1317.35 , 1089.34
1332.78 , 1089.05
1347.88 , 1088.05
1362.85 , 1086.84
1377.9 , 1085.8
1393.1 , 1085.05
1408.43 , 1085.55
1423.5 , 1086.55
1428.08 , 1096.55
1415.73 , 1103.73
1403.3 , 1110.77
1390.25 , 1116.2
1376.05 , 1119.03
1360.98 , 1120.04
1346.03 , 1118.8
1332.03 , 1115.58
1318.9 , 1110.55
1305.48 , 1106.33
1016.99 , 1113.49
1015.7 , 1100.99
1002.35 , 1094.74
987.15 , 1092.74
971.25 , 1092.24
955.2 , 1092.49
939.42 , 1093.24
923.62 , 1093.99
907.57 , 1093.74
892.02 , 1094.98
877.57 , 1098.49
888.47 , 1110.13
901.35 , 1117.51
914.95 , 1122.74
929.02 , 1126.99
944.07 , 1129.24
960 , 1129.24
974.47 , 1125.72
988.12 , 1120.51
1001.82 , 1115.49
1224.8 , 1024.82
1241.1 , 996.25
1269.55 , 979.57
1299.17 , 966.07
1329.1 , 953.53
1359.35 , 942.09
1392.3 , 936.07
1427.78 , 935.32
1461.55 , 939.57
1493.7 , 947.34
1522.6 , 962.86
1520.67 , 993.83
1487 , 998.31
1452.5 , 1001.07
1418.67 , 1005.19
1384.2 , 1008.06
1351.03 , 1013.57
1319.12 , 1021.75
1287.88 , 1031.05
1254.82 , 1036.83
1092.16 , 1037.55
1077.54 , 1004.29
1043.82 , 986.52
1008.94 , 972.34
974.24 , 957.64
939.72 , 942.31
905.12 , 927.03
867.79 , 918.05
828.44 , 922.78
793.74 , 937.55
762.99 , 963.42
746.39 , 997.55
785.59 , 1002.3
827.12 , 1002.05
865.72 , 1008.37
903.62 , 1016.04
942.87 , 1021.03
981.94 , 1026.29
1018.79 , 1036.2
1055.37 , 1046.54
