154598717_1
92.65 , 312.25
98.59 , 327.28
105.59 , 343.97
110.6 , 359.44
116.63 , 376.75
122.28 , 392.36
128.63 , 407.89
138.78 , 423.34
149.84 , 436.85
162.07 , 449.27
175.11 , 460.63
188.68 , 469.59
204.91 , 475.51
220.05 , 483.26
236.56 , 491.61
251.65 , 498.61
268.61 , 505.57
284.1 , 511.6
299.28 , 519.51
314.95 , 526.29
331.21 , 530.26
349.84 , 531.88
366.75 , 531.65
384.26 , 531.69
400.04 , 527.49
414.72 , 517.8
427.6 , 506.83
439.8 , 492.65
447.22 , 478.51
453.94 , 462.27
461.79 , 446.93
470.6 , 430.69
478.07 , 416.24
486.45 , 401.03
494.78 , 386.1
503.14 , 369.66
512.13 , 354.83
519.33 , 339.2
523.68 , 322.65
524.63 , 305.28
531.39 , 289.4
308.15 , 238
300.62 , 251.96
295.57 , 266.49
296.65 , 282.29
306.86 , 293.98
323.37 , 294.69
339.55 , 296
354.35 , 300.6
370.42 , 299.14
385.28 , 297.21
402.51 , 297.98
418.57 , 297.84
429.11 , 287.13
425.19 , 272.95
413.92 , 259.89
399.22 , 252.87
386.9 , 243.05
258.75 , 375.48
271.93 , 364.31
286.2 , 356.05
300.23 , 347.25
314.88 , 339.95
329.65 , 332.99
346.7 , 331.23
363.4 , 333.73
381.07 , 333.23
398.62 , 333.95
413.43 , 340.72
427.43 , 349.64
440.75 , 360.48
448.65 , 374.88
445.9 , 391.33
437.64 , 405.58
426.25 , 418.73
413 , 429.73
398.73 , 437.99
383.18 , 442.72
365.88 , 443.98
348.43 , 442.98
331.73 , 440.49
316.45 , 435.19
302.2 , 426.93
288.82 , 416.3
276.13 , 403.63
267.15 , 389.66
263.5 , 379.23
274.9 , 371.07
287.15 , 364.95
299.7 , 359.96
312.82 , 356.2
326.82 , 354.23
340.7 , 351.98
354.57 , 349.73
368.68 , 347.98
383.52 , 347.73
397.4 , 349.99
410.52 , 353.74
422.88 , 359.48
434.9 , 366.08
439.61 , 378.63
429.4 , 389.35
417.95 , 397.55
405.98 , 404.24
393.3 , 408.98
379.68 , 411.73
365.57 , 413.48
351.57 , 415.48
337.1 , 416.48
322.5 , 415.73
309 , 412.73
296.5 , 407.48
285.2 , 398.93
274.23 , 389.45
406.75 , 199.25
411.31 , 191.7
418.1 , 184.88
426.07 , 181.22
434.73 , 179.25
443.75 , 178
453.12 , 178.5
461.77 , 180.5
469.73 , 184.23
477.45 , 188.49
484.67 , 194.16
487.23 , 201.75
478.07 , 202.75
468.95 , 203.74
460.27 , 205.75
451.15 , 206.75
441.65 , 207
432.5 , 206
423.38 , 205
414.4 , 203.65
290.02 , 192.47
282.52 , 184.96
274.23 , 179.69
264.95 , 176.95
254.82 , 175.95
244.32 , 175.7
234.45 , 177.19
225.18 , 179.93
216.4 , 183.92
207.62 , 187.92
199 , 192.2
207.6 , 196.71
216.38 , 200.73
225.9 , 202.94
235.43 , 205.2
245.93 , 205.45
256.18 , 204.7
266.55 , 204.2
276.68 , 203.2
286.23 , 200.97
380.67 , 154.03
384.55 , 139.15
396.57 , 127.85
409.8 , 119.9
423.55 , 113.3
438.5 , 109.53
454.4 , 107.78
470.52 , 109.01
485 , 113.59
498.06 , 121.91
506.74 , 134.86
512.69 , 148.81
499.32 , 142.02
485.52 , 135.53
470.12 , 132.78
454.85 , 135.76
441.07 , 142.25
426.82 , 147.31
411.3 , 149.79
396.65 , 154.04
311.41 , 122.95
295.01 , 113.27
276.46 , 108.77
256.79 , 106.8
237.06 , 104.77
217.11 , 106.27
199.91 , 113.79
183.86 , 124.39
168.31 , 136.42
154.41 , 151.32
141.46 , 166.52
159.11 , 160.49
176.09 , 152.17
191.44 , 139.55
208.51 , 131.74
228.96 , 131.27
248.19 , 134.25
266.94 , 138.26
286.41 , 140.75
306.01 , 139
