1050957686_1
337.2 , 460.25
343.3 , 470.82
348.96 , 481.98
354.02 , 493.29
358.65 , 504.47
363.34 , 517.12
366.86 , 529.06
370.63 , 540.97
374.6 , 552.7
378.74 , 564.65
383.66 , 575.86
389.36 , 586.75
396.58 , 596.71
405.09 , 606.99
414.97 , 613.76
426 , 619.22
437.64 , 623.48
450.78 , 627.02
463.02 , 629.01
475.26 , 630.47
487.58 , 631.89
499.59 , 632.7
511.58 , 629.94
523.41 , 625.55
534.91 , 620.13
546.24 , 614.01
557.46 , 607.48
567.85 , 600.28
576.25 , 592.24
584.16 , 582.23
590.96 , 571.83
595.26 , 559.79
599.25 , 547.97
602.99 , 536.37
605.22 , 523.15
606.53 , 510.98
606.84 , 498.79
606.53 , 486.49
606.56 , 473.2
609.19 , 461.06
613.4 , 448.79
445.15 , 423.1
441.43 , 433.98
436.4 , 444.75
432.87 , 455.77
432.49 , 466.86
439.95 , 475.22
450.88 , 479.56
463.36 , 481.5
474.2 , 481.47
485.85 , 479.35
497.26 , 476.11
508.25 , 471.17
515.27 , 462.52
515.51 , 450.97
512.1 , 439.85
507.5 , 428.39
500.65 , 418.55
410.65 , 516.77
420.47 , 512.04
430.67 , 508.27
441.75 , 506.28
453.55 , 505.77
464.85 , 507.27
476.52 , 508.02
488.07 , 507.02
499.97 , 507.27
511.9 , 507.52
523.8 , 507.27
535.6 , 507.77
546.9 , 509.27
548.44 , 520.22
541.77 , 529.39
533.45 , 537.96
524.4 , 545.02
515 , 551.01
505.12 , 555.79
494.82 , 559.27
483.88 , 561.52
472.32 , 562.52
461.38 , 560.27
451.35 , 555.98
441.8 , 550.42
432.67 , 543.54
424.18 , 535.04
416.56 , 526.19
418.65 , 519.27
428.35 , 519.77
437.82 , 520.77
447.65 , 521.02
457.35 , 520.52
467.2 , 520.77
476.9 , 521.27
486.25 , 520.02
495.47 , 518.52
504.7 , 517.02
513.92 , 515.52
523.15 , 514.02
532.75 , 513.27
540.59 , 516.34
533.15 , 522.27
525.58 , 527.78
517.97 , 533.26
510.38 , 538.77
502.35 , 543.06
493.95 , 546.27
484.82 , 548.02
475.25 , 548.77
465.3 , 548.79
456.5 , 546.36
448.38 , 542.24
440.35 , 537.95
432.65 , 532.77
425.32 , 526.44
509.3 , 397.74
512.42 , 393.87
515.55 , 389.99
519.05 , 386.24
523.02 , 383.27
527.02 , 380.51
531.65 , 379.25
536.88 , 379.22
541.33 , 380.76
545.55 , 382.99
549.49 , 385.94
552.27 , 389.93
548.32 , 392.72
543.88 , 394.26
539.4 , 395.76
534.67 , 396.73
529.7 , 397.24
524.85 , 397.99
519.62 , 397.99
514.52 , 397.74
434.54 , 402.86
433.14 , 398.27
428.37 , 396
423.56 , 393.95
418.71 , 392.02
413.51 , 390.79
408.24 , 389.74
403.19 , 391.29
398.37 , 393.29
393.82 , 396.1
389.58 , 399.82
386.64 , 404.27
391.54 , 406.04
396.71 , 407.26
402.24 , 407.77
407.89 , 407.52
413.31 , 406.77
418.84 , 406.27
424.26 , 405.53
429.44 , 404.25
487.8 , 338.43
492.96 , 330.25
500.8 , 324.18
509.4 , 320.09
519.2 , 318.69
528.92 , 320.17
538.65 , 321.71
547.88 , 324.16
556.33 , 328.7
563.9 , 335.53
570.02 , 343.38
570.75 , 351.93
561.5 , 349.42
552.85 , 345.44
544.23 , 341.36
534.8 , 339.18
524.98 , 337.91
515.42 , 339.81
506.1 , 342.18
496.2 , 343.08
422.16 , 353.42
420.59 , 346.57
414.08 , 341.92
406.83 , 339.17
398.69 , 338.44
390.86 , 339.9
383.06 , 341.39
375.31 , 343.08
368.48 , 346.9
362.43 , 352.94
357.68 , 359.44
352.21 , 365.67
360.51 , 366.13
367.41 , 362.46
374.38 , 358.99
381.66 , 356.46
389.24 , 354.41
396.93 , 352.69
405.21 , 353.17
413.74 , 353.17
