155271502_1
321.25 , 378.9
321.14 , 399.92
320.25 , 423.5
317.67 , 445.83
315.99 , 467.72
311.97 , 490.32
309.96 , 512.56
313.6 , 533.23
321.78 , 554.14
334.47 , 573.33
345.82 , 593.84
352.68 , 615.18
361.8 , 635.81
373.03 , 654.64
384.91 , 673.56
398.26 , 692.37
413.1 , 709.71
429.54 , 724.22
446.86 , 738.66
465.37 , 751.38
486.25 , 761.02
507.36 , 768
528.71 , 771.37
550.8 , 771.3
574 , 767.04
591.17 , 755.56
608.51 , 738.64
623.64 , 721.79
637.5 , 704.7
648.75 , 685.44
663.98 , 668.16
677.94 , 652.14
692 , 634.81
705.32 , 614.8
715.14 , 596.05
720.96 , 573.23
729.82 , 552.94
738.01 , 533.25
745.82 , 511.18
751.8 , 490.02
758.25 , 467.1
597.3 , 357.25
581.02 , 374.67
563.63 , 394.95
548.17 , 413.37
529.97 , 432.51
526 , 456.46
541.45 , 476.66
563.82 , 489.63
584.85 , 501.15
610.45 , 508.75
636.25 , 509.28
659.5 , 502.93
677.35 , 485.06
676.44 , 459.44
670.27 , 434.55
663.53 , 411.81
660.95 , 384.19
446.94 , 516.29
467.01 , 514.04
487.81 , 513.29
508.24 , 514.78
525.97 , 522.03
543.59 , 529.57
562.49 , 534.29
581.72 , 538.29
600.72 , 542.79
618.69 , 549.29
635.59 , 558.92
650.36 , 573.94
648.18 , 593.99
640.42 , 611.56
630.61 , 628.37
617.47 , 644.02
601.54 , 656.31
582.07 , 659.79
562.12 , 657.31
543.37 , 652.31
525.62 , 645.23
508.56 , 635.91
493.02 , 622.62
479.13 , 607.24
468.69 , 590.66
460.18 , 573.31
453.47 , 555.44
447.95 , 536.99
449.69 , 524.29
466.94 , 522.04
483.87 , 525.03
500.51 , 528.54
516.69 , 533.04
531.94 , 539.79
546.87 , 547.47
562.41 , 553.27
579.32 , 556.28
596.22 , 559.29
613.74 , 561.04
630.64 , 564.06
642.17 , 577.31
635.81 , 592.66
628.13 , 607.59
615.69 , 620.79
601.12 , 629.27
584.66 , 633.29
566.29 , 633.32
549.52 , 630.06
533.34 , 625.57
518.01 , 619.11
503.67 , 610.01
490.35 , 597.94
479.74 , 584.09
470.81 , 569.69
463.18 , 554.71
456.46 , 539.49
676.44 , 360.85
683.59 , 359.36
690.87 , 358.1
698.77 , 358.1
705.94 , 359.6
712.87 , 361.62
719.39 , 364.56
725.57 , 368.44
731.66 , 372.59
737.06 , 378.23
740.99 , 384.4
735.14 , 388.09
727.74 , 387.12
721.04 , 384.69
714.64 , 381.34
707.94 , 378.85
701.44 , 375.85
694.92 , 372.83
688.69 , 369.1
682.37 , 365.52
561.12 , 319
556.15 , 312.6
549.58 , 307.91
543.05 , 303.12
536.15 , 299.27
529.12 , 295.74
522 , 292.61
514.15 , 291.11
505.68 , 291.36
497.32 , 291.86
488.75 , 291.86
495.18 , 297.03
501.82 , 301.43
508.85 , 304.95
515.98 , 308.09
523.27 , 310.62
530.95 , 312.57
538.65 , 314.38
546.38 , 316.23
554.05 , 318.13
689.89 , 292.96
699.44 , 282.91
709.97 , 274.61
721.56 , 269.28
734.99 , 267.97
746.29 , 274.11
756.79 , 282.46
767.01 , 291.58
775.88 , 301.91
783.57 , 312.66
789.13 , 324.19
792.13 , 336.78
781.24 , 339.82
770.91 , 330.99
760.12 , 323.45
749.14 , 316.46
737.82 , 310.4
726.16 , 305.22
713.84 , 301.67
701.46 , 298.24
630.8 , 260.72
634.17 , 237.15
616.35 , 218.81
595.58 , 207.29
572.35 , 201.72
547.52 , 199.47
523.1 , 196.44
499 , 200.22
475.9 , 206.07
454.3 , 215.16
436.35 , 233.59
421.75 , 253.22
445.23 , 248.22
467.02 , 239.7
489.57 , 232.94
515.1 , 232.22
538.7 , 236.98
561.83 , 242.79
584.35 , 249.57
606.08 , 258.28
