1553164891_1
203.68 , 743.43
210.87 , 764.53
220.25 , 787.71
230.34 , 807.93
241.32 , 827.8
253.34 , 849.62
264.27 , 869.23
276.43 , 890.75
289.78 , 910.81
303.73 , 930.12
318.97 , 948.53
335.95 , 964.82
353.85 , 979.95
372.67 , 995.53
389.75 , 1009.86
406.85 , 1025.53
426.64 , 1042.04
446.79 , 1053.12
467.69 , 1060.72
493.33 , 1063.4
514.8 , 1061.73
537.41 , 1054.26
559.23 , 1041.5
578.09 , 1028.56
596.09 , 1013.6
612.84 , 997.99
630.31 , 979.22
645.66 , 961.56
660.76 , 944.36
676.32 , 925
688.85 , 906.56
701.77 , 885.47
711.34 , 865.06
718.92 , 841.97
724.99 , 820.01
730.87 , 795.76
734.16 , 773.5
736.35 , 748.36
735.88 , 724.69
736.62 , 700.81
738.2 , 676.75
400.6 , 747.54
397.81 , 767.73
392.84 , 787.97
386.9 , 806.33
394.91 , 825.32
412 , 834
432.85 , 840.2
451.85 , 845.95
472.98 , 843.57
491.88 , 835.78
509.06 , 823.85
524.62 , 809.72
529.24 , 791.51
519.75 , 773.45
506.18 , 756.84
494.75 , 738.96
486.35 , 719.94
386.31 , 910.13
398.66 , 897.53
411.33 , 885.35
425.34 , 876.87
442.11 , 874.87
457.79 , 879.13
475.29 , 878.63
490.34 , 873.13
507.24 , 871.38
524.49 , 872.38
541.01 , 874.88
557.16 , 878.11
568.08 , 891.18
566.3 , 908.08
563.08 , 924.23
556.53 , 938.93
545.46 , 952
531.84 , 961.61
517.26 , 968.61
502.04 , 973.62
486.19 , 977.63
470.04 , 980.88
452.66 , 980.16
437.61 , 974.64
424.14 , 964.72
412.87 , 951.68
403.46 , 938.06
394.81 , 924.13
393.31 , 913.38
406.13 , 912.63
418.04 , 909.88
430.54 , 908.38
443.38 , 907.63
455.61 , 905.61
468.71 , 905.38
480.46 , 902.41
492.46 , 899.91
505.06 , 898.63
517.31 , 896.63
529.43 , 894.37
541.56 , 892.13
553.79 , 890.13
553.36 , 900.57
543.76 , 909.19
533.63 , 916.31
523.09 , 922.36
511.86 , 926.38
500.06 , 929.38
487.91 , 931.53
475.59 , 933.38
462.74 , 934.13
450.19 , 932.75
438.11 , 930.42
426.36 , 927.4
415.06 , 923.63
404.06 , 918.88
517.68 , 636.37
522.96 , 626.1
531.36 , 616.95
540.65 , 608.9
550.4 , 602.14
560.95 , 597.62
572.43 , 595.12
584 , 592.88
596.18 , 591.87
607.4 , 594.86
617.52 , 600.67
618.42 , 612.89
611.11 , 622.46
600.95 , 628.1
589.73 , 631.12
578.25 , 633.63
566.55 , 635.62
553.88 , 635.62
541.93 , 634.12
529.5 , 634.62
359.53 , 662.55
349.25 , 655.05
338.48 , 649.01
327.28 , 644.05
315.25 , 641.05
302.03 , 640.55
289.63 , 642.77
277.9 , 646.27
266.73 , 651.34
256.43 , 658.66
246.78 , 667.8
255.03 , 677.8
265.73 , 684.01
277.48 , 687.56
290.71 , 687.05
302.86 , 684.3
314.68 , 680.9
326.23 , 677.09
337.65 , 672.92
350 , 670.57
486.57 , 576.79
495.42 , 560.67
510.84 , 549.77
527.75 , 543.05
545.12 , 537.56
562.27 , 531.58
578.85 , 523.77
595.35 , 515.78
613.22 , 511.14
633.17 , 510.79
650.3 , 517.02
644.72 , 531.64
626.29 , 535.06
607.02 , 536.81
589.87 , 542.78
573.47 , 551.13
556.5 , 557.6
539.62 , 564.28
523.17 , 572.44
505.97 , 578.28
352.5 , 587.46
337.43 , 578.41
320.25 , 574.44
302.38 , 571.92
283.65 , 572.67
264.8 , 573.17
246.57 , 571.42
228.1 , 572.65
212.12 , 579.21
197.98 , 590.9
188.2 , 605.67
204.15 , 599.16
221.77 , 596.18
239.9 , 598.17
257.52 , 601.2
275.4 , 603.68
293.75 , 605.17
312.23 , 606.42
330.95 , 607.17
348.23 , 603.4
