158249995_1
170.3 , 309.35
173.36 , 320.77
176.68 , 332.72
180.49 , 344.67
184.72 , 356.5
188.02 , 368.24
189.56 , 380.63
193.24 , 391.21
199.21 , 403.05
205.2 , 413.19
213.1 , 422.42
221.59 , 431.77
229.62 , 440.72
238.16 , 449.41
248.65 , 456.89
258.88 , 464.73
268.49 , 471.01
280.15 , 475.5
292.67 , 477.42
304.43 , 477.41
317.47 , 475.85
328.78 , 474.83
340.85 , 472.24
352.1 , 467.06
362.28 , 458.87
370.01 , 449
377.27 , 440.34
385.98 , 430.9
392.88 , 420.57
398.73 , 409.7
404.48 , 398.45
409.27 , 388.02
413.41 , 376.12
415.85 , 364.27
417.43 , 351.24
417.94 , 339.12
419.47 , 327.44
421.04 , 315.24
422.01 , 302.75
422.74 , 289.94
422.8 , 277.25
277.25 , 287.94
271.85 , 298.31
267.09 , 309.44
262.63 , 320.78
262.42 , 331.82
270.3 , 340.69
281.32 , 346.7
293.01 , 349.56
305.14 , 350.09
316.9 , 348.29
326.93 , 343.04
337.74 , 336.24
344.61 , 326.8
344.68 , 315.32
337.36 , 306.49
329.16 , 296.65
322.3 , 286.3
260.19 , 398.16
264.6 , 391.74
271.24 , 387.9
278.19 , 384.91
285.29 , 382.39
292.79 , 380.67
300.54 , 379.41
308.76 , 379.16
316.99 , 378.91
325.09 , 378.41
333.42 , 378.41
341.54 , 378.91
349.26 , 380.17
356.39 , 382.65
361.36 , 388.79
356.37 , 395
349.92 , 399.42
343.04 , 402.62
336.12 , 405.64
328.72 , 407.67
320.99 , 408.91
312.99 , 409.66
304.89 , 410.16
296.56 , 410.16
288.56 , 409.41
280.72 , 408.41
273.09 , 406.93
266.16 , 403.9
261.19 , 396.66
267.79 , 396.16
274.39 , 395.66
280.74 , 394.66
287.12 , 393.66
293.59 , 392.91
300.31 , 392.66
306.69 , 391.66
313.17 , 390.91
319.67 , 390.16
326.26 , 389.66
332.74 , 388.91
339.22 , 388.16
345.97 , 387.91
352.69 , 388.16
345.87 , 388.16
339.12 , 388.41
332.51 , 388.91
326.29 , 390.15
319.79 , 390.91
313.31 , 391.66
306.72 , 392.16
300.24 , 392.91
293.49 , 393.16
287.14 , 394.16
280.66 , 394.91
274.29 , 395.91
267.94 , 396.91
324.1 , 252.1
328.5 , 247.46
333.53 , 244.16
338.85 , 241.6
344.18 , 239.07
350.05 , 237.84
355.93 , 236.61
362.05 , 235.85
368.28 , 236.35
374.15 , 237.62
379.22 , 240.85
379.55 , 246.64
374 , 248.58
368.12 , 249.84
362.25 , 251.1
356.15 , 251.85
349.9 , 252.35
343.43 , 252.35
336.95 , 252.35
330.48 , 252.35
270.03 , 253.07
264.23 , 250.04
258.32 , 247.3
252.3 , 245.02
245.75 , 243.77
238.85 , 243.27
232.2 , 244.27
226.35 , 247.11
220.65 , 250.34
215 , 253.71
209.7 , 258.02
215.72 , 260.26
221.85 , 262.29
228.4 , 263.52
235.05 , 264.52
242.05 , 264.77
249.07 , 264.52
255.5 , 263.02
261.62 , 261
267.67 , 258.79
310.25 , 199.49
315.75 , 187.74
326.98 , 180.76
339.18 , 176.48
352.25 , 173.99
366.43 , 174.24
378.82 , 178.06
389.98 , 185.23
399.62 , 195.37
406.25 , 206.74
410 , 219.24
409.95 , 231.41
401.31 , 220.79
393.4 , 209.89
383.1 , 200.21
370.8 , 196.25
357.23 , 197.76
344.4 , 200.83
332.12 , 204.87
320.18 , 209.68
271.38 , 208.06
268.87 , 196.03
260.07 , 187.14
248.32 , 184.19
235.6 , 183.18
223.02 , 184.46
211.37 , 187.68
200.62 , 193.18
190.98 , 201.58
184.39 , 211.88
180.4 , 223.08
178.62 , 235.43
190.12 , 235.18
197.62 , 225.18
206.07 , 215.69
216.07 , 208.16
227.4 , 204.43
240.47 , 204.68
251.42 , 209.48
262.17 , 214.42
