1593252454_1
523.59 , 434.55
527.9 , 455.93
533.52 , 479.61
539.71 , 500.58
548.16 , 523.35
556.66 , 546
563.68 , 566.37
571.76 , 588.69
581.91 , 610.16
592.29 , 630.94
605.87 , 650.64
620.48 , 667.01
637.27 , 683.78
653.58 , 701.34
669.9 , 717.73
686.87 , 733.55
705.24 , 748.33
725.42 , 759.43
746.98 , 766.23
771.51 , 769.77
793.91 , 770.43
818.37 , 767.83
840.19 , 762.46
861.23 , 753.6
881.42 , 742.1
900.52 , 728.88
919.58 , 715.2
938.69 , 701.75
956.74 , 687.5
974.41 , 669.83
987.44 , 651.14
997.6 , 630.59
1005.92 , 609.28
1014.42 , 585.71
1021.94 , 564.21
1029.25 , 542.5
1033.67 , 519.5
1037.3 , 496.24
1040.13 , 472.84
1042.17 , 449.35
1043.5 , 425.69
763.44 , 435.25
750.68 , 449.79
737.9 , 464.25
729.61 , 480.81
733.28 , 498.45
747.7 , 511.99
764.74 , 519.81
783.53 , 528.76
800.91 , 533.83
820.2 , 533.57
838.87 , 529.13
857.92 , 520.52
872.37 , 509.8
880.66 , 491.76
879.23 , 472.02
870.51 , 454.87
865.14 , 436.25
693.9 , 571.46
711.12 , 571.71
728.23 , 571.21
744.85 , 572.71
761.45 , 574.21
778.67 , 574.46
795.67 , 573.71
812.52 , 572.71
828.98 , 570.89
845.77 , 569.71
862.55 , 570.86
879.85 , 570.96
896.85 , 570.21
906.85 , 580.26
894.9 , 592.46
882.25 , 603.64
868.73 , 612.4
854.38 , 618.96
839.25 , 623.46
823.25 , 626.21
806.38 , 627.21
789.62 , 625.95
773.5 , 623.46
758.22 , 619.19
743.55 , 613.7
729.52 , 606.31
716.42 , 596.24
703.98 , 584.54
697.4 , 575.96
711.52 , 578.7
725.57 , 581.7
739.85 , 584.21
754.25 , 586.46
768.88 , 588.21
783.77 , 589.46
799.25 , 589.46
814.27 , 588.46
829.4 , 587.71
844.4 , 586.71
859.05 , 584.97
873.45 , 582.69
887.23 , 579.22
899.75 , 576.24
886.38 , 580.46
872.8 , 584.31
858.45 , 586.71
843.33 , 587.46
828.45 , 588.71
813.8 , 590.46
798.67 , 591.21
783.9 , 589.71
768.55 , 589.46
753.4 , 588.71
738.65 , 587.21
724 , 585.45
710.05 , 582.36
865.89 , 356.44
872.84 , 348.49
879.79 , 340.54
887.99 , 334.19
897.01 , 330.19
907.04 , 328.44
917.69 , 327.94
928.22 , 327.19
939.09 , 327.17
948.48 , 330.24
954.42 , 338.56
954.39 , 349.44
946.51 , 356.59
937.49 , 360.71
927.46 , 362.44
916.71 , 362.69
906.07 , 363.19
896.16 , 361.19
885.51 , 360.69
875.24 , 359.43
723.59 , 365.03
722.14 , 355.1
715.4 , 347.25
706.92 , 342.26
697.87 , 338.97
687.67 , 337.97
677.12 , 338.22
667.17 , 339.73
658.02 , 342.81
649.54 , 347.8
642.18 , 355.42
636.87 , 363.72
645.35 , 368.7
654.32 , 372.23
664.27 , 373.72
674.69 , 374.22
685.27 , 374.47
695.45 , 373.47
705.29 , 371.73
714.87 , 369.47
861.33 , 302.22
870.61 , 286.69
886.36 , 277.71
903.18 , 271.95
920.83 , 267.72
938.71 , 263.95
957.08 , 261.22
976.28 , 262.22
994.53 , 265.23
1011.58 , 270.47
1027.31 , 279.45
1029.85 , 297.2
1013.11 , 303.22
994.01 , 301.97
974.56 , 301.47
955.11 , 300.97
936.13 , 299.47
916.81 , 300.22
898.31 , 302.72
879.71 , 304.97
749.52 , 308.08
732.08 , 298.58
712.2 , 294.82
692.6 , 290.47
672.2 , 287.82
651.35 , 286.07
630.03 , 285.33
609.68 , 288.09
591.28 , 294.81
574.71 , 306.79
569.7 , 326.07
589.93 , 323.82
608.12 , 316.55
627.65 , 312.06
649.35 , 312.07
669.83 , 314.56
689.8 , 318.17
708.68 , 323.83
727.55 , 329.6
747.93 , 327.34
