160565613_2
327.69 , 665.19
326.81 , 689.03
326.32 , 717.62
327.05 , 741.53
324 , 769.98
322.84 , 796.04
323.98 , 821.81
326.6 , 846.27
330.31 , 873.34
337.06 , 899.2
345.04 , 925.01
352.36 , 949.95
360.58 , 972.61
373.61 , 998.06
387.22 , 1018.55
403.13 , 1039.18
421.33 , 1058.72
439.4 , 1078.9
459.67 , 1095.78
482.83 , 1109.09
507.26 , 1116.83
531.77 , 1121.99
557.62 , 1121.64
584.64 , 1118.5
609.33 , 1107.68
629.94 , 1091.08
648.62 , 1073.72
668.32 , 1056.09
687.05 , 1037.38
705.18 , 1018.38
722.75 , 999.84
740.8 , 980.85
758.25 , 959.8
774.03 , 939.15
786.45 , 916.89
796.61 , 891.63
807.39 , 868.6
819.3 , 844.85
828.23 , 819.37
833.48 , 794.75
837.5 , 767.35
577.75 , 775.05
563.09 , 789.68
547.96 , 803.76
534.28 , 821.88
537.39 , 842.94
552.86 , 856.98
570.98 , 869.73
588.26 , 883.14
605.59 , 896.96
626.13 , 902.48
645.7 , 896.21
665.82 , 884.43
684.9 , 875.74
698.68 , 858.49
697.31 , 837.83
692.32 , 817.36
689.55 , 793.85
451.19 , 875.25
469.71 , 884.76
487.67 , 895.73
506.56 , 904.25
525.79 , 911.6
545.22 , 918.51
564.74 , 925.04
585.07 , 930.23
606.19 , 933.75
627.91 , 936
649.87 , 937.75
671.84 , 936.5
679.79 , 952.42
666.97 , 969.73
652.67 , 986.52
636.32 , 1002.1
618.69 , 1014
599.27 , 1021.02
578.09 , 1024.15
556.12 , 1022.43
536.82 , 1015.16
519.21 , 1003.26
502.86 , 988.18
489.31 , 971.12
480.69 , 952.25
472.93 , 933.15
465.03 , 914.1
457.4 , 894.95
456.44 , 887.75
472.76 , 895.53
489.12 , 903.49
505.64 , 910.71
522.62 , 916.68
540.04 , 921.77
557.64 , 926.48
575.44 , 931
594.26 , 933.25
613.47 , 934.75
632.16 , 937.23
651.62 , 938.26
670.69 , 937
678.22 , 949.47
663.19 , 961
647.29 , 969.99
630.79 , 977.4
614.04 , 983.97
596.82 , 989.38
578.29 , 991.75
559.54 , 989.34
542.87 , 982.49
526.62 , 974.2
511.39 , 963.45
497.16 , 949.72
484.37 , 935.15
473.2 , 920.02
464.1 , 904.15
706.05 , 706.61
713.9 , 699.02
722.27 , 692.88
731.52 , 689.11
741.45 , 686.84
752.22 , 686.36
762.52 , 687.86
771.85 , 691.4
780.45 , 696.85
788.75 , 703.3
796.95 , 709.99
794.5 , 719.39
785.07 , 722.61
774.77 , 724.11
764.02 , 723.59
754.07 , 721.36
743.77 , 719.86
733.85 , 717.63
724.32 , 714.63
715.1 , 710.84
571.59 , 678.6
564.75 , 670.29
556.55 , 663.12
548.02 , 656.82
539.2 , 651.47
529.93 , 647.15
519.9 , 644.63
509.3 , 643.38
498.33 , 643.9
488.48 , 646.76
479.6 , 651.88
486.43 , 660.21
494.75 , 667.06
504.03 , 671.31
513.75 , 674.29
523.83 , 676.61
534 , 678.78
544.15 , 680.92
554.08 , 683.63
564.48 , 685.25
683.85 , 647.85
699.98 , 641.57
716.43 , 636.07
733.43 , 631.53
751.18 , 628.53
770.33 , 628.35
787.85 , 631.85
803.73 , 639.22
818.5 , 649.48
831.6 , 663.1
841.6 , 677.98
827.8 , 684.55
813.33 , 673.34
799.17 , 661.36
783.65 , 653.09
766 , 649.86
747.73 , 651.72
730.12 , 655.09
712.5 , 658.33
695.23 , 662.25
614.42 , 601.96
599.42 , 589.19
582.27 , 582.49
564.6 , 576.95
546.25 , 572.74
527.92 , 568.47
508.25 , 566.97
488.35 , 567.98
469.2 , 570.49
452.3 , 577.91
435.97 , 586.97
449.64 , 601.67
467.3 , 607.25
486.57 , 609.47
506.47 , 608.47
526.75 , 608.72
545.3 , 612.54
563.55 , 616.96
583.32 , 618.22
602.6 , 616
