161795809_1
413.42 , 395.11
414.93 , 409.67
415.65 , 425.75
416.06 , 441.81
416.87 , 457.84
418.15 , 472.3
419.78 , 488.26
421.31 , 504.25
423.08 , 520.32
424.21 , 536.16
427.82 , 550.74
432.38 , 566.03
438.82 , 579.98
449.61 , 592.73
461.31 , 603.21
472.76 , 611.83
486.07 , 620.94
500.38 , 629.55
513.69 , 637.5
527 , 645.48
540.43 , 652.46
556.09 , 657.63
570.69 , 660.83
586.51 , 660.91
602.24 , 658.23
617.35 , 652.81
629.96 , 644.74
643.49 , 635.06
655.43 , 626.16
667.41 , 614.48
679.48 , 604.73
690.52 , 595.02
701.04 , 583.05
709.3 , 569.55
716.92 , 554.68
722.67 , 540.74
726.35 , 525.66
729.04 , 510.21
731.46 , 494.66
734.67 , 479.45
738.89 , 462.9
573.05 , 384.9
566.4 , 398.4
554.24 , 407.98
542.56 , 418.71
538.39 , 432.95
544.84 , 447.22
559.97 , 453.26
575.68 , 455.82
590.72 , 458.59
606.33 , 461.25
621.82 , 465.12
637.96 , 465.66
650.33 , 455.59
653.44 , 441.36
649.63 , 426.14
643.02 , 411.21
636.3 , 395.9
495.15 , 499.77
506.8 , 493.53
518.7 , 487.79
531.17 , 483.77
544.1 , 480.51
557.6 , 478.52
571 , 480.75
583.62 , 484.53
597.27 , 486.27
611.12 , 487.52
623.5 , 491.77
635.1 , 498.2
646.33 , 505.68
656.64 , 515.75
658.02 , 529.42
647.65 , 539.27
636.67 , 547.51
624.77 , 553.24
612.15 , 557.02
598.27 , 558.27
584.4 , 557.02
571.02 , 554.79
558.22 , 551.25
546.2 , 546.03
534.62 , 539.49
523.8 , 530.92
513.47 , 520.84
503.18 , 510.79
500.65 , 499.52
511 , 495.52
522.38 , 493.52
534.57 , 493.27
546.8 , 493.52
559.02 , 493.27
570.38 , 495.28
581.52 , 497.76
592.9 , 499.77
604.12 , 502.02
614.85 , 505.29
625.3 , 509.17
635.65 , 513.27
645.65 , 518.52
650.97 , 528.01
641.2 , 533.76
630.45 , 537.02
618.72 , 538.27
607 , 537.02
595.38 , 535.52
583.9 , 533.77
572.52 , 531.76
561.4 , 529.27
550.38 , 526.53
539.72 , 523.08
529.75 , 517.78
519.65 , 512.77
509.6 , 507.71
642.9 , 359.59
648 , 357.08
653.27 , 354.84
658.98 , 353.59
665.15 , 353.34
671.45 , 353.34
677.15 , 354.59
682.25 , 357.22
687.4 , 359.84
691.66 , 364.37
694.15 , 369.56
692.1 , 374.86
686.05 , 375.33
680.35 , 374.1
674.75 , 372.56
669.42 , 370.59
663.73 , 369.35
658.02 , 368.12
652.8 , 365.87
647.62 , 363.33
553.41 , 338.09
547.9 , 333.56
541.93 , 330.29
535.6 , 328.03
528.88 , 326.53
521.8 , 325.78
514.75 , 326.51
508.15 , 328.25
501.98 , 330.91
495.98 , 334.16
490.6 , 339.03
496.48 , 342.53
502.55 , 345.54
509.28 , 347.03
516.7 , 347.03
524.15 , 347.03
531.2 , 347.78
538.4 , 347.28
545.58 , 346.78
551.91 , 344.52
641.18 , 314.78
644.87 , 304.05
655.45 , 299.54
667.05 , 301.77
678.53 , 304.27
690.5 , 305.78
702.1 , 308.04
712.8 , 312.16
722.8 , 318.28
732.2 , 326.06
739.92 , 335.48
740.48 , 345.83
729.8 , 341.66
719.83 , 335.45
710.11 , 328.5
699.18 , 325.03
687.45 , 323.04
676.08 , 320.28
663.86 , 319.28
651.43 , 319.78
573.87 , 304.01
574.99 , 290.77
563.69 , 283.01
551.44 , 278.01
538.99 , 273.55
525.94 , 270.26
511.76 , 269.26
497.37 , 269.74
484.06 , 272.48
471.94 , 278.01
461.51 , 288.16
454.69 , 299.76
468.62 , 298.25
481.29 , 294.23
494.09 , 290.49
507.89 , 288.76
521.69 , 290.51
535.12 , 293.02
547.59 , 297.41
559.69 , 303.01
