1620560362_1
797.25 , 1031.5
813.55 , 1078.29
830.88 , 1131.76
841.81 , 1185.62
852.85 , 1239.02
859.91 , 1290.76
868.2 , 1346.1
879.16 , 1394.4
895.5 , 1450.29
916.75 , 1498.65
945.37 , 1545.59
981.01 , 1582.9
1025.85 , 1613.73
1076.58 , 1635.97
1126.67 , 1649.95
1179.5 , 1664.29
1232.87 , 1679.29
1280.66 , 1693.16
1333.68 , 1704.1
1391.25 , 1711.01
1444.24 , 1712.24
1498.21 , 1707.4
1552.34 , 1702.84
1606.13 , 1696.09
1653.9 , 1681.43
1701.96 , 1658.35
1743.4 , 1624.1
1785.28 , 1583.23
1820.64 , 1547.3
1856.8 , 1505.2
1884.67 , 1458.72
1903.61 , 1410.83
1915.06 , 1357.54
1921.4 , 1304.41
1920.92 , 1251.83
1918.76 , 1194.48
1917.53 , 1141.99
1916.51 , 1085.64
1922.16 , 1034.4
1929.53 , 982.17
1929.75 , 923.8
1384.29 , 894.25
1362.39 , 929.72
1335.18 , 964.97
1311.55 , 999.46
1309.24 , 1045.25
1331.69 , 1080.77
1372.12 , 1094.74
1415.94 , 1093.75
1460.02 , 1097
1503.63 , 1100.86
1546.93 , 1094.24
1586.28 , 1083.16
1620.4 , 1052.27
1626.83 , 1010.74
1610.33 , 972.74
1587.27 , 936.23
1555.25 , 901.45
1243.9 , 1303.93
1269.15 , 1275.18
1299.95 , 1255.67
1332.68 , 1241.44
1366.98 , 1231.2
1401.73 , 1221.68
1437.7 , 1214.68
1476.1 , 1212.68
1514.5 , 1210.67
1550.12 , 1202.93
1586.83 , 1197.43
1624.85 , 1200.18
1660.95 , 1206.92
1696 , 1215.94
1724.4 , 1242.18
1699.32 , 1271.02
1668.73 , 1291.08
1636.65 , 1307.43
1604.38 , 1323.17
1570.83 , 1334.93
1534.98 , 1342.18
1498.15 , 1347.43
1459.5 , 1348.93
1421.6 , 1345.93
1384.4 , 1341.43
1347.58 , 1336.18
1310.03 , 1332.42
1273.85 , 1325.88
1264.65 , 1299.93
1296.98 , 1297.93
1327.5 , 1292.17
1357.55 , 1285.44
1388.05 , 1279.69
1419.93 , 1276.68
1453.1 , 1276.93
1486.18 , 1277.43
1517.05 , 1272.43
1547.33 , 1266.19
1577.98 , 1260.67
1608.75 , 1255.43
1640 , 1251.18
1672.7 , 1249.93
1704.78 , 1247.9
1675.48 , 1256.2
1642.9 , 1257.68
1609.6 , 1257.68
1578.35 , 1261.93
1547.95 , 1267.93
1517.58 , 1273.93
1485.95 , 1277.43
1452.9 , 1277.93
1419.83 , 1278.43
1388.08 , 1281.68
1357.83 , 1287.92
1328.38 , 1295.93
1297.5 , 1300.93
1563.9 , 752.12
1575.37 , 733.65
1592.75 , 719.03
1610.62 , 705.65
1628.98 , 693.8
1648.65 , 685.62
1670.03 , 681.09
1693.23 , 680.37
1715.33 , 683.36
1735.55 , 690.03
1753.82 , 702.11
1756.85 , 723.88
1738.58 , 735.93
1718.78 , 743.85
1697.4 , 748.37
1674.58 , 749.87
1651.12 , 750.12
1628.65 , 747.87
1606.8 , 751.38
1585.53 , 756.12
1272.77 , 751.03
1253.95 , 739.24
1234.39 , 729.2
1214.72 , 719.51
1192.32 , 716.23
1169.39 , 718.49
1148.82 , 725.42
1129.19 , 735.28
1110.07 , 746.26
1091.32 , 758.19
1072.97 , 771.26
1093.1 , 779.29
1114.8 , 784.04
1137.95 , 785.76
1161.72 , 786.26
1184.99 , 784.76
1206.82 , 780.28
1229.02 , 776.51
1252.8 , 776.01
1274.74 , 771.76
1497.1 , 640.73
1524.6 , 607.23
1558.3 , 580.29
1595.85 , 564.23
1637.47 , 556.97
1681.77 , 555.23
1724.85 , 559.48
1766.2 , 567.22
1805.1 , 579.73
1839.88 , 603.74
1861.6 , 638.61
1832 , 650.51
1793.95 , 635.47
1752.1 , 628.73
1707.32 , 628.98
1664.85 , 634.48
1624.07 , 643.47
1584.77 , 655.29
1547.07 , 670.97
1507.59 , 680.78
1432.22 , 680.64
1426.25 , 632.59
1377.07 , 612.39
1324.35 , 599.92
1270.77 , 589.35
1215.35 , 583.6
1160.99 , 592.6
1107.62 , 603.6
1055.52 , 617.35
1007.2 , 640.17
967.28 , 682.25
947.27 , 731.35
997.29 , 714.83
1046.47 , 694.88
1098.8 , 681.58
1153.74 , 673.85
1211.97 , 672.85
1267.55 , 679.35
1321.49 , 689.1
1378.99 , 691.6
