105300174_2
449.59 , 568.47
452.41 , 586.12
453.19 , 606.62
454.84 , 626.37
456.45 , 646
459.12 , 665.49
463.77 , 684.57
470.38 , 702.99
478.97 , 720.56
489.09 , 737.3
500.92 , 752.73
514.45 , 769.14
526.8 , 784.05
539.02 , 797.88
553.6 , 811.45
569.09 , 824.25
586.13 , 834.53
603.91 , 840.53
623.46 , 844.6
643.21 , 847.85
663.06 , 850.41
683.33 , 851.43
701.9 , 849.71
721.46 , 843.42
737.61 , 833.93
754.19 , 821.2
768.72 , 809.49
784.93 , 796.82
799.76 , 785.62
815.54 , 772.05
829.65 , 759.62
843.82 , 746.92
856.9 , 730.75
868.43 , 715.18
876.46 , 696.72
880.89 , 677.35
885.88 , 658.27
889.77 , 639.76
892.6 , 620.3
893.7 , 600.12
895.5 , 579.9
626 , 565.1
614.35 , 578.81
599.59 , 590.7
588.58 , 605.64
592.77 , 622.98
607.05 , 635.38
623.05 , 646.25
638.45 , 656.23
656.97 , 662.68
674.86 , 662.23
692.75 , 654.9
708.74 , 645.05
724.69 , 633.89
736.56 , 619.8
735.67 , 601.83
726.05 , 585.85
714 , 570.25
544.75 , 678.79
562.08 , 670.01
582 , 667.29
602.52 , 665.79
622.95 , 667.54
642.88 , 670.29
662.33 , 674.07
683.23 , 673.29
702.67 , 669.52
722.35 , 666.3
742.65 , 664.29
763.67 , 663.79
781.57 , 670.85
779.25 , 690.44
767.41 , 706.64
754.2 , 722.34
738.77 , 736.28
722.3 , 747.25
704.85 , 755.69
686.38 , 761.27
666.92 , 765.04
645.77 , 764.79
626.58 , 760.57
608.67 , 753.53
591.95 , 743.23
576.78 , 728.59
565.25 , 712.29
555.72 , 695.26
558.75 , 681.54
575.5 , 680.54
592.25 , 681.54
608.02 , 684.54
623.35 , 688.57
639.85 , 690.04
656.6 , 691.04
673.73 , 690.79
689.5 , 687.79
705.27 , 684.78
721.65 , 683.02
737.62 , 680.42
753.3 , 677.25
770.35 , 676.79
765.63 , 690.41
753.3 , 702.22
739.83 , 710.81
725.17 , 716.11
709.8 , 720
694.05 , 723.04
677.52 , 724.54
660.42 , 724.79
643.55 , 724.04
627.27 , 722.04
611.9 , 718.19
597.9 , 710.91
584.67 , 701.69
571.02 , 693.57
726.15 , 497.84
732.37 , 488.87
740.82 , 481.16
749.55 , 474.19
758.88 , 468.86
768.75 , 465.06
780.07 , 464.34
791.62 , 464.59
802.35 , 466.59
811.92 , 471.35
820.58 , 478.49
824.15 , 488.09
814.58 , 492.82
804.23 , 495.59
793.15 , 496.84
781.83 , 497.59
770.6 , 498.59
759.27 , 499.33
748.7 , 497.09
737.25 , 496.59
597.19 , 487.94
597.22 , 479.47
590.17 , 472.66
582.49 , 467.48
574.32 , 463.72
565.82 , 460.82
556.72 , 459.19
547.02 , 459.62
538.32 , 462.07
530.24 , 466.15
522.57 , 471.32
515.44 , 477.94
523.32 , 482.53
531.32 , 486.81
540.19 , 488.94
549.59 , 489.93
559.27 , 490.44
569.04 , 490.19
578.37 , 489.01
587.59 , 487.54
715.25 , 449.68
722.76 , 434.65
738.05 , 427.9
754.15 , 423.18
770.88 , 419.67
787.73 , 416.42
805.42 , 414.92
822.62 , 416.93
838.27 , 422.7
852.35 , 432.78
862.55 , 446.5
857.5 , 458.18
842.75 , 449.93
827.35 , 443.43
810.25 , 440.68
792.55 , 442.18
775.95 , 445.91
760.33 , 451.61
744.67 , 457.25
728.62 , 461.82
607.71 , 437.98
597.23 , 425.76
583.51 , 418.8
569.18 , 413.71
554.56 , 409.33
538.24 , 410.33
522.61 , 412.81
507.74 , 416.81
493.86 , 423.26
481.24 , 433.15
471.56 , 445.83
487.91 , 444.82
501.79 , 438.35
516.03 , 433.1
531.74 , 430.83
547.84 , 432.33
562.76 , 436.29
576.61 , 442.87
590.09 , 450.34
605.59 , 453.09
