1657180938_1
43.1 , 330.15
44.04 , 347.16
45.18 , 366.06
47.44 , 384.84
50.83 , 403.47
55.25 , 419.9
61.31 , 438.23
69.37 , 455.49
78.79 , 471.2
87.87 , 486.41
97 , 502.89
107.85 , 517.74
119.56 , 531.99
131.79 , 546.7
143.79 , 560.03
156.61 , 573.15
170.8 , 584.58
188.03 , 593.84
204.78 , 599.39
224.15 , 601.64
242.65 , 599.89
261.41 , 597.84
279.2 , 592.94
296.23 , 585.34
312.13 , 576.14
325.67 , 564.08
339.82 , 554.03
354.03 , 541.99
368.69 , 528.37
380.64 , 514.21
391.45 , 500.48
403.74 , 485.68
414.43 , 470.15
423.08 , 454.66
430.54 , 438.63
437.46 , 420.16
442.32 , 402.96
446.36 , 385.18
450.46 , 367.44
454.82 , 347.61
458.25 , 329.4
190.68 , 366.18
182.29 , 376.3
173.66 , 388.28
169.17 , 401.91
174.37 , 416.55
182.97 , 427.21
195.93 , 433.04
210.77 , 434.71
225.94 , 434.64
239.98 , 434.29
254.99 , 433.44
267.29 , 426.92
278.24 , 416.54
278.87 , 402.12
273.32 , 388.82
263.84 , 378.13
253.84 , 366.99
149.84 , 474.52
158.59 , 465.02
169.19 , 459.18
180.89 , 456
192.87 , 453.51
204.74 , 456.25
215.69 , 461.03
228.64 , 461.02
240.52 , 458.29
253.47 , 457.77
265.67 , 459.75
277.64 , 462.26
288.79 , 466.49
299.31 , 472.5
306.81 , 479.78
296.67 , 486.71
285.84 , 492.02
274.62 , 496.01
262.87 , 499.01
251.24 , 502.26
239.04 , 504.27
226.09 , 504.77
213.27 , 504.02
200.69 , 502.8
188.59 , 500.52
177.22 , 496.89
166.11 , 492.55
156.19 , 484.9
150.84 , 476.02
159.89 , 472
170.14 , 470.52
181.14 , 470.52
191.64 , 471.52
201.92 , 473.01
211.89 , 475.06
222.06 , 476.75
232.81 , 476.27
242.84 , 474.27
253.09 , 472.77
263.72 , 473.52
274.34 , 474.27
284.84 , 475.27
294.62 , 477.78
286.44 , 477.53
275.82 , 478.27
265.07 , 478.77
254.34 , 479.27
243.99 , 480.62
233.66 , 482.02
222.99 , 482.42
212.81 , 480.75
202.79 , 478.73
192.99 , 476.29
182.97 , 474.27
171.99 , 474.27
161.24 , 474.77
287.8 , 302.89
290.74 , 295.44
296.5 , 288.95
303.12 , 283.64
310.45 , 280.17
318.23 , 277.87
326.65 , 276.89
335.28 , 277.39
343.58 , 278.64
350.98 , 281.91
358.44 , 284.79
360.65 , 292.07
353.88 , 297.08
346.58 , 300.62
338.73 , 302.71
330.52 , 304.14
321.88 , 304.64
313.23 , 305.14
304.83 , 304.14
296.05 , 303.89
171.4 , 293.05
168.28 , 285.43
163.15 , 278.55
156.1 , 273.79
148.35 , 271.06
140.1 , 269.3
131.5 , 268.3
122.65 , 268.8
114.5 , 270.77
106.93 , 274.04
99.65 , 278.05
104.03 , 285.2
109.56 , 291.95
116.38 , 297.29
123.9 , 300.8
132.38 , 302.05
141.48 , 302.05
150.33 , 301.55
159.43 , 301.55
168.05 , 300.57
262.6 , 234.42
274.45 , 223.55
288.95 , 219.57
304.68 , 218.17
320.6 , 219.17
336.23 , 220.79
351.83 , 222.41
367.53 , 223.89
381.58 , 228.65
394.25 , 237.32
404.32 , 249.14
398.28 , 259.85
383.98 , 255.54
369.1 , 252.42
353.78 , 250.18
338.33 , 248.16
322.98 , 246.04
307.58 , 243.92
291.3 , 243.67
275.45 , 242.51
196.63 , 231.49
187.04 , 220.43
174.09 , 215.63
159.92 , 213.39
145.39 , 211.89
130.97 , 210.14
116.79 , 207.89
102.36 , 206.15
88.56 , 209.11
76.29 , 215.83
66.24 , 226.89
77.61 , 236.05
90.61 , 240.66
105.89 , 240.63
119.49 , 237.14
133.12 , 233.77
147.97 , 232.89
161.69 , 236.1
174.87 , 240.27
188.91 , 242.82
