1657180938_2
455.2 , 647.25
460.12 , 664.22
465.39 , 682.95
471.08 , 701.6
475.72 , 720.09
482.47 , 738.11
490.49 , 754.45
501.07 , 771.46
512.8 , 785.8
525.13 , 799.3
538.98 , 813.97
552.11 , 826.56
567.73 , 839.78
581.54 , 852.17
597.6 , 862.66
614.85 , 870.98
631.6 , 877.33
650.61 , 880.62
670.12 , 880.83
689.24 , 879.83
707.49 , 876.32
725.35 , 870.71
744.01 , 862.5
760.73 , 853.61
776.78 , 843.72
792.06 , 832.41
806.97 , 820.11
821.22 , 807.31
834.01 , 794.68
846.95 , 781.2
860.01 , 765.3
869.65 , 748.81
877.97 , 731.86
885.5 , 715.16
890.75 , 696.15
893.7 , 678.19
897.02 , 658.18
900.17 , 640.26
902.57 , 621.9
904.03 , 601.91
905.54 , 582.3
589.43 , 630.16
581.37 , 644.37
575.37 , 661.25
574.69 , 677.5
585.18 , 692.01
600.37 , 698.53
617.8 , 700.07
635.35 , 698.69
651.85 , 697.01
668.99 , 693.88
686.88 , 690.89
702.11 , 682.5
712.43 , 668.61
711.07 , 651.44
701.56 , 638.69
689.87 , 626.23
676.18 , 612.98
568.75 , 752.96
583.17 , 751.71
596.9 , 748.94
609.33 , 743.15
622.15 , 738.74
636.85 , 737.96
651.4 , 738.96
664.75 , 735.46
678.98 , 733.73
693.62 , 734.46
708.05 , 735.75
722.75 , 736.46
737.33 , 735.47
746.55 , 742.91
737.2 , 754.01
726.27 , 763.93
714.88 , 772.46
703.15 , 780.05
691.17 , 786.97
678.83 , 792.89
666.17 , 797.96
652.7 , 801.21
638 , 801.46
624.5 , 798.21
612.1 , 792.46
600.58 , 784.29
589.8 , 774.01
579.53 , 763.24
571.75 , 755.21
583.42 , 753.71
595.35 , 752.71
607.77 , 752.71
619.7 , 753.71
631.65 , 754.68
643.83 , 755.21
655.75 , 754.21
666.98 , 751.71
678.3 , 749.47
690.23 , 748.46
702.42 , 748.89
714.45 , 748.21
725.9 , 746.24
730.33 , 748.14
719.85 , 752.23
708.8 , 754.94
697.48 , 757.2
686.17 , 759.53
675.05 , 762.21
663.88 , 764.84
652.38 , 766.74
640.33 , 767.46
628.15 , 766.97
616.58 , 765.19
605.1 , 763.3
593.8 , 760.98
582.73 , 758.19
690.34 , 548.92
694.43 , 540.8
700.06 , 533.19
707.19 , 526.33
715.19 , 521.83
723.49 , 518.14
732.29 , 515.71
741.44 , 513.89
750.94 , 512.92
760.09 , 514.67
768.39 , 518.46
770.37 , 527.16
762.64 , 532.4
754.64 , 536.91
746.37 , 540.66
737.49 , 543.02
728.66 , 545.42
719.62 , 547.42
709.87 , 547.92
700.24 , 548.67
569.65 , 557.13
564.06 , 550.31
557.09 , 545.08
549.38 , 541.83
541.16 , 539.81
532.18 , 539.31
523.36 , 540.07
515.11 , 542.04
507.66 , 545.99
500.61 , 551
494.06 , 557.31
501.44 , 561.43
509.11 , 564.59
517.09 , 567.07
525.41 , 568.8
534.13 , 569.81
543.34 , 569.81
552.16 , 569.06
560.53 , 567.33
568.88 , 565.53
658 , 505.88
662.99 , 488.15
678.17 , 476.46
694.1 , 466.87
710.67 , 458.89
727.77 , 452.61
745.4 , 447.47
764.77 , 445.86
783.75 , 447.88
800.83 , 454.44
815.95 , 466.32
815.37 , 481.6
797.8 , 476.38
779.55 , 472.38
759.85 , 472.35
742.08 , 477.4
725.35 , 484.79
709.1 , 493.62
692.73 , 502.15
676.08 , 509.91
595.22 , 504.21
580.45 , 495.65
564.7 , 489.9
548.3 , 485.38
531.62 , 481.4
515.23 , 476.92
496.9 , 476.4
481.1 , 482
467.42 , 493.67
459.95 , 508.9
456.7 , 525.9
467.3 , 512.89
481.8 , 503.65
499.05 , 500.88
516.02 , 504.22
531.4 , 511.12
546.75 , 518.15
563.52 , 521.89
579.77 , 526.66
596.22 , 522.27
