166033328_1
311.6 , 401.15
317.71 , 412.2
323.6 , 424.73
329.12 , 435.87
335.36 , 448.1
341.88 , 459.21
350.05 , 470.27
357.97 , 480.39
367.23 , 489.87
376.65 , 500.48
384.25 , 510.02
395.19 , 518.37
407.9 , 524.07
420.05 , 525.74
433.04 , 526.17
446.95 , 526.84
460.33 , 527.38
473.26 , 527.35
486.87 , 527.99
500.28 , 527.31
513.59 , 525.68
526.86 , 522.42
538.73 , 518.98
550.63 , 511.85
558.51 , 502.07
566 , 490.12
570.33 , 477.98
574.88 , 465.17
579.16 , 453.14
582.86 , 440.78
585.7 , 427.66
587.1 , 414.35
588.19 , 400.16
587.98 , 387.16
586.76 , 374.04
584.05 , 360.93
580.23 , 348.33
575.8 , 335.43
570.8 , 323.51
566.54 , 310.8
562.9 , 297.55
442.66 , 352.69
439.38 , 361.78
435.92 , 370.95
435.92 , 381.32
440.9 , 389.72
450.26 , 392.04
460.6 , 392.1
470.36 , 392.21
480.26 , 391.69
489.81 , 387.38
496.48 , 380.59
499.8 , 370.93
503.94 , 362.15
509.53 , 353.36
506.79 , 344.18
498.48 , 337.49
491.87 , 330
427.49 , 466.22
424.97 , 454.19
431.16 , 443.74
440.75 , 434.91
451.22 , 428.69
461.5 , 421.91
472 , 415.68
483.82 , 412.72
494.92 , 408.2
504.95 , 400.72
515.17 , 393.73
526.82 , 390.45
539.95 , 390.19
551.14 , 394.44
557.74 , 404.74
558.72 , 417.49
556.17 , 429.49
550.11 , 440.03
540.27 , 448.14
529.5 , 453.67
518.55 , 458.71
507.52 , 463.43
496.75 , 468.92
485.55 , 473.21
473.9 , 476.43
461.62 , 478.44
448.97 , 477.19
437.85 , 472.82
432.97 , 456.69
435.82 , 447.32
443.97 , 441.19
452.72 , 436.69
461.57 , 432.47
470.62 , 428.97
479.77 , 425.71
488.57 , 421.35
496.9 , 415.77
505.02 , 409.63
513.52 , 404.43
522.37 , 400.22
531.62 , 397.2
542 , 397.95
546.48 , 406.72
546.48 , 417.49
542.34 , 426.34
534.39 , 433.03
525.87 , 438.07
517.05 , 442.43
508.22 , 446.69
498.97 , 449.69
489.9 , 453.17
481.05 , 457.41
472 , 460.94
462.07 , 462.69
451.55 , 463.19
440.85 , 463.09
476.5 , 292.46
478.07 , 287.38
480.57 , 282.66
483.78 , 278.18
488.4 , 275.34
493.12 , 272.83
497.9 , 270.43
502.88 , 268.69
508.25 , 267.71
514.08 , 267.71
519.35 , 268.99
518.45 , 273.76
514.5 , 277.96
510.05 , 281.19
505.32 , 283.7
500.5 , 285.96
495.68 , 288.19
490.77 , 290.22
485.98 , 292.45
481.15 , 294.73
408.55 , 319.96
402.75 , 317.12
396.85 , 314.61
390.4 , 313.36
383.45 , 313.62
377.2 , 315.38
371.4 , 318.11
365.57 , 320.91
360.58 , 325.93
357.21 , 331.54
354.65 , 337.36
360.6 , 339.37
367.42 , 339.86
374.02 , 338.85
380.3 , 337.21
386.35 , 335.15
392.67 , 333.61
398.8 , 331.71
404.6 , 328.9
410.32 , 325.86
465.5 , 276.22
467.44 , 268.3
471.87 , 261.35
477.23 , 254.74
483.57 , 248.65
490.4 , 243.85
497.45 , 239.73
504.75 , 236.22
512.52 , 233.95
520.92 , 232.97
529.45 , 233.73
529.05 , 240.47
521.25 , 242.72
513.15 , 244.31
505.93 , 248.02
499.2 , 253.03
492.5 , 258.22
486.02 , 263.94
479.35 , 269.15
472.55 , 273.93
407.59 , 288.39
398.09 , 285.89
387.46 , 286.14
377.06 , 286.89
366.56 , 287.39
356.54 , 288.88
347.14 , 291.64
338.99 , 297.75
332.12 , 305.62
327.1 , 314.12
325.09 , 323.89
332.59 , 317.89
339.82 , 310.15
348.21 , 304.77
357.51 , 301.89
367.41 , 300.14
377.94 , 299.64
388.66 , 299.64
399.31 , 299.39
409.09 , 297.39
