167671301_1
96.29 , 335.3
98.5 , 360.19
100.39 , 385.17
102.35 , 410.1
104.82 , 435.05
107.07 , 460
108.7 , 483.51
111.89 , 509.43
116.28 , 532.55
121.78 , 558.62
126.6 , 582.7
133.77 , 607.94
143.26 , 630.77
155.28 , 650.91
171.9 , 670.83
190.37 , 689.03
208.08 , 704.17
230.19 , 716.58
252.34 , 727.55
275.36 , 738.65
297.99 , 750.14
321 , 758.83
346.9 , 760.48
373.07 , 758.78
396.91 , 755.34
419.63 , 747.18
440.77 , 731.46
457.05 , 712.89
471.16 , 692.13
483.7 , 670.27
494.81 , 647.54
502.67 , 623.02
506.8 , 599.34
509.03 , 575.22
512.87 , 549.75
518.44 , 525.36
524.64 , 501.35
531.22 , 477.4
537.03 , 453.17
542.97 , 428.92
549.75 , 402.44
363.97 , 388.25
350.78 , 403.49
333.77 , 415.27
324.66 , 435.34
320.38 , 456.23
335.03 , 472.79
351.63 , 483.82
373.28 , 488.99
394.85 , 493.26
414.98 , 498.37
436.65 , 499.46
456.22 , 490.85
463.75 , 471.23
461.64 , 449.42
455.7 , 428.88
452.61 , 407.87
448.88 , 384.87
250.25 , 569.82
267.68 , 564.8
284.52 , 558.55
300.07 , 548.56
316.7 , 541.56
334.7 , 537.57
354.4 , 537.04
370.52 , 545.59
388.4 , 549.81
405.12 , 543.05
422.45 , 548.31
437.88 , 558.67
451.94 , 572.77
462.74 , 588.05
454.18 , 604.12
445.22 , 620.1
433.52 , 635.04
418.45 , 646.38
402.27 , 654.8
384.27 , 658.82
364.6 , 658.32
345.75 , 656.07
328.18 , 651.25
311.93 , 642.99
297.63 , 629.44
283.91 , 615.22
272.38 , 600.22
263.44 , 584.27
278 , 573.57
290.62 , 573.06
301.95 , 569.86
313.2 , 566.59
325.27 , 564.81
337.05 , 567.06
348.52 , 570.08
360.88 , 571.2
373.45 , 571.82
385.85 , 572.82
397.55 , 575.31
408.7 , 578.8
419.7 , 582.59
431.18 , 585.5
436.42 , 592.09
425.08 , 595.25
413.7 , 598.32
402.12 , 601.07
390.55 , 603.82
378.5 , 605.57
366.1 , 606.08
353.95 , 604.53
342.62 , 601.34
331.32 , 598.05
319.68 , 595.51
308.8 , 591.35
297.98 , 587.06
287.38 , 581.97
467.35 , 298.41
469.76 , 290.99
475.1 , 284.66
481.9 , 280.59
488.85 , 276.91
496.03 , 273.92
504.03 , 272.66
512.35 , 273.16
519.98 , 275.25
526.44 , 280.23
530.36 , 287.11
529.34 , 295.18
523.05 , 300.72
516.3 , 304.92
509.18 , 308.16
501.33 , 309.66
492.85 , 309.91
484.25 , 309.91
475.8 , 310.12
469.1 , 306.16
304.31 , 283.19
295.33 , 273.43
285 , 265.67
273.93 , 259.83
262.23 , 255.93
249.66 , 253.67
236.13 , 253.43
223.68 , 255.9
212.43 , 261.26
201.75 , 267.95
190.78 , 273.92
198.98 , 284.12
209.31 , 291.92
220.78 , 296.42
233.46 , 298.42
246.53 , 299.67
260.18 , 299.67
273.36 , 298.67
286.03 , 296.67
298.28 , 293.67
438.4 , 252.55
441.55 , 234.9
454.28 , 221.3
470.07 , 213.82
487.52 , 210.3
506.32 , 209.55
525.25 , 210.05
543.7 , 211.54
559.52 , 218.8
574.55 , 228.18
587.16 , 242.1
592.63 , 258.52
575.92 , 254.33
561.17 , 244.05
544.22 , 239.55
525.17 , 239.8
506.38 , 239.05
488.17 , 241.04
472.25 , 247.96
456.2 , 254.55
356.14 , 213.47
335.68 , 200.61
314.05 , 190.85
290.83 , 184.87
267.45 , 179.12
243.75 , 174.12
219.07 , 171.13
195.18 , 175.69
174.8 , 188.81
156.08 , 206.54
142.25 , 226.62
164.23 , 218.11
185.7 , 207.85
208.2 , 200.61
234.18 , 200.37
257.55 , 206.11
281.38 , 210.87
304.3 , 217.39
326 , 226.87
348.03 , 235.39
