1691280456_1
477.5 , 663.25
482.24 , 683.5
487.28 , 702.12
490.3 , 724.73
494.85 , 745.15
499.13 , 765.07
504.83 , 785.84
510.67 , 806.62
520.26 , 824.38
531.75 , 843.45
544.37 , 858.81
562.17 , 871.21
580.01 , 881.42
598.99 , 889.33
619.79 , 898.56
638.6 , 907.26
657.04 , 914.12
678.5 , 919.4
698.62 , 922.67
719.38 , 922.74
740.68 , 918.38
762.3 , 913.07
780.6 , 904.66
799.32 , 896.82
818.15 , 887.43
836.58 , 877.29
855.15 , 866.99
871.9 , 854.11
888.66 , 839.25
902.87 , 825.13
914.02 , 806
919.89 , 786.66
924.76 , 765.43
926.74 , 744.32
925.62 , 723.29
927.26 , 702.28
928.35 , 680.77
929.28 , 660.15
930.85 , 639.69
934.19 , 618.16
934.85 , 596.5
625.69 , 632.3
615.93 , 644.87
608.1 , 661.61
607.55 , 677.88
614.05 , 693.58
629.98 , 698.82
645.99 , 693.27
663.36 , 693.79
680.07 , 691.24
697.15 , 687.23
714.33 , 684.84
731.35 , 680.59
740.29 , 666.71
741.07 , 649.91
732.78 , 634.65
718.95 , 623.48
706.5 , 611.55
614.19 , 787.17
617.91 , 773.32
624.32 , 760.52
634.37 , 749.19
647.22 , 742.9
660.49 , 737.92
675.32 , 736.16
689.54 , 733.16
703.99 , 730.67
719.54 , 730.92
734.24 , 732.92
748.24 , 736.4
761.24 , 742.2
774.17 , 748.15
785.45 , 756.89
780.45 , 770.14
771.77 , 782.09
760.14 , 791.7
748.22 , 800.41
735.52 , 807.11
722.52 , 812.85
708.87 , 816.92
693.82 , 818.2
679.47 , 815.43
665.64 , 811.63
652.12 , 807.35
638.34 , 803.45
625.49 , 797.23
628.93 , 783.79
627.44 , 772.67
636.59 , 766.54
645.47 , 759.64
655.17 , 754.94
665.79 , 752.39
677.27 , 751.67
688.84 , 751.17
699.72 , 749.16
710.82 , 747.64
722.17 , 746.67
733.52 , 747.67
744.74 , 748.94
755.87 , 750.35
766.59 , 752.65
767.44 , 762.92
758.14 , 768.67
747.62 , 771.45
736.89 , 773.69
726.09 , 775.77
715.52 , 778.43
704.89 , 780.96
694.02 , 782.89
683.02 , 784.68
672.04 , 786.43
661.07 , 788.17
649.87 , 789.35
639.32 , 786.7
723.69 , 565.89
726.05 , 556.29
733.67 , 548.66
741.59 , 541.96
750.27 , 537.33
759.57 , 534.39
770.09 , 533.89
780.22 , 535.16
789.77 , 537.71
798.52 , 542.22
806.66 , 548.34
807.86 , 558.23
799.79 , 564.55
790.99 , 568.86
781.99 , 572.6
772.74 , 575.64
762.24 , 575.14
751.84 , 574.39
741.44 , 573.64
731.59 , 571.79
613.22 , 580.27
605.24 , 573.28
596.59 , 568.16
587.49 , 564.25
577.19 , 563
566.92 , 564.27
557.47 , 567.26
548.54 , 571.66
539.89 , 576.81
531.97 , 583.97
526.69 , 592.5
534.54 , 599.87
543.49 , 604.24
553.92 , 605.25
564.72 , 605.5
575.02 , 604.25
584.59 , 601.47
593.57 , 597.22
602.77 , 593.72
611.97 , 590.24
701.32 , 499.94
713.47 , 487.01
728.7 , 481.31
744.07 , 475.94
759.45 , 470.72
775.85 , 467.42
793.17 , 468.44
809.47 , 471.91
824.6 , 477.96
839 , 486.13
849.66 , 499.26
843.57 , 512.94
827.95 , 508.06
813.02 , 501.46
797.37 , 496.69
780.07 , 495.69
763.87 , 499.4
748.37 , 504.4
732.3 , 508.44
715.12 , 509.73
610.79 , 524.97
603.9 , 512.57
591.06 , 505.22
577.28 , 500.59
561.65 , 499.59
545.93 , 500.34
531.06 , 502.84
517.71 , 508.82
505.23 , 517.08
494.2 , 528.56
486.68 , 541.34
484.43 , 556.34
498.78 , 554.96
510.68 , 545.09
523 , 536.28
536.58 , 531.09
551.11 , 527.84
566.86 , 527.09
582.11 , 528.84
597.33 , 530.59
