169346774_2
553.81 , 659.39
552.33 , 678.23
553.85 , 695.69
556.63 , 715.27
562.7 , 733.54
571.71 , 749.42
580.74 , 767.85
587.74 , 784.57
596.3 , 802.58
602.8 , 820.96
611.37 , 836.32
617.38 , 854.81
624.33 , 873.03
630.66 , 890.17
632.53 , 909.5
640.89 , 927.72
653.83 , 940.44
661.13 , 959.1
667.49 , 976.31
678.75 , 991.56
695.36 , 1001.71
713.56 , 1008.95
731.49 , 1014.56
749.08 , 1018.47
768.55 , 1018.09
788 , 1013.9
806.71 , 1009.14
822.96 , 1003.05
840.62 , 992.16
855.44 , 981.31
869.94 , 970.34
885.73 , 957.05
899.48 , 943.59
912.06 , 929.96
924.28 , 914.84
936.24 , 899.4
946.55 , 883.93
956.42 , 867.66
963.79 , 849.6
970.92 , 832.11
977.04 , 813.4
623.25 , 680.1
617.56 , 690.61
615.3 , 701.76
619.63 , 712.97
625.77 , 723.77
633.37 , 732.41
643.63 , 738.39
656.1 , 739.07
668.19 , 739.07
678.86 , 742.26
691.24 , 745.34
702.62 , 744.69
713.32 , 738.48
718.1 , 727.36
718.72 , 715.69
719.55 , 703.32
716.8 , 691.5
613.03 , 790.91
618.64 , 776.81
632.8 , 770.91
649.28 , 771.91
664.53 , 775.41
677.25 , 785.38
688.15 , 797.76
697.76 , 810.63
710.4 , 820.78
721.29 , 833.18
728.31 , 847.01
728.26 , 863.93
721.56 , 877.86
715.07 , 891.86
707.12 , 905.28
697.53 , 918.16
685.36 , 929.6
671.33 , 936.16
654.95 , 936.9
641.65 , 929.04
635.28 , 914.98
634.03 , 898.63
635.28 , 882.28
635.3 , 865.31
631.87 , 850.01
624.99 , 836.11
618.71 , 822.09
614.53 , 807.16
631.28 , 807.16
641.15 , 802.92
653.08 , 802.91
664.4 , 804.17
674.28 , 808.66
682.53 , 817.16
690.03 , 825.91
698.13 , 834.41
707.93 , 839.13
718.11 , 842.64
728.04 , 846.92
728.24 , 858.71
725.41 , 869.28
719 , 878.44
709.86 , 884.86
700.58 , 890.88
691.18 , 896.67
680.86 , 899.91
669.55 , 901.16
658.48 , 899.37
649.02 , 894
647.55 , 882.81
644.8 , 872.21
642.03 , 861.61
639.78 , 850.76
638.8 , 839.34
636.01 , 828.71
633.01 , 818.26
733.45 , 618.88
736.61 , 612.95
742.35 , 609.22
748.58 , 606.86
755.35 , 605.61
762.23 , 604.63
769.6 , 604.63
776.25 , 606.12
782.78 , 607.88
789.18 , 609.86
795.5 , 611.92
795.57 , 617
788.98 , 618.63
782.1 , 619.66
775.2 , 620.63
768.2 , 621.38
761.08 , 621.88
753.83 , 622.12
746.88 , 621.31
740.08 , 620.12
635.61 , 612.97
632.59 , 608.98
628.55 , 605.92
624.3 , 603.41
619.83 , 601.54
615.2 , 600.07
610.48 , 598.82
605.35 , 598.32
600.38 , 599.07
595.51 , 600.05
592.45 , 604.07
594.19 , 608.54
597.06 , 612.67
600.98 , 616.08
605.83 , 617.06
610.95 , 617.57
616.3 , 617.57
621.4 , 617.07
626.4 , 616.32
631.4 , 615.59
716.65 , 565.61
721.28 , 552.48
733.1 , 544.63
746.17 , 539.85
759.67 , 535.87
773.88 , 533.37
789.08 , 532.86
803.9 , 534.11
818.2 , 536.4
831.98 , 539.86
845.2 , 544.41
840.85 , 547.86
826.88 , 544.84
812.52 , 542.61
797.47 , 541.83
782.52 , 542.87
768.65 , 546.11
755.88 , 551.87
743.35 , 558.42
731.45 , 566.61
652.58 , 562.66
647.82 , 553.97
641.14 , 545.97
634.03 , 538.12
626.76 , 530.33
618.56 , 524.14
610.38 , 517.95
601.51 , 513.64
591.41 , 512.11
582.08 , 515.13
574.31 , 522.39
584.78 , 523.14
595.58 , 523.14
604.51 , 527.38
612.36 , 534.44
620.29 , 541.36
627.56 , 549.14
634.11 , 557.22
640.84 , 565.17
649.36 , 570.43
