169598954_1
268.89 , 427
268 , 448.63
270.3 , 472.03
276.95 , 494.62
283.74 , 516.04
292.94 , 535.92
304.47 , 555.72
319.32 , 574.48
335.15 , 588.65
352.74 , 604.05
370.08 , 619.7
388.74 , 633.37
408.68 , 646.7
426.62 , 659.25
443.97 , 673.66
460.27 , 688.65
479.48 , 703.12
498.99 , 714.9
520.64 , 723.78
542.95 , 727.2
565.67 , 725.77
587.97 , 722.13
609.72 , 713.94
630.73 , 703.7
650.85 , 691.49
667.29 , 675.65
683.28 , 661.4
701.37 , 644.85
718.34 , 630.21
736.29 , 616.68
755.48 , 602.44
771.1 , 587.05
787.55 , 571.2
802.05 , 552.85
813.14 , 532.95
821.49 , 512.42
828.35 , 490.52
832.96 , 468.4
836.8 , 444.1
839.36 , 421.22
842.2 , 398.25
503.35 , 376.75
491.25 , 391.32
483.08 , 409.91
489.66 , 430.5
505.38 , 444.21
523.65 , 452.49
542.78 , 457.29
562.66 , 464.69
581.32 , 471.28
600.43 , 463.39
621.35 , 458.21
640.86 , 452.1
657.87 , 441.64
674.3 , 427.75
675 , 407.78
663.97 , 391.71
647.31 , 377.28
421.94 , 508.78
444.14 , 502.02
468.74 , 500.03
493.34 , 498.03
518.32 , 499.28
542.19 , 502.78
564.89 , 508.74
590.47 , 508.78
614.34 , 505.29
639.44 , 504.28
664.04 , 502.28
689.01 , 501.03
711.8 , 506.16
697.94 , 525.78
684.26 , 545.43
672.27 , 565.7
657.66 , 585.04
638.19 , 599.28
617.09 , 609.13
594.79 , 615.77
570.44 , 618.28
545.87 , 616.21
524.26 , 608.06
503.42 , 597.5
483.86 , 583.45
465.19 , 567.03
447.82 , 548.68
433.41 , 529.25
426.44 , 508.78
446.92 , 505.78
467.87 , 507.78
488.72 , 510.04
509.19 , 513.03
529.79 , 515.76
549.59 , 520.19
568.76 , 525.76
590.34 , 526.03
610.57 , 522.54
630.59 , 518.63
650.91 , 515.3
671.62 , 512.78
692.47 , 510.53
686.21 , 524.75
669.27 , 536.27
652.44 , 548.03
635.39 , 559.29
616.99 , 567.01
596.27 , 569.53
574.57 , 569.03
552.99 , 568.28
532.76 , 564.79
514.24 , 557.79
496.06 , 549.65
478.09 , 540.94
460.84 , 530.28
443.92 , 518.78
653.59 , 278.91
658.71 , 268.01
666.64 , 258.1
676.84 , 250.91
688.07 , 246.66
700.14 , 244.16
713.42 , 244.16
725.99 , 245.67
737.84 , 248.66
748.74 , 253.9
758.91 , 261.21
766.36 , 270.65
754.29 , 273.15
742.34 , 275.91
730.37 , 278.66
717.82 , 280.16
704.64 , 279.91
692.09 , 278.41
678.91 , 278.66
666.24 , 279.91
503.11 , 276.78
498.2 , 265.82
490.96 , 255.32
481.06 , 246.42
469.76 , 241.3
457.36 , 238.77
444.44 , 237.27
430.94 , 237.51
419.16 , 241.27
408.34 , 247.62
397.64 , 254.3
387.41 , 262.27
400.46 , 263.52
412.86 , 266.02
425.41 , 268.27
438.09 , 270.27
451.11 , 271.52
464.51 , 272.02
477.66 , 273.02
490.56 , 274.52
628.18 , 245.35
634.06 , 223.67
653.75 , 212.84
674.1 , 203.88
694.55 , 195.32
715.18 , 187.35
737.18 , 182.1
761.08 , 180.85
782.95 , 186.36
803.2 , 195.61
822.15 , 208.34
831.33 , 227.85
807.68 , 226.1
785.36 , 221.6
762.08 , 219.1
738.18 , 220.35
714.88 , 222.85
692.88 , 228.09
671.3 , 234.07
650.61 , 241.87
523.13 , 215.08
503.75 , 204.05
483.45 , 195.73
463.23 , 187.07
442.78 , 179.07
421.12 , 173.65
397.85 , 172.08
375.58 , 176.31
355.32 , 184.82
336.25 , 196.63
318.55 , 212.33
342.85 , 212.33
364.98 , 207.9
389.1 , 207.58
412.68 , 209.07
435 , 213.09
456.8 , 218.33
478.15 , 224.35
499.62 , 230.15
522.22 , 233.55
