105538305_1
258.39 , 405.25
258.62 , 426.06
259.68 , 447.07
261.14 , 468.05
262.6 , 489.71
264.82 , 508.92
268.08 , 530.33
273.77 , 551.06
283.17 , 569.2
295.5 , 587.89
309.04 , 604.62
324.85 , 619.14
342.22 , 630.8
359.4 , 642.05
378.62 , 653.04
394.67 , 665.55
410.74 , 678.23
428.25 , 690.41
447.77 , 699.18
467.7 , 705.06
489.82 , 707.48
509.8 , 705.67
530.57 , 700.35
549.7 , 690.52
567.98 , 679.11
585.97 , 668.1
604.55 , 658.89
622.8 , 649.55
642.67 , 640.19
661.69 , 629.13
677.04 , 616.8
691.26 , 600.94
703.89 , 583.78
715.03 , 564.17
723.16 , 544.67
729.35 , 526.09
735.84 , 506.25
742.45 , 485.21
747.97 , 465.27
753.17 , 443.84
758 , 422.3
428.94 , 447.05
423.55 , 461.47
416.47 , 475.73
410.44 , 491.15
413.07 , 506.68
425.95 , 517.53
441.06 , 523.68
456.69 , 527.97
473.51 , 528.86
489.79 , 527.35
505.19 , 524.48
520.2 , 520.25
533.1 , 510.62
537.84 , 494.93
534.13 , 478.5
528.2 , 463.6
522.2 , 447.55
393.81 , 571.97
404.81 , 575.72
416.08 , 578.99
428.16 , 580.71
440.59 , 579.72
452.94 , 578.59
464.61 , 580.96
476.71 , 579.82
488.61 , 577.73
500.91 , 578.46
513.11 , 579.96
525.28 , 581.47
537.84 , 582.22
550.04 , 580.72
545.31 , 587.72
535.06 , 593.72
524.66 , 599.38
513.99 , 604.28
502.88 , 607.98
491.06 , 610.22
478.63 , 611.22
466.09 , 610.47
454.21 , 608.37
442.79 , 605.21
432.06 , 600.47
421.88 , 594.29
411.66 , 588.22
401.67 , 581.56
426.81 , 580.47
434.81 , 582.72
443.34 , 583.97
451.86 , 585.22
460.26 , 586.72
468.44 , 588.71
477.44 , 588.97
485.84 , 587.47
494.71 , 586.97
503.49 , 586.22
512.13 , 585.22
520.66 , 583.97
529.79 , 583.97
538.66 , 583.47
547.19 , 582.22
538.43 , 582.47
529.66 , 583.22
520.78 , 583.72
512.13 , 584.72
503.36 , 585.47
494.61 , 586.22
485.96 , 587.22
477.21 , 587.97
468.44 , 588.71
460.26 , 586.72
451.86 , 585.22
443.46 , 583.71
435.19 , 581.96
541.89 , 379.82
546.36 , 370.09
553.24 , 361.2
562.62 , 355.58
572.51 , 351.57
583.26 , 349.32
594.97 , 349.57
605.84 , 351.57
615.84 , 355.31
625.14 , 361.07
633.84 , 368.49
633.51 , 380.07
624.51 , 386.7
614.64 , 390.82
604.12 , 393.57
593.14 , 395.32
581.66 , 396.07
570.84 , 394.03
560.74 , 390.6
550.26 , 387.72
420.8 , 370.15
416.29 , 360.27
408.5 , 351.59
399 , 346.12
388.65 , 342.91
377.58 , 341.15
365.75 , 340.9
354.43 , 342.12
343.95 , 345.12
334.18 , 349.99
325.3 , 357.15
330.96 , 366.57
338.85 , 375.21
348.38 , 380.66
358.7 , 383.92
369.8 , 385.65
381.5 , 386.15
392.7 , 384.65
403.55 , 382.4
413.77 , 378.92
535.95 , 314.74
541.71 , 299.84
556.62 , 294.31
573 , 291.47
589.98 , 289.99
607.33 , 289.24
624.93 , 289.49
642.03 , 290.72
657.83 , 294.72
672.53 , 301.3
685.65 , 312.19
684.18 , 324.98
668.93 , 319.99
652.9 , 316.49
636.4 , 313.99
619.28 , 313.24
602.75 , 315.7
585.93 , 317.49
568.58 , 318.24
551.38 , 319.17
403.76 , 294.35
391.31 , 288.6
378.18 , 284.59
365.5 , 279.56
352.13 , 276.08
337.75 , 274.57
322.68 , 274.56
309.43 , 278.34
298.06 , 287
288.11 , 297.94
279.48 , 309.32
294.08 , 308.34
306.53 , 302.59
318.98 , 296.82
333.96 , 296.57
347.71 , 299.32
360.56 , 303.8
373 , 309.57
387 , 311.82
399.95 , 307.58
