171198578_1
419.35 , 207.3
421.76 , 222.68
421.49 , 239.92
422.38 , 257.27
426.46 , 274.68
431.59 , 290.23
438.5 , 307.31
446.16 , 322.3
455.34 , 336.64
466.54 , 350.07
476.4 , 363.27
486.38 , 377.36
499.07 , 391.13
509.98 , 403.65
519.8 , 417.47
529.91 , 431.22
540.82 , 444.24
554.41 , 455.89
569.41 , 464.09
584.63 , 471.24
599.6 , 478.54
616.57 , 486.85
632.87 , 486.77
649.26 , 483.62
664.39 , 473.63
675.32 , 461.68
684.78 , 447.53
695.25 , 431.95
706.18 , 419.8
718.07 , 406.34
729.34 , 394.97
741.87 , 382.34
754.12 , 369.28
763.76 , 356.57
772.51 , 341.42
780.32 , 326.34
785.93 , 309.68
790.81 , 292.79
795.14 , 275.76
799.76 , 258.89
805.37 , 242.21
600.69 , 217.25
587.93 , 227.37
577.65 , 239.7
574.15 , 255.05
578.72 , 270.5
592.5 , 279.22
608.97 , 285.66
624.24 , 289.41
639.74 , 293.63
655.91 , 297.09
673.46 , 297.94
689.03 , 296.64
704.68 , 291.7
717.23 , 280.49
719.31 , 263.7
715.22 , 247.6
709.55 , 232.05
524.69 , 312.65
540.09 , 305.13
558.32 , 303.9
576.54 , 305.16
593.79 , 308.38
609.79 , 314.15
626.72 , 318.15
645.07 , 317.15
663.77 , 317.4
682.49 , 317.15
701.09 , 317.65
718.82 , 319.87
733.9 , 328.34
726.34 , 343.77
714.68 , 357.67
704.29 , 372.05
693.19 , 386.15
678.77 , 396.39
662.84 , 402.39
645.34 , 405.15
626.62 , 405.42
609.42 , 402.13
594.07 , 394.27
579.89 , 383.35
568.41 , 369.38
558.03 , 354.97
547.26 , 340.72
534.88 , 327.1
533.44 , 315.4
546.14 , 319.11
559.24 , 322.19
572.19 , 325.65
585.22 , 328.91
597.97 , 332.65
610.12 , 337.84
622.29 , 342.99
635.22 , 346.42
649.24 , 347.67
663.82 , 347.65
678.27 , 347.9
692.49 , 348.65
706.59 , 348.15
705.52 , 353.33
692.94 , 357.4
680.57 , 361.87
667.87 , 365.72
654.54 , 368.4
640.69 , 368.9
627.12 , 366.83
614.54 , 362.74
602.44 , 357.4
590.64 , 351.11
578.99 , 344.47
567.59 , 337.27
556.14 , 330.12
544.84 , 322.65
710.94 , 166.42
717.47 , 160.39
724.69 , 156.17
732.17 , 152.67
740.52 , 151.18
749.22 , 150.42
757.79 , 151.43
765.77 , 153.68
773.17 , 157.39
780.03 , 162.53
784.93 , 169.48
777.79 , 173.91
770.32 , 177.39
762.34 , 179.67
753.99 , 181.17
745.17 , 181.67
736.34 , 181.17
727.77 , 180.17
719.42 , 178.68
711.99 , 175.01
589.32 , 157.32
583.22 , 150.7
576.22 , 145.69
569.14 , 140.8
561.49 , 137.55
552.94 , 136.29
543.76 , 136.29
534.97 , 137.04
526.64 , 138.8
518.41 , 140.77
510.54 , 143.29
517.49 , 148.49
524.51 , 153.51
531.87 , 157.55
539.69 , 160.31
547.99 , 162.05
556.57 , 163.29
565.49 , 163.79
574.41 , 164.29
583.12 , 163.3
714.93 , 123.07
719.9 , 113.6
728.4 , 105.83
738.25 , 101.79
749.25 , 100.32
760.88 , 100.57
772.5 , 100.82
783.78 , 99.82
795.28 , 99.32
806.05 , 101.35
814.93 , 108.07
814.85 , 119.39
805.03 , 123.57
793.4 , 123.82
782.38 , 122.32
771.5 , 120.57
759.98 , 120.07
748.61 , 120.82
737.11 , 120.32
725.83 , 121.32
596.96 , 117.47
595.96 , 102.22
582.49 , 96.23
568.78 , 91.04
554.86 , 86.37
541.13 , 81.23
526.56 , 77.72
510.56 , 78.19
496.11 , 81.94
482.73 , 88.21
471.15 , 99.52
464.46 , 112.72
478.73 , 108.72
493.41 , 105.47
508.56 , 103.22
524.18 , 101.97
538.76 , 105.47
552.46 , 110.72
567.01 , 114.26
581.28 , 118.29
