171907511_2
384.8 , 320.75
379.31 , 335.63
373.99 , 351.7
371.49 , 369.92
368.69 , 385.69
367.68 , 404.36
366.41 , 420.83
368.12 , 438.62
369.14 , 454.92
371.07 , 471.75
375.77 , 488.79
382.78 , 505.51
391.43 , 519.93
399.85 , 535.16
408.35 , 549.28
419.29 , 563.32
430.21 , 575.56
442.66 , 587.55
458.66 , 595.14
475.3 , 598.52
492.73 , 600.51
509.47 , 601.72
527.49 , 602.47
543.84 , 600.05
560.3 , 594.49
574.13 , 585.91
588.08 , 574.4
602.13 , 563.47
616.72 , 554.49
631.44 , 547.36
647.81 , 539.5
661.37 , 530.48
676.19 , 520.43
689.27 , 508.85
700.39 , 497.63
713.29 , 484.44
718.22 , 468.74
722.29 , 452.1
725.6 , 435.45
727.35 , 418.19
728.54 , 399.8
497.44 , 342.81
492.31 , 352.41
485.92 , 362.86
482.8 , 373.62
484.44 , 385.19
491.19 , 394.18
500.55 , 401
511.1 , 407.43
521.59 , 411.25
533.34 , 412.12
544.68 , 411.75
556.25 , 410.5
568.37 , 408.56
577.68 , 403.75
582.81 , 392.97
581.9 , 381.1
578.44 , 369.65
433.25 , 446.28
442.03 , 432.75
455.75 , 424.28
471.7 , 421.28
487.93 , 423.79
502.57 , 429.51
517.15 , 435.55
533 , 438.78
549.7 , 440.28
566.4 , 441.78
582 , 445.53
595.45 , 454.72
607.4 , 467.15
614.27 , 481.5
605.47 , 495.05
593.08 , 507.21
579.95 , 517.34
565.73 , 524.54
550.2 , 528.52
533.15 , 527.78
516.67 , 525.78
500.6 , 523.04
484.85 , 519.53
469.95 , 514.49
456.5 , 505.28
446.99 , 491.95
440.97 , 477.38
436.75 , 462.03
443.5 , 432.78
456.1 , 428.06
469.43 , 424.51
484.43 , 424.54
496.93 , 429.77
508.57 , 437.38
520.23 , 445.01
532.52 , 451.02
545.55 , 455.03
559.08 , 458.03
573.1 , 456.03
587.6 , 457.01
599.7 , 463.47
609.21 , 474.48
603.47 , 486.84
591.92 , 494.79
579.48 , 500.28
565.35 , 502.03
550.73 , 501.28
536.58 , 499.53
522.8 , 497.03
509.38 , 493.8
496.2 , 490.05
483.65 , 484.94
471.45 , 478.71
459.92 , 470.7
449.5 , 460.03
443.76 , 447.65
593.4 , 326.97
599.98 , 323.94
607.15 , 322.22
614.67 , 321.21
622.45 , 320.72
630.23 , 321.22
637.88 , 321.96
644.92 , 323.98
651.75 , 326.5
658.45 , 329.26
664.9 , 332.72
661.42 , 334.98
653.65 , 334.47
645.75 , 334.72
637.85 , 334.47
629.92 , 334.24
622.32 , 333.4
614.98 , 332.04
607.6 , 330.73
600.42 , 328.98
496.57 , 298.44
492.85 , 294.95
488.75 , 292.61
484.7 , 290.07
480.5 , 287.86
475.98 , 286.61
471.05 , 286.11
466.23 , 286.86
461.55 , 287.84
457.3 , 289.85
453.25 , 292.36
457.55 , 294.09
461.98 , 295.59
466.68 , 296.63
471.48 , 297.36
476.4 , 297.86
481.2 , 298.62
485.85 , 299.7
490.45 , 300.84
495.1 , 301.96
593.8 , 284.75
603.42 , 277.63
614.97 , 275.23
627.07 , 274
639.52 , 274.5
651.75 , 275.5
663.72 , 277.01
675 , 279.96
685.77 , 283.98
695.9 , 289.76
704.68 , 298.38
698.67 , 305.37
687.77 , 301.74
676.4 , 298.99
664.67 , 297.03
652.45 , 296
640.1 , 295.25
627.65 , 294.75
614.92 , 294.75
602.97 , 293.2
518.79 , 262.95
516.29 , 257.95
511.56 , 254.72
506.09 , 253.45
500.09 , 253.2
494.56 , 251.95
489.04 , 253.2
483.81 , 254.96
478.81 , 257.43
473.81 , 259.93
468.79 , 262.2
474.32 , 263.45
480.19 , 263.95
486.07 , 264.45
491.69 , 265.45
496.79 , 267.7
501.67 , 270.45
506.94 , 272.22
512.89 , 271.85
517.54 , 268.45
