172183000_1
611.84 , 1285.8
619 , 1321
627.76 , 1355.8
637.58 , 1390.3
649.19 , 1424.2
661.93 , 1457.7
676.25 , 1490.4
695.08 , 1524.86
713.87 , 1555.12
732.37 , 1585.71
749.72 , 1618.21
763.88 , 1650.1
782.24 , 1685
802.61 , 1713.08
828.92 , 1740.12
859.21 , 1760.56
892.74 , 1773.91
928.15 , 1781.49
964.35 , 1785.47
1000.58 , 1788.41
1036.62 , 1788.25
1072.02 , 1781.52
1106.03 , 1768.51
1137.33 , 1748.12
1163.18 , 1726.45
1190.11 , 1700.64
1215.36 , 1674.44
1238.85 , 1647.06
1260.09 , 1618.25
1279.84 , 1584.43
1293.91 , 1551.27
1306.58 , 1517.74
1318.36 , 1484.19
1329.52 , 1450.04
1340.07 , 1415.57
1349.83 , 1380.62
1357.51 , 1345.25
1364.24 , 1309.58
1370.62 , 1273.69
1375.61 , 1237.8
1378.7 , 1197.9
894 , 1162.89
886.79 , 1193.89
874.46 , 1226.83
860.03 , 1261.61
855.38 , 1293.29
882.24 , 1318.55
911.4 , 1332.07
947.67 , 1341.24
982.93 , 1340.76
1015.04 , 1330.84
1049 , 1318.16
1079.79 , 1301.31
1100.36 , 1274.95
1095.62 , 1240.79
1080.39 , 1208.26
1061.28 , 1178
1046.85 , 1146.14
816.3 , 1427.55
848.95 , 1425.55
881.85 , 1424.05
914.77 , 1422.55
947.8 , 1423.8
981.07 , 1424.55
1013.12 , 1421.3
1044.22 , 1416.03
1074.95 , 1410.03
1105.9 , 1404.56
1137 , 1399.29
1169.67 , 1397.31
1173.7 , 1428.65
1160.31 , 1456.25
1146.3 , 1483.65
1131.59 , 1510.72
1114.28 , 1536.82
1090.22 , 1559.87
1062.62 , 1573.28
1032.35 , 1580.3
999.32 , 1581.55
968.1 , 1576.57
939.15 , 1567.14
911.88 , 1552.87
887.23 , 1531.47
865.28 , 1507.03
846.08 , 1481.57
830.04 , 1455.03
818.3 , 1429.8
847.27 , 1430.8
876.17 , 1432.05
905.17 , 1433.05
933.92 , 1434.55
961.82 , 1437.8
990.1 , 1440.3
1015.95 , 1432.9
1042.42 , 1426.68
1069.22 , 1421.12
1095.88 , 1415.23
1122.58 , 1409.53
1148.42 , 1402.05
1172.06 , 1413.52
1154.45 , 1435.37
1132.35 , 1452.73
1109.28 , 1467.31
1086.15 , 1481.71
1062.88 , 1495.73
1039.4 , 1509.3
1014.5 , 1518.8
985.62 , 1517.58
959.12 , 1511.36
934.42 , 1501.3
910.52 , 1488.8
886.82 , 1475.81
863.12 , 1462.84
839.75 , 1448.99
1081.35 , 1048.19
1092.97 , 1034.82
1106.97 , 1024.85
1121.42 , 1016.18
1136.47 , 1009.07
1152.32 , 1004.2
1169.45 , 1001.84
1186.82 , 1003.44
1202.02 , 1010.13
1216.15 , 1019.74
1229.87 , 1030.47
1231.25 , 1046.54
1215.65 , 1051.94
1199.4 , 1056.2
1182.75 , 1059.54
1165.62 , 1061.94
1147.72 , 1062.69
1130.05 , 1061.45
1112.97 , 1058.96
1096.27 , 1055.71
856.13 , 1065.63
842.87 , 1052.96
827.57 , 1045.99
811.24 , 1041.46
793.82 , 1039.21
775.54 , 1039.71
758.34 , 1042.44
742.59 , 1048.05
727.84 , 1056.57
714.36 , 1068.53
702.19 , 1081.96
717.04 , 1090.22
732.54 , 1096.49
749.37 , 1099.96
767.52 , 1100.71
785.19 , 1098.96
802.27 , 1095.97
818.97 , 1092.21
835.14 , 1087.44
850.66 , 1081.23
1019.21 , 962.49
1029.26 , 931.17
1056.66 , 910.26
1086.41 , 895.54
1117.11 , 884.08
1149.71 , 876.24
1183.31 , 870.64
1218.46 , 872.74
1249.21 , 884.24
1276.68 , 904.98
1301.51 , 930.79
1310.71 , 962.72
1280.91 , 972.96
1250.29 , 961.27
1219.09 , 950.96
1185.68 , 944.99
1149.81 , 944.39
1117.24 , 952.22
1085.21 , 960.99
1052.49 , 968.49
864.41 , 950.74
848.82 , 927.64
824.26 , 915.47
796.07 , 911.71
766.04 , 911.71
737.47 , 908.71
708.89 , 911.71
681.54 , 917.24
657.64 , 930.96
638.16 , 952.69
625.52 , 977.09
622.14 , 1005.46
649.79 , 1003.56
671.41 , 983.44
695.76 , 970.72
724.57 , 968.21
753.39 , 970.71
782.94 , 969.71
812.47 , 968.71
842.49 , 968.73
