106242334_1
196.05 , 495
197.82 , 506.83
202.66 , 519.53
207.35 , 531.98
209.65 , 544.63
213.37 , 557.21
217.77 , 569.4
227.14 , 577.27
239.52 , 581.04
251.58 , 585.04
263.77 , 589.35
275.81 , 594.29
287.96 , 598.9
299.85 , 604.43
312.22 , 607.99
324.9 , 609.73
337.97 , 613.57
350.79 , 615.96
363.47 , 616.46
377.17 , 618.47
389.92 , 620.39
401.83 , 621.35
414.58 , 618.38
427.95 , 615.5
439.1 , 610.94
451 , 604.24
459.12 , 594.71
465.99 , 583.11
470.62 , 571.02
478.03 , 560.57
485.63 , 549.55
493.15 , 539.69
499.09 , 527.54
503.59 , 515.12
506.4 , 502.74
508.95 , 489.65
511.82 , 477.28
513.22 , 465.11
511.19 , 451.24
507.46 , 439.19
502.35 , 426.64
386.5 , 455.6
385.09 , 465.12
384.17 , 474.97
387.84 , 483.41
396.73 , 486.91
406.9 , 485.49
417.02 , 483.4
426.4 , 482.23
435.63 , 479.14
445.42 , 476.39
454.99 , 473.01
460.95 , 465.13
460.25 , 456.17
454.39 , 447.38
447.95 , 440.3
440.67 , 433.44
432.53 , 426.91
384.19 , 544.8
391.16 , 541.81
396.39 , 535.6
401.99 , 529.5
408.14 , 524.1
413.91 , 518.07
420.46 , 513.78
427.37 , 510.37
435.29 , 509.31
443.22 , 508.3
450.42 , 505.82
458.49 , 506.54
464.89 , 511.24
471.26 , 516.13
477.61 , 520.41
473.28 , 526.92
469.5 , 533.7
465.94 , 540.55
460.47 , 546.54
453.51 , 549.8
445.47 , 550.54
437.97 , 552.55
430.26 , 554.05
422.09 , 553.55
414.26 , 552.3
406.56 , 550.82
399.09 , 548.83
391.64 , 546.82
391.44 , 544.3
397.21 , 543.28
402.29 , 540.46
408.06 , 539.3
413.26 , 536.77
418.89 , 535.34
424.71 , 534.3
430.19 , 532.55
435.81 , 531.18
441.49 , 529.78
447.47 , 529.05
453.19 , 527.8
458.64 , 526.07
464.32 , 524.68
468.66 , 524.31
462.94 , 525.55
457.49 , 527.26
451.76 , 528.48
446.01 , 529.73
440.47 , 531.28
434.99 , 533.01
429.51 , 534.73
424.06 , 536.42
418.51 , 538.05
412.79 , 539.31
406.97 , 540.29
401.54 , 542.18
396.87 , 546.09
429.91 , 397.97
435.24 , 396.44
441.09 , 396.96
446.46 , 395.45
451.84 , 394.04
457.31 , 392.7
462.94 , 391.71
468.79 , 391.22
474.51 , 390.44
480.36 , 389.97
484.71 , 390.71
479.74 , 393.21
474.61 , 395.22
469.13 , 396.49
463.38 , 397.22
457.54 , 397.72
451.56 , 397.97
445.71 , 397.47
439.79 , 397.85
434.86 , 400.5
362.75 , 417.54
357.9 , 416.43
350.83 , 417.54
344.33 , 419.79
337.73 , 421.85
330.93 , 423.54
323.78 , 424.53
316.3 , 424.78
308.9 , 425.28
301.53 , 425.78
294.55 , 424.53
300.93 , 427.06
308.05 , 428.03
315.3 , 428.78
322.68 , 429.28
329.93 , 428.54
337.08 , 427.52
343.6 , 425.27
349.95 , 422.62
356.4 , 420.18
437.47 , 356.19
436.21 , 350.22
438.8 , 344.87
442.14 , 339.77
447.19 , 336.21
453.01 , 334.74
458.44 , 332.21
464.73 , 331.72
470.81 , 332.73
476.24 , 335.23
480.68 , 339.94
483.67 , 345.17
483.49 , 351.47
477.28 , 352.25
471.88 , 349.74
466.03 , 348.23
460.08 , 349.44
454.68 , 351.97
448.83 , 353.5
443.33 , 355.75
380.63 , 363.5
372.38 , 356.01
362.81 , 352.33
352.06 , 353.55
342.41 , 357.08
331.41 , 357.82
321.38 , 360.56
311.66 , 363.81
302.33 , 368.42
293.93 , 375.35
289.21 , 384.58
298.56 , 388.85
308.61 , 386.05
318.49 , 383.07
328.76 , 380.84
339.03 , 378.59
350.03 , 377.83
361.03 , 377.08
371.78 , 375.83
382.06 , 373.55
