172375929_1
331.4 , 440.94
335.74 , 455.76
340.07 , 469.02
347.2 , 484.37
354.44 , 496.38
362.89 , 510.97
369.43 , 523.76
376.13 , 537.94
382.79 , 552.09
390.43 , 565.84
402.16 , 576.15
416.32 , 581.21
430.44 , 586
445.08 , 590.39
460.75 , 593.21
476.21 , 597.5
490.33 , 599.54
506.22 , 600.82
521.78 , 599.19
536.95 , 595.93
550.6 , 590.65
565.66 , 586.27
581.11 , 581.36
595.14 , 576.1
608.93 , 569.36
622.66 , 563.49
635.38 , 554.61
647.79 , 543.63
657.76 , 531.63
663.17 , 517.84
668.76 , 503.05
672.61 , 489.21
675.5 , 473.86
678.47 , 458.39
678.79 , 442.19
676.33 , 427.43
673.43 , 412.72
669.66 , 398.03
665.36 , 382.06
661.5 , 367.62
656.75 , 352.05
466.1 , 392.19
463.9 , 401.05
463.55 , 411.03
468.5 , 420.21
476.38 , 424.8
486.67 , 423.83
494.99 , 419.35
505.28 , 418.1
514.59 , 414.87
524.18 , 412.76
531.98 , 407.5
540.95 , 403.55
550.94 , 402.45
557.44 , 395.19
557.97 , 385.38
553.05 , 377.63
545.56 , 369.79
456.3 , 486.81
464.75 , 479.61
473.4 , 472.95
481.78 , 465.58
490.45 , 458.91
499.18 , 452.43
508.73 , 448.29
519.12 , 446.07
529.52 , 443.81
539.23 , 440.13
549 , 436.6
559.73 , 435.06
570.98 , 435.56
581.85 , 436.81
591.82 , 439.83
588.08 , 449.05
579.17 , 454.94
569.7 , 459.41
560.3 , 464.06
550.85 , 468.53
541.17 , 472.28
531.23 , 475.38
521 , 478.05
510.6 , 480.32
500.08 , 482.31
489.58 , 484.31
478.45 , 485.06
467.32 , 485.81
469.05 , 483.81
476.73 , 478.41
484.53 , 473.34
492.65 , 469
500.65 , 464.47
508.9 , 460.53
517.48 , 457.63
526.17 , 454.94
534.95 , 452.41
543.65 , 449.71
552.5 , 447.33
561.83 , 445.8
571.6 , 445.31
581.27 , 444.56
590.8 , 443.58
582.23 , 446.54
572.9 , 448.06
563.25 , 448.81
553.58 , 449.55
544.4 , 451.28
535.42 , 453.54
526.5 , 455.86
518.02 , 459.08
509.75 , 462.86
501.43 , 466.53
493.23 , 470.62
485.27 , 475.34
477.33 , 480.04
530.4 , 327.02
534.45 , 322.21
539.52 , 318.93
544.6 , 315.59
549.85 , 312.81
555.23 , 310.24
561.02 , 308.74
567.3 , 308.27
573.82 , 308.27
579.85 , 309.28
585.4 , 311.27
583.46 , 316.49
578.27 , 319.52
572.8 , 321.75
566.98 , 323.26
560.95 , 324.27
554.8 , 325.02
548.65 , 325.77
542.6 , 326.77
536.57 , 327.77
441.9 , 351.55
436.81 , 349.72
431.31 , 348.74
425.33 , 348.74
420 , 350.06
414.75 , 351.56
409.88 , 353.95
405.06 , 356.52
400.23 , 359.09
395.74 , 362.56
392.83 , 367.24
398.2 , 368.48
403.93 , 367.99
409.3 , 366.74
414.68 , 365.5
420.03 , 364.22
424.95 , 361.86
429.86 , 359.47
434.86 , 357.48
440.06 , 356.01
518.14 , 283.19
516.91 , 271.52
526.49 , 265.46
537.36 , 262.56
548.78 , 260.78
560.68 , 260.02
572.33 , 261.27
582.96 , 264.56
593.51 , 267.99
603.84 , 272.01
613.74 , 277.33
616.11 , 288.29
604.71 , 290.04
594.03 , 286.8
583.36 , 283.54
572.56 , 280.53
560.66 , 279.77
549.86 , 282.75
539.66 , 287.27
528.01 , 288.55
454.85 , 297.16
442.25 , 291.07
427.4 , 290.08
413.2 , 292.36
399.65 , 296.04
386.98 , 301.83
375.48 , 310.84
364.3 , 320.77
354.19 , 331.87
346.29 , 343.77
340.25 , 356.32
355.07 , 356.09
367.6 , 349.81
378.82 , 339.99
390.38 , 331.16
403.27 , 326.06
417.02 , 322.8
430.7 , 319.34
443.62 , 314.32
456.97 , 310.32
