173153769_1
340.44 , 384.65
340.51 , 397.34
339.81 , 411.62
339.52 , 424.76
340.45 , 438.85
342.64 , 451.73
344 , 465.19
345.46 , 478.63
346.56 , 491.86
348.73 , 505.24
351.67 , 518.56
354.78 , 532.13
358.8 , 545.39
363.57 , 558.65
369.95 , 570.76
377.82 , 581.46
387.27 , 590.41
400.05 , 596.8
412.62 , 600.51
426.57 , 604.43
439.5 , 607.16
452.84 , 608.01
466.43 , 608.46
479.8 , 608.06
493.6 , 604.93
505.15 , 597.3
515.5 , 588.69
523.86 , 577.82
530.82 , 567.28
537.96 , 554.48
544.01 , 542.42
550.26 , 530.75
553.47 , 517.88
556.41 , 504.42
560.31 , 490.71
563.59 , 477.75
566.92 , 464.92
570.13 , 451.99
572.24 , 437.71
573.29 , 424.21
572.8 , 410.35
457.9 , 380.15
455.9 , 390.38
452.07 , 400.45
447.65 , 410.44
448.75 , 421.76
453.83 , 431.43
463.4 , 435.99
473.85 , 437.31
485.18 , 439.71
495.63 , 438.82
506.73 , 436.02
515.42 , 430.42
519 , 420.29
518.05 , 408.77
514.5 , 398.8
509.4 , 389.34
504.35 , 378.59
427.85 , 492.3
434.38 , 486.52
441.3 , 481.87
448.48 , 477.92
455.9 , 474.57
463.43 , 471.57
471.28 , 469.29
479.4 , 467.55
487.98 , 466.8
496.7 , 466.31
504.68 , 468.36
511.65 , 472.86
517.99 , 479.2
522.85 , 486.05
526.37 , 493.43
522.85 , 500.8
516.53 , 507.14
509.5 , 511.56
502.12 , 515.06
494.62 , 518.06
486.78 , 520.29
478.05 , 520.8
469.83 , 519.3
462.45 , 515.81
455.15 , 512.11
448.43 , 506.88
441.53 , 502.2
434.65 , 497.37
432.1 , 493.05
437.3 , 490.78
442.93 , 489.28
448.62 , 488.05
454.48 , 487.02
460.68 , 486.8
466.78 , 487.3
472.98 , 487.55
479.18 , 487.3
485.38 , 487.05
491.48 , 487.55
497.55 , 488.05
503.38 , 489.07
508.75 , 491.08
513.97 , 493.42
511.8 , 497.3
505.73 , 496.8
499.65 , 496.3
493.43 , 496.05
487.23 , 495.8
481.03 , 495.55
474.95 , 496.05
468.98 , 495.3
463.03 , 494.55
456.8 , 494.3
450.48 , 494.3
444.28 , 494.05
438.2 , 493.55
503.19 , 350
507.42 , 347.03
511.49 , 343.44
515.74 , 340.43
520.22 , 337.99
524.87 , 335.98
530.16 , 335.5
535.37 , 336.22
540.04 , 338.09
544.42 , 340.72
545.71 , 345.67
546.2 , 350.98
543.75 , 355.47
538.82 , 356.78
533.24 , 356.75
527.82 , 357
522.24 , 357
517.16 , 356
512.37 , 354.5
507.29 , 353.53
429.52 , 348.31
428.98 , 343.33
426.19 , 339.3
422.1 , 336.71
417.25 , 335.86
412.12 , 336.11
407.12 , 336.62
402.38 , 337.58
398.07 , 339.76
393.93 , 342.21
389.82 , 344.77
386 , 348.11
390.48 , 349.61
395.23 , 350.61
400.23 , 351.11
405.23 , 351.61
410.35 , 351.86
415.6 , 351.86
420.7 , 352.11
425.57 , 351.29
494.8 , 324.18
499.73 , 317.76
506.2 , 313.02
513.38 , 310.18
521.17 , 308.68
529.23 , 307.68
537.27 , 308.68
544.55 , 311.18
551.3 , 315.18
557.52 , 320.66
561.73 , 327.36
562.19 , 335.34
556.1 , 329.49
549.55 , 324.93
542.35 , 322.17
534.3 , 321.18
525.9 , 321.43
517.85 , 322.43
510.05 , 323.93
502.48 , 325.92
461.69 , 314.89
453.02 , 309.39
442.32 , 308.65
431.4 , 308.4
420.57 , 307.9
409.88 , 308.65
399.55 , 310.16
389.55 , 312.38
380.4 , 316.49
371.5 , 321.4
364.25 , 329.4
375.07 , 329.9
384.95 , 327.38
394.3 , 323.88
404.18 , 321.38
414.98 , 320.9
425.55 , 321.9
436.02 , 323.15
446.6 , 324.15
457.3 , 323.4
