106326063_1
669 , 866.25
677.32 , 893.68
686.7 , 920.72
695.93 , 947.56
705.42 , 976.94
714.96 , 1003.58
726.11 , 1030.16
739.11 , 1055.21
755.57 , 1080.9
772.56 , 1106.21
787.55 , 1129.35
806.35 , 1151.05
828.19 , 1173.2
848.39 , 1193.25
869.41 , 1213.67
891.6 , 1233.39
911.23 , 1252.5
937.09 , 1264.9
966.69 , 1264.73
995.08 , 1263.65
1025.6 , 1262.69
1055.56 , 1259.07
1082.39 , 1252.75
1109.01 , 1239.34
1133.67 , 1221
1153.2 , 1202.11
1172.23 , 1178.71
1190.78 , 1155.61
1207.4 , 1132.28
1222.93 , 1106.58
1236 , 1083.12
1248.86 , 1056.41
1259.94 , 1028.14
1269.62 , 999.7
1278.09 , 973.32
1283.05 , 943.41
1286.42 , 915.98
1288.14 , 885.5
1287.79 , 857.62
1289.42 , 827.06
1290.55 , 796.9
895.77 , 889
886.95 , 906.65
878.24 , 926.97
873.68 , 947.06
883.48 , 967.3
900.3 , 978.9
918.85 , 989.36
937.89 , 998.52
959.14 , 1001.69
976.9 , 991.32
994.56 , 977.5
1015.55 , 971.6
1035.05 , 963.16
1040.01 , 945.12
1033.07 , 923.4
1020.99 , 906.54
1005.55 , 890.05
850.19 , 1090.12
867.87 , 1081.18
886.19 , 1074.12
904.69 , 1067.62
925.32 , 1065.37
945.94 , 1067.62
966.69 , 1065.62
985.42 , 1059.61
1005.79 , 1056.87
1025.82 , 1060.37
1044.72 , 1066.13
1064.59 , 1069.86
1085.59 , 1071.37
1106.76 , 1071.78
1097.46 , 1089.35
1081.84 , 1103.96
1065.54 , 1116.76
1049.14 , 1129.18
1031.62 , 1138.63
1013.37 , 1145.85
994.22 , 1151.12
973.82 , 1153.86
953.94 , 1150.12
935.62 , 1143.14
917.67 , 1134.85
899.97 , 1125.9
882.84 , 1115.49
866.22 , 1103.65
878.44 , 1091.62
893.19 , 1093.37
908.04 , 1094.87
922.89 , 1096.37
938.09 , 1097.12
953.32 , 1097.87
968.42 , 1096.87
983.14 , 1095.12
997.17 , 1091.86
1011.12 , 1088.44
1025.44 , 1085.87
1039.69 , 1083.12
1053.69 , 1079.87
1067.64 , 1076.41
1082.09 , 1074.1
1068.44 , 1075.62
1054.54 , 1079.09
1040.64 , 1082.61
1026.27 , 1085.09
1012.02 , 1087.84
998.12 , 1091.36
984.22 , 1094.87
969.47 , 1096.62
954.27 , 1095.87
939.17 , 1094.87
924.19 , 1093.62
909.22 , 1092.37
893.77 , 1092.12
1002.36 , 764.74
1007.36 , 751.99
1018.81 , 743.26
1031.86 , 738.99
1045.93 , 736.74
1060.38 , 735.24
1075.21 , 734.49
1090.26 , 734.24
1105.43 , 734.24
1120.36 , 733.74
1132.7 , 737.9
1122.84 , 748.76
1110.63 , 755.47
1098.04 , 761.06
1085.41 , 766.49
1071.66 , 769.49
1057.11 , 768.24
1043.76 , 764.52
1030.41 , 760.73
1015.71 , 761.74
859.05 , 782.5
853.87 , 773.48
841.85 , 771.01
829.33 , 769.48
816.45 , 768.73
803.7 , 769.72
791.3 , 771.46
779.5 , 774.48
767.9 , 777.83
756.83 , 782.41
746.5 , 788.98
757.33 , 794.27
768.02 , 800
778.98 , 804.96
791.35 , 806.76
803.27 , 803.96
814.45 , 799.71
825.65 , 795.57
836.7 , 791.01
847.92 , 786.8
960.55 , 717.04
971.3 , 694.54
992.9 , 681.45
1015.62 , 671.26
1038.72 , 662.36
1062.02 , 654.05
1085.7 , 646.57
1109.7 , 639.54
1136.03 , 637.29
1162.7 , 638.79
1185.55 , 648.79
1185.85 , 674.04
1161.07 , 679.54
1133.8 , 679.79
1110.12 , 687.26
1086.57 , 695.04
1062.4 , 701.69
1037.72 , 707.36
1012.45 , 711.79
986.6 , 715.04
861.49 , 722.81
842.32 , 714.15
821.39 , 709.69
799.62 , 706.94
777.12 , 705.69
754.87 , 703.94
732.37 , 702.69
710.35 , 704.95
690.2 , 710.94
672.5 , 723.55
661.37 , 741.69
684 , 742.69
706.14 , 744.69
729.12 , 744.94
751.14 , 742.69
773.52 , 741.19
796.37 , 741.69
819 , 742.69
841.37 , 744.19
863.5 , 742.18
