17464842_1
1054.6 , 798.95
1057.47 , 837.94
1058.27 , 879.91
1063.58 , 923.69
1065.77 , 962.5
1067.31 , 1006.17
1073.43 , 1048.4
1082.14 , 1088.7
1098.87 , 1126.89
1122.42 , 1163.3
1147.83 , 1195.61
1174.81 , 1225.65
1203.34 , 1259.46
1229.71 , 1291.37
1259.27 , 1323.31
1292.16 , 1350.01
1327.5 , 1367.85
1367.98 , 1380.24
1409.64 , 1382.87
1451.04 , 1381.44
1492.63 , 1382.2
1533.6 , 1370.5
1572.01 , 1353.92
1613.11 , 1336.32
1649.12 , 1318.44
1688.18 , 1300.96
1720.73 , 1275.71
1748.83 , 1245.6
1779.88 , 1213.11
1806.01 , 1182.38
1836.48 , 1150.79
1865.13 , 1119.86
1891.06 , 1086.52
1914.96 , 1055.36
1935.75 , 1019.88
1952.5 , 981.55
1962.42 , 937.98
1963.87 , 898.63
1965.68 , 854.14
1965.77 , 811.49
1962.65 , 768.89
1249.5 , 781.6
1234.23 , 810.3
1220.87 , 840.18
1222.02 , 870.2
1248.01 , 889.6
1279.44 , 900.88
1306.21 , 916.76
1340.61 , 918.18
1370.32 , 905.49
1398.33 , 890.3
1428.5 , 877.9
1460.01 , 874.24
1495.02 , 869.62
1509.04 , 840.48
1511.76 , 809.93
1501.72 , 778.44
1480.3 , 751.6
1238.97 , 1066.94
1238.74 , 1036.59
1255.65 , 1013.42
1279.89 , 999.44
1307.74 , 994.09
1336.24 , 998.09
1364.02 , 1003.61
1392.89 , 1006.86
1422.74 , 1008.09
1451.87 , 1010.87
1481.69 , 1012.09
1511.66 , 1011.09
1542.12 , 1011.09
1572.19 , 1011.84
1594.34 , 1024.24
1573.64 , 1045.84
1550.66 , 1063.35
1526.72 , 1078.11
1502.34 , 1091.75
1477.19 , 1103.36
1451.01 , 1111.84
1423.47 , 1117.85
1394.84 , 1121.59
1364.51 , 1121.85
1335.59 , 1118.69
1307.57 , 1113.66
1281.51 , 1104.86
1257.84 , 1089.43
1267.99 , 1037.59
1283.09 , 1029.33
1301.32 , 1028.09
1317.87 , 1032.72
1335.02 , 1036.11
1353.02 , 1037.84
1371.22 , 1039.09
1389.07 , 1037.56
1406.41 , 1034.58
1423.84 , 1031.74
1442.16 , 1030.66
1460.47 , 1031.59
1479.04 , 1032.09
1497.74 , 1032.34
1500.12 , 1037.81
1483.34 , 1042
1467.12 , 1047.22
1450.97 , 1052.59
1434.47 , 1057.35
1417.69 , 1061.61
1400.66 , 1065.33
1383.19 , 1068.08
1365.14 , 1069.49
1346.89 , 1068.35
1329.76 , 1064.86
1312.66 , 1061.27
1295.91 , 1057.02
1279.85 , 1051.43
1498.7 , 609.35
1510.42 , 599.38
1522.15 , 589.4
1534.4 , 580.87
1547.5 , 574.57
1561.65 , 570.85
1576.55 , 568.75
1591.83 , 567.36
1607.4 , 568.1
1622 , 570.84
1635.37 , 576.29
1632.05 , 588.63
1618.55 , 593.57
1604.4 , 597.34
1589.8 , 600.07
1576.05 , 604.5
1561.25 , 606.85
1545.8 , 607.85
1530.23 , 608.6
1514.4 , 608.85
1269.87 , 628
1258.55 , 620.45
1246.6 , 614.5
1234.19 , 609.91
1220.92 , 607.18
1206.89 , 605.93
1192.67 , 606.78
1179.74 , 610.2
1167.67 , 615.77
1155.89 , 622.09
1144.02 , 628.18
1157.19 , 631.17
1170.47 , 633.94
1183.55 , 637.19
1196.94 , 639.7
1210.82 , 641.17
1225.07 , 641.93
1239.44 , 642.43
1254.07 , 642.43
1267.59 , 640.2
1418.8 , 503.39
1424.79 , 460.34
1461.72 , 440.4
1504.33 , 433.39
1548.33 , 429.39
1591.62 , 423.89
1634.9 , 418.39
1677.47 , 424.39
1714.9 , 443.48
1748.62 , 472.46
1779.25 , 505.34
1783.55 , 533.39
1747.2 , 511.76
1711.17 , 489.17
1672.38 , 473.88
1629.32 , 468.39
1584.95 , 471.62
1543.55 , 481.14
1502.5 , 491.42
1463.4 , 505.39
1251.67 , 531.5
1239.09 , 509.71
1218.06 , 494.88
1193.61 , 488.72
1166.46 , 489.23
1141.61 , 494.51
1118.31 , 502.81
1096.41 , 515.22
1076.38 , 532.74
1061.03 , 553.6
1049.91 , 575.97
1053.66 , 601.56
1073.54 , 585.09
1093.18 , 566.44
1115.09 , 554.04
1138.86 , 546.71
1165.91 , 545.97
1191.36 , 549.97
1216.01 , 555.75
1242.69 , 554.22
