1753768714_1
190.9 , 761.1
195.83 , 782.9
201.08 , 807.14
207.99 , 831.28
218.57 , 854.7
226.98 , 877.21
238.3 , 900.48
250.37 , 921.07
264.5 , 941.82
280.65 , 959.55
298.67 , 976.87
316.24 , 994.15
335.03 , 1011.89
351.82 , 1028.83
365.9 , 1048.66
381.81 , 1069.51
395.77 , 1087.41
413.46 , 1105.38
436.14 , 1118.12
458.97 , 1126.07
483.99 , 1126.4
507.15 , 1123.76
533.79 , 1121.93
555.88 , 1116.8
579.67 , 1106.83
597.59 , 1091.2
612.68 , 1070.99
626.1 , 1051.05
639.32 , 1030.27
651.5 , 1007.9
666.18 , 987.18
682.07 , 969.9
699.21 , 949.71
713.27 , 929.23
727.21 , 911.04
741.68 , 888.82
753.56 , 867.73
763.58 , 844.72
773.47 , 821.71
781.58 , 800.52
789.35 , 774.85
428 , 743.71
418.25 , 761.25
408.22 , 780.98
403.9 , 803.1
415.96 , 819.25
436.46 , 828.98
455.98 , 836.33
476.65 , 838.37
499.65 , 840.3
519.91 , 839.06
541.54 , 836.69
562.1 , 826.3
581.84 , 816.62
595.21 , 801.07
595.15 , 779.05
588.07 , 758.35
579.61 , 738.18
351.69 , 918.62
375.94 , 909.37
400.44 , 900.62
425.26 , 892.6
451.76 , 887.88
479.97 , 886.62
508.76 , 886.62
535.76 , 882.88
563.97 , 881.62
592.41 , 880.87
620.37 , 882.62
645.26 , 890.44
652.25 , 915.55
638.69 , 938.37
624.76 , 961.02
609.19 , 983.12
592.49 , 1004.82
572.84 , 1025.38
550.19 , 1039.37
525.59 , 1047.88
498.74 , 1051.87
470.89 , 1049.88
445.19 , 1043.37
421.86 , 1031.04
401.16 , 1011.6
385.37 , 989.57
371.95 , 966.72
360.45 , 943.1
361.69 , 923.12
383.29 , 916.35
406.09 , 911.85
430.24 , 910.12
455.24 , 910.12
480.12 , 910.37
504.37 , 908.87
526.97 , 903.87
550.01 , 899.89
574.29 , 898.37
599.29 , 898.37
623.91 , 899.12
640.66 , 912.89
627.95 , 932.32
613.99 , 951.32
599.24 , 970.07
584.34 , 988.72
567.44 , 1006.37
548.02 , 1019.14
527.07 , 1027.65
503.64 , 1030.87
479.02 , 1030.15
455.54 , 1026.96
435.69 , 1015.37
417.49 , 999.17
401.47 , 980.89
386.93 , 962.07
373.26 , 942.97
586.45 , 652.6
593.72 , 643.07
603.35 , 635.98
613.55 , 630.51
623.95 , 625.6
635.28 , 622.86
646.95 , 620.85
659.12 , 621.85
670.8 , 623.88
681.55 , 627.7
691.8 , 633.11
694.4 , 644.11
684.1 , 649.32
672.68 , 651.85
660.5 , 652.85
648.23 , 653.6
635.7 , 653.85
623.05 , 653.85
610.4 , 653.85
598.12 , 654.6
394.33 , 660.25
384.68 , 654.32
374.48 , 649.82
363.66 , 646.81
352 , 645.57
339.98 , 645.07
328.11 , 645.89
316.98 , 648.28
306.73 , 652.53
297.06 , 658.45
287.93 , 665.82
298.23 , 669.84
309.21 , 672.58
320.73 , 674.06
332.63 , 674.82
344.9 , 674.82
356.53 , 673.47
367.66 , 671.08
379.33 , 669.8
391.23 , 669.07
560.39 , 600.21
564.22 , 577.37
582.74 , 562.86
603.06 , 553.21
625.12 , 547.71
648.97 , 545.96
672.79 , 547.71
696.64 , 545.96
719.49 , 549.7
740.32 , 557.7
758.59 , 572.9
765.94 , 591.73
743.66 , 586.71
720.32 , 583.96
696.34 , 582.98
673.21 , 586.14
650.14 , 589.46
626.89 , 592.46
604.71 , 597.64
582.99 , 603.71
407.73 , 593.63
404.83 , 573.1
384.71 , 563.6
362.9 , 558.11
339.65 , 555.59
315.93 , 557.09
292.11 , 555.84
268.88 , 558.31
248.31 , 566.33
229.16 , 578.44
211.61 , 595.01
207.78 , 617.59
231.48 , 618.36
251.46 , 608.32
271.46 , 598.41
292.75 , 592.1
316.23 , 590.09
339.48 , 592.55
362.46 , 595.56
385.68 , 598.06
