175991309_2
387.7 , 472.05
387.46 , 485.32
389.03 , 500.18
389.78 , 515.12
390.46 , 530.01
393.26 , 544.03
397.39 , 559.13
401.53 , 573.62
405.89 , 586.62
410.86 , 600.84
415.4 , 614.94
420.58 , 629.09
426.84 , 642.25
433.5 , 655
440.84 , 667.94
449.1 , 680.69
458.5 , 692.12
470.47 , 699.35
484.98 , 703.72
500.09 , 706.4
514 , 707.62
528.04 , 708.65
543.14 , 707.8
557.23 , 703.54
571.28 , 696.88
583.23 , 688.99
595.13 , 680.28
606.31 , 669.76
615.7 , 658.65
623.6 , 646.35
630.96 , 633.97
636.42 , 619.77
640.4 , 606.19
645.79 , 591.81
650.09 , 578.55
654.67 , 563.69
657.53 , 549.81
661.17 , 536.07
665.67 , 521.11
669.93 , 507.59
675.05 , 492.6
503.51 , 461.16
496.93 , 469.92
489.43 , 478.76
481.85 , 487.94
480.75 , 498.5
487.22 , 509.14
497.32 , 512.31
508.92 , 515.78
519.58 , 519.55
531.91 , 521.33
543.49 , 520.64
554.66 , 519.65
564.15 , 513.35
565.65 , 502.76
560.94 , 491.85
559.26 , 479.9
557.35 , 468.06
449.6 , 559.76
458.97 , 551.89
467.12 , 542.74
478.43 , 539.77
490.68 , 540.76
502.93 , 541.76
514.8 , 543.51
527.15 , 544.25
538.23 , 547.64
548.58 , 552.98
558.55 , 559.19
568.27 , 566.17
576.14 , 575.59
572.86 , 586.74
564.62 , 595.98
555.3 , 604.07
545.45 , 610.67
535 , 615.73
524.23 , 619.78
512.6 , 622.01
500.48 , 623.26
488 , 622.76
476.25 , 620.76
465.62 , 616.27
456.61 , 607.28
452.33 , 596.61
450.6 , 584.74
450.35 , 572.13
453.4 , 559.72
462 , 554.6
472 , 552.76
482.75 , 553.01
493.28 , 553.77
503.43 , 555.24
513.6 , 556.76
524 , 557.76
534.28 , 558.98
544.2 , 560.99
553.95 , 563.36
563.1 , 567.01
571.47 , 571.63
568.47 , 581.01
560.15 , 586.99
551.58 , 592.27
542.3 , 595.55
532.38 , 597.5
522.33 , 599.28
512.4 , 601.27
502.25 , 602.76
491.98 , 604.01
481.58 , 602.99
472.12 , 600.03
463.28 , 595.42
455.36 , 588.78
450.6 , 580.01
452.35 , 569.99
566.5 , 424.86
572.9 , 419.46
579.4 , 414.2
585.88 , 408.99
592.5 , 404.11
599.38 , 399.99
607.08 , 397.83
615.3 , 398.85
622.03 , 403.37
627.25 , 409.86
631.02 , 416.91
635.92 , 423.51
630.83 , 429.85
623.23 , 432.11
614.88 , 432.86
606.77 , 431.61
598.67 , 430.36
590.83 , 428.61
582.6 , 427.61
574.73 , 425.86
499.26 , 410.5
496.24 , 403.7
491.38 , 397.57
484.98 , 393.46
478.02 , 390.97
470.55 , 389.47
462.5 , 389.22
454.77 , 390.22
447.45 , 392.02
440.8 , 395.41
434.75 , 400.47
437.03 , 407.52
443.2 , 412.21
450.43 , 414.22
457.9 , 415.72
465.73 , 416.47
473.43 , 417.47
481.25 , 418.22
489.2 , 418.72
496.76 , 417.45
561.03 , 383.39
568.33 , 374.88
577.98 , 370.63
588.5 , 368.39
599.75 , 367.64
611.25 , 367.39
622.38 , 368.39
632.8 , 370.89
642.7 , 374.38
652 , 379.61
660.5 , 387.09
648.98 , 387.15
639.36 , 382.87
629.7 , 378.61
618.95 , 376.89
607.93 , 378.15
597.78 , 381.14
587.88 , 384.67
578.18 , 388.67
568.18 , 391.93
503.84 , 376.96
497.29 , 370.05
489.14 , 365.89
480.64 , 362.88
471.39 , 361.38
462.39 , 359.36
453.14 , 357.83
443.64 , 356.85
434.46 , 358.47
426.19 , 362.22
419.34 , 369.34
427.49 , 365.31
435.81 , 361.86
445.64 , 362.09
455.01 , 363.36
464.21 , 364.97
472.89 , 367.57
481.29 , 370.81
489.37 , 375.11
497.24 , 379.83
