178046512_1
472.44 , 1670.04
494.02 , 1731.13
516.16 , 1801.55
541 , 1861.59
571.39 , 1924
601.12 , 1987.16
631.02 , 2049.56
666.73 , 2111.55
702.39 , 2170.84
748.68 , 2225.15
792.18 , 2273.23
843.95 , 2321.75
898.26 , 2364.72
954.81 , 2405.54
1013.46 , 2445.83
1069.14 , 2482.61
1133.14 , 2513.73
1200.57 , 2531.24
1266.23 , 2532.62
1336.15 , 2542.84
1403.85 , 2531.15
1471.86 , 2504.4
1523.64 , 2467.93
1583.29 , 2422.14
1632.95 , 2375.75
1686.15 , 2329.56
1726.82 , 2277.57
1768.15 , 2223.46
1807.76 , 2160.87
1835.11 , 2098.06
1854.68 , 2035.09
1871.54 , 1966.23
1887.11 , 1901.85
1903.39 , 1831
1913.9 , 1765.03
1922.88 , 1690.32
1923.3 , 1623.83
1921.21 , 1556.07
1927.01 , 1486.35
1923.36 , 1417.09
1918.7 , 1343.95
914.2 , 1595.1
906.6 , 1643.5
889.83 , 1690.83
877.85 , 1737.35
889.15 , 1788.72
922.66 , 1825.12
969.35 , 1836.86
1018.2 , 1824.98
1064.4 , 1803.89
1110.52 , 1789.69
1160.35 , 1782.74
1207.67 , 1762.51
1234.21 , 1720.75
1235.84 , 1669.47
1217.98 , 1626.17
1189.12 , 1583.52
1156.35 , 1542.1
996.64 , 2099.95
1000.14 , 2068.7
1007.89 , 2039.45
1016.39 , 2010.7
1030.04 , 1983.8
1053.66 , 1961.43
1081.26 , 1950.23
1109.12 , 1939.69
1137.74 , 1930.96
1168.76 , 1926.95
1199.29 , 1931.94
1227.22 , 1942.26
1254.32 , 1955.19
1279.49 , 1973.32
1303.14 , 1995.7
1329.67 , 2010.22
1320.69 , 2037.9
1297.24 , 2060.85
1274.59 , 2084.23
1250.16 , 2104.44
1223.37 , 2118.22
1195.51 , 2128.67
1167.01 , 2137.73
1138.97 , 2147.69
1107.69 , 2144.19
1078.37 , 2136.68
1048.87 , 2129.44
1022.87 , 2113.68
1006.89 , 2102.95
1009.88 , 2073.47
1014.55 , 2044.8
1025.95 , 2019.15
1048.79 , 1999.96
1075.14 , 1990.7
1099.74 , 1976.38
1122.59 , 1957.26
1148.19 , 1945.69
1178.29 , 1943.95
1207.89 , 1946.7
1235.44 , 1953.74
1259.97 , 1968.24
1283.47 , 1985.54
1307.76 , 2000.61
1326.66 , 2021.42
1311.99 , 2045.85
1290.47 , 2067.88
1268.46 , 2089.36
1245.01 , 2106.95
1219.79 , 2119.73
1193.41 , 2128.94
1166.87 , 2137.69
1140.69 , 2147.43
1111.09 , 2144.71
1083.49 , 2137.68
1055.74 , 2131.04
1030.54 , 2118.2
1222.9 , 1358.62
1227.85 , 1328.17
1251.12 , 1305.15
1275.85 , 1286.15
1302.43 , 1272.11
1330.4 , 1262.37
1361.05 , 1257.87
1391.55 , 1262.62
1421.35 , 1268.88
1448.95 , 1279.66
1475.15 , 1294.62
1485.52 , 1320.96
1460.03 , 1337.62
1433.65 , 1352.12
1406.1 , 1363.11
1377.08 , 1370.94
1345.8 , 1374.12
1313.23 , 1373.62
1280.65 , 1374.12
1249.98 , 1369.68
835.72 , 1450.33
815.12 , 1429.66
790.4 , 1420.24
762.75 , 1416.73
733.68 , 1417.22
709.18 , 1427.5
686.15 , 1441.8
663.5 , 1457.17
642.23 , 1476.45
626.69 , 1499.03
614.7 , 1522.98
636.53 , 1540.73
661.53 , 1549.47
689.9 , 1551.48
716.55 , 1545.98
742.35 , 1538.7
766.62 , 1527.74
789.95 , 1514.23
812.38 , 1498.07
833.57 , 1478.63
1110.6 , 1117.45
1145.57 , 1085.98
1183.3 , 1062.27
1222.82 , 1043.21
1263.05 , 1026.48
1306 , 1015.55
1353.38 , 1015.45
1396.47 , 1025.97
1437.88 , 1039.46
1478.45 , 1055.05
1516.7 , 1077.33
1508.17 , 1109.71
1464.3 , 1100.91
1421.85 , 1089.2
1377.35 , 1081.7
1330.97 , 1078.83
1285.05 , 1083.44
1242.3 , 1094.71
1201.22 , 1109.08
1157.92 , 1119.2
839.65 , 1203.32
793.73 , 1193.19
745.62 , 1199.3
698.42 , 1207.16
653.05 , 1218.92
605.05 , 1225.17
558.25 , 1233.92
516.23 , 1253.7
478.69 , 1285.72
448.5 , 1323.92
430.5 , 1366.42
479.08 , 1362.17
525.2 , 1351.96
568.58 , 1336.39
611.05 , 1318.16
653.45 , 1299.68
697.35 , 1285.32
742.78 , 1273.65
787.73 , 1261.16
831.1 , 1245.57
