178428696_1
354.55 , 458.05
355.88 , 472
357.76 , 486.29
360.23 , 500.27
363.69 , 513.94
368.09 , 527.29
373.06 , 540.49
378.07 , 553.52
383.84 , 566.27
391.6 , 578.71
399.95 , 590.68
408.01 , 600.9
418.67 , 611.19
429.56 , 621.34
438.55 , 631.27
447.96 , 642.18
456.83 , 652.49
468.15 , 661.45
480.99 , 667.22
495.4 , 670.34
508.94 , 671.52
524.2 , 670.38
537.71 , 667.19
551.38 , 663.26
564.39 , 657.37
576.35 , 649.67
586.84 , 639.92
594.36 , 628.86
601.38 , 615.81
607.58 , 604
614.49 , 591.03
621.62 , 578.84
627.75 , 565.94
634.03 , 552.59
638.75 , 538.87
642.2 , 526.3
645.95 , 512.34
650.5 , 498.45
651.03 , 484.13
652.82 , 469.86
654.89 , 455.55
491.92 , 470.49
482.99 , 480.45
474.54 , 489.49
465.64 , 501.24
467.05 , 513.63
479.11 , 517.5
490.52 , 525.59
502.99 , 531.41
515.98 , 533.13
529.37 , 531.38
539.01 , 520.95
551.17 , 515.18
563.4 , 511.61
566.7 , 498.71
559.89 , 486.81
549.55 , 478.03
538.81 , 469.59
436.06 , 555.68
447.24 , 552.66
459.91 , 552.68
472.46 , 552.93
485.11 , 552.93
496.94 , 554.67
508.88 , 556.17
521.56 , 556.18
533.51 , 554.68
546.06 , 554.43
557.88 , 556.17
570.31 , 555.68
579.53 , 561.78
575.82 , 572.58
570.38 , 582.83
563.08 , 592.42
553.51 , 599.69
543.11 , 604.64
532.18 , 608.16
520.49 , 610.18
508.06 , 610.68
495.38 , 610.71
483.81 , 608.43
473.51 , 603.12
465.09 , 593.98
457.96 , 584.36
450.88 , 574.73
444.48 , 564.86
458.31 , 563.93
467.11 , 564.43
475.31 , 566.18
483.36 , 568.22
492.06 , 568.93
500.86 , 569.43
509.69 , 568.93
518.36 , 568.19
527.16 , 567.68
535.96 , 567.18
544.78 , 566.68
553.56 , 566.18
562.13 , 565.2
570.08 , 562.94
568.96 , 568.18
561.68 , 572.18
554.24 , 575.74
546.59 , 578.67
538.49 , 580.69
530.16 , 582.15
521.49 , 582.91
512.81 , 583.68
503.88 , 583.93
495.06 , 583.43
486.61 , 582.22
478.66 , 579.93
471.86 , 574.71
464.91 , 569.77
557.55 , 401.2
561.95 , 397.06
566.85 , 394.19
571.88 , 391.69
577.05 , 389.7
582.72 , 388.71
588.38 , 387.71
594.4 , 387.45
600.55 , 387.45
606.1 , 388.7
611.22 , 390.88
610.11 , 395.94
604.92 , 397.95
599.25 , 398.94
593.6 , 399.95
587.57 , 400.2
581.55 , 400.45
575.52 , 400.2
569.38 , 400.2
563.47 , 400.7
465.79 , 407.73
459.8 , 403.48
453.37 , 400.33
446.77 , 397.71
439.62 , 396.36
432.15 , 395.61
424.82 , 396.71
417.94 , 398.59
411.52 , 401.76
405.4 , 405.64
399.42 , 409.86
405.7 , 413.37
412.35 , 415.79
419.39 , 417.36
427.25 , 417.36
434.82 , 416.86
442.17 , 415.86
449.55 , 414.83
456.89 , 413.88
464.59 , 413.61
553.31 , 368.61
560.78 , 361.39
567.84 , 353.83
576.03 , 348.63
585.03 , 345.61
594.43 , 343.37
604.33 , 342.11
614.21 , 340.86
624.36 , 340.11
634.36 , 341.1
642.69 , 345.36
633.78 , 348.6
624.63 , 351.38
615.36 , 353.88
606.46 , 357.08
597.66 , 360.64
588.76 , 363.84
579.48 , 366.34
570.68 , 369.89
561.81 , 373.11
480.72 , 363.81
473.6 , 355.37
462.82 , 353.64
451.47 , 353.14
440.22 , 352.39
429.2 , 351.14
417.97 , 350.39
406.72 , 351.14
396.07 , 353.13
386.2 , 356.63
377.65 , 363.89
387.62 , 367.14
398.25 , 369.14
409.5 , 369.89
420.62 , 370.89
432.12 , 371.14
443.72 , 371.14
454.72 , 372.39
465.15 , 374.89
475.93 , 373.14
