1784763527_1
492.76 , 617.26
492.69 , 636.68
493.32 , 655.78
496.54 , 676.53
501.69 , 695.18
508.35 , 713.45
515.77 , 731.44
524.95 , 748.79
536.28 , 765.06
550.71 , 781.49
564.82 , 795.54
579 , 806.93
596.46 , 817.4
614.09 , 827.32
631.82 , 837.6
647.61 , 847.5
665.36 , 858.47
681.45 , 868.21
700.26 , 876.17
719.76 , 881.37
739.82 , 883.35
759.56 , 883.24
778.93 , 879.38
797.9 , 872.75
816.32 , 865.02
834.53 , 857.19
852.01 , 848.09
868 , 837.03
884.17 , 823.23
897.76 , 809.37
912.61 , 796.48
926.99 , 782.38
941.23 , 767.68
952.88 , 753.22
962.41 , 735.68
969.48 , 717.14
974.97 , 698.14
978.26 , 678.66
980.24 , 659
981.51 , 639.25
982 , 617.48
725.77 , 597.56
710.48 , 610.23
693.37 , 623.44
680.65 , 641
675.87 , 660.98
686.87 , 678.54
706.97 , 684.44
728.25 , 682.77
750 , 681.05
770.14 , 680.81
790.44 , 682.49
812.83 , 685.24
827.75 , 671.94
831.85 , 650.81
822.98 , 631.69
808.15 , 617.12
793 , 600.6
664.15 , 757.49
675.05 , 750.08
686.8 , 744.71
698.6 , 739.79
710.52 , 735.11
722.1 , 729.25
734.95 , 726.47
747.67 , 729.5
761.25 , 730.74
774.1 , 728.03
787.9 , 728.74
799.9 , 733.24
811.5 , 739
822.9 , 745.24
831.52 , 754.24
820.05 , 760.33
808.27 , 765.37
796.77 , 771.37
785.62 , 778.26
774.2 , 784.45
762.2 , 788.99
748.47 , 789.56
736.35 , 785.45
724.92 , 779.25
713.35 , 773.45
701.6 , 768.2
688.95 , 764.99
675.85 , 762.75
676.9 , 752.24
686.9 , 750.24
697.9 , 750.24
708.65 , 750.74
719.65 , 750.74
730.4 , 751.24
740.3 , 753.51
750.7 , 754.74
761.08 , 753.49
771.1 , 751.48
781.12 , 749.51
791.62 , 748.49
802.62 , 748.49
813.25 , 749.24
823.55 , 750.64
814.75 , 751.74
803.9 , 751.99
792.9 , 751.99
782.5 , 753.25
772.12 , 754.49
761.85 , 755.99
750.85 , 755.99
740.45 , 754.74
730.08 , 753.51
719.92 , 751.74
709.3 , 750.99
698.42 , 751.24
687.67 , 751.74
817.05 , 532.97
821.27 , 524
829.02 , 516.23
837.85 , 511.43
847.02 , 507.72
857.02 , 505.72
867.85 , 505.96
877.9 , 507.81
887.32 , 510.98
895.85 , 516.52
903.05 , 524.47
901.42 , 534.62
893.25 , 541.26
883.75 , 544.21
873.65 , 545.97
863.17 , 546.96
852.95 , 545.49
843.07 , 543.22
832.25 , 543.48
822.18 , 541.64
683.36 , 528.71
677.78 , 519.62
668.72 , 514.06
659 , 510.3
648.32 , 508.56
637.05 , 508.06
626 , 509.06
615.67 , 511.55
606.05 , 515.55
596.8 , 520.72
589.22 , 529.06
597.72 , 536.31
607 , 541.32
616.57 , 545.56
626.89 , 548.06
638.2 , 548.56
649.1 , 547.31
659.8 , 545.55
670.1 , 543.09
679.48 , 538.28
803.49 , 472.93
813.6 , 459.81
828.97 , 455.45
845.19 , 452.92
862.04 , 451.68
879.01 , 450.68
896.09 , 449.93
912.47 , 452.17
927.24 , 457.68
940.24 , 468.18
951.19 , 480.88
942.09 , 492.18
927.57 , 485.94
913.01 , 479.68
896.79 , 477.18
880.04 , 476.14
864.29 , 479.7
849.22 , 484.43
832.59 , 485.78
817.14 , 481.59
709.81 , 474.12
694.44 , 460.75
676.51 , 454.51
657.09 , 451.27
636.96 , 449.52
617.41 , 446.52
597.09 , 445.4
578.51 , 450.48
562.29 , 461.45
547.64 , 476.34
533.71 , 491.52
551.59 , 485.25
570.44 , 480.77
589.84 , 477.53
609.63 , 475.02
629.91 , 476.52
648.63 , 481.29
668.06 , 484.51
688.94 , 484.77
706.33 , 492.63
