106348540_1
258.45 , 472.8
260.56 , 490.79
265.65 , 508.67
273.44 , 525.96
286.54 , 541.25
301.85 , 551.43
319.27 , 560.7
334.89 , 568.28
352.88 , 575.41
370.06 , 583.55
387.98 , 590.2
406.31 , 594.97
424.02 , 600.94
443.64 , 606.26
462.5 , 611.1
479.99 , 613.97
498.8 , 617.34
518.35 , 621.17
536.46 , 622.86
556.34 , 620.66
574.77 , 619.68
592.5 , 616.18
611 , 610.41
629.42 , 601.53
645.56 , 591.81
656.69 , 578.23
665.19 , 559.92
671.16 , 542.56
679.02 , 525.97
690.13 , 510.42
701.9 , 493.61
710.67 , 478.68
719.16 , 459.69
724.48 , 441.61
728.11 , 423.22
735.14 , 405.65
740.02 , 387.14
740.76 , 368.55
739.02 , 350.36
733.86 , 331.59
723.35 , 314.35
541.39 , 347.1
543.14 , 363.8
540.59 , 381.81
539.59 , 398.51
544.46 , 416.6
560.39 , 424.19
578.25 , 421.8
594.62 , 419
613.35 , 415
629.77 , 411.07
646.62 , 405.03
660.95 , 394.85
666.55 , 377.66
664.15 , 360.55
652.89 , 345.72
640.93 , 333.75
629.45 , 318.35
530.25 , 509
540.83 , 501.74
552.25 , 496.75
563.4 , 490.87
573.77 , 482.97
584.1 , 474.9
594.88 , 468.16
605.7 , 461.51
617.2 , 456.79
630.8 , 456.5
644.45 , 456.25
657.6 , 455
670.98 , 454.25
682.36 , 458.13
677.59 , 469.65
674.4 , 481.85
670.74 , 493.82
664.65 , 504.87
654.33 , 512.99
643.33 , 519.18
631.58 , 523.26
618.67 , 525
604.92 , 525
591.77 , 523.75
579 , 521.75
566.48 , 519.23
554.58 , 515.53
542.67 , 511.75
532.5 , 509.5
543.52 , 508.5
553.85 , 506.01
564.17 , 503.51
574.5 , 501
585.05 , 499.01
595.48 , 496.75
605.67 , 493.99
616.1 , 491.76
626.77 , 490
637.2 , 487.74
647.1 , 484.47
656.9 , 480.97
666.6 , 477.22
675.69 , 473.54
666.15 , 477.72
656.42 , 481.48
646.67 , 485.07
636.58 , 488
626.25 , 490.5
616.2 , 493.48
606.02 , 496.25
595.7 , 498.75
585.15 , 500.75
574.48 , 502.5
563.8 , 504.25
553.48 , 506.75
543.67 , 510.24
618.5 , 268.28
620.07 , 259.95
623.36 , 252.43
629.65 , 246.03
636.5 , 240.78
643.62 , 236.37
651.12 , 232.81
659.38 , 231.03
668.1 , 231.76
675.65 , 235.16
682.25 , 240.88
684.75 , 248.53
679.07 , 255.2
673 , 261.78
665.7 , 265.81
657.98 , 268.55
650.15 , 271.13
642.25 , 273.53
633.65 , 274.53
625.05 , 273.55
498.33 , 294.98
489.9 , 288.97
480.6 , 285.46
470.35 , 283.97
459.75 , 284.74
449.98 , 287.26
440.3 , 289.96
430.95 , 293.29
422.05 , 297.96
413.69 , 304.08
407.03 , 312.22
417.18 , 313.96
427.08 , 316.22
437.33 , 317.72
448.08 , 318.22
458.45 , 316.97
468.48 , 314.96
478.1 , 312.19
487.25 , 308.24
496.4 , 304.35
612.15 , 230.11
610.92 , 217.75
617.67 , 207.75
627.02 , 199.16
636.72 , 191.45
646.14 , 183.02
655.57 , 174.61
665.77 , 168.41
676.94 , 164.73
686.7 , 172.28
694.39 , 181.98
696.42 , 193.95
693.45 , 205.02
683.1 , 199.15
672.64 , 193.5
660.89 , 196
650.35 , 201.35
640.19 , 207.72
632.32 , 217.35
622.77 , 225.49
533.49 , 221.12
512.52 , 212.31
488.2 , 210.8
464.22 , 213.06
441.12 , 217.1
420.35 , 226.36
401.2 , 240.03
382.7 , 255.54
364.5 , 271.99
349.71 , 290.74
339.92 , 311.31
360.65 , 303.07
380.82 , 292.06
400.19 , 279.05
420.07 , 267.4
440.8 , 257.94
463.37 , 252.81
487.47 , 250.79
511.6 , 248.88
533.95 , 243.31
