179820698_1
401.94 , 1247
414.06 , 1297.36
428.56 , 1355.14
440.83 , 1407.73
451.44 , 1464.4
468.55 , 1513.33
487.2 , 1568.93
507.41 , 1618.36
531.46 , 1669.03
560.95 , 1717.9
591.35 , 1765.9
627.51 , 1807.36
670.1 , 1847.1
709.68 , 1878.91
758.19 , 1908.91
803.6 , 1939.79
856.85 , 1966.54
910.73 , 1979.71
963.5 , 1992.4
1018.75 , 2005.17
1074.93 , 2006.65
1128.58 , 2006.38
1185.81 , 1993.39
1238.06 , 1973.31
1285.4 , 1944.35
1325.88 , 1908.29
1364.06 , 1871.47
1408.39 , 1832.93
1448.33 , 1795.9
1487.52 , 1752.32
1514.42 , 1705.58
1539.05 , 1657.3
1563.53 , 1602.64
1585.19 , 1553.25
1606.44 , 1503.52
1642.35 , 1459.9
1657.35 , 1405.9
1674.53 , 1352
1689.55 , 1297.77
1703.48 , 1242.66
1715.85 , 1186.95
941.25 , 1252.85
914.33 , 1288.48
886.13 , 1330.65
877.5 , 1375.79
900.85 , 1414.7
939.84 , 1443
982.45 , 1470
1028.13 , 1485.7
1071.93 , 1498.29
1118.75 , 1489
1165.21 , 1472.51
1204.16 , 1443.44
1240.79 , 1414.5
1253.3 , 1371.63
1245.54 , 1324.2
1231.23 , 1275.48
1210.65 , 1230.65
746.2 , 1564.19
792.33 , 1542.16
842.35 , 1529.42
897.9 , 1528.19
948.95 , 1538.69
1000.5 , 1548.21
1054.35 , 1552.94
1107.7 , 1547.19
1159.75 , 1538.67
1212.15 , 1530.93
1267.45 , 1529.19
1317.95 , 1540.94
1327.21 , 1592.12
1306.29 , 1638.59
1282.86 , 1684.29
1255.46 , 1728.37
1223.5 , 1770.88
1182.03 , 1805.67
1136.88 , 1830.47
1087 , 1843.44
1031.62 , 1841.87
981.7 , 1828.94
934.33 , 1810.82
890.7 , 1782.19
850.98 , 1742.49
821.45 , 1699.19
796.76 , 1654.04
771.92 , 1608.91
753.7 , 1564.94
794.93 , 1550.71
841.2 , 1554.94
887.5 , 1559.18
931.05 , 1569.19
974.62 , 1579.12
1019.1 , 1587.09
1064.88 , 1592.44
1109.48 , 1585.2
1154.08 , 1577.44
1198.43 , 1569.21
1242.75 , 1560.95
1286.72 , 1551.94
1316.55 , 1578.07
1280.9 , 1607.74
1248.78 , 1642.35
1213.35 , 1673.04
1175.93 , 1698.2
1137.03 , 1719.38
1096.6 , 1736.19
1053.73 , 1747.44
1005.8 , 1747.04
962.65 , 1736.21
922 , 1720.23
882.68 , 1699.92
846.55 , 1671.04
814.4 , 1636.14
781.2 , 1601.57
1242 , 994.46
1259.7 , 983.03
1277.4 , 971.55
1296.05 , 962.48
1315.28 , 955.2
1336.17 , 951.46
1358.92 , 951.46
1380.22 , 954.46
1401 , 958.46
1420.33 , 965.47
1438.03 , 976.97
1426.67 , 994.55
1408.95 , 1005.97
1389.17 , 1011.95
1368.12 , 1015.46
1345.5 , 1015.71
1323.25 , 1014.71
1301.95 , 1011.71
1281.5 , 1006.96
1260.92 , 1002.48
887.45 , 1007.76
867.33 , 996.91
846.55 , 987.91
825.58 , 979.4
803.5 , 973.44
780.58 , 969.68
756.7 , 971.94
734.98 , 978.54
714.02 , 986.93
693.48 , 996.67
673.1 , 1006.92
692.4 , 1019.92
713.6 , 1027.67
736.28 , 1032.43
760.4 , 1034.17
784.58 , 1032.44
807.73 , 1028.64
830.88 , 1024.91
855.5 , 1024.17
880.38 , 1024.42
1159.45 , 901.1
1176.7 , 857.45
1214.65 , 824.16
1256.7 , 801.85
1300.93 , 786.09
1347.95 , 775.85
1398.12 , 772.08
1448.28 , 775.92
1497.15 , 782.35
1542.93 , 795.08
1582.8 , 823.2
1586.65 , 870.1
1534.9 , 869.6
1485.8 , 863.6
1434.78 , 862.1
1386.08 , 868.85
1338.2 , 877.35
1292.1 , 889.63
1247.97 , 905.58
1202.78 , 918.91
975.04 , 924.71
959.66 , 873.6
916.43 , 837.4
868.29 , 814.52
815.88 , 801.77
760.91 , 794.51
704.36 , 790.99
647.88 , 795.22
600.41 , 819.93
558.66 , 859.71
529.08 , 905.23
504.06 , 952.53
553.31 , 933.53
601.23 , 910.04
651.26 , 893.07
708.23 , 890.03
765.88 , 891.78
822.56 , 895.53
874.96 , 908.3
923.54 , 929.76
