1809894544_2
369.6 , 477.05
371.96 , 492.6
375.73 , 510.38
378.87 , 525.72
381.13 , 544.13
383.45 , 559.9
386.21 , 576.75
392.11 , 593.63
398.76 , 609.12
405.75 , 623.93
414.34 , 638.77
425.07 , 653.05
438.03 , 663.2
451.06 , 672.69
466.05 , 682.78
480.67 , 692.3
494.56 , 702.08
509.49 , 709.91
523.85 , 717.65
539.83 , 723.54
555.74 , 728.32
573.44 , 730.05
589.76 , 728.64
607.23 , 726.34
624.41 , 722.76
639.39 , 715.07
650.15 , 703.5
660.63 , 688.8
668.6 , 673.99
677.57 , 660.32
687.61 , 646.57
697.2 , 631.63
706.73 , 617
712.43 , 601.16
715.53 , 584.64
720.31 , 568.69
723.33 , 552.12
726 , 535.42
727.29 , 518.24
727.83 , 500.96
728.15 , 483.14
540.4 , 510.5
531.96 , 517.99
528.37 , 528.21
529.33 , 539.31
538.57 , 547.09
549.14 , 552.22
559.86 , 555.97
570.52 , 556.45
581.72 , 558.15
593.66 , 559.17
603.48 , 553.03
613.15 , 547.14
623.49 , 540.92
628.9 , 531.17
631.1 , 520.6
626.3 , 509.4
619.35 , 499.8
471.35 , 587.53
485 , 578.88
501.48 , 576.78
518.48 , 575.78
535.48 , 574.78
552 , 572.78
568.75 , 571.28
585.75 , 570.28
602.62 , 571.53
619.28 , 573.28
635.93 , 575.03
652.07 , 577.76
660.83 , 591.05
654.13 , 605.48
647.09 , 619.8
639.12 , 633.75
627.7 , 646.46
614.08 , 655.3
599.43 , 661.28
583.62 , 664.78
566.5 , 665.53
549.88 , 663.79
534.3 , 659.8
519.98 , 652.69
507.02 , 641.96
495.95 , 629.15
486.72 , 615.68
478.6 , 601.78
477.85 , 588.78
490.95 , 585.79
504.9 , 587.02
517.48 , 591.05
530.48 , 594.31
543.95 , 596.52
557.78 , 598.03
571.98 , 597.28
585.33 , 594.77
598.35 , 591.53
610.9 , 587.51
624.6 , 585.78
638.58 , 584.53
650.49 , 589.14
644.57 , 601.05
635.95 , 611.96
624.93 , 620.23
613.23 , 626.65
600.9 , 631.28
587.17 , 633.03
573.1 , 634.03
559.4 , 632.27
546.08 , 629.76
533.35 , 626.03
521.33 , 620.51
509.58 , 614.25
498.15 , 607.1
486.88 , 599.56
628.17 , 432.77
632.69 , 427.01
639 , 423.96
645.29 , 420.77
651.77 , 418.28
659.12 , 417.52
666.69 , 417.77
673.77 , 418.99
679.97 , 422.34
686.09 , 425.92
691.92 , 430.27
688.14 , 436.3
682.1 , 440.03
675.75 , 443.02
668.64 , 444.27
661.19 , 444.77
653.75 , 444.26
646.89 , 442.5
640.62 , 439.26
634.22 , 436.53
512.74 , 433.51
506.79 , 428.98
500.64 , 424.97
493.97 , 422.49
486.89 , 420.74
479.49 , 419.73
471.74 , 419.96
464.84 , 422.07
458.54 , 425.64
452.77 , 430.66
448.69 , 436.73
454.59 , 441.41
461.09 , 444.51
467.99 , 446.5
475.26 , 447.72
483.04 , 447.98
490.22 , 446.47
497.04 , 444.38
503.64 , 441.74
510.57 , 439.75
620.85 , 391.29
625.26 , 382.09
634.15 , 376.78
643.5 , 372.77
653.55 , 370.28
663.93 , 368.55
674.3 , 366.78
684.45 , 369.07
693.95 , 372.63
702.53 , 378.74
709.45 , 386.92
710.77 , 395.53
701.8 , 390.51
692.23 , 387.04
681.35 , 386.29
670.38 , 386.79
659.78 , 388.11
649.62 , 390.28
639.5 , 392.63
629.88 , 395.8
525.4 , 395.09
523.87 , 383.82
513.62 , 378.84
501.95 , 377.09
490.27 , 375.34
478.35 , 374.09
466.07 , 373.57
455 , 376.62
444.72 , 381.59
435.53 , 389.46
429.08 , 399.16
423.9 , 409.34
435.17 , 407.57
445.15 , 401.84
455.05 , 395.94
466.2 , 393.1
478.47 , 393.59
490.62 , 394.34
502.42 , 395.84
514.1 , 397.59
