1002681492_1
315.65 , 286.8
315.5 , 301.25
313.01 , 316.16
313.82 , 332
312.25 , 347.51
311.06 , 362.49
312.44 , 376.92
313.04 , 393.66
318.1 , 407.21
323.24 , 422.46
328.29 , 436.19
334.71 , 450.16
345.82 , 460.93
358.28 , 469.7
371.22 , 479.37
382.48 , 488.46
395.67 , 497.78
407.55 , 506.65
420.43 , 514.08
435.31 , 519.79
450.7 , 524.88
465.53 , 528.9
480.03 , 530.28
494.75 , 529.69
511.33 , 527.99
525.54 , 525.54
540.89 , 521.04
556.47 , 517.75
569.98 , 513
583.59 , 505.67
597.48 , 497.79
608.92 , 488.53
619.45 , 477.25
629.02 , 465.41
637.31 , 452.84
645.16 , 438.25
651.86 , 424.76
658.2 , 411.25
664.93 , 396.29
670.79 , 382.78
677 , 367.9
461.61 , 318.41
453.02 , 326.21
444.72 , 334.69
438.74 , 346.24
441.51 , 357.53
451.55 , 364.17
462.67 , 368.37
474.25 , 370.98
486.51 , 373.64
498.31 , 377.03
510.89 , 377.27
523.1 , 376.57
535.5 , 374.31
543.35 , 365.68
542.65 , 353.83
538.84 , 342.49
534.56 , 330.13
415.25 , 410.12
421.32 , 402.05
428.53 , 394.35
436.5 , 387.87
444.93 , 382.72
453.65 , 378.22
463.23 , 375.87
473.32 , 377.12
483.55 , 378.12
494.02 , 378.62
503.73 , 380.6
512.45 , 385.05
520.62 , 391
528.4 , 398
533.51 , 406.47
536.53 , 415.69
535.27 , 425.79
525.48 , 424.12
515.98 , 421.62
505.25 , 421.62
494.8 , 422.12
484.07 , 422.12
473.98 , 420.87
464.35 , 418.65
454.98 , 415.87
445.12 , 414.13
435.02 , 412.87
424.43 , 413.14
432.25 , 404.87
438.98 , 402.61
445.75 , 400.37
452.57 , 398.3
459.62 , 396.5
466.9 , 395.22
474.75 , 395.12
481.77 , 396.89
488.8 , 398.66
495.9 , 400.35
502.43 , 403.31
508.75 , 406.87
514.62 , 411.52
520.77 , 415.63
527.08 , 419.18
523 , 417.37
516.9 , 413.25
510.88 , 408.87
504.75 , 404.87
498.3 , 401.61
491.18 , 400.05
483.73 , 399.12
476.07 , 398.62
468.43 , 398.12
460.93 , 398.94
453.82 , 400.55
446.98 , 402.64
440.02 , 404.62
555.29 , 287.06
557.89 , 279.16
565.04 , 274.56
572.76 , 271.56
580.99 , 269.56
589.56 , 268.31
598.24 , 269.29
605.91 , 272.43
613.19 , 276.71
620.06 , 282.08
625.63 , 288.88
629.65 , 296.08
621.31 , 297.81
612.64 , 298.81
603.96 , 299.81
594.91 , 300.06
586.12 , 299.3
577.89 , 297.34
570.31 , 293.82
562.84 , 290.07
454.73 , 262.98
450.68 , 256.67
444.91 , 251.13
438.59 , 247.08
431.96 , 243.88
424.86 , 241.85
417.36 , 240.6
409.79 , 241.58
402.81 , 243.89
396.51 , 247.96
390.61 , 253.1
396.61 , 258.1
401.76 , 263.99
408.21 , 267.69
414.94 , 270.63
422.41 , 271.84
430.13 , 272.6
438.21 , 272.6
445.94 , 271.85
453.2 , 270.12
560.68 , 242.18
569.26 , 233.34
580.28 , 230.34
591.78 , 228.4
603.73 , 227.43
615.55 , 228.65
626.3 , 232.06
636.73 , 236.21
647.15 , 240.41
656.73 , 247
665.48 , 255.48
659.33 , 261.92
648.93 , 257.68
638.65 , 252.92
627.86 , 249.67
616.4 , 247.68
604.28 , 247.33
592.73 , 249.14
581.53 , 251.68
569.61 , 250.63
472.72 , 220.93
464.69 , 214.78
456.31 , 209.67
447.41 , 206
438.24 , 203.08
428.76 , 200.69
419.19 , 198.43
408.96 , 197.81
399.69 , 200.59
391.26 , 205.53
383.09 , 211.18
392.89 , 212.92
402.66 , 214.67
412.34 , 216.68
421.79 , 219.14
431.16 , 221.75
440.46 , 224.41
449.74 , 227.15
459.54 , 228.91
470.06 , 229.18
