1844911065_1
310.6 , 440.3
312.4 , 450.33
314.53 , 460.31
316.95 , 470.3
320.17 , 480.13
322.99 , 489.98
325.22 , 499.86
327.95 , 509.79
330.64 , 520.88
333.24 , 530.32
337.6 , 540.22
343.49 , 548.14
350.05 , 555.67
358.11 , 563.51
365.59 , 570.14
373.6 , 576.73
382.14 , 582.97
390.7 , 588.2
401.3 , 591.7
410.76 , 593.41
421.81 , 594.38
432.02 , 594.22
442.5 , 593.7
452.01 , 593.06
462.55 , 590.92
472.42 , 587.84
482.01 , 583.06
490.9 , 578.47
500.21 , 573.38
508.85 , 568.05
517.87 , 563.29
526.65 , 556.95
534.79 , 550.37
541.66 , 542.24
548.55 , 535.6
555.08 , 526.43
560.18 , 517.42
565.2 , 508.45
569.49 , 498.78
573.36 , 489.71
576.04 , 479.1
429.6 , 386.7
423.07 , 396.15
413.14 , 402.37
405.31 , 410.75
408.14 , 420.81
419.61 , 425.86
429.49 , 431.35
437.22 , 440.54
447.21 , 444.74
458.82 , 443.49
470.33 , 438.71
481.22 , 438.86
493.53 , 438.9
498.39 , 428.91
491.91 , 420.06
483.97 , 411.45
481.55 , 399.3
382.59 , 481.63
390.56 , 478.12
399.51 , 476.64
408.46 , 475.13
417.79 , 475.88
426.49 , 477.88
435.09 , 480.13
443.21 , 483.37
452.29 , 484.63
461.59 , 485.38
470.19 , 487.6
478.14 , 491.36
486.06 , 495.32
489.6 , 503.36
484.03 , 510.68
477.94 , 517.77
470.51 , 522.95
462.26 , 525.9
453.44 , 527.62
444.26 , 528.63
435.06 , 527.63
426.87 , 524.64
418.91 , 520.73
411.21 , 516.29
403.79 , 511.1
396.89 , 504.43
390.78 , 497.33
386.69 , 489.45
399.84 , 486.38
405.84 , 486.13
411.74 , 485.63
417.76 , 485.89
423.16 , 487.41
428.59 , 488.88
434.11 , 490.13
439.39 , 491.9
444.91 , 493.12
450.69 , 493.88
456.59 , 494.38
462.49 , 494.88
468.04 , 496.14
473.48 , 497.54
472.96 , 502.87
468.06 , 505.64
462.79 , 507.37
457.24 , 508.63
451.34 , 509.13
445.31 , 508.88
439.19 , 508.88
433.41 , 508.16
428.01 , 506.56
423.09 , 503.88
418.24 , 501
413.26 , 498.3
408.66 , 494.7
404.19 , 490.73
510.13 , 351.66
513.9 , 349.13
517.65 , 346.4
521.68 , 344.4
525.86 , 342.9
530.4 , 342.16
534.96 , 342.91
539.38 , 343.91
543.48 , 345.67
547.41 , 347.92
550.69 , 351.46
551.74 , 355.68
546.95 , 355.91
542.15 , 355.66
537.61 , 354.91
532.83 , 354.66
528.03 , 354.91
523.48 , 354.16
518.68 , 354.41
514.13 , 353.66
415.8 , 339.38
416.47 , 334.74
412.95 , 330.99
409.03 , 327.82
404.6 , 326.14
399.58 , 325.64
394.58 , 325.14
389.7 , 325.86
385.05 , 327.12
380.55 , 328.62
376.23 , 330.64
372.1 , 333.14
376.48 , 334.92
381.1 , 336.14
385.88 , 337.14
390.75 , 337.89
395.78 , 338.39
400.78 , 338.89
405.78 , 339.39
410.77 , 339.89
509.53 , 313.53
513.46 , 306.29
521.23 , 303.52
530.13 , 303.03
538.3 , 305.03
546.4 , 307.15
554.18 , 309.94
561.3 , 314.54
568.18 , 319.91
574.45 , 326.45
579.44 , 333.4
578.91 , 341.25
571.11 , 338.59
563.45 , 335.46
556.05 , 331.54
548.61 , 327.79
541.05 , 324.29
533 , 322.03
524.83 , 320.03
516.78 , 317.78
432.35 , 314.52
425.68 , 308.57
418.48 , 304.15
410.82 , 300.99
402.55 , 299.17
393.52 , 298.92
385 , 300.17
376.85 , 302.32
369.07 , 305.11
361.66 , 309
356.5 , 315.92
364.8 , 314.17
372.85 , 311.89
381.4 , 310.68
390.3 , 310.17
398.73 , 311.65
406.95 , 313.63
414.73 , 316.41
422.35 , 319.68
430.62 , 321.39
