1063957157_1
141.95 , 144.45
143.53 , 168.5
145.46 , 190.58
147.92 , 215.1
150.69 , 239.55
155.33 , 263.9
161.82 , 285.54
170.87 , 309.56
180.15 , 330.49
189.77 , 351.64
202.94 , 372.83
214.74 , 395.49
224.18 , 417.8
234.6 , 437.22
249.51 , 456.63
268.21 , 471.95
289.1 , 485.93
308.99 , 497.58
331.48 , 509.83
352.33 , 519.89
373.91 , 528.25
399.02 , 535.8
420.68 , 539.71
446.16 , 542.25
468.79 , 537.83
490.55 , 526.66
511.12 , 514.09
533.22 , 501.61
553.62 , 491.72
574.77 , 478.59
593.63 , 463.65
610.83 , 447.48
623.94 , 427.06
636.88 , 406.55
648.91 , 385.35
658.71 , 364.75
665.67 , 342.27
671.72 , 316.36
679.04 , 295.22
686.77 , 270.76
689.1 , 246.59
459.04 , 213.58
447.63 , 228.71
430.2 , 239.14
416.69 , 256.42
410.47 , 275.21
415.31 , 295.54
431.84 , 307.96
452.67 , 310.03
473.19 , 311.35
494.65 , 313.62
516 , 314.68
535.75 , 317.75
553.69 , 306.51
556.13 , 286.81
546.52 , 267.18
543.56 , 247.9
541.01 , 225.73
389.67 , 422.57
392.42 , 409.92
400.47 , 399.54
411.15 , 391.83
421.82 , 384.16
433.5 , 379.07
446.75 , 377.55
459.9 , 379.32
473.77 , 379.57
487.62 , 379.3
500.17 , 382.32
511.7 , 387.6
521.42 , 397.57
525.92 , 409.39
526.18 , 423.04
521.26 , 434.72
514.88 , 445.87
508.5 , 457.02
498 , 465.25
485.92 , 469.07
472.77 , 470.82
459.42 , 472.07
446.55 , 469.7
434.72 , 465.35
423.19 , 459.83
412.05 , 453.42
401.67 , 445.17
393.89 , 434.5
409.42 , 405.57
416.19 , 404.57
423 , 403.59
429.17 , 401.32
435.47 , 399.32
442.12 , 398.07
448.92 , 399.07
455.1 , 401.34
461.55 , 403.1
468.7 , 403.32
475.62 , 404.07
482.9 , 404.07
489.92 , 404.57
495.43 , 408.63
497.97 , 414.72
494.84 , 420.59
487.7 , 420.82
480.52 , 420.57
473.5 , 420.07
466.45 , 419.57
459.3 , 419.82
452.14 , 420.07
445.77 , 418.17
440.14 , 414.31
434.2 , 411.34
427.17 , 410.82
420.39 , 411.82
413.48 , 411.09
556.75 , 161.95
565.95 , 154.26
575.52 , 147.69
585.88 , 143.17
597.12 , 140.71
609.55 , 140.7
620.8 , 143.19
631 , 148.2
640.2 , 155.9
648.63 , 164.82
655.97 , 174.12
647.25 , 182.95
637.1 , 188.1
625.83 , 190.45
613.73 , 191.2
601.4 , 190.95
589.7 , 189.45
578.7 , 186.43
568.5 , 181.45
559.56 , 173.03
420.86 , 135.72
414.08 , 124.69
405.83 , 114.19
395.75 , 104.61
384.73 , 97.88
372.4 , 94.4
359.1 , 92.89
345.93 , 94.62
333.9 , 98.64
322.53 , 104.64
311.53 , 111.39
320.53 , 121.64
329.53 , 131.89
340.15 , 139.88
351.6 , 145.65
363.65 , 149.66
376.33 , 152.38
389.88 , 153.39
402.83 , 151.14
414.71 , 146.71
546.79 , 102.17
560.26 , 88.68
576.87 , 83.64
595.44 , 82.67
613.29 , 85.17
630.79 , 88.42
647.66 , 92.9
664.26 , 97.92
680.87 , 102.9
696.34 , 110.96
707.53 , 125.12
699.51 , 139.15
683.41 , 133.05
667.37 , 126.74
650.37 , 122.41
633.76 , 117.41
617.41 , 111.95
599.79 , 108.92
581.21 , 109.92
562.37 , 109.98
474.26 , 65.74
452.13 , 52.6
428.24 , 44.16
403.38 , 37.64
377.94 , 32.42
351.38 , 29.42
323.54 , 29.67
297.24 , 33.17
272.31 , 39.66
250.09 , 52.32
236.21 , 74.17
263.01 , 71.67
287.24 , 64.15
312.24 , 57.9
338.66 , 54.67
366.06 , 53.39
393.31 , 54.92
419.11 , 59.44
443.19 , 67.41
466.29 , 78.18
