185377791_1
165.25 , 622.59
172.72 , 644.34
180.48 , 665.59
188.92 , 687.4
196.67 , 709.35
204.45 , 731.8
212.67 , 754.58
221.87 , 775.64
234.91 , 797.08
248.04 , 814.11
267.58 , 830.53
285.91 , 841.93
309.34 , 849.88
331.67 , 856.07
353.1 , 864.23
375.61 , 873.24
399.7 , 875.32
420.1 , 868.26
442.66 , 861.64
467.31 , 855.45
489.01 , 852.23
512.1 , 858.55
533.79 , 854.12
554.35 , 840.39
573.52 , 828.61
595.62 , 818.25
617.94 , 809.73
640.48 , 803.65
659.86 , 790.62
675.5 , 773.82
694.37 , 759.81
706.38 , 738.88
717.51 , 718.7
720.5 , 695.77
720.13 , 670.72
718.74 , 647.27
717.03 , 625.45
714.85 , 601.64
712.35 , 576.61
709.93 , 554.28
707.62 , 529.62
363.19 , 620.35
358.6 , 635.75
354.15 , 651.88
349.91 , 666.31
350.02 , 683.22
361.1 , 694.94
376.57 , 695.09
392.35 , 687.85
407.42 , 686.19
425.17 , 686.07
440.3 , 684.1
457.4 , 681.64
470.18 , 671.47
471.15 , 656.2
464.86 , 640.64
456.55 , 626.6
447 , 612.44
369.65 , 775.46
369.4 , 762.21
371.65 , 749.96
377.28 , 739.09
386.77 , 729.83
398.05 , 725.47
410.8 , 724.21
423.32 , 722.45
435.12 , 719.23
447.15 , 721.96
458.15 , 727.21
469.15 , 732.46
480.27 , 737.21
491.48 , 741.72
502.6 , 746.42
507.63 , 756.24
497.65 , 764.06
489.08 , 773.81
480.45 , 783.41
470.22 , 790.7
459.2 , 795.97
447.27 , 798.99
434.9 , 800.96
422.25 , 802.46
409.12 , 802.45
397.25 , 799.3
386.45 , 793.52
376.56 , 785.83
376.9 , 775.96
383.95 , 770.4
389.34 , 763.26
396.42 , 757.7
403.6 , 752.48
411.4 , 748.96
419.88 , 746.96
428.77 , 745.83
438.02 , 745.46
447.2 , 745.96
455.82 , 747.64
464.4 , 749.46
473.45 , 750.23
482.77 , 750.46
491.95 , 750.96
489.35 , 755.2
480.65 , 756.71
471.8 , 757.96
462.88 , 758.98
453.92 , 759.96
445.32 , 761.7
437 , 763.93
428.75 , 766.36
419.82 , 767.46
410.65 , 767.96
401.7 , 768.94
393.05 , 770.55
384.92 , 773.2
472.15 , 561.43
478.68 , 552.65
486.88 , 544.45
495.07 , 536.26
504.05 , 530.27
513.82 , 526.5
524.65 , 524.93
536.25 , 524.93
547 , 526.67
557.3 , 529.33
566.97 , 533.49
566.8 , 544.43
558 , 551.05
548.98 , 556.86
539.2 , 560.66
528.58 , 562.68
517.45 , 563.68
506.22 , 562.93
494.75 , 562.68
483.15 , 562.68
328.49 , 579.86
320.01 , 574.36
311.01 , 570.1
301.79 , 566.63
291.81 , 564.65
281.76 , 566.44
272.04 , 568.92
263.19 , 573.56
254.53 , 578.68
246.37 , 585.1
240.31 , 593.4
249.49 , 596.92
258.49 , 601.17
268.53 , 602.9
279.11 , 602.15
289.41 , 600.9
299.36 , 598.9
308.99 , 596.22
318.61 , 593.61
327.66 , 589.56
435.09 , 503.76
443.31 , 487.54
459.56 , 479.28
477.34 , 474.76
495.59 , 471.26
514.06 , 468.28
533.14 , 466.52
552.71 , 467.26
570.71 , 471.26
587.69 , 477.35
603.09 , 487.76
604.19 , 503.1
586.81 , 497.99
568.56 , 494.51
549.21 , 493.26
529.29 , 493.26
509.59 , 493.76
490.99 , 496.54
473.24 , 501.02
454.39 , 503.26
318.23 , 514
303 , 508.57
286.38 , 506.07
269 , 507.09
252.25 , 509.34
236.08 , 512.82
220.43 , 517.32
205.55 , 523.57
191.67 , 532.7
180.52 , 545.85
173.05 , 560.32
189.57 , 562.56
203.57 , 553.79
217.78 , 545.59
232.78 , 539.59
248.55 , 535.32
265.18 , 532.83
282.18 , 531.08
299.78 , 530.57
316.67 , 528.54
