1861796452_1
355.11 , 572.56
357.32 , 598.89
359.37 , 624.49
362.9 , 650.14
367.94 , 676.89
373.49 , 702.36
379.99 , 729.72
387.03 , 754.9
395.97 , 780.93
406.11 , 806.2
417.38 , 830.57
430.78 , 853.99
445.78 , 875.39
461.7 , 895.71
478.29 , 918.07
495.18 , 936.52
516.71 , 955.51
536.39 , 971.5
559.6 , 986.68
584.57 , 997.73
607.72 , 1006.48
636.22 , 1005.63
662.25 , 999.03
685.44 , 989.99
711.14 , 979.72
736.02 , 968.23
755.89 , 952.59
772.27 , 932.02
784.98 , 908.59
797.16 , 883.62
808.57 , 858.43
821.83 , 836.5
836.4 , 812.51
846.47 , 788.39
856.63 , 763.73
866.71 , 739.86
873.67 , 713.87
877.44 , 687.11
882.37 , 660.43
886.85 , 633.62
888.14 , 606.39
592.89 , 678.65
576.53 , 694.17
555.78 , 704.88
547.36 , 726.45
548.24 , 748.99
567.31 , 759.87
587.55 , 772.18
607.9 , 787.96
629.92 , 796.03
652.95 , 795.59
673.21 , 783.59
689.51 , 768.18
710.52 , 756.86
725.32 , 740.26
715.88 , 719.11
699.63 , 701.14
689.89 , 678.65
539.75 , 837.75
553.15 , 831.73
568.55 , 830
583.95 , 828.25
599.7 , 827.25
615.23 , 828.75
629.85 , 832.1
645.8 , 831.75
661.08 , 829.76
677.33 , 829.75
692.73 , 831.5
708.23 , 833
723.75 , 834.5
738.33 , 837.98
733.92 , 850.81
720.52 , 856.99
706.83 , 862.19
693.3 , 867.96
679.67 , 873.5
665.42 , 877.57
650.35 , 880
634.35 , 880.53
618.98 , 878.73
604.5 , 875
591.02 , 869
578.35 , 860.85
566.08 , 851.55
552.85 , 844.81
540 , 837.75
554.3 , 838.5
567.65 , 841.24
580.77 , 844.5
593.6 , 848.28
606.45 , 852.01
619.58 , 855.24
633.27 , 857.25
647.73 , 856.75
661.55 , 855.01
674.9 , 852.23
688.02 , 848.99
700.8 , 845.21
713.95 , 842.04
727.25 , 841.25
713.65 , 843.48
700.6 , 846.9
687.98 , 851
674.85 , 854.25
660.9 , 855.73
647.42 , 858.25
633 , 857.75
619.17 , 856.02
605.73 , 853.48
592.7 , 850.02
579.88 , 846.28
567.05 , 842.48
554.2 , 838.76
721.89 , 556.13
729.39 , 547.38
738.54 , 541.01
748.01 , 535.51
757.99 , 531.38
768.69 , 528.88
780.01 , 527.63
791.44 , 528.62
801.41 , 532.65
810.44 , 539.43
818.88 , 547.86
820.31 , 559
810.76 , 564.41
799.24 , 565.13
787.57 , 565.63
775.89 , 566.13
764.57 , 567.38
752.79 , 567.13
741.46 , 565.88
730.66 , 563.64
544.43 , 558.64
544 , 549.88
536.73 , 543.87
528.7 , 539.86
519.85 , 537.87
510.55 , 536.88
500.98 , 536.38
491.3 , 536.63
481.98 , 537.65
473.32 , 540.07
465.44 , 544.44
460.75 , 552.13
468.8 , 555.91
477.23 , 558.61
486.55 , 559.63
496.35 , 559.63
506.05 , 559.88
515.85 , 559.88
525.52 , 560.13
535.1 , 559.63
698.14 , 508.98
711.62 , 496.99
726.79 , 489.46
743.62 , 485.97
760.34 , 482.27
776.49 , 477.51
792.19 , 471.75
810.24 , 470.73
826.87 , 474.73
841.54 , 483.41
852.9 , 496.81
851.24 , 513.21
834.54 , 509.45
817.91 , 505.48
799.82 , 504.8
782.32 , 506.96
765.01 , 509.46
748.19 , 512.96
731.24 , 516.23
713.19 , 516.76
579.1 , 514.93
578.24 , 497.32
562 , 489.55
544.27 , 485.34
526.02 , 482.32
507.72 , 479.3
489.45 , 476.3
470.3 , 475.05
451.3 , 476.52
434.32 , 482.17
419.38 , 493.38
413.72 , 510.3
428.27 , 522.11
447.35 , 523.55
465.62 , 520.53
484.27 , 518.31
503.77 , 517.8
523.39 , 518.05
542.64 , 519.05
561.89 , 520.05
