1868687324_1
397.29 , 496.7
399.22 , 515.5
401.83 , 532.56
405.35 , 551.43
409.48 , 570.16
413.65 , 588.73
420.77 , 606.59
429.02 , 623.94
435.79 , 641.39
443.23 , 657.93
452.74 , 676.04
461.79 , 692.24
471.29 , 708.08
481.68 , 723.32
494.37 , 738.17
508.31 , 751.25
523.49 , 762.7
538.17 , 774.22
553.13 , 785.55
572.08 , 787.58
590 , 784.7
609.13 , 782.87
627.85 , 777.98
644.48 , 770.52
660.69 , 759.92
673.9 , 745.82
685.47 , 731.68
697.99 , 717.42
711.03 , 701.99
722.04 , 688.4
732.61 , 671.66
744.37 , 656.75
756 , 641.61
766.75 , 625.78
773.55 , 608.96
777.27 , 590.43
781.64 , 572.4
785.16 , 553.37
790.14 , 534.3
791.6 , 515.24
791.94 , 496.12
538.4 , 513.9
531.55 , 525.86
522.84 , 536.1
522.44 , 550.71
531.05 , 562.44
543.92 , 568.41
556.13 , 576.17
567.47 , 583.21
582.01 , 586.33
595.23 , 584.31
609.05 , 577.37
622.29 , 572.76
635.25 , 567.75
640.57 , 554.61
638.68 , 540.55
630.25 , 528.4
625 , 515.15
501.05 , 616.29
516.4 , 614.3
531.15 , 617.52
545.52 , 621.54
560.27 , 624.79
575.75 , 626.54
591.95 , 626.79
607.67 , 628.04
622.55 , 631.04
637.27 , 634.28
649.32 , 644.21
652.54 , 658.96
649.83 , 673.94
643.08 , 687.26
633.92 , 699.66
623.67 , 711.66
611.42 , 721.28
597.48 , 726.03
581.15 , 726.04
565.42 , 724.82
551.05 , 720.79
538.05 , 713.29
529.09 , 700.84
523.05 , 687.29
517.33 , 673.69
511.81 , 660.01
507.3 , 645.91
503.8 , 631.26
505.8 , 615.79
518.48 , 614.79
530.35 , 617.53
541.38 , 622.07
552.83 , 625.55
564.7 , 628.28
576.55 , 631.04
588.42 , 633.78
601.25 , 634.54
614.42 , 634.54
626.65 , 636.54
638.98 , 638.29
645.63 , 648.21
638.15 , 658.19
629.55 , 667.79
620.77 , 677.31
611.82 , 686.78
601.6 , 693.53
590.12 , 697.04
577.23 , 696.47
566.15 , 692.13
555.41 , 686.63
547.73 , 676.71
539.32 , 667.06
530.56 , 657.56
523.62 , 647.39
517.97 , 636.71
509.56 , 627.06
644.57 , 449.7
650.45 , 444.55
657.25 , 441.93
664.7 , 440.71
672.02 , 439.2
679.7 , 438.45
687.75 , 438.45
695.67 , 438.7
703.37 , 439.44
710.3 , 441.71
716.76 , 444.96
709.92 , 447.48
703.1 , 449.96
696.02 , 451.95
688.7 , 453.46
681.5 , 455.2
673.92 , 456.2
665.87 , 456.2
658.17 , 455.45
650.6 , 454.46
531.87 , 454.9
528.07 , 448.37
521.8 , 443.77
515.05 , 440.49
507.55 , 439.02
499.57 , 438.51
491.35 , 438.51
483.47 , 439.26
475.85 , 440.52
468.47 , 442.24
461.95 , 446.01
468.23 , 450.54
474.12 , 456.18
480.45 , 460.51
487.45 , 463.01
495.2 , 464.01
503.42 , 464.01
511.05 , 462.75
518.55 , 461.28
525.55 , 458.76
641.05 , 442.66
647.12 , 428.79
660.57 , 421.4
674.3 , 414.66
688.15 , 408.38
702.3 , 403.16
716.3 , 397.41
732.42 , 396.16
747.95 , 398.67
761.88 , 404.68
773.98 , 415.81
779.36 , 429.64
765.42 , 435.65
749.77 , 433.41
734.15 , 431.16
717.77 , 431.91
701.4 , 432.66
685.27 , 431.41
669.5 , 433.4
655.25 , 438.43
530.69 , 424.54
518.74 , 416.68
505.87 , 411.46
492.59 , 407.22
479.21 , 403.2
464.81 , 401.22
449.81 , 401.99
435.46 , 404.1
421.74 , 407.57
408.99 , 413.29
398.09 , 423.97
411.51 , 427.9
426.24 , 429.22
441.24 , 428.47
456.51 , 428.22
471.51 , 428.97
486.21 , 430.35
500.91 , 431.7
515.21 , 433.97
529.49 , 436.21
