1878818683_1
380.48 , 526.29
384.09 , 539.04
387.65 , 553.3
392.37 , 567.09
398.06 , 580.36
404.12 , 592.23
412.09 , 604.56
421.2 , 616.25
428.85 , 627.69
438.01 , 638.82
447.98 , 648.31
457.91 , 658.62
469.14 , 667.65
480.32 , 676.5
493.19 , 684.87
504.86 , 692.44
517.22 , 698.41
531.4 , 702.27
546.02 , 703.06
559.27 , 701.78
572.62 , 697.13
585.81 , 691.64
598.9 , 685.01
611.32 , 677.95
623.21 , 670.82
634.93 , 662.31
645.81 , 653.34
656.79 , 642.6
665.85 , 632.76
675.12 , 621
680.27 , 607.96
685.4 , 594.68
690.57 , 580.8
692.4 , 567.55
693.57 , 553.1
693.56 , 538.51
692.79 , 524.15
691.78 , 509.79
690.25 , 495.48
687.34 , 481.3
683.1 , 467.4
485.94 , 492.85
482.65 , 503.5
477.09 , 513.95
473.85 , 525.6
478.85 , 536.5
489.41 , 540.94
500.51 , 536.88
510.15 , 541.95
522.07 , 542.09
534.4 , 540.3
542.97 , 532.16
552.77 , 527.19
564.75 , 524.4
569.53 , 513.83
562.69 , 504.07
556.22 , 495.27
551.25 , 483.35
479.75 , 600.82
487.32 , 595.31
495.65 , 591.79
503.95 , 588.3
512.12 , 584.29
520.73 , 581.59
530.08 , 582.82
539.8 , 582.32
548.3 , 579.3
557.9 , 578.57
567.5 , 577.82
577.1 , 577.07
586.48 , 575.82
596.32 , 575.57
594.7 , 584.12
588.4 , 591.42
581.7 , 598.62
574.4 , 604.91
566.9 , 610.69
558.75 , 614.82
549.88 , 617.06
540.62 , 618.57
531.02 , 619.32
521.55 , 618.31
512.55 , 616.34
504.05 , 613.3
495.88 , 609.32
487.73 , 605.3
483.25 , 598.57
491.1 , 596.54
499.55 , 595.82
507.77 , 594.57
515.98 , 593.32
524.2 , 592.07
532.55 , 591.07
541 , 590.32
549.45 , 589.57
557.45 , 587.86
565.25 , 585.82
572.98 , 583.58
580.98 , 581.84
588.55 , 579.28
595.97 , 578.08
588.5 , 580.82
580.77 , 583.05
573.1 , 585.29
565 , 586.82
557.02 , 588.56
549.2 , 590.61
541.65 , 593.17
534.02 , 595.57
525.8 , 596.82
517.1 , 597.07
508.27 , 597.07
500.18 , 598.57
491.73 , 599.32
549.31 , 413.7
553.91 , 408.6
559.01 , 404
564.33 , 399.92
569.98 , 396.8
575.71 , 393.8
581.96 , 392.21
588.76 , 392.7
595.33 , 393.69
601.38 , 395.71
606.95 , 399.05
606.51 , 405.77
601.21 , 409.95
595.41 , 412.7
588.98 , 413.96
582.53 , 415.2
575.86 , 415.95
568.81 , 415.95
562.01 , 415.45
555.21 , 415.97
458.88 , 434.37
457.35 , 428.03
451.49 , 425.04
445.38 , 422.79
439.28 , 420.51
432.78 , 419.02
425.71 , 418.77
419.48 , 420.76
413.64 , 423.82
408.9 , 429.07
406.01 , 434.97
404.21 , 441.27
409.58 , 445.15
415.49 , 448.03
422.18 , 449.02
429.28 , 448.77
435.76 , 447.27
441.99 , 445.26
447.93 , 442.54
453.79 , 439.47
527.31 , 384.1
533.09 , 372.82
544.01 , 366.14
555.68 , 361.48
567.76 , 357.87
580.31 , 355.1
593.46 , 353.61
607.23 , 353.35
620.16 , 355.36
632.31 , 358.85
643.83 , 363.87
643.61 , 375.1
629.98 , 375.53
616.56 , 374.6
603.16 , 373.6
589.53 , 373.12
576.48 , 374.88
563.81 , 377.35
552.08 , 381.83
540.21 , 385.85
459.79 , 396.5
453.8 , 386.76
442.62 , 383.85
430.17 , 383.6
417.72 , 383.35
405.27 , 383.11
393.8 , 385.33
382.97 , 388.87
372.65 , 393.85
362.81 , 400.15
358.4 , 410.6
359.4 , 422.69
368.77 , 416.72
378.05 , 408.86
388.35 , 403.84
399.62 , 401.1
411.7 , 400.1
424.15 , 399.85
436.6 , 399.6
449.07 , 399.85
