10697993_1
294.33 , 565.05
287.77 , 584.24
282.9 , 607.87
284.69 , 630.84
291.83 , 652.17
299.48 , 672.89
308.17 , 694.74
316.9 , 714.75
325.14 , 736.38
336.66 , 756.06
347.26 , 774.95
350.99 , 796.59
354.96 , 820.32
360.09 , 842.34
366.14 , 862.11
381.56 , 878.78
402.53 , 886.96
425.38 , 890.9
446.93 , 891.08
470.89 , 894.28
492.64 , 889.78
512.78 , 879.14
533.37 , 871.46
555.06 , 865.11
577.94 , 859.27
599.98 , 853.2
621.05 , 846.11
641.8 , 837.7
661.42 , 828.14
681.64 , 819.14
702.49 , 808.03
715.67 , 790.51
727.29 , 769.66
735.21 , 749.3
739.25 , 726.43
742.87 , 705.6
746.04 , 682.52
749.03 , 659.5
750.68 , 637
753.91 , 615.53
754.95 , 591.5
336.04 , 563.6
328.82 , 577.79
322.12 , 593
325.91 , 609.3
335.29 , 622.95
347.47 , 635.4
362.88 , 641.7
378.86 , 641.24
395.45 , 637.1
410.62 , 629.72
427.39 , 625.73
441.39 , 617.73
449.49 , 602.73
447.16 , 585.73
435.3 , 573.93
421.06 , 564.5
412.41 , 550
348.61 , 686.04
361.29 , 675.59
377.29 , 673.29
393.21 , 670.79
410.31 , 670.79
426.96 , 671.79
443.34 , 673.29
460.21 , 673.79
475.76 , 677.03
492.26 , 675.79
509.04 , 676.55
523.17 , 683.06
521.07 , 698.84
511.53 , 711.87
501.09 , 724.56
488.74 , 735.94
475.38 , 744.52
461.31 , 751.27
446.94 , 757.04
431.61 , 760.79
415.96 , 763.79
399.94 , 766.04
383.06 , 766.55
368.12 , 762.19
362.61 , 747.74
359.38 , 732.19
355.14 , 717.16
351.12 , 701.96
363.36 , 707.54
369.27 , 696.59
381.01 , 692.76
392.74 , 689.02
405.26 , 686.8
418.63 , 686.29
431.99 , 685.79
444.38 , 683.29
457.26 , 681.79
469.91 , 683.79
482.66 , 685.54
495.79 , 684.54
508.79 , 685.8
520.33 , 690.02
514.68 , 700.71
504.59 , 709.05
494.21 , 716.53
483.06 , 722.08
471.76 , 727.04
459.36 , 729.54
446.86 , 731.79
434.34 , 734.04
421.34 , 735.29
408.34 , 736.54
395.81 , 738.79
382.34 , 738.54
372.11 , 730.54
367.12 , 719.26
462.93 , 490.94
469.25 , 487.88
475.86 , 485.51
482.81 , 483.82
489.81 , 482.16
497.2 , 481.44
504.83 , 481.19
512.36 , 481.69
519.65 , 482.67
526.56 , 484.44
533.05 , 487.07
530.15 , 491.94
522.63 , 492.44
515.23 , 493.19
507.48 , 493.19
499.83 , 493.44
492.31 , 493.94
484.65 , 494.19
477.25 , 493.44
469.98 , 492.43
360.47 , 498.25
355.88 , 496.19
350.82 , 495.21
345.77 , 494.22
340.7 , 493.19
335.17 , 493.19
329.75 , 493.45
324.7 , 494.42
320.1 , 496.48
315.87 , 499.47
312.15 , 503.44
316.92 , 504.94
322.32 , 505.19
327.75 , 504.94
333.3 , 504.94
338.45 , 504.19
343.75 , 503.69
349.17 , 503.44
354.7 , 503.44
359.88 , 502.69
409.55 , 436.51
426.03 , 424.27
444.35 , 417.21
463.2 , 411.35
483.83 , 409.01
505.08 , 409.51
525.25 , 412.77
543.73 , 419.45
561 , 429.49
577.7 , 441.19
590.97 , 456.69
578.9 , 464.08
561.75 , 453.69
544.1 , 444.53
524.2 , 440.76
503.07 , 442
482.78 , 445.01
462.85 , 448.77
443.12 , 452.94
421.67 , 452.51
365.93 , 455.97
358.88 , 450.57
352.17 , 443.62
344.65 , 438.58
336.68 , 434.6
328.68 , 430.77
319.9 , 428.79
310.53 , 428.04
302.45 , 431.69
296.75 , 438.87
293.06 , 446.89
289.85 , 455.04
298.35 , 457.29
307.98 , 457.04
317.1 , 455.79
326 , 457.56
334.23 , 460.66
342.55 , 463.5
351.65 , 464.78
360.57 , 463.06
