188293705_1
523.4 , 671
528.05 , 688.25
531.06 , 707.94
532.75 , 726.22
534.62 , 745.76
536.31 , 764.39
540.72 , 783.25
546.76 , 800.4
555.82 , 818.95
563.92 , 834.96
573.71 , 851.45
586.1 , 865.67
599.21 , 879.32
612.59 , 894.12
624.72 , 909.38
636.91 , 922.91
651.62 , 937.02
664.84 , 950.41
681.32 , 957.2
701.35 , 961.42
718.84 , 963.31
738.65 , 961.75
757.4 , 957.66
776.03 , 951.18
791.07 , 942.59
806.33 , 930.21
821.01 , 916.81
830.65 , 901.41
841.42 , 884.11
851.72 , 868.43
863.04 , 853.08
874.33 , 838.87
884.74 , 823.41
894.19 , 805.45
901.32 , 788.55
907.91 , 769.14
912.04 , 751.51
914.18 , 732.79
916.32 , 712.84
919.28 , 694.04
921.38 , 674.61
690.59 , 654.1
681.66 , 667
672.37 , 679.9
664.54 , 693.3
666.68 , 708.76
677.77 , 720.08
692.67 , 726.82
707.12 , 729.5
723.55 , 731.57
740.03 , 733.07
754.44 , 732.25
769.24 , 725.05
780.39 , 713.35
782.37 , 698.2
777.97 , 682.65
771.09 , 667.7
763.5 , 653.45
630.6 , 777.09
645.9 , 778.09
660.85 , 779.84
676.18 , 780.84
691.38 , 782.09
706.43 , 783.66
720.8 , 786.59
735.85 , 785.59
750.03 , 782.16
765.18 , 780.77
780.53 , 779.87
795.35 , 777.84
810.2 , 775.85
820.55 , 777.12
807.8 , 783.89
796.73 , 794.97
786.4 , 806.29
774.62 , 815.81
761.85 , 822.59
747.9 , 826.34
732.83 , 827.84
717.38 , 828.09
702.65 , 825.88
689.17 , 821.15
676.2 , 814.93
663.48 , 807.99
651.53 , 799.02
639.96 , 788.94
635.85 , 781.34
647.5 , 784.37
659.05 , 787.6
671.1 , 789.84
682.55 , 793.3
693.93 , 796.86
705.98 , 799.08
718.65 , 800.09
731.18 , 798.84
743.35 , 796.84
754.88 , 793.57
766.23 , 789.96
777.75 , 786.69
789.55 , 783.86
800.67 , 781.77
789.43 , 785.52
778.18 , 789.27
766.62 , 792.57
755 , 795.69
743.15 , 798.34
730.6 , 799.59
717.83 , 800.34
705.05 , 801.1
693.12 , 798.6
681.4 , 795.61
670.15 , 791.87
659.08 , 787.59
646.9 , 785.61
780.75 , 581.46
785.72 , 575.49
791.45 , 569.77
797.8 , 565.7
804.52 , 562.71
812 , 561.46
820 , 561.21
827.25 , 562.96
833.9 , 566.21
839.68 , 571.86
843.01 , 578.49
844.91 , 585.55
838.88 , 590.46
831.73 , 592.46
823.88 , 592.96
816 , 592.46
808.5 , 591.21
801.38 , 589.24
794.25 , 587.21
787.38 , 584.68
654.23 , 585.25
654.08 , 578.35
648.81 , 573.5
642.86 , 570.3
636.28 , 568.75
629.28 , 568
622.18 , 567.5
615.33 , 568.5
609.08 , 570.74
603.28 , 574.26
598.84 , 579.73
596.06 , 585.75
600.68 , 591.15
606.81 , 593.75
614.16 , 593.75
621.26 , 593.25
628.48 , 593
635.46 , 592.25
642.08 , 590.75
648.41 , 588.65
776.1 , 520.18
788.8 , 511.97
804.73 , 512.69
818.68 , 517.46
832.2 , 523.47
845.98 , 528.71
859.93 , 533.46
873.7 , 538.69
886 , 548.09
897.35 , 559.68
902.1 , 573.68
892.9 , 585.94
877.8 , 583.4
865.48 , 574.06
853.15 , 564.7
839.67 , 558.46
826.38 , 551.7
812.6 , 546.43
799 , 540.59
786.38 , 532.21
667.64 , 503.61
656.55 , 490.64
639.8 , 488.16
623.27 , 491.18
608.15 , 497.08
593.87 , 505.37
579.7 , 514.02
566.12 , 524.34
553.95 , 537.26
545.66 , 551.54
540.82 , 567.14
541.58 , 584.76
557.02 , 580.7
570.25 , 569.47
583.62 , 558.59
596.75 , 546.97
610.1 , 536.11
624.47 , 527.98
639.17 , 520.63
653.6 , 512.63
