1908146310_1
77.7 , 233.75
78.88 , 246.4
80.04 , 258.79
82.01 , 272.99
85.14 , 285.24
90.01 , 297.59
94.46 , 309.12
99.16 , 322.52
103.96 , 334.97
109.81 , 346.45
116.45 , 357.17
124.47 , 367.93
133.55 , 377.29
142.12 , 386.92
152.49 , 395.33
162.43 , 404.59
172.26 , 413.08
181.79 , 422.86
192.57 , 430.74
202.91 , 438.29
214.51 , 443.53
228.08 , 447.08
240.66 , 447.33
253.39 , 444.72
265.66 , 438.17
274.9 , 430.27
283.78 , 419.81
290.86 , 408.74
297.47 , 397.59
305.93 , 387
314.88 , 378.13
325.11 , 368.6
334.23 , 360.46
344.08 , 350.88
351.47 , 340.55
359.29 , 328.84
366.5 , 318.95
374.69 , 308.56
380.16 , 295.9
383.65 , 282.99
386.6 , 269.94
249.25 , 264.3
243.1 , 274.01
238.9 , 284.35
237.3 , 295.02
241.84 , 306.26
248.29 , 315.11
258.97 , 317.95
271.13 , 321.47
278.1 , 329.65
288.97 , 334.35
300.29 , 332.79
310.64 , 327.85
318.8 , 319.82
326.33 , 310.82
324.6 , 300.5
322.55 , 288.65
321.55 , 276.6
187.7 , 330.5
199.52 , 331
209.67 , 334.98
220.52 , 337.49
231.32 , 340.12
242.62 , 341.77
253.82 , 343.53
264.18 , 346.99
275.07 , 349.38
286.27 , 347.72
297.3 , 345.65
308.7 , 344.25
313.43 , 353.52
308.57 , 363.38
303.89 , 373.32
298.45 , 383
290.38 , 391.51
280.45 , 396.25
269.1 , 397.75
257.1 , 397.65
245.93 , 395.74
235.62 , 392.21
226.32 , 385.88
217.65 , 377.7
210.03 , 368.82
202.78 , 359.85
196.69 , 350.45
191.94 , 340.52
190.45 , 332.5
199.25 , 334.5
207.6 , 337.4
216.07 , 339.97
224.5 , 342.73
233.42 , 344.5
242 , 347.02
250.6 , 349.41
258.9 , 352.52
267.6 , 354.72
276.9 , 355.76
285.98 , 354.26
294.65 , 352.02
303.07 , 349.22
300.44 , 353.3
293.95 , 360.35
287.05 , 366.65
278.88 , 370.23
269.7 , 371.5
260.15 , 371.48
250.72 , 370.75
241.6 , 369.41
233.12 , 366.72
224.97 , 363.28
217.47 , 358.03
210.3 , 351.82
202.9 , 346.2
195.71 , 340.02
330.85 , 213.53
333.51 , 208.85
337.9 , 205.23
342.28 , 201.61
347.05 , 199.07
352.08 , 197.28
357.85 , 197.03
363.25 , 198.02
368.58 , 199.28
373.42 , 201.58
377.74 , 205.41
378.05 , 211.1
373.65 , 214.72
368.9 , 217.23
363.5 , 218.28
357.83 , 218.78
351.93 , 218.78
346.62 , 217.53
341.45 , 216.01
336.15 , 214.78
237.42 , 206.75
238.34 , 201.17
232.89 , 196.22
227.07 , 192.41
221.14 , 188.74
214.87 , 186
207.69 , 185.25
200.57 , 186.1
193.87 , 187.79
187.47 , 189.97
181.27 , 192.91
175.17 , 196
181.37 , 198.77
187.92 , 200.75
194.29 , 203.12
201.14 , 204.5
208.17 , 205.5
215.57 , 205.75
222.97 , 205.5
230.37 , 205.75
336.99 , 190.6
340.71 , 184.38
346.97 , 180.62
353.67 , 178.08
360.47 , 175.87
367.54 , 174.08
374.72 , 172.6
382.51 , 172.35
390.29 , 172.6
398.09 , 172.85
403.01 , 178.45
401.74 , 185.6
394.19 , 184.85
386.87 , 183.6
379.06 , 183.35
371.42 , 183.85
363.99 , 184.85
357.04 , 186.82
350.44 , 189.58
343.89 , 192.61
254.54 , 171.8
245.75 , 165.24
236.07 , 161.13
225.65 , 158.64
214.8 , 157.12
203.42 , 156.62
191.82 , 156.62
180.84 , 157.89
170.44 , 160.34
160.82 , 164.65
152.37 , 172.12
163.37 , 170.87
174.37 , 169.62
185.25 , 171.15
196.72 , 171.37
208.32 , 171.37
219.57 , 172.12
230.19 , 174.13
240.35 , 177.1
250.82 , 179.38
