192804444_1
246.59 , 357.85
250.98 , 387.63
255.88 , 414.81
261.96 , 444.66
268.97 , 474.29
277.28 , 503.73
287.02 , 532.78
298.88 , 561.1
313.79 , 588.21
329.01 , 611.17
346.9 , 636.07
364.62 , 660.52
382.41 , 685.31
402.69 , 708.29
424.39 , 727.26
449.88 , 746.97
473.78 , 763.78
497.6 , 781.12
524.57 , 799.69
550.76 , 813.67
577.84 , 825.44
605.89 , 834.35
637.43 , 838.27
666.35 , 836.75
695.08 , 829.25
722.47 , 815.44
748.23 , 798.75
772.18 , 780.46
793.64 , 759.47
812.02 , 735
826.29 , 710.4
840.09 , 681.84
855.29 , 656.72
868.89 , 627.75
880.44 , 601.66
893.75 , 572.77
903.8 , 546.44
914.82 , 516.82
927.09 , 488.43
940.44 , 462.87
954.39 , 434.55
640.14 , 402.9
627.22 , 427.2
613.25 , 448.89
600.2 , 475.66
606.19 , 501.26
628.59 , 519.39
652.41 , 532.37
678.89 , 543.35
705.2 , 551.64
732.89 , 553.91
759.14 , 544.04
782.7 , 526.75
801.47 , 506.27
808.22 , 480.13
799.28 , 454.88
791.41 , 426.86
783.39 , 398.75
540.99 , 633.88
560.44 , 624.17
580.22 , 615.37
599.76 , 605.89
620.14 , 598.86
643.14 , 597.13
666.87 , 596.88
689.49 , 599.38
712.01 , 602.14
731.82 , 593.39
754.07 , 590.11
774.32 , 597.44
792.62 , 610.25
810.21 , 624.93
797.59 , 643.31
786.96 , 662.4
776.86 , 681.78
759.47 , 697.14
739.89 , 706.6
718.82 , 712.4
696.41 , 715.38
672.94 , 714.63
650.91 , 710.89
630.44 , 704.15
610.97 , 694.35
592.72 , 681.35
575.39 , 665.78
558.34 , 649.48
552.24 , 637.88
570.57 , 637.88
588.16 , 636.38
606.49 , 636.38
623.72 , 638.63
640.97 , 640.88
658.66 , 642.13
676.64 , 642.88
694.97 , 642.88
713.04 , 642.38
730.04 , 639.64
746.91 , 636.62
764.76 , 635.63
782.84 , 635.13
796.79 , 632.61
780.37 , 636.62
763.09 , 638.78
745.41 , 640.13
727.69 , 641.38
709.97 , 642.63
692.49 , 644.38
674.64 , 645.37
657.19 , 643.59
640.04 , 641.13
622.09 , 641.88
604.12 , 642.63
586.16 , 643.38
568.19 , 642.64
790 , 253.55
801.48 , 241.58
814.27 , 232.52
827.65 , 224.89
841.42 , 218.28
855.77 , 213.55
871.2 , 210.8
887.58 , 211.55
903.1 , 214.03
917.28 , 219.31
927.77 , 231.65
925.7 , 247.39
912.95 , 256.81
899 , 262.8
883.35 , 265.05
866.98 , 264.3
851.08 , 262.55
835.8 , 259.55
820.5 , 256.55
804.5 , 258.05
613.44 , 246.96
600.84 , 233.86
586.81 , 223.35
571.64 , 215.9
555.21 , 211.6
537.66 , 209.61
519.14 , 209.62
501.96 , 212.33
485.81 , 217.13
470.36 , 223.6
455.34 , 231.36
468.91 , 243.18
483.01 , 253.51
498.11 , 261.13
514.14 , 266.15
531.84 , 267.86
549.49 , 266.11
567.04 , 264.1
583.76 , 260.38
600.37 , 256.34
810.1 , 195.05
824.98 , 179.18
843.02 , 170.06
861.8 , 163.32
880.55 , 156.53
899.83 , 150.8
919.38 , 145.55
939.1 , 140.55
959.12 , 136.3
980.03 , 138.23
996.95 , 150.4
980.98 , 158.8
960.68 , 162.57
942.23 , 170.17
923.58 , 177.31
904.98 , 184.55
886.38 , 191.79
866.55 , 196.54
846.73 , 201.28
827.23 , 206.41
648.03 , 177.96
623.36 , 159.91
596.21 , 148.64
565.98 , 144.14
535.78 , 139.64
507.58 , 131.15
477.36 , 126.64
445.75 , 128.32
415.46 , 132.62
387.03 , 140.79
362.43 , 158.89
394.23 , 157.64
425.78 , 155.89
458.2 , 155.89
489.63 , 157.89
518.4 , 165.37
545.48 , 176.69
573.28 , 185.99
601.76 , 193.96
631.78 , 198.87
