194136419_1
40.95 , 641.8
46.34 , 657.03
51.78 , 673.74
56.93 , 689.22
63.23 , 706.03
70.42 , 722.21
77.79 , 736.61
87.03 , 752.27
97.47 , 764.58
110.96 , 777
123.43 , 788.27
137 , 798.26
151.01 , 807.69
164.54 , 818.37
177.71 , 831.05
191.69 , 840.48
207.68 , 848.01
222.79 , 853.71
240.29 , 858.49
256.71 , 858.54
274.83 , 859.16
290.43 , 856.95
307.23 , 851
323.42 , 844.48
338.43 , 836.12
351.26 , 825.07
362.34 , 812.55
371.48 , 796.93
379.79 , 782.36
388.28 , 767.88
396.82 , 752.43
403.31 , 735.92
409.52 , 721.01
414.65 , 704.21
419.62 , 687.4
425.09 , 671.04
429.8 , 654.65
433.76 , 638.29
437.73 , 620.66
440.48 , 604.65
443.15 , 586.4
182.8 , 647.6
173.46 , 657.08
168.9 , 671.49
173.09 , 685.11
186.08 , 692.03
200.55 , 693.45
215.77 , 691.25
230.41 , 688.54
244.72 , 686.72
259.69 , 685.02
273.05 , 681.34
287.54 , 679.13
301.55 , 676.46
311.14 , 665.67
310.78 , 650.13
303.6 , 637.46
295.65 , 624.7
171.59 , 749.96
183.64 , 744.23
195.69 , 738.2
207.94 , 732.99
220.14 , 727.46
233.42 , 724.46
247.54 , 723.21
261.76 , 722.21
276.14 , 722.96
289.89 , 724.96
303.89 , 726.46
318.12 , 727.46
332.48 , 728.19
335.58 , 741.36
332.29 , 754.51
325.56 , 766.24
316.61 , 777.19
305.69 , 786.14
293.76 , 792.47
281.26 , 796.95
267.62 , 799.21
253.39 , 798.21
240.11 , 795.21
227.69 , 790.5
215.57 , 784.69
203.79 , 778.14
192.36 , 770.49
181.84 , 760.46
183.84 , 752.46
193.89 , 750.71
203.97 , 748.97
214.04 , 747.2
224.34 , 745.96
234.79 , 744.96
244.97 , 743.47
255.17 , 741.96
265.37 , 740.46
275.79 , 739.46
286.12 , 738.21
296.29 , 736.7
306.26 , 734.78
316.24 , 732.81
324.57 , 735.72
316.06 , 741.22
307.09 , 745.46
297.57 , 748.23
287.69 , 750.47
277.51 , 751.94
267.44 , 753.72
257.24 , 755.21
246.91 , 756.46
236.12 , 756.21
225.44 , 755.71
214.64 , 755.96
203.74 , 755.96
192.94 , 756.24
290.6 , 558.06
295.78 , 551.13
302.6 , 545.56
310.1 , 541.81
317.78 , 538.54
326 , 536.57
334.68 , 535.56
343.25 , 536.81
351.48 , 538.81
359.12 , 542.08
366.8 , 545.27
365.03 , 553.18
358.03 , 558.31
350.3 , 561.31
342.08 , 563.31
333.12 , 563.81
324.33 , 564.56
315.25 , 564.31
306.2 , 564.05
298.03 , 561.99
167.36 , 579.32
160.87 , 572.34
153.38 , 566.83
145.05 , 563.67
135.8 , 562.39
126.2 , 562.89
117.1 , 564.49
108.25 , 566.6
99.7 , 569.14
91.65 , 573.17
84.7 , 580.14
91.32 , 587.26
99.2 , 591.64
107.63 , 594.57
117.33 , 594.89
126.8 , 594.14
135.78 , 592.32
144.3 , 589.61
152.6 , 586.42
161.15 , 583.68
293.22 , 498.8
296.66 , 487.83
306.85 , 482.21
316.8 , 476.04
327.32 , 471.46
338.3 , 467.98
349.67 , 465.34
361.95 , 464.56
373.35 , 466.68
383.74 , 471.82
391.67 , 480.5
389.87 , 489.56
377.95 , 488.04
367.12 , 484.32
355.77 , 481.55
343.45 , 482.31
333.42 , 488.32
323.6 , 494.8
313.6 , 500.79
302.85 , 504.68
149.4 , 522.39
140.75 , 513.15
130.18 , 507.4
118.8 , 503.79
106.6 , 501.9
94.3 , 500.12
82.12 , 502.16
71.42 , 507.63
61.48 , 515.09
51.17 , 521.62
41.9 , 530.89
54.33 , 532.42
64.8 , 526.4
75.78 , 521.77
87.25 , 518.41
99.55 , 516.62
112.55 , 516.89
124.25 , 519.89
134.58 , 526.29
145.22 , 531.9
