196066281_1
277.94 , 571.89
282.24 , 590.11
287.2 , 608.08
293.21 , 625.58
300.06 , 644.38
304.8 , 662.95
310.6 , 679.81
319.12 , 698.18
326.84 , 715.18
336.18 , 731.88
348.63 , 745.86
364.07 , 758.98
379.59 , 770.31
396.25 , 779.82
413.05 , 787.69
429.89 , 794.54
448.56 , 800.82
467.72 , 806.58
485.79 , 811.22
504.1 , 816.37
522.94 , 818.29
541.97 , 820.35
560.04 , 825.28
579.07 , 827.44
598.98 , 826.97
616.95 , 826.03
635.15 , 821.24
650.54 , 808.15
658.49 , 791.14
663.56 , 771.98
670.28 , 754.67
677.81 , 736.7
683.56 , 718.81
687.89 , 700.98
691.19 , 681.12
692.4 , 663.03
693.97 , 643.4
695.25 , 625.02
693.61 , 605.25
691.08 , 585.84
683.39 , 568.2
554.4 , 533.65
549.48 , 546.18
542.32 , 559.79
538.82 , 574.42
542.58 , 589.08
553.73 , 599
568.53 , 600.57
583.01 , 597.65
598.17 , 598.02
613.32 , 599.97
628.32 , 601.58
641.3 , 596.44
646.5 , 582.44
644.44 , 567.2
639.94 , 552.97
634.32 , 539.18
625.14 , 527.1
508.65 , 680.87
515.48 , 671.37
525.85 , 666.63
535.7 , 660.55
545.42 , 654.09
555.2 , 647.8
565.35 , 642.41
576.27 , 639.13
588.58 , 639.62
599.8 , 642.36
611.98 , 643.1
623.08 , 646.11
632.8 , 652.5
640.91 , 661.67
645.93 , 671.95
647.65 , 683.64
643.16 , 694.06
633.65 , 701.12
622.33 , 703.62
610.27 , 704.62
598.35 , 703.37
586.77 , 701.38
574.97 , 699.87
563.15 , 698.37
551.58 , 696.37
539.65 , 695.12
528.85 , 691.64
518.35 , 687.33
510.9 , 677.62
519.15 , 672.37
527.85 , 668.1
536.6 , 664.1
545.5 , 660.59
554.88 , 658.12
564.4 , 655.87
574.62 , 655.12
584.38 , 656.87
593.77 , 659.4
604.35 , 659.38
614.1 , 661.12
623.1 , 664.36
631.67 , 668.9
639.37 , 675.82
640.77 , 685.24
631.72 , 688.37
621.38 , 688.87
610.77 , 688.87
600.3 , 688.62
589.95 , 688.12
579.97 , 686.86
570.22 , 685.11
560.47 , 683.37
550 , 683.12
539.9 , 684.12
529.42 , 683.87
518.85 , 683.84
624.75 , 494.23
626.44 , 490.26
630.3 , 488.19
634.27 , 486.46
638.48 , 485.23
643.02 , 484.73
647.67 , 484.95
651.75 , 486.48
655.45 , 488.93
658.27 , 492.5
660.29 , 496.4
658.95 , 500.57
655.22 , 503
651.33 , 505
646.9 , 505.72
642.5 , 504.98
638.2 , 503.94
634.02 , 502.74
629.97 , 501.2
626.65 , 498.13
505.26 , 492.13
499.94 , 488.07
494.14 , 485.29
487.69 , 484.06
480.86 , 483.56
474.09 , 484.13
467.86 , 485.85
461.91 , 488.06
456.19 , 491.03
450.54 , 494.22
444.91 , 497.31
451.09 , 499.07
457.54 , 500.3
464.46 , 500.56
471.38 , 500.81
478.09 , 501.56
485.01 , 501.31
491.59 , 500.31
498.13 , 499.31
504.71 , 498.31
605.2 , 460.19
610.15 , 454.75
616.23 , 451.41
621.88 , 447.02
628.03 , 443.88
634.68 , 441.96
642.08 , 441.69
649.62 , 441.69
656.8 , 442.44
663.1 , 445.09
668.85 , 449.32
666.5 , 455.19
659.08 , 455.44
651.78 , 454.94
644.48 , 455.44
637.55 , 456.66
630.85 , 458.44
624.03 , 459.92
617.33 , 461.66
611.08 , 464.05
532.27 , 444.46
521.65 , 438.35
508.81 , 437.36
496.58 , 435.11
483.63 , 435.86
470.78 , 436.86
457.83 , 437.61
445.23 , 439.11
433.23 , 441.86
422.18 , 446.85
412.63 , 455.86
425.48 , 456.86
437.95 , 455.11
450.18 , 452.86
463.15 , 452.11
475.98 , 453.11
488.2 , 455.35
501.43 , 455.11
514.38 , 455.86
527.47 , 455.37
