1982207444_1
412.27 , 587.29
413.28 , 602.57
417.13 , 618.17
422.48 , 635.09
428.9 , 649.64
436.28 , 663.63
444.96 , 678.71
453.97 , 691.91
463.82 , 704.41
475.83 , 717.48
487.17 , 728.85
498.9 , 740.47
511.09 , 752.08
522.47 , 763.45
534.75 , 774.25
547.66 , 783.77
562.95 , 791.53
578.02 , 793.25
595.23 , 792.23
611.04 , 790.81
627.25 , 787.8
643.21 , 783.36
658.74 , 775.63
673.1 , 767.62
686.52 , 759.04
698.95 , 748.82
711.43 , 737.93
723.7 , 726.76
734.48 , 715.02
745.65 , 701.5
755.34 , 688.99
764.72 , 675.4
772.74 , 660.81
779.5 , 645.44
784.3 , 630.06
787.86 , 614.4
790.01 , 598.59
791.12 , 580.67
790.93 , 564.61
789.87 , 548.86
787.48 , 531.49
535.35 , 544.15
526.65 , 557.25
518.73 , 571.7
512.53 , 586.8
517.6 , 602.39
531.35 , 612.44
545.88 , 617.49
561.98 , 622.37
578.9 , 622.87
594.37 , 617.31
610.78 , 613.06
625.84 , 605.76
637.43 , 596.07
641.85 , 579.6
634.91 , 565.43
624.13 , 552.49
615.34 , 537.6
494.4 , 643.91
509.55 , 640.67
525.82 , 639.66
541.98 , 638.41
558.5 , 638.91
574.52 , 640.41
590.17 , 638.16
605.73 , 635.66
622.35 , 635.91
639 , 635.66
655.38 , 634.91
672.02 , 634.67
684.15 , 644.06
677.13 , 657.68
666.37 , 669.93
654.4 , 681.41
643.1 , 693.47
630.6 , 703.45
616.85 , 710.2
602 , 714.15
586.22 , 716.16
569.58 , 716.41
554.05 , 713.93
540.22 , 707.5
528.18 , 696.21
518.93 , 683.43
509.83 , 670.61
501.5 , 657.48
500.15 , 646.66
513.92 , 644.41
526.85 , 648.42
540.5 , 650.9
554.55 , 652.66
568.23 , 655.15
582.98 , 654.91
596.33 , 651.67
609.65 , 648.41
623.33 , 645.89
636.75 , 642.91
649.83 , 639.23
663.5 , 636.63
676.39 , 639.69
670.07 , 651.73
660.08 , 662.42
648.55 , 670.04
636.48 , 676.4
624.1 , 681.7
611.3 , 685.91
597.75 , 688.66
583.6 , 690.16
568.95 , 690.65
555.62 , 687.39
543.12 , 682.42
531.02 , 676.25
519.62 , 668.13
509.03 , 657.78
646.35 , 480.56
650.13 , 475.29
654.12 , 470.04
659.27 , 465.85
665 , 463.04
671.23 , 461.57
678.05 , 461.81
684.27 , 463.31
690.2 , 465.4
695.77 , 468.47
701 , 472.47
706.07 , 476.83
699.25 , 477.06
692.55 , 477.56
686.23 , 478.82
679.88 , 480.06
673.43 , 481.06
666.6 , 480.81
659.9 , 481.31
653.18 , 480.81
524.21 , 491.54
519.55 , 486.1
513.62 , 481.35
507.5 , 477.07
500.92 , 474.11
493.82 , 472.34
486.12 , 471.85
478.69 , 472.91
471.72 , 474.88
465.45 , 478.67
460.75 , 484.61
455.52 , 490.34
463 , 489.34
470.44 , 488.34
478.37 , 488.34
485.94 , 489.09
493.89 , 489.09
501.69 , 488.84
509.64 , 488.84
517.22 , 489.59
608.53 , 441.58
613.85 , 426.74
627.08 , 416.76
641.4 , 409.71
656.08 , 403.8
671.2 , 399.11
688.23 , 398.08
704.03 , 401.58
718.25 , 408.81
731.03 , 420.08
740.27 , 433.55
747.29 , 447.88
733.4 , 447.96
719.43 , 440.01
705.48 , 432.09
689.45 , 429.08
672.45 , 430.08
655.95 , 432.08
638.98 , 433.12
623.53 , 437.33
513.64 , 432.59
502.72 , 425.45
490.79 , 420.93
477.94 , 418.45
464.47 , 417.18
450.64 , 417.21
437.79 , 419.69
425.72 , 423.72
414.67 , 430.53
405.43 , 440.75
399.02 , 451.93
410.09 , 445.12
422.25 , 441.2
434.89 , 438.31
447.89 , 436.06
461.54 , 435.18
475 , 436.43
487.97 , 438.69
500.42 , 442.08
513.57 , 443.93
