1987287630_1
62.78 , 473.37
62.99 , 487.76
63.33 , 503.59
65.63 , 519.24
69.92 , 534.73
75.52 , 550.08
81.29 , 563.66
89.62 , 577.97
99.28 , 590.37
108.65 , 602.03
118.21 , 614.59
128.05 , 627.68
137.06 , 639.81
147.46 , 651.03
160.08 , 662.27
171.27 , 672.23
183.07 , 681.53
196.85 , 689.85
211.48 , 696.64
226.43 , 701.54
242.12 , 704.11
257.92 , 704.47
273.45 , 702.84
288.17 , 699.5
303.09 , 693.02
315.47 , 682.6
324.45 , 669.9
332.13 , 656.72
340.7 , 643.34
349.56 , 631.23
358.81 , 617.78
366.29 , 605.08
374.16 , 590.56
381.22 , 575.81
388.12 , 561.73
395.88 , 548.38
403.18 , 535.42
410.11 , 521.24
415.44 , 506.3
418.94 , 491
419.12 , 474.25
239.25 , 471.94
230.2 , 484.54
220.4 , 496.81
209.25 , 510.75
206.67 , 525.86
215.2 , 538.6
232.08 , 542.51
248.49 , 542.16
264.45 , 546.35
279.23 , 548.43
296.29 , 549.51
312.93 , 548.69
325.94 , 539.25
327.22 , 523.45
321.25 , 507.94
311.96 , 494.53
307.19 , 478.85
177.09 , 589.33
187.79 , 590.08
198.17 , 588.58
208.27 , 586.56
218.99 , 585.83
229.72 , 586.58
240.19 , 587.86
250.04 , 590.31
260.17 , 592.31
270.76 , 591.83
281.49 , 591.08
292.19 , 590.33
303.04 , 589.83
313.54 , 591.04
311.24 , 599.46
303.97 , 607.17
295.26 , 612.59
285.72 , 615.71
275.07 , 616.58
264.09 , 616.33
253.49 , 615.32
242.89 , 614.35
232.66 , 612.56
223.06 , 609.57
213.74 , 605.98
204.52 , 602.01
195.24 , 598.23
186.11 , 593.85
179.34 , 590.33
189.29 , 589.83
198.89 , 588.58
208.02 , 590.85
217.49 , 592.32
226.69 , 594.43
236.09 , 596.08
245.81 , 597.06
255.89 , 596.83
265.74 , 596.09
275.59 , 595.33
285.54 , 594.83
295.49 , 594.33
305.41 , 593.76
311.44 , 596.26
303.14 , 600.56
294.01 , 602.82
284.29 , 603.83
274.34 , 604.33
264.26 , 604.58
254.41 , 603.83
244.57 , 603.08
234.77 , 602.26
225.14 , 601.1
215.66 , 599.61
206.31 , 597.81
196.97 , 596.11
187.84 , 593.83
327.6 , 399.56
329.98 , 395.16
334 , 391.63
338.5 , 389.41
343.48 , 388.31
348.95 , 388.31
354.23 , 387.8
359.12 , 386.56
364.6 , 386.56
369.17 , 388.61
373.05 , 392.49
372.62 , 397.74
368.17 , 399.99
363.43 , 401.58
358.55 , 402.8
353.05 , 402.81
347.9 , 402.06
342.9 , 401.06
338 , 399.82
332.75 , 400.31
203.99 , 397.78
199.47 , 393.32
194.62 , 389.85
189.5 , 387.04
183.85 , 385.58
177.85 , 384.83
171.6 , 384.58
165.73 , 385.57
160.1 , 387.06
154.73 , 389.06
149.55 , 391.58
154.75 , 394.1
160.05 , 396.33
165.55 , 398.08
170.98 , 400.01
176.45 , 401.74
182.28 , 402.83
188.4 , 403.33
194.53 , 402.83
200.53 , 402.08
313.05 , 379.17
317.99 , 369.45
327.8 , 364.67
338.43 , 361.89
349.68 , 360.42
360.78 , 358.67
371.9 , 356.92
382.75 , 354.66
393.62 , 356.9
402.85 , 363.2
411.11 , 371.72
415.26 , 381.68
405.35 , 386.17
393.75 , 385.42
383 , 382.92
372.02 , 380.92
360.18 , 380.67
348.23 , 380.67
336.38 , 380.42
324.43 , 380.42
250.14 , 376.3
237.76 , 367.29
224.01 , 362.34
210.31 , 357.16
196.38 , 352.49
181.49 , 349.81
166.24 , 347.81
150.51 , 348.79
136.58 , 353.44
123.51 , 360.5
111.46 , 370.31
125.08 , 375.59
141.31 , 375.56
157.16 , 374.81
172.53 , 376.56
187.28 , 379.59
201.88 , 382.99
216.49 , 386.32
230.88 , 390.04
246.86 , 390.06
