2005566839_2
385.9 , 512.47
385.53 , 528.37
385.37 , 544.34
385.48 , 561.84
386.46 , 577.59
387.26 , 595.25
388.05 , 610.81
389.14 , 628.33
391.26 , 644.29
397.65 , 660.3
407.71 , 672.17
421.51 , 682.87
434.77 , 691.11
448.82 , 702.43
459.62 , 715.17
473.27 , 724.04
487.38 , 733.4
501.29 , 742.65
514.72 , 751.15
530.6 , 757.13
546.99 , 760.57
562.95 , 760.48
580.27 , 759.17
596.15 , 757.01
612.87 , 752.41
627.57 , 745.72
640.82 , 736.26
653.03 , 725.6
666.86 , 715.52
682.3 , 708.22
697.16 , 702.04
711.99 , 693.11
723.49 , 681.26
731.93 , 666.83
737.59 , 652.56
743.4 , 636.38
748.32 , 620.06
753.41 , 603.73
757.25 , 588.61
760.55 , 571.73
763.19 , 554.74
558.1 , 507.1
548.98 , 515.88
540.6 , 525.09
535.01 , 537.14
540.74 , 548.36
550.6 , 556.44
563.13 , 561.18
574.62 , 566.45
586.52 , 571.06
599.15 , 571.56
612.21 , 570.02
626.05 , 569.31
637.76 , 564.43
646.07 , 555.63
646.43 , 541.98
640.99 , 530.59
635.33 , 518.27
500.63 , 610.04
511.28 , 605.54
523 , 603.29
535.33 , 602.29
547.93 , 601.79
560.75 , 601.79
572.71 , 603.54
585.06 , 604.54
597.63 , 605.04
609.25 , 607.52
620.48 , 610.76
631.15 , 615.31
641.36 , 621.26
650.88 , 629.04
644.6 , 639.07
635.13 , 647.04
625.23 , 653.7
614.73 , 658.95
603.38 , 662.04
591.06 , 663.04
578.95 , 661.54
567.45 , 658.79
556.58 , 654.81
546.06 , 649.73
535.93 , 643.61
526.15 , 636.57
516.56 , 628.97
507.49 , 619.89
500.88 , 610.29
511.73 , 608.79
523.21 , 609.04
534.46 , 609.79
545.33 , 611.29
556.43 , 612.29
567.18 , 614.04
577.81 , 616.06
588.81 , 617.29
600.03 , 618.04
611.03 , 619.29
621.78 , 621.03
632.15 , 623.56
641.7 , 628.1
644.76 , 637.29
635.03 , 641.27
624.28 , 643.04
613.03 , 643.79
601.68 , 643.29
590.58 , 642.29
579.7 , 640.79
568.7 , 639.53
558.11 , 637.52
547.83 , 634.75
538.06 , 631.06
528.25 , 627.32
518.73 , 622.8
509.36 , 617.76
651.54 , 466.46
656.49 , 464.03
661.34 , 461.2
666.39 , 458.93
671.89 , 457.72
677.87 , 457.46
683.71 , 457.97
689.12 , 459.49
694.16 , 461.71
698.92 , 464.81
703.43 , 468.58
701.32 , 473.45
695.91 , 474.95
690.06 , 475.46
683.96 , 475.46
678.12 , 474.95
672.62 , 473.72
666.99 , 472.71
661.39 , 471.74
656.46 , 469.11
540.57 , 452.42
535.47 , 448.05
530.14 , 444.24
524.62 , 440.98
518.67 , 438.97
512.19 , 437.98
505.5 , 437.49
499.02 , 438.49
492.87 , 440.23
487.17 , 442.97
481.37 , 445.23
486.3 , 450.18
491.97 , 453.01
498.22 , 454.47
504.44 , 456.01
510.92 , 456.97
517.5 , 457.73
524.45 , 457.73
531.39 , 457.73
538.22 , 457.48
639.01 , 426.36
643.04 , 414.8
653.88 , 408.58
666.74 , 407.11
680.31 , 407.11
693.78 , 406.86
706.38 , 408.86
718.53 , 411.85
729.74 , 417.1
740.09 , 424.66
748.01 , 434.86
749.76 , 446.86
737.21 , 444.82
726.16 , 439.11
715.11 , 433.46
703.43 , 429.61
690.21 , 428.86
677.01 , 429.61
663.66 , 430.11
650.34 , 430.64
575.16 , 412.21
563.66 , 401.62
550.91 , 394.46
537.46 , 389.33
522.86 , 386.61
507.54 , 385.36
492.24 , 386.68
477.76 , 389.65
464.41 , 395.01
452.03 , 403.14
442.06 , 414.86
457.88 , 415.11
471.24 , 409.68
484.66 , 404.52
499.91 , 403.11
514.36 , 406.15
527.79 , 411.35
541.21 , 416.52
554.76 , 421.38
569.49 , 423.87
