200748267_1
706.72 , 713.77
704.75 , 741.9
705.44 , 772.75
709.77 , 802.78
719.81 , 831.39
728.31 , 857.98
737.7 , 886.83
747.16 , 915.72
757.78 , 944.76
771.5 , 970.02
786.17 , 997.19
796.13 , 1025.35
809.72 , 1052.49
827.76 , 1077.67
848.28 , 1098.21
874.06 , 1115.49
899.03 , 1127.17
930.4 , 1129.52
961.15 , 1128.98
988.44 , 1125.33
1018.12 , 1121.35
1049.5 , 1113.49
1076.91 , 1106.4
1107.84 , 1098.4
1135.5 , 1089.44
1162.24 , 1078.37
1189.2 , 1065.48
1216.05 , 1050.46
1239.78 , 1032.08
1260.07 , 1011.09
1281.13 , 986.46
1298.67 , 962.15
1306.74 , 935.38
1313.6 , 906.51
1318.91 , 877.45
1321.36 , 844.68
1323.72 , 816.6
1325.77 , 785.19
1326.79 , 755.45
1327.02 , 727.08
1326.54 , 694.6
837.69 , 700.89
824.72 , 721.01
808.84 , 742.81
798.25 , 765.35
798.08 , 790.39
812.58 , 811.18
834.79 , 822.96
859.32 , 831.78
884.38 , 833.83
908.15 , 833.19
934.55 , 828.23
957.85 , 822.23
980.27 , 808.19
984.46 , 783.91
976.45 , 759.35
964.82 , 736.62
955.25 , 712.25
811.94 , 882.06
825.89 , 878.1
841.42 , 878.81
856.74 , 880.06
871.77 , 881.88
886.89 , 883.52
901.84 , 885.57
917.17 , 886.79
932.69 , 887.56
947.79 , 889.31
962.62 , 891.53
977.22 , 894.3
991.67 , 897.32
1006.14 , 900.29
1012.16 , 908.08
998.02 , 911.81
983.77 , 915.31
968.94 , 917.56
953.27 , 918.06
937.34 , 918.06
921.54 , 918.31
905.74 , 918.08
890.42 , 916.81
875.47 , 914.83
861.69 , 910.56
847.99 , 906.07
834.69 , 900.56
821.75 , 893.86
819.44 , 881.56
832.72 , 884.31
845.89 , 887.31
859.44 , 889.56
873.12 , 891.56
886.77 , 893.56
900.32 , 895.81
913.62 , 898.56
927.29 , 900.56
941.44 , 901.56
955.59 , 902.56
969.97 , 903.06
984.12 , 904.06
998.14 , 905.31
1012.19 , 906.56
997.57 , 906.56
983.42 , 905.56
969.39 , 904.31
955.49 , 902.81
941.22 , 902.06
927.32 , 900.56
913.27 , 899.31
899.49 , 897.56
885.94 , 895.31
872.39 , 893.06
858.74 , 891.06
844.94 , 889.31
831.67 , 886.56
974.3 , 634.58
989.82 , 634.58
1003.7 , 637.98
1017.32 , 641.85
1030.52 , 646.57
1044.08 , 650.58
1058.4 , 653.06
1072.95 , 655.05
1087.77 , 656.56
1102.67 , 657.8
1113.75 , 660.62
1098.8 , 661.83
1083.9 , 663.08
1068.75 , 663.79
1054.17 , 661.8
1040.1 , 658.81
1026.65 , 654.68
1013.45 , 649.98
1000.3 , 645.08
987.12 , 640.36
849.45 , 614.6
841.53 , 605.78
831.33 , 601.02
820.17 , 598.52
808.3 , 597.52
796.58 , 596.27
784.45 , 595.77
772.95 , 597.51
762.45 , 601.31
752.67 , 607.1
743.75 , 615.27
752.9 , 622.91
762.67 , 628.7
773.77 , 631.27
785.52 , 632.52
797.52 , 633.27
809.15 , 631.77
820.65 , 630.02
832.27 , 628.52
842.48 , 623.79
979.39 , 531.86
985.99 , 507.46
1008.01 , 494.83
1033.79 , 491.11
1060.16 , 493.61
1085.57 , 498.12
1109.69 , 505.15
1132.84 , 514.35
1155.66 , 524.63
1177.54 , 537.52
1195.66 , 557.38
1201.62 , 581.36
1175.39 , 583.61
1151.97 , 575.09
1127.87 , 568.09
1102.34 , 563.82
1077.16 , 558.87
1052.12 , 553.61
1025.39 , 551.86
1000.74 , 545.7
874.21 , 499.14
874.61 , 483.66
861.78 , 474.32
848.03 , 467.32
833.75 , 462.05
818.23 , 459.32
801.98 , 458.07
785.5 , 457.32
769 , 456.57
753.38 , 459.05
740.78 , 469.07
734.78 , 483.07
747.38 , 492.66
763.78 , 493.57
780.5 , 493.82
796.88 , 494.82
812.98 , 496.32
828.61 , 498.89
843.4 , 503.07
859.78 , 504.07
