201752783_1
188.65 , 330.39
188.37 , 348.24
189.22 , 365.73
189.38 , 383.92
193.43 , 401.9
197.27 , 421.14
202.27 , 437.02
206.5 , 456.57
215.66 , 472.19
227.51 , 486.58
237.93 , 500.36
251.17 , 514.01
263.47 , 528.28
275.35 , 541.08
289.19 , 554.15
302.45 , 566.76
315.92 , 578.9
330.84 , 590.09
347.81 , 596.62
365.35 , 598.11
383.38 , 595.89
400.94 , 589.1
416.85 , 580.75
430.86 , 568.24
444.48 , 556.21
456.86 , 542.7
471.48 , 530.65
484.98 , 519.29
497.47 , 506.26
509.05 , 491.76
519.88 , 476.81
529.05 , 459.94
533.62 , 442.13
537.71 , 424.79
541.67 , 406.96
544.94 , 389.86
547.54 , 370.81
549.1 , 352
550.12 , 334.53
550.65 , 315.81
551 , 296.7
324.75 , 391.5
316.52 , 405.19
306.64 , 419.77
299.4 , 434.26
297.29 , 450.6
310.61 , 460.51
327.07 , 464.4
344.07 , 466.15
359.53 , 468.14
376.41 , 467.74
393.94 , 465.45
410.36 , 461.03
419.64 , 448.01
417.06 , 432.44
410.16 , 416.41
405.3 , 399.52
398.65 , 383.9
274.75 , 492.97
289.9 , 493.22
305.05 , 493.47
319.98 , 494.22
334.75 , 495.22
349.3 , 496.72
363.85 , 498.22
378.4 , 496.72
393.32 , 495.97
408.23 , 495.22
422.77 , 493.72
437.22 , 495.47
441.5 , 508.22
433.66 , 520.05
424.7 , 531.52
414.8 , 542.67
403.93 , 553.23
392.27 , 561.71
379.68 , 567.54
366.18 , 571.22
351.27 , 570.48
337.8 , 566.75
325.3 , 560.54
313.77 , 551.75
302.72 , 541.69
294.87 , 529.87
288.28 , 517.5
281.15 , 505.4
282.75 , 500.47
294.05 , 501.97
304.77 , 504.73
315.57 , 507.29
325.7 , 511.21
336.27 , 514.22
347.57 , 515.75
359.5 , 515.47
370.93 , 514.25
381.85 , 511.96
392.8 , 509.72
403.62 , 507.2
414.58 , 504.94
425.62 , 502.95
422.62 , 510.23
413.25 , 516.22
403.88 , 522.35
394.38 , 528.1
384.52 , 532.96
374.15 , 536.32
362.68 , 536.94
351.25 , 535.72
340.52 , 532.97
329.98 , 529.96
319.95 , 525.68
310.35 , 520.23
301.2 , 513.46
292.05 , 506.75
412.05 , 345.33
415.96 , 337.9
422.6 , 331.77
429.93 , 327.45
437.5 , 323.81
445.6 , 321.56
454.1 , 320.09
462.45 , 321.83
470.3 , 324.58
477.9 , 328.15
484.94 , 333.18
485.72 , 341.95
478.4 , 346.32
470.73 , 349.56
462.77 , 352.08
454.15 , 353.33
444.95 , 353.33
436.23 , 352.35
428.12 , 350.11
420 , 347.85
301.4 , 338.06
295.83 , 332.08
289.41 , 327.59
282.56 , 324.22
275.25 , 322.08
267.5 , 320.84
259.53 , 320.09
251.66 , 321.11
244.41 , 323.33
237.43 , 326.34
230.68 , 329.84
236.61 , 335.76
242.63 , 341.31
249.5 , 344.65
256.93 , 346.59
264.93 , 347.34
273.03 , 346.84
280.78 , 345.6
288.56 , 344.31
296.66 , 343.84
394.86 , 302.93
398.06 , 289.44
409.59 , 280.94
421.79 , 274.25
434.84 , 269.94
448.81 , 267.43
463.13 , 265.68
478.19 , 265.93
491.88 , 268.95
504.24 , 275.31
514.81 , 286.11
518.61 , 299.43
504.31 , 297.69
491.91 , 291.48
478.19 , 288.41
463.01 , 288.43
449.19 , 291.19
435.66 , 294.64
422.09 , 297.95
409.31 , 302.97
317.64 , 302.25
316.64 , 289.8
306.93 , 281.58
296.43 , 275.61
285.43 , 270.98
273.48 , 268.48
260.8 , 267.48
247.88 , 267.95
236.45 , 271.57
226.25 , 278.29
217.65 , 287.86
212.05 , 298.48
225.1 , 298.19
235.68 , 292.36
247.18 , 288.95
260.35 , 288.98
272.2 , 291.73
283.48 , 295.5
294.78 , 299.21
305.58 , 304.49
