20315024_1
493.6 , 687.37
490.85 , 706.61
488.02 , 727.89
488.64 , 748.69
492.49 , 769
498.18 , 788.85
504.64 , 808.43
511.54 , 827.69
520.12 , 846.1
530.84 , 863.29
543.13 , 879.54
558.38 , 893.23
576.63 , 902.85
597 , 912.01
615.6 , 919.91
634.2 , 927.8
653.4 , 934.32
673.4 , 938.74
696.03 , 939.59
714.7 , 939.22
737.37 , 939.64
758.05 , 939.35
778.17 , 936.24
797.11 , 927.95
814.17 , 915.81
829.3 , 904.62
847.3 , 894.56
867.1 , 886.61
886.2 , 877.42
902.7 , 864.82
914.8 , 848.28
924.1 , 830.02
933.1 , 811.56
942.4 , 793.07
950.6 , 773.94
958.8 , 754.45
966.2 , 734.62
970.9 , 714.38
972.1 , 693.87
969.9 , 673.29
965.9 , 652.78
659.6 , 640.1
648.41 , 655.41
635.75 , 671.36
627.45 , 691.31
631.08 , 711.38
644.11 , 726.31
664.3 , 730.15
685.39 , 730.69
704.56 , 732.25
726.25 , 733.5
746.8 , 731.57
766.39 , 726.75
781.98 , 713.33
788.68 , 695.32
783.55 , 674.42
771.55 , 657.57
761.95 , 639.05
619.19 , 797.06
631.14 , 787.86
643.17 , 778.84
656.17 , 772.32
669.87 , 767.88
685.37 , 767.06
700.14 , 769.32
715.44 , 768.06
730.24 , 765.82
745.99 , 765.56
760.34 , 768.71
773.89 , 773.58
787.24 , 778.82
800.66 , 783.82
802.16 , 797.82
790.32 , 807.4
777.99 , 815.52
765.14 , 822.32
752.07 , 828.56
739.02 , 834.74
725.12 , 838.81
709.84 , 840.08
694.94 , 838.06
680.42 , 835.29
666.19 , 831.81
652.72 , 826.83
640.64 , 817.99
628.6 , 808.96
622.69 , 801.06
633.22 , 797.3
644.47 , 794.81
656.54 , 794.06
668.49 , 795.06
679.97 , 797.07
691.79 , 798.31
704.12 , 798.06
716.44 , 797.81
728.27 , 796.57
740.34 , 795.81
752.54 , 795.31
764.39 , 794.1
776.22 , 792.8
787.92 , 791.32
779.34 , 794.59
767.74 , 796.31
755.42 , 796.56
743.34 , 797.31
731.14 , 797.81
718.84 , 798.06
706.87 , 799.06
694.44 , 799.06
682.47 , 798.06
670.52 , 797.06
658.09 , 797.06
646.02 , 797.82
634.67 , 800.06
774.45 , 576.75
778.33 , 571.35
783.43 , 566.51
789.28 , 563.69
795.35 , 561.59
801.83 , 560.22
808.8 , 560
815.3 , 561.28
821.35 , 563.41
827.2 , 566.25
832.67 , 569.99
831.45 , 576.25
825.68 , 579.25
819.85 , 582.09
813.55 , 583.75
806.55 , 584
799.8 , 583.25
793.08 , 582.5
786.33 , 581.77
780.2 , 579.75
630.2 , 584.21
624.22 , 580.46
618.24 , 576.72
611.47 , 574.93
604.19 , 574.18
596.79 , 574.68
589.77 , 575.93
583.24 , 578.2
576.97 , 581.17
571.41 , 586.2
568.44 , 592.43
574.32 , 596.05
580.92 , 598.16
587.94 , 599.43
595.34 , 599.93
602.72 , 599.43
609.89 , 598.43
616.79 , 596.9
623.44 , 594.93
629.61 , 591.55
740.75 , 518.9
748.94 , 506.2
761 , 496.15
775.17 , 491.72
790.25 , 489.15
805.58 , 487.12
821.17 , 485.65
837 , 484.65
851.88 , 487.65
864.95 , 494.86
876.28 , 506.17
874.6 , 520.39
858.9 , 519.17
843.3 , 517.65
827.48 , 518.65
812.1 , 520.55
797.1 , 523.3
782.6 , 527.06
768.12 , 530.9
753.02 , 528.41
637.58 , 512.24
625.85 , 503.5
612.67 , 498.83
599.15 , 494.89
584.75 , 492.65
569.65 , 491.91
555.25 , 494.15
542.7 , 500.71
533.76 , 512.38
528.22 , 525.25
524.5 , 538.9
530.12 , 551.78
542.17 , 559.14
553.67 , 550.24
564.88 , 540.03
576.55 , 531.12
589.42 , 525.66
604.33 , 524.4
619.17 , 525.65
634.3 , 524.9
