20315024_2
443.75 , 619.1
445.78 , 637.01
449.36 , 654.67
454.59 , 671.7
462.62 , 688.32
471.56 , 704.48
481.17 , 720.23
491.13 , 735.76
501.68 , 750.75
513.36 , 764.68
525.08 , 777.66
537.53 , 791.41
553.34 , 801.4
565.69 , 813.23
580.44 , 824.95
593.85 , 837.62
608.69 , 846.75
627.99 , 850.17
645.16 , 848.29
662.92 , 843.65
682.29 , 840.71
699.42 , 837.7
717.13 , 833.42
734.32 , 827.98
752.07 , 820.88
767.79 , 812.41
782.56 , 802.42
797.82 , 790.52
811.51 , 778.13
820.76 , 763.65
827.71 , 746.31
832.87 , 728.88
837.41 , 710.81
840.25 , 693.26
839.72 , 673.98
839.23 , 656.21
838.35 , 637.97
838.18 , 620.39
838.99 , 600.99
840 , 583.24
837.09 , 564.35
542.56 , 583.23
540.19 , 599.44
534.88 , 615.07
528.93 , 631.61
533.87 , 648.75
547.7 , 659.4
562.87 , 665.64
579.43 , 664.16
595.61 , 658.42
613.75 , 654.52
629.52 , 650.18
645.64 , 641.15
657.55 , 630.48
655.77 , 613.65
643.68 , 600.78
630.3 , 589.77
616.8 , 578.22
526.6 , 699.08
541.85 , 694.08
558.18 , 691.09
574.38 , 687.83
591.08 , 685.58
607.78 , 683.33
624.85 , 681.83
642.15 , 680.83
659.33 , 682.08
676.88 , 682.58
694.43 , 683.08
711.25 , 685.09
723.63 , 696.53
717.6 , 711.46
708.8 , 725.38
696.6 , 738.08
683.43 , 749.03
669.53 , 757.89
654.83 , 764.6
639.5 , 769.56
623.4 , 773.08
606.83 , 775.58
589.48 , 774.7
575 , 767.22
562.6 , 754.58
552.6 , 741.08
542.75 , 727.51
533.87 , 713.61
537.85 , 708.33
551.6 , 709.08
564.65 , 706.84
577.7 , 709.07
591.23 , 707.83
604.12 , 705.33
616.75 , 702.18
630.35 , 701.08
642.45 , 696.98
655.65 , 695.09
668.95 , 693.3
682.35 , 691.83
695.88 , 690.58
709.52 , 691.58
701.63 , 701.07
690.98 , 709.2
679.85 , 716.08
668.3 , 721.84
656.42 , 726.56
643.7 , 729.48
631.25 , 732.93
619.42 , 737.76
606.75 , 740.83
592.62 , 740.83
579.5 , 738.74
567.33 , 734.81
556.23 , 727.97
548.24 , 717.23
646.97 , 522.45
650.63 , 515.27
656.95 , 509.23
663.87 , 504.79
671.1 , 501.17
678.7 , 498.72
687.05 , 497.7
695.52 , 498.45
704.14 , 498.95
712 , 500.97
718.79 , 505.71
721.51 , 513.13
713.67 , 515.19
705.17 , 515.95
696.7 , 516.7
688.35 , 517.7
679.87 , 518.45
671.14 , 518.2
662.42 , 517.95
654.8 , 520.38
532.13 , 530.05
529.95 , 524.17
525.25 , 518.98
519.52 , 515.78
513.55 , 513.29
507.1 , 511.79
500.18 , 511.3
493.62 , 512.52
487.62 , 514.97
482.05 , 518.54
476.99 , 523.59
473.05 , 529.04
478.4 , 533.32
484.85 , 534.79
492 , 534.79
499.02 , 534.54
505.95 , 534.03
512.12 , 532.02
518.67 , 530.8
525.23 , 529.54
614.06 , 454.77
624.66 , 442.65
638.26 , 436.03
653.06 , 432.27
668.06 , 429.02
683.43 , 426.51
699.28 , 425.02
715.01 , 426.27
729.48 , 430.53
743.03 , 437.25
755.81 , 446.02
755.76 , 458.28
740.26 , 456.02
725.13 , 453.02
709.41 , 451.27
693.08 , 450.76
677.23 , 452.3
661.51 , 454.06
645.76 , 455.77
629.68 , 456.77
518.42 , 461.97
511.23 , 456.29
504 , 450.57
495.33 , 448.59
486.05 , 447.84
476.93 , 446.84
467.4 , 447.07
459.08 , 449.8
451.43 , 454.2
444.78 , 461.09
440.03 , 468.59
447.48 , 473.55
456.25 , 471.84
464.4 , 468.82
473.55 , 467.84
483.18 , 467.84
491.98 , 469.6
500.25 , 472.32
508.9 , 474.36
516.84 , 470.56
