203328057_1
63.87 , 630.47
67.75 , 663.07
79.5 , 697.65
96.31 , 730.91
108.22 , 764.28
119.08 , 797.73
131.46 , 830.48
146.26 , 865.46
162.03 , 896.94
188.99 , 921.27
214.73 , 946.96
239.29 , 969.36
269.25 , 991.14
301.63 , 1010.72
332.8 , 1024.13
368.29 , 1035.91
400.71 , 1044.74
436.78 , 1054.37
472.24 , 1061.12
508.34 , 1065.44
542.93 , 1068.97
579.64 , 1063.16
611.28 , 1047.12
638.61 , 1024.36
665.71 , 1000.59
691.74 , 978.2
721.97 , 954.65
743.26 , 929.45
767.33 , 900.89
788.04 , 873.84
810.83 , 842.89
827.54 , 812.67
839.83 , 776.75
846.66 , 742.32
847.75 , 706.72
847.09 , 671.62
848.45 , 636.03
852.74 , 600.18
857.25 , 564.31
860.08 , 528.89
860.39 , 490.78
412.6 , 591.64
403.38 , 619.28
389.11 , 645.16
373.7 , 674.6
371.52 , 703.09
388.7 , 727.15
420.33 , 733.85
448.56 , 732.14
481.37 , 732.18
512.39 , 728.81
541.08 , 726.98
572.01 , 715.59
590.89 , 692.55
591.64 , 662.95
577.99 , 634.71
560.95 , 609.51
542.35 , 584.05
368.5 , 843.34
387.1 , 837.06
405.65 , 830.56
424.75 , 825.09
443.23 , 818.36
462.65 , 813.44
483.65 , 814.84
503.48 , 810.84
522.73 , 805.61
544.38 , 805.34
564.1 , 809.58
583.95 , 813.6
604.4 , 816.33
624.35 , 820.12
620.27 , 839.32
604.55 , 853.81
588.2 , 866.6
571.67 , 878.88
554.77 , 890.07
536.55 , 897.57
516.58 , 901.34
495.02 , 900.84
474.65 , 897.99
455.35 , 892.87
437.23 , 885.08
419.85 , 875.16
402.9 , 864.21
386.02 , 852.87
426.25 , 833.34
437.6 , 829.49
449.62 , 826.72
462.15 , 825.07
475.25 , 824.59
488.48 , 824.34
501.68 , 824.09
514.77 , 823.59
527.88 , 823.09
540.85 , 822.34
553.7 , 821.34
566.42 , 820.07
579.17 , 818.91
592 , 817.84
596.13 , 818.87
583.42 , 820.16
571.15 , 822.34
559.17 , 825.16
547.65 , 828.87
536.3 , 832.86
524.83 , 836.57
512.93 , 839.59
500.43 , 841.34
487.23 , 841.09
474.98 , 838.84
463.07 , 835.87
451.48 , 832.34
438.62 , 831.35
559.25 , 474.4
563.41 , 459.72
573.9 , 447.47
586.77 , 438.64
600.5 , 432.15
615.25 , 428.15
631.33 , 426.9
647.52 , 427.9
662.52 , 431.4
676.6 , 436.74
689.4 , 445.78
698.67 , 458.39
684.8 , 464.37
670.77 , 469.89
656.02 , 473.9
639.95 , 475.15
623.75 , 476.15
607.2 , 475.9
590.77 , 475.4
574.7 , 476.65
348.95 , 483.9
337.32 , 476.95
325.27 , 470.96
312.27 , 467.44
298.5 , 465.44
284.02 , 465.93
270.75 , 468.94
258.43 , 474
246.82 , 481.11
235.8 , 489.88
224.75 , 498.44
236.28 , 505.7
249.2 , 509.4
263.32 , 510.69
277.45 , 509.44
290.62 , 506.17
303.7 , 502.73
317.2 , 500.23
331.18 , 498.69
344.4 , 495.54
502.71 , 380.11
508.52 , 348.04
534.93 , 328.14
568.11 , 324.62
603.01 , 324.61
637.06 , 322.86
671.21 , 321.36
705.51 , 322.61
736.86 , 330.01
765.38 , 344.3
791.06 , 366.21
794.04 , 393.18
762.06 , 387.09
731.06 , 379.12
698.21 , 374.86
663.93 , 376.11
632.31 , 382.88
600.56 , 389.37
566.63 , 391.36
532.36 , 390.08
366.29 , 386.02
349.62 , 372.09
329.47 , 367.07
307.04 , 367.32
284.62 , 367.07
263.14 , 369.3
244.24 , 376.91
226.44 , 387.72
209.44 , 400.72
193.22 , 415.94
177.09 , 431.32
197.47 , 435.81
216.04 , 427.05
234.91 , 419.29
256.61 , 417.57
278.79 , 418.32
300.39 , 416.32
321.62 , 413.57
343.44 , 412.07
363.41 , 406.75
