107635070_1
21.44 , 288.5
25.56 , 303.42
29.35 , 319.27
31.89 , 335.31
33.01 , 351.15
34.46 , 367.23
37.42 , 383.04
42.59 , 398.31
49.63 , 413
57.73 , 427.19
66.32 , 440.67
77.71 , 451.94
91.71 , 460.28
106.47 , 467.26
121.43 , 474.25
136.07 , 481.41
149.45 , 487.76
164.61 , 493.73
181.21 , 498.48
196.57 , 501.5
211.89 , 503.36
228.43 , 503.56
244.75 , 500.24
259.46 , 495.37
274.4 , 489.81
289.67 , 483.91
304.98 , 477.79
319.71 , 471.25
334.32 , 463.7
348.58 , 456.44
362.04 , 448.01
375.68 , 437.53
386.77 , 426.07
396.18 , 413.34
403.9 , 399.4
410.63 , 385.13
416.6 , 370.39
418.27 , 353.54
420.21 , 336.88
421.75 , 321.44
422.75 , 304.61
164.75 , 258.09
161.37 , 269.49
157.68 , 281.8
153.66 , 294.28
154.02 , 307.74
161.35 , 318.3
171.4 , 325.25
184.77 , 327.56
197.4 , 329.32
210.31 , 328.46
223.27 , 328
235.57 , 326.29
246.86 , 319.27
253.11 , 309.02
253.02 , 295.94
249.16 , 283.78
244.34 , 271.05
133.34 , 380.58
140.59 , 373.33
148.59 , 368.08
156.54 , 362.65
164.39 , 357.04
173.27 , 354.15
183.39 , 354.33
193.09 , 355.58
203.12 , 355.08
212.81 , 353.83
221.72 , 356.58
229.89 , 361.35
237.99 , 366.33
246.06 , 371.32
253.59 , 377.83
248.97 , 385.71
240.47 , 389.58
232.22 , 394.2
223.57 , 397.6
214.34 , 399.83
205.12 , 402.08
195.31 , 403.08
185.14 , 402.83
175.24 , 402.1
166.02 , 399.85
157.52 , 396.02
149.29 , 391.32
140.81 , 387.32
136.34 , 381.58
143.41 , 378.02
150.77 , 375.15
158.62 , 373.33
166.97 , 372.58
175.56 , 372.83
183.94 , 373.58
192.64 , 373.58
201.37 , 373.58
209.87 , 374.08
218.17 , 374.9
226.49 , 375.73
234.79 , 376.56
242.69 , 378.36
250.39 , 380.37
244.89 , 380.57
236.72 , 379.46
228.41 , 378.58
219.94 , 378.08
211.34 , 378.33
202.87 , 378.83
194.27 , 379.08
185.91 , 378.33
177.44 , 377.83
169.06 , 377.08
160.34 , 377.08
152.24 , 378.31
144.47 , 380.32
264.8 , 228.85
269.46 , 221.68
276.5 , 216.64
284.12 , 213.1
292.5 , 211.35
301.6 , 211.6
310.23 , 212.86
318.23 , 215.37
325.78 , 219.07
332.55 , 224.85
337.51 , 231.93
332.83 , 239.07
325.68 , 243.88
317.3 , 245.6
308.33 , 246.1
299.1 , 246.1
290.12 , 245.6
281.62 , 244.1
273.62 , 241.61
266.3 , 237.35
154.96 , 226.51
150.35 , 219.66
144.06 , 213.58
137.01 , 209.52
129.61 , 206.52
121.36 , 205.26
112.63 , 205.49
104.91 , 207.8
97.86 , 211.86
91.21 , 217.01
84.71 , 222.51
90.61 , 228.91
97.11 , 234.44
104.36 , 238.04
112.23 , 240.01
120.58 , 241.01
129.44 , 241.01
137.78 , 240.01
145.78 , 238.28
152.91 , 234.35
242.96 , 194.69
253.51 , 188.65
264.34 , 183.19
275.74 , 179.45
288.38 , 178.19
301.29 , 178.94
314.31 , 179.44
327.34 , 179.94
339.99 , 181.19
351.51 , 184.67
361.86 , 191.32
354.81 , 195.69
341.81 , 196.2
329.59 , 198.07
316.86 , 196.95
304.44 , 195.19
291.51 , 194.9
279.09 , 196.56
266.96 , 198.94
253.96 , 199.44
168.12 , 196.47
168.42 , 181.45
158.4 , 170.43
145 , 166.45
130.19 , 165.2
115.3 , 166.2
100.37 , 167.2
85.37 , 166.49
71.69 , 170.18
59.34 , 177.03
49.55 , 188.3
42.92 , 200.7
55.69 , 195.19
68.2 , 188.68
81.67 , 184.7
96.7 , 185.45
111.49 , 186.7
126.05 , 188.44
139.97 , 191.49
152.97 , 196.46
