2036310656_1
170 , 350.85
173.18 , 373
179.43 , 397.5
187.12 , 419.69
192.89 , 444.23
201.11 , 466.81
209.7 , 487.11
224.15 , 508.75
238.99 , 527.24
255.49 , 544.98
273.24 , 558.54
294.75 , 572.18
315.3 , 584.74
336.29 , 595.15
359.37 , 605.34
380.71 , 611.97
406.44 , 614.01
428.56 , 612.98
454.51 , 612.69
477.95 , 612.76
501.47 , 613.05
525.77 , 612.8
550.62 , 611.84
574.01 , 612
597.54 , 603.42
617.93 , 590.19
637.57 , 577.06
657.64 , 564.3
678.41 , 552
697.77 , 538.56
716.16 , 522.02
732.66 , 505.94
747.87 , 485.74
758.75 , 464.81
766.12 , 442.66
770.45 , 418.74
769.77 , 393.16
767.64 , 369.03
766.59 , 346.43
766.86 , 321.41
767.87 , 296.6
439.65 , 327.19
427.58 , 341.76
419.91 , 358.13
423.33 , 376.22
440.56 , 382.96
458.25 , 380.64
477.65 , 378.34
496.42 , 376.09
516.14 , 374.19
533.81 , 372.5
552.66 , 374.93
572.87 , 378.57
590.42 , 378.59
596.94 , 362.31
588.09 , 344.95
576.84 , 330.19
565 , 313.69
431.4 , 450.84
434.61 , 435.14
441.41 , 420.96
450 , 407.49
461.35 , 395.1
474.55 , 385.68
489.12 , 380.1
504.7 , 376.6
520.75 , 374.09
537.52 , 373.06
553.58 , 375.52
568.15 , 381.09
581.73 , 389.41
593.89 , 401.49
601.96 , 415.16
608.91 , 429.31
605.87 , 445.11
593.58 , 457.1
580.48 , 466.83
567.33 , 476.4
552.62 , 481.59
535.97 , 482.84
518.85 , 482.59
502.42 , 484.34
486.27 , 482.12
472.1 , 475.29
457.72 , 469.12
443.5 , 462.46
449.65 , 447.84
457.67 , 440.56
465.97 , 434.01
474.22 , 427.29
482.82 , 421.63
492.7 , 419.1
503.55 , 419.09
513.9 , 420.59
524.88 , 420.84
535.23 , 419.36
545.7 , 418.05
555.6 , 420.1
565.02 , 423.46
573.85 , 428.57
581.95 , 435.64
575.62 , 432.56
567.38 , 425.83
558.2 , 421.58
547.6 , 420.59
536.65 , 420.34
525.92 , 421.09
514.95 , 421.36
504.35 , 420.33
493.75 , 421.34
483.02 , 422.1
474.45 , 427.79
466.15 , 434.34
457.77 , 440.71
581.61 , 246.04
586.08 , 234.57
596.31 , 226.56
607.59 , 221.29
619.78 , 218.29
632.71 , 216.79
645.99 , 217.54
658.21 , 220.54
669.49 , 225.79
680.44 , 231.83
690.8 , 239.45
688.54 , 251.84
678.11 , 259.29
666.36 , 263.04
653.93 , 265.54
640.51 , 266.03
627.74 , 264.32
615.41 , 261.53
603.18 , 258.56
591.46 , 254.66
404.13 , 245.35
393.26 , 237.16
382.26 , 229.4
370.51 , 223.59
357.26 , 221.36
342.92 , 221.36
329.42 , 223.1
317.37 , 227.92
305.67 , 233.89
294.26 , 240.52
283.94 , 250.11
295.56 , 256.24
307.26 , 262.14
319.12 , 267.63
332.14 , 270.36
346.24 , 269.86
359.87 , 268.36
372.76 , 265.36
385.26 , 261.58
397.14 , 256.15
568.49 , 144.7
584.79 , 134.94
604.24 , 132.45
624.12 , 130.83
644.14 , 131.85
663.54 , 134.49
682.19 , 138.68
699.64 , 145.45
716.16 , 154.68
731.31 , 167.78
741.77 , 183.72
730.39 , 189.2
714.16 , 179.14
697.29 , 170.73
679.76 , 164.21
661.34 , 159.55
642.04 , 156.7
622.47 , 154.45
602.04 , 154.95
583.09 , 158.42
419.17 , 123.28
396.02 , 115.58
370.02 , 114.05
344.38 , 116.83
318.85 , 119.78
294.98 , 126.28
272.7 , 136.55
251.68 , 150.08
233.19 , 169.35
219.04 , 190.18
207.7 , 212.05
230.68 , 204.06
252.52 , 192.53
274.05 , 180.29
296.4 , 170.34
319.3 , 162.02
343.4 , 156.04
368.8 , 152.79
394.45 , 150.05
419.85 , 146.8
