2038888040_1
224.34 , 1149.5
240.15 , 1194.01
251.51 , 1239.07
261.49 , 1285.67
266.91 , 1334.53
266.72 , 1380.87
274.29 , 1429.23
283.12 , 1473.92
304.23 , 1519.94
327.25 , 1562.05
353.11 , 1600.36
386.97 , 1634.15
425.07 , 1665.57
455.55 , 1698.34
482.34 , 1741.67
510.35 , 1777.67
552.63 , 1802.4
599.69 , 1818.19
643.05 , 1828.52
691.31 , 1831.79
739.24 , 1825.76
784.72 , 1807.52
824.24 , 1784.96
864.5 , 1755.24
908.23 , 1734.75
946.23 , 1707.66
981.34 , 1673.19
1011.21 , 1640.53
1040.99 , 1598.78
1065.47 , 1560.45
1087.58 , 1514.26
1108.03 , 1471.21
1126.86 , 1431.83
1142.42 , 1385.42
1156.51 , 1340.97
1170.12 , 1290.68
1176.73 , 1243.75
1184.63 , 1198.19
1193.97 , 1151.53
1196.95 , 1103.07
1198.75 , 1052.75
538.45 , 1212.29
535.33 , 1242.78
513.81 , 1267.76
501.29 , 1295.71
505.64 , 1328.46
528.48 , 1352.63
558.63 , 1361.9
592.17 , 1364.3
620.26 , 1353.61
652.1 , 1343
685.64 , 1348.53
717 , 1350.81
740.53 , 1330.32
742.43 , 1296.53
729.13 , 1267.49
709.78 , 1240.71
691.14 , 1212.29
440.13 , 1555.15
450.87 , 1531.46
473.73 , 1518.39
498.2 , 1509.87
521.33 , 1497.41
544.78 , 1485.66
572.28 , 1483.14
598.23 , 1488.38
625.23 , 1486.41
650.18 , 1478.88
676.31 , 1482.14
700.65 , 1491.16
724.53 , 1501.36
748.65 , 1510.91
772.98 , 1519.75
776.31 , 1538.14
750.73 , 1544.55
726.2 , 1552.92
701.25 , 1560.37
674.86 , 1565.15
647.25 , 1567.37
619.18 , 1568.15
591.46 , 1566.18
564.58 , 1562.4
537.96 , 1558.13
513.46 , 1549.71
489.63 , 1539.15
461.4 , 1538.62
476.63 , 1520.65
495.9 , 1511.88
516.63 , 1506.4
539.9 , 1506.65
561.83 , 1509.66
584.73 , 1510.65
606.73 , 1513.5
627.88 , 1518.15
650.18 , 1516.38
671.73 , 1512.65
694.15 , 1510.64
716.93 , 1511.9
738.48 , 1515.64
758.75 , 1521.93
778.78 , 1528.55
759.33 , 1523.91
738.98 , 1517.75
717.78 , 1513.15
694.88 , 1512.65
673.21 , 1516.15
651.63 , 1519.9
628.63 , 1519.15
606.08 , 1517.38
584.56 , 1513.58
562.83 , 1510.15
540.53 , 1507.9
518.53 , 1510.74
498.21 , 1516.9
737.8 , 1015.05
747.24 , 997.85
762.57 , 983.27
779.6 , 973.29
798.22 , 967.62
818.42 , 965.05
839.38 , 964.05
860.67 , 963.8
881.25 , 965.55
900.88 , 969.32
919.07 , 975.82
914.58 , 994.52
899.15 , 1008.96
881.27 , 1016.55
861.55 , 1020.05
841.32 , 1022.55
820.02 , 1022.3
799.07 , 1021.3
778.97 , 1018.55
758.88 , 1015.8
490.82 , 1006.9
474.48 , 994.53
457.1 , 984.91
438.5 , 978.81
417.73 , 977.56
397.68 , 980.87
379.85 , 989.21
361.65 , 996.33
342.52 , 1001.55
324.27 , 1008.53
308 , 1021.06
326.12 , 1028.34
344.73 , 1034.3
365.05 , 1037.05
386.32 , 1036.31
406.4 , 1033.09
425.5 , 1027.81
445.2 , 1023.8
466.48 , 1023.06
487.75 , 1023.81
644.75 , 962.8
656.26 , 931.5
684.1 , 910.55
715 , 897.8
749.15 , 892.05
785.75 , 892.3
820.38 , 897.08
854.9 , 902.06
890.15 , 905.54
924.67 , 910.48
955.85 , 922.81
954.65 , 951.81
918.92 , 954.3
881.98 , 954.3
845.4 , 954.05
809.7 , 956.59
773.7 , 958.55
738.45 , 962.05
704.52 , 968.29
673.7 , 980.51
502.25 , 971.29
488.92 , 944.45
460.75 , 933.03
431.27 , 924.56
400.85 , 917.91
369.17 , 913.91
336.75 , 911.41
304.8 , 914.89
275.92 , 924.4
248.55 , 938.46
225.69 , 962.56
214.12 , 990.66
245.29 , 995.41
278.82 , 995.66
311.35 , 993.41
343.52 , 990.41
375.82 , 987.66
408.12 , 984.91
441.64 , 984.66
474.92 , 985.41
