2044777702_1
483.27 , 656.79
485.45 , 676.4
492.03 , 695.17
498.6 , 713.94
503.89 , 735.24
507.05 , 755.14
515.72 , 773.84
524.36 , 790.72
535.72 , 808.58
547.31 , 825.87
559.82 , 842.29
573.33 , 856.47
586.97 , 870.72
598.53 , 889.83
611.59 , 905.16
626.95 , 916.64
646.74 , 923.57
667.67 , 925.76
686.89 , 922.66
704.82 , 914.17
725.42 , 906.7
743.26 , 898.72
760.77 , 887.07
776.88 , 875.92
793.8 , 863.16
809.24 , 850.77
827.35 , 839.08
844.78 , 828.68
859.66 , 816.18
874.42 , 801.02
886.9 , 784.94
895.95 , 767.45
903.75 , 748
910.54 , 728.61
916.38 , 709.74
917.95 , 688.44
914.19 , 669.58
911.95 , 648.15
909.82 , 627.65
906.6 , 608.29
903.85 , 587
580.35 , 645.19
574.56 , 660.58
566.82 , 677.35
561.51 , 692.64
565.43 , 709.76
576.92 , 723.81
591.06 , 734.32
607.93 , 737.83
626.09 , 736.29
643.32 , 733.57
660.25 , 728.62
674.36 , 719.12
685.69 , 706.53
689.19 , 689.61
684.01 , 672.24
675.39 , 657.39
669.8 , 639.62
549.5 , 772.2
562.65 , 767.43
576.98 , 769.95
590.73 , 773.68
604.08 , 778.02
617.85 , 781.68
631.8 , 784.99
646.9 , 784.45
660.75 , 780.95
675.05 , 778.41
689.42 , 775.98
703.4 , 772.7
717.6 , 769.94
732.55 , 768.71
730.4 , 780.79
717.92 , 787.71
705.12 , 793.71
692.8 , 800.94
680.17 , 807.51
667.2 , 812.95
653.35 , 816.45
638.27 , 816.97
623.95 , 814.43
610.75 , 809.7
598 , 803.45
585.77 , 795.96
573.8 , 787.72
561.42 , 780.6
550 , 771.95
563.25 , 772.95
575.85 , 775.3
588.55 , 777.49
600.6 , 780.95
613.15 , 783.44
625.92 , 785.45
639.33 , 786.2
652.58 , 785.2
665.5 , 783.45
678.15 , 781.19
690.92 , 779.19
703.7 , 777.2
716.65 , 775.55
721.8 , 779.69
710.3 , 784.4
698.5 , 788.45
686.2 , 791.44
673.3 , 793.21
660.4 , 794.96
647.5 , 796.7
634.23 , 797.19
621.05 , 795.99
608.92 , 792.71
596.73 , 789.45
584.7 , 785.95
572.62 , 782.57
561.05 , 777.99
703.38 , 555.29
706.63 , 545.04
715.58 , 538.32
725.3 , 533.55
735.8 , 530.79
747.4 , 530.29
758.63 , 531.54
769.28 , 534.04
779.78 , 536.76
789.48 , 541.61
798.37 , 548.52
796.43 , 559.25
786.65 , 563.78
776.73 , 567.69
766.4 , 570.79
754.93 , 571.54
743.48 , 570.78
732.36 , 569.29
721.53 , 567.2
711.38 , 563.79
572.99 , 567.73
573.06 , 561.4
565.72 , 557.72
558.31 , 554.2
550.76 , 551.21
542.76 , 549.24
534.37 , 547.96
525.99 , 546.71
517.12 , 546.46
509.12 , 548.48
502.21 , 553.34
499.39 , 560.96
505.84 , 566.65
513.12 , 570.45
521.29 , 572.11
529.87 , 571.46
538.49 , 570.72
547.04 , 569.81
555.64 , 568.96
564.29 , 568.31
652.11 , 528.26
660.85 , 511.53
676.59 , 500.02
693.66 , 492.23
711.34 , 486.25
729.29 , 480.74
746.66 , 473.96
764.63 , 468.49
784.81 , 468.51
802.23 , 475.39
815.37 , 490.06
814.94 , 507.83
796.41 , 503.3
777.84 , 499.03
757.99 , 500.74
739.68 , 505.69
722.26 , 512.35
705.34 , 520.77
688.38 , 528.99
670.06 , 533.72
589.5 , 535.46
585.62 , 522.26
574.51 , 512.45
562.24 , 505.9
549.26 , 501.42
535.76 , 497.92
522.36 , 494.23
509.38 , 489.71
495.74 , 486.46
480.88 , 487.22
467.06 , 489.96
471.55 , 502.9
483.06 , 511.46
496.69 , 514.69
509.59 , 519.45
522.53 , 523.97
535.76 , 527.98
548.86 , 532.23
562.26 , 535.92
575.99 , 538.98
