2044777702_2
387.25 , 512.3
389.77 , 524.92
393.98 , 538.56
399.45 , 551.75
404.88 , 565.59
409.33 , 579.4
412.92 , 592.59
416.46 , 605.67
421.71 , 619.5
428.29 , 632.66
434.81 , 643.91
443.75 , 655.09
454.77 , 664.7
466.24 , 673.41
478.33 , 681.37
489.74 , 687.9
502.68 , 694.34
515.32 , 699.08
530.22 , 702.35
544.38 , 704.31
558.14 , 705.18
572.69 , 704.14
585.99 , 701.65
600.34 , 697.35
612.83 , 693.15
625.8 , 686.5
636.73 , 677.35
645.53 , 666.66
652.64 , 654.61
659.63 , 641.54
664.84 , 628.1
669.64 , 614.9
673.95 , 601.95
678.63 , 587.98
682.32 , 574.21
684.08 , 560.59
685.74 , 546.69
688.01 , 532.57
690.92 , 518.48
693.38 , 504.34
694.39 , 490.05
496.28 , 480.65
490.72 , 493.12
482.7 , 505.76
478.28 , 519.34
483.03 , 533.57
495.18 , 541.9
509.15 , 539.88
522.47 , 533.81
536.63 , 528.72
550.61 , 529.67
564.87 , 532.49
580.53 , 534.43
591.25 , 526.21
594.73 , 511.16
589.64 , 498.76
581.53 , 485.21
574.15 , 472.05
491.69 , 607.96
496.44 , 598.59
501.22 , 589.19
508.64 , 580.77
517.39 , 574.25
527.01 , 570.18
538.07 , 569.21
549.34 , 568.71
560.39 , 567.71
571.82 , 567.97
581.87 , 570.95
591.04 , 576.28
599.72 , 582.98
608.08 , 590.58
609.44 , 601.46
605.16 , 611.04
600.66 , 620.51
592.67 , 628.74
583.54 , 634.12
573.99 , 638.48
563.79 , 641.23
552.87 , 642.46
541.69 , 641.71
530.89 , 640.21
520.44 , 637.96
510.64 , 634.43
502.5 , 626.26
496.57 , 617.31
499.69 , 610.71
504.21 , 604.69
509.14 , 598.77
515.19 , 594.21
521.66 , 590.73
528.69 , 588.71
536.22 , 587.71
544.22 , 587.71
551.87 , 586.96
559.14 , 585.5
566.64 , 584.45
573.84 , 586.11
581.04 , 587.8
588.24 , 589.5
595.14 , 591.73
596.72 , 597.71
589.62 , 599.53
582.09 , 600.56
574.99 , 602.42
567.89 , 604.25
560.57 , 605.68
553.19 , 606.96
545.89 , 608.45
538.39 , 609.46
530.74 , 610.21
522.74 , 610.21
514.74 , 610.21
507.34 , 611.46
578.42 , 427.33
581.9 , 420.85
587.72 , 415.54
594.32 , 412.36
601.14 , 409.83
608.47 , 408.33
616.27 , 407.83
623.94 , 408.6
630.87 , 410.81
637.62 , 413.54
643.94 , 417.41
642.15 , 424.61
636.02 , 429.07
629.44 , 432.33
622.22 , 434.08
614.67 , 435.08
606.75 , 435.33
598.82 , 435.08
591.37 , 433.84
584.57 , 431.24
485.15 , 441.47
481.57 , 435.13
475.35 , 431.26
468.88 , 427.99
461.8 , 426.28
454.12 , 425.77
446.68 , 426.76
439.72 , 428.78
433.18 , 431.78
427.26 , 436.47
422.95 , 442.52
426.17 , 448.99
432.35 , 452.92
439.38 , 454.78
446.7 , 456.02
454.5 , 456.27
462.07 , 455.51
469.27 , 454.03
476.23 , 452
482.42 , 448.08
551.18 , 387.97
553.59 , 377.27
562.68 , 370.72
572.2 , 365.45
582.03 , 361
592.3 , 357.7
602.98 , 355.23
614.13 , 353.72
625.65 , 354.47
635.9 , 357.7
645.58 , 362.62
646.78 , 372.24
635.73 , 373.93
624.48 , 375.23
613.58 , 377.22
603 , 379.99
592.88 , 383.48
582.83 , 387.32
572.11 , 389.7
561.11 , 391.4
495.21 , 397.89
487.39 , 388.78
477 , 384.54
465.8 , 382.04
454.12 , 380.54
441.72 , 380.54
429.42 , 380.79
417.75 , 382.26
407.02 , 385.69
397.32 , 391.9
388.17 , 399.54
398.95 , 402.79
410.25 , 400.53
421.55 , 398.3
433.6 , 399.04
444.8 , 401.53
456.35 , 403.29
468.15 , 404.54
478.97 , 407.81
491.12 , 408.31
