2047351146_1
319.8 , 341.85
322.93 , 355.46
325.82 , 369.02
328.85 , 382.6
333.13 , 396.07
337.23 , 409.94
341.06 , 423.04
345.53 , 435.49
350.89 , 449.43
355.84 , 462.16
362.14 , 474.86
369.96 , 486.22
380.74 , 496.87
390.51 , 506.44
400.82 , 516.3
412.6 , 523.06
425.52 , 528.14
438.31 , 532.71
452.41 , 534.76
467.04 , 535.99
479.46 , 531.43
493.47 , 527.56
505.51 , 521.12
518.58 , 513.12
530.66 , 506.18
541.39 , 497.64
551.92 , 488.85
562.7 , 479.83
570.14 , 467.44
577.62 , 455.55
583.98 , 443.94
588.14 , 430.03
592.97 , 416.49
596.31 , 403.31
597.15 , 388.56
598.3 , 374.52
598.33 , 360.39
598.18 , 346.01
598.31 , 332.56
598.22 , 318.65
596.9 , 303.81
411.1 , 350.85
407.1 , 358.78
401.81 , 367.31
402.71 , 377.79
403.7 , 387.01
411.75 , 393.11
421.53 , 393.58
431.8 , 394.73
441.51 , 397.03
451.2 , 394.9
460.46 , 391.86
470.12 , 388.92
475.61 , 381.1
475.15 , 370.94
471.74 , 361.45
466.05 , 353.44
460.25 , 345.05
406.65 , 453.07
408.99 , 445.94
413.95 , 439.76
420.25 , 435.19
427.05 , 431.82
434.22 , 429.58
442.4 , 429.32
449.85 , 427.59
456.8 , 424.85
463.85 , 422.31
471.77 , 423.08
479.32 , 424.57
486.65 , 426.57
493.6 , 429.31
500.14 , 433.29
498.99 , 441.02
492.3 , 444.66
485.6 , 448.14
478.92 , 451.81
472.12 , 455.09
465.15 , 457.82
458.1 , 460.32
450.65 , 462.07
442.95 , 463.31
435.4 , 461.82
428.07 , 459.82
420.52 , 458.34
413.35 , 456.09
407.15 , 453.32
412.62 , 449.08
418.6 , 446.08
424.72 , 443.59
431.2 , 441.83
438.02 , 440.82
444.97 , 441.57
452.05 , 442.06
458.52 , 440.29
464.97 , 438.54
471.45 , 436.8
478.27 , 435.83
485.22 , 435.07
492.42 , 435.32
499.24 , 436.31
492.97 , 435.82
485.8 , 435.57
478.7 , 436.03
472 , 437.34
465.5 , 438.97
459.2 , 441.03
452.82 , 442.89
446.07 , 444.07
438.88 , 444.32
431.67 , 444.07
424.97 , 445.29
419 , 448.31
412.87 , 450.81
476.49 , 290.48
480.24 , 284.98
484.4 , 279.58
488.54 , 274.18
493.74 , 269.48
499.29 , 265.72
505.26 , 263.23
511.97 , 262.23
518.76 , 262.98
524.82 , 265.29
530.27 , 269.26
533.69 , 274.9
528.94 , 280.04
523.26 , 283.46
517.19 , 285.71
510.89 , 287.47
503.97 , 287.98
497.04 , 288.48
490.34 , 289.48
483.67 , 290.48
391.08 , 305.21
387.84 , 299.76
384.08 , 294.49
379.77 , 289.42
374.34 , 286.06
368.17 , 284.59
361.39 , 284.84
355.09 , 286.07
349.37 , 288.63
344.17 , 292.61
340.01 , 297.74
337.19 , 303.34
340.8 , 308.59
346.62 , 310.84
353.26 , 311.34
359.94 , 311.84
366.72 , 311.59
373.12 , 310.59
379.66 , 309.85
385.69 , 308.09
453.47 , 251.13
458.82 , 242.98
467.45 , 238.65
476.9 , 236.36
486.95 , 235.38
496.75 , 233.87
506.55 , 232.35
515.85 , 229.9
526.14 , 229.88
535.57 , 232.11
543.72 , 237.63
540.84 , 245.25
530.97 , 243.88
520.67 , 243.9
510.97 , 245.63
501.95 , 248.65
492.25 , 250.37
482.57 , 252.1
472.9 , 253.88
462.5 , 254.14
396.07 , 270.07
394.49 , 262.65
387.26 , 258.79
379.39 , 256.55
370.81 , 255.8
362.46 , 257.02
354.24 , 258.55
345.29 , 258.55
336.56 , 259.05
328.96 , 261.8
322.34 , 267.3
318.59 , 274.55
327.06 , 273.55
335.54 , 272.55
344.37 , 272.3
353.09 , 271.8
361.56 , 270.8
370.39 , 271.05
379.21 , 271.3
387.94 , 271.8
