1079156334_1
357.5 , 618.25
365.63 , 641.57
372.99 , 665.08
377.99 , 689.01
380.47 , 715.78
381.64 , 740.73
387.91 , 763.7
396.97 , 788.57
410.14 , 811.63
425.52 , 830.88
442.24 , 850.15
459.53 , 869.16
475.41 , 886.58
493.94 , 904.4
513.02 , 922.4
531.79 , 937.55
551.47 , 954.3
573.17 , 968.89
596.77 , 975.23
621.99 , 978.99
647.13 , 978.91
671.33 , 971.55
693.5 , 957.22
713.6 , 942.42
734.5 , 927.3
755.11 , 912.48
774.09 , 899.25
794.26 , 884.02
815.22 , 866.12
833.53 , 849.78
847.93 , 830.75
859.9 , 808.68
871.2 , 783.5
879.61 , 759.84
886.37 , 735.66
892.97 , 711.12
898.99 , 686.71
901.16 , 660.86
903 , 637.35
902.9 , 611.19
902.7 , 584.8
527.85 , 641.06
519.47 , 659.09
512.87 , 680.37
512.79 , 700.2
526.38 , 715.64
546.61 , 723.84
564.02 , 734.39
584.36 , 742.32
605.3 , 743.69
624.5 , 735.23
642.74 , 724.35
659.34 , 712.14
675.95 , 700.21
686.83 , 680.28
684.34 , 661.34
668.62 , 645.29
651.26 , 632.75
474.16 , 754.94
498.74 , 755.44
522.24 , 758.19
545.74 , 760.93
568.38 , 765.44
590.94 , 770.19
615.63 , 770.44
639.38 , 768.19
662.41 , 764.44
685.34 , 760.51
707.26 , 754.6
728.11 , 746.2
748.56 , 736.53
764.36 , 745.02
750.61 , 763.74
732.46 , 779.66
713.18 , 792.43
693.74 , 804.69
674.04 , 816.28
654.04 , 827.07
632.21 , 833.2
608.21 , 834.48
584.29 , 832.57
562.71 , 825.95
542.38 , 815.93
522.71 , 804.26
503.54 , 791.32
485.65 , 774.67
486.66 , 764.94
504.16 , 770.19
521.74 , 775.43
540.94 , 777.46
560.38 , 778.94
580.01 , 780.04
599.99 , 780.44
619.66 , 779.44
638.61 , 776.93
656.96 , 773.2
675.04 , 768.82
692.76 , 763.84
710.21 , 758.4
727.54 , 752.72
735.53 , 756.95
719.31 , 765.69
702.46 , 772.71
685.36 , 778.92
668.16 , 784.94
650.71 , 790.45
632.38 , 794.21
613.29 , 796.44
593.36 , 796.44
573.93 , 794.94
554.86 , 792.69
536.38 , 789.19
518.16 , 785.19
501.46 , 777.75
663.14 , 540.8
670.16 , 532.03
678.89 , 524.8
688.01 , 518.71
697.24 , 512.96
706.84 , 508.1
717.29 , 505.4
728.79 , 505.8
738.84 , 509.26
748.62 , 513.54
757.87 , 519.28
760.71 , 528.99
750.82 , 532.87
740.84 , 536.54
730.26 , 539.06
719.21 , 540.55
707.69 , 540.04
697.01 , 537.8
685.49 , 538.31
674.69 , 540.3
520.2 , 539.06
512.02 , 534.39
503.72 , 530.08
495.15 , 526.52
485.65 , 525.02
475.8 , 524.25
466.22 , 525.7
457.4 , 528.52
449.17 , 533.01
441.33 , 538.6
435.4 , 546.27
443.92 , 549.78
453.07 , 552.03
462.45 , 553.79
472.07 , 552.5
481.95 , 551.77
491.2 , 549.73
500.38 , 547.53
510.22 , 546.77
520.35 , 547.02
622.75 , 507.18
637.31 , 489.37
657.23 , 480.7
678.35 , 474.83
699.83 , 469.61
720.62 , 463.15
740.95 , 455.71
764.1 , 453.93
786.38 , 457.43
807.27 , 463.68
826.45 , 474.43
828.35 , 494.93
805.7 , 497.68
781.98 , 497.18
758.35 , 497.93
734.73 , 497.18
711.08 , 497.86
688.88 , 501.56
667.35 , 506.69
645.17 , 510.43
534.91 , 520.7
531.46 , 505.11
514.88 , 498.46
496.88 , 494.96
478.99 , 491.21
460.96 , 487.67
442.69 , 484.7
423.41 , 484.1
405.56 , 487.95
390.16 , 497.85
376.78 , 511.97
364.31 , 526.45
383.31 , 527.95
402.44 , 526.7
420.58 , 523.44
438.66 , 520.1
457.58 , 518.45
476.84 , 519.45
495.84 , 520.96
515.31 , 520.45
