2048930268_1
1047.87 , 1561.96
1061.37 , 1608.81
1072.89 , 1657.75
1081.62 , 1705.86
1092.56 , 1756.77
1105.96 , 1802.51
1125.37 , 1848
1149.57 , 1896.89
1173.65 , 1940.68
1198.89 , 1984
1226.39 , 2025.01
1257.07 , 2064.17
1288.48 , 2101.45
1325.43 , 2135.42
1364.61 , 2172.41
1399.56 , 2204.56
1441.6 , 2232.94
1488.38 , 2250.21
1535.96 , 2256.68
1589.6 , 2258.85
1640.64 , 2253.62
1688.51 , 2240.25
1731.53 , 2222.51
1776.94 , 2192.89
1815.51 , 2164.36
1852.75 , 2126.98
1883.11 , 2091.68
1916.37 , 2049.74
1942.44 , 2007.64
1965.35 , 1961.44
1987.85 , 1921.54
2012.71 , 1878.34
2034.99 , 1831.28
2055.88 , 1785.77
2072.23 , 1735
2084.94 , 1690.5
2092.56 , 1639.61
2100.13 , 1589.15
2107.82 , 1537.28
2114.88 , 1487.51
2117.84 , 1437.1
1487.45 , 1501.45
1471.71 , 1537.96
1455.95 , 1574.95
1439.94 , 1608.72
1444.53 , 1649.05
1481.54 , 1654.26
1515.45 , 1675.49
1552.9 , 1695.1
1590.2 , 1703.9
1629.95 , 1692.65
1667.37 , 1679.32
1700.35 , 1660.25
1731.91 , 1633.54
1725.53 , 1596.18
1700.46 , 1564.62
1681.22 , 1530
1663.16 , 1490.84
1331.8 , 1840.39
1365.75 , 1830.18
1402.22 , 1835.41
1437.22 , 1843.87
1474.95 , 1846.63
1513.03 , 1848.64
1550.25 , 1852.39
1588.8 , 1853.39
1625.45 , 1848.49
1663.88 , 1847.14
1702.8 , 1847.39
1739.3 , 1842.14
1774.4 , 1833.91
1811.4 , 1829.64
1805.03 , 1857.65
1774.12 , 1876.08
1742.08 , 1891.63
1709.45 , 1905.11
1676.28 , 1917.16
1641.28 , 1925.64
1604.17 , 1929.64
1565.22 , 1929.39
1527.95 , 1925.79
1492.12 , 1919.17
1458.45 , 1908.3
1426.15 , 1893.74
1396.55 , 1871.64
1368.42 , 1845.39
1388.8 , 1839.64
1418.65 , 1843.14
1447.65 , 1848.38
1476.3 , 1854.39
1503.8 , 1862.64
1531.1 , 1871.16
1558.47 , 1879.57
1588.05 , 1883.64
1617.3 , 1878.89
1645.15 , 1871.29
1673.53 , 1864.66
1702.4 , 1859.11
1731.2 , 1853.49
1759.42 , 1846.52
1786.89 , 1840.05
1759.03 , 1847.65
1730.83 , 1854.63
1702.4 , 1861.11
1673.53 , 1866.66
1644.78 , 1872.38
1616.55 , 1879.39
1587.67 , 1884.89
1557.7 , 1881.66
1529.5 , 1874.6
1502 , 1866.39
1473.35 , 1860.38
1444.47 , 1854.9
1416.7 , 1847.17
1714.1 , 1257.2
1728.16 , 1234.4
1746.5 , 1213.05
1766.3 , 1192.25
1787.52 , 1173.53
1810.07 , 1158.72
1834.65 , 1149.46
1861.75 , 1145.45
1889.12 , 1148.94
1913.27 , 1159.45
1929.6 , 1181.45
1933.35 , 1208.68
1926.86 , 1234.65
1907.23 , 1255.44
1881.42 , 1262.22
1853.82 , 1265.2
1825.25 , 1264.2
1798.38 , 1259.7
1770.17 , 1257.95
1741.95 , 1259.7
1413.55 , 1244.85
1397.76 , 1221.85
1379.34 , 1199.91
1356.75 , 1182.81
1332.37 , 1170.51
1304.92 , 1165.5
1275.42 , 1166.25
1248.1 , 1171.51
1223.17 , 1182
1200.57 , 1199.1
1181.67 , 1221
1190.67 , 1246.4
1212.64 , 1264.97
1238.05 , 1274.13
1265.35 , 1279.43
1295.17 , 1279.5
1323.6 , 1276.48
1351.92 , 1273.25
1381.55 , 1272.75
1411.04 , 1272
1666.61 , 1124.72
1682.55 , 1083.52
1717.33 , 1049.48
1757.58 , 1030.24
1802.11 , 1021.22
1849.48 , 1017.97
1896.96 , 1020.97
1943.23 , 1026.49
1984.09 , 1043.7
2021.41 , 1070.77
2050.95 , 1107.05
2055.63 , 1151.25
2019.03 , 1122.2
1980.56 , 1098.49
1938.23 , 1085.22
1890.76 , 1082.22
1843.13 , 1084.97
1797.03 , 1090.79
1753.34 , 1101.74
1712.73 , 1119.71
1400.38 , 1096.42
1369.7 , 1075.82
1334.13 , 1067.44
1295.93 , 1064.59
1256.45 , 1064.84
1218.06 , 1062.82
1180.68 , 1067.44
1146.88 , 1079
1114.93 , 1096.21
1085.53 , 1120.34
1061.78 , 1149.84
1098.48 , 1143.84
1133.4 , 1134.21
1168.95 , 1125.86
1205.4 , 1119.36
1243.05 , 1115.32
1281.8 , 1113.59
1320.2 , 1116.06
1355.83 , 1124.33
1393.26 , 1128.84
