2054916149_1
15.29 , 1002.81
27.7 , 1038.42
39.25 , 1076.28
54.25 , 1109.67
71.06 , 1143.19
86.88 , 1178.9
102.36 , 1216.56
118.8 , 1253.07
134.21 , 1288.84
145.38 , 1324.73
156.03 , 1359.34
173.88 , 1397.59
192.15 , 1429.25
216.22 , 1461.14
246.25 , 1485.1
280.07 , 1506.27
311.96 , 1525.41
349.47 , 1539.81
385.29 , 1549.42
423.88 , 1558.98
462.12 , 1563.58
498.88 , 1563.82
539.74 , 1556.78
577.55 , 1550.29
614.66 , 1537.93
647.1 , 1516.78
664.43 , 1484.55
686.41 , 1450.83
698.66 , 1414.8
711.13 , 1379.58
725.14 , 1343.4
732.63 , 1303.8
735.95 , 1264.19
742.49 , 1226.18
750.82 , 1187.96
763.39 , 1151.04
771.55 , 1113.29
781.52 , 1078.62
795 , 1040.53
805.3 , 1003.72
804.22 , 962.53
432.25 , 977.05
420.26 , 1001.46
406.04 , 1028.17
403.77 , 1058.11
419.13 , 1081.58
446.24 , 1094.32
472.47 , 1102.35
503.1 , 1103.2
532.25 , 1100.1
559.86 , 1092.32
585.7 , 1077.7
601.51 , 1052.28
629.2 , 1043.55
638.91 , 1016.3
629.2 , 991.35
607.57 , 969.47
586.37 , 947.12
410.23 , 1278.46
429.61 , 1251.82
457.21 , 1234.99
485.36 , 1219.62
512.61 , 1201.96
540.21 , 1185.22
569.48 , 1173.21
597.81 , 1158.2
630.08 , 1152.61
655.42 , 1175.41
667.07 , 1204.81
677.98 , 1234.46
690.98 , 1263.46
704.97 , 1292.16
715.76 , 1321.86
718.98 , 1355.29
713.72 , 1387.74
698.99 , 1416.16
673.36 , 1437.95
643.9 , 1449.49
611.33 , 1444.47
582.21 , 1431.94
554.21 , 1416.21
526.58 , 1399.56
501.03 , 1377.01
475.56 , 1354.28
450.13 , 1331.36
427.95 , 1305.68
420.73 , 1282.96
439.45 , 1262.24
461.58 , 1247.13
483.48 , 1231.21
505.68 , 1216.25
529.28 , 1204.92
554.48 , 1197.71
579.5 , 1190.2
602.75 , 1177.94
625.82 , 1190.29
643.52 , 1211.54
658.5 , 1233.74
670.94 , 1256.91
681.94 , 1280.61
692.46 , 1304.43
702.76 , 1328.34
697.24 , 1354.43
681.3 , 1376.16
659.06 , 1390.74
632.73 , 1385.71
609.13 , 1374.37
586.31 , 1361.06
563.5 , 1347.72
540.25 , 1335.47
516.13 , 1325.86
490.46 , 1319.45
465.86 , 1311.21
442.58 , 1299.03
591.5 , 821.38
604 , 810.13
616.18 , 797.96
627.45 , 785.43
639.7 , 773.44
653.4 , 765.48
668.9 , 761.89
685.65 , 762.88
700.67 , 767.31
714.84 , 774.2
724.04 , 787.43
728.52 , 802.5
722.81 , 816.89
707.15 , 820.11
691.5 , 823.38
675 , 824.88
658.62 , 823.13
642.48 , 820.88
625.5 , 821.38
608.5 , 821.88
364.9 , 817.79
356.58 , 799.54
344.83 , 782.57
328.9 , 767.89
310.55 , 759.88
289.95 , 756.89
268.5 , 758.11
248.93 , 763.37
231.18 , 773.12
215.13 , 787.41
201.53 , 803.74
190.4 , 820.89
208.83 , 828.41
227.47 , 835.41
247.47 , 839.63
268.58 , 841.64
290.4 , 842.14
311.6 , 840.39
332.2 , 837.4
352.7 , 834.14
580.02 , 757.08
595.4 , 735.69
617.1 , 721.26
640.29 , 710.81
664.77 , 703.58
688.17 , 693.8
713.07 , 687.31
740.35 , 685.83
765.52 , 691.83
787.39 , 705.83
792.3 , 731.43
787.81 , 756.38
778.71 , 732.77
757.37 , 717.08
730.19 , 718.81
705.04 , 724.83
678.6 , 728.09
652.75 , 732.58
629.22 , 741.87
606.72 , 754.35
402.32 , 738.08
385.15 , 705.84
352.57 , 689.3
318.4 , 677.81
281.72 , 671.07
241.9 , 670.81
205.82 , 678.8
170.8 , 688.79
137.6 , 703.32
108.69 , 729.71
93.1 , 762.58
83.87 , 798.06
115.67 , 780.76
145.5 , 756.91
177.62 , 739.31
213.7 , 731.31
252.04 , 728.06
291.75 , 727.57
328.05 , 735.05
364.44 , 742.31
