2057777633_1
162.4 , 1005.3
164.76 , 1051.9
168.68 , 1099.66
173.73 , 1143.99
182.89 , 1195.75
198.15 , 1241.14
213.36 , 1283.23
231.07 , 1327.66
256.32 , 1370.79
282.78 , 1412.05
313.2 , 1446.79
352 , 1471.03
397.06 , 1496.09
441.91 , 1511.87
486.46 , 1524.18
532.19 , 1535.69
580.88 , 1541.58
626.86 , 1553.68
671.76 , 1568.5
716.29 , 1583.13
765.89 , 1595.35
808.81 , 1577.2
851.83 , 1558.65
899.51 , 1539.95
940 , 1519.77
988.37 , 1507.67
1033.8 , 1497.11
1081.68 , 1484.18
1127.48 , 1468.91
1170.54 , 1449.35
1204.31 , 1418.05
1229.8 , 1375.46
1249.72 , 1330.93
1265.18 , 1286.86
1274.9 , 1243.51
1280.04 , 1191.3
1283.02 , 1144.7
1287.22 , 1097.02
1291.66 , 1047.73
1294.94 , 1000.16
1299.65 , 951.89
647.2 , 1060.39
627.85 , 1090.91
610.67 , 1123.39
599.59 , 1159.94
601.5 , 1199.45
626.12 , 1225.41
664.9 , 1227.11
701.44 , 1227.97
739.52 , 1221.6
777.49 , 1219.09
814.9 , 1225.23
849.07 , 1218.68
868.03 , 1185.78
866.2 , 1149.28
852.06 , 1113.14
832.05 , 1083.17
807.7 , 1049.95
568.3 , 1397.1
588.9 , 1379.01
611.95 , 1367.44
635.05 , 1356.1
658.2 , 1344.86
681.9 , 1335.5
708.35 , 1331.85
734.92 , 1334.73
761.25 , 1331.62
788.15 , 1328.85
813.12 , 1334.92
836.92 , 1343.98
861.58 , 1351.36
885.62 , 1359.91
908.15 , 1372.6
904.83 , 1391.35
879.27 , 1396.84
855.42 , 1405.73
831.5 , 1414.62
806.5 , 1421.1
779.75 , 1424.1
752.12 , 1425.35
724.05 , 1425.1
696.67 , 1423.38
670.38 , 1419.42
644.52 , 1414.6
618.75 , 1409.57
595.07 , 1400.1
611.8 , 1367.6
632.47 , 1366.6
651.82 , 1362.86
670.1 , 1357.06
688.88 , 1352.11
708.38 , 1354.59
728.45 , 1356.85
749.25 , 1356.6
769.95 , 1355.6
790.15 , 1353.62
810.7 , 1352.35
830.92 , 1353.85
849.9 , 1358.32
868.22 , 1364.12
885.9 , 1371.61
876.62 , 1371.67
857.2 , 1368
836.95 , 1366.6
816.15 , 1367.35
795.57 , 1368.1
775 , 1366.85
755.15 , 1364.2
734.97 , 1362.07
714.15 , 1361.35
693.35 , 1361.06
672.9 , 1362.59
653.2 , 1365.6
632.75 , 1367.1
863.75 , 942.42
879.57 , 922.59
896.5 , 903.17
916.02 , 886.41
938.27 , 877.42
963.27 , 874.17
989.1 , 875.68
1013.23 , 880.67
1035.65 , 889.16
1057.28 , 900.2
1077.66 , 914.55
1067.93 , 936.52
1048.88 , 954.57
1027.97 , 967.43
1005.27 , 975.17
980.05 , 977.92
953.98 , 976.92
930.08 , 971.42
906.7 , 964.94
883.92 , 957.36
579.3 , 942.33
564.7 , 923.94
546.35 , 909.26
526.35 , 899.03
504.4 , 893.5
480.3 , 892.48
457.68 , 896.57
436.82 , 904.19
416.9 , 914.6
398.32 , 928.67
380.75 , 945.5
398.88 , 960.87
418.3 , 972.54
439.45 , 979.46
462.07 , 983.53
485.93 , 985
508.8 , 981.48
530.42 , 975.52
551.5 , 968.5
573.67 , 963.52
790.85 , 804.11
819.18 , 790.35
849.18 , 781.12
879.53 , 772.43
910.73 , 765.49
943.23 , 761.11
977.08 , 759.61
1010.33 , 761.86
1040.2 , 771.46
1066.92 , 789.69
1090.98 , 813.49
1074.3 , 827.33
1045.62 , 814.63
1015.7 , 805.14
982.5 , 802.96
949.55 , 806.36
917.7 , 812.01
885.58 , 817.11
852.58 , 820.36
818.25 , 820.27
617.6 , 793.05
582.23 , 776.33
544.18 , 766.31
505.06 , 758.59
462.91 , 757.06
420.38 , 757.81
378.48 , 759.81
338.86 , 766.59
303.11 , 781.63
271.95 , 809.24
253.93 , 844.06
293.03 , 851.84
332.58 , 844.91
369.95 , 833.81
408.58 , 824.91
448.98 , 819.81
491.13 , 820.81
531.83 , 825.31
572.15 , 830.55
613.2 , 827.81
