2058725932_1
1136.4 , 1155.2
1125.38 , 1228.37
1116.44 , 1301.01
1108.95 , 1374.89
1105.13 , 1445.83
1103.11 , 1523
1120.47 , 1593.02
1139.92 , 1660.71
1159.1 , 1736.06
1180.06 , 1802.1
1215.97 , 1866.69
1272.04 , 1921.01
1330.14 , 1959.93
1397.11 , 1997.27
1461.73 , 2035.91
1527.96 , 2069.63
1596.31 , 2094.72
1663.27 , 2117.38
1738.39 , 2131.94
1810.89 , 2129.13
1886.84 , 2135.21
1956.44 , 2116.21
2025.98 , 2101
2100.86 , 2077.91
2167.16 , 2052.87
2233.5 , 2021.97
2308.88 , 1993.38
2371.04 , 1962.53
2430.77 , 1921.73
2491.77 , 1873.93
2541.23 , 1816.7
2579.49 , 1759.35
2618.93 , 1696.34
2658.15 , 1632.43
2690.01 , 1567.58
2712.28 , 1496.1
2734.65 , 1421.24
2754.24 , 1353.34
2775.57 , 1278.57
2794.82 , 1210.73
2816.07 , 1134.57
1731.6 , 818.2
1689.9 , 866.1
1639.68 , 917.93
1602.92 , 969.45
1610.92 , 1038.02
1661.64 , 1082.68
1728.68 , 1093.48
1794.58 , 1100.61
1865.03 , 1103.21
1932.35 , 1109.2
1999.79 , 1111.74
2068.28 , 1104.27
2121.95 , 1067.6
2134.86 , 1002.33
2107.7 , 940.84
2063.55 , 883.87
2037.29 , 821.3
1436.75 , 1408.74
1470 , 1346.49
1526 , 1295.99
1580.53 , 1241.46
1642.72 , 1208.01
1710.55 , 1189
1784.75 , 1182.99
1861.62 , 1182.49
1938.03 , 1183.99
2008.43 , 1197.71
2070.57 , 1231.32
2126.5 , 1281.99
2183.93 , 1328.42
2238.74 , 1381.86
2266.02 , 1446.14
2245.93 , 1513.34
2196.9 , 1569.86
2136.38 , 1607.49
2068.68 , 1626.73
1995.83 , 1635.49
1922.95 , 1644.24
1847.78 , 1648.24
1774.67 , 1639.99
1705.35 , 1623.73
1636.15 , 1607.27
1573.83 , 1574.08
1516 , 1528.74
1468.44 , 1471.69
1471 , 1440.24
1495.32 , 1386.89
1541.53 , 1342.71
1588.9 , 1301.81
1642.67 , 1278.72
1702.53 , 1268.99
1764.2 , 1262.99
1828.05 , 1261.49
1892.4 , 1260.99
1953.35 , 1268.49
2009.68 , 1285.18
2061.15 , 1314.74
2110.53 , 1350
2159.12 , 1387.59
2204.03 , 1433.52
2228.78 , 1486.79
2183.45 , 1531.76
2125.82 , 1546.24
2062.45 , 1548.75
2001.25 , 1541.74
1939.83 , 1535.24
1878.05 , 1529.51
1817.7 , 1520.74
1755.42 , 1515.99
1692.42 , 1512.74
1628.2 , 1511.99
1566.35 , 1506.34
1510.98 , 1487.96
2187.19 , 754.08
2210.47 , 734.31
2235.82 , 720.2
2261.94 , 708.33
2290.29 , 701.48
2321.59 , 701.33
2350.22 , 707.58
2376.44 , 719.33
2400.51 , 736.91
2422.47 , 759.11
2441.86 , 782.51
2446.61 , 805.76
2418.59 , 798.35
2390.32 , 791.34
2361.12 , 786.35
2331.57 , 782.11
2302.37 , 777.05
2272.09 , 774.34
2242.99 , 769.12
2214.44 , 762.83
1694.4 , 730.84
1678.4 , 702.58
1649.53 , 680.13
1618.9 , 662.61
1586.3 , 650.6
1550.18 , 646.34
1515.8 , 654.77
1485.73 , 673.83
1457.28 , 697.51
1429.65 , 723.39
1402.15 , 749.64
1374.45 , 775.34
1405.35 , 758.43
1437.22 , 744.33
1471.33 , 735.36
1507.05 , 729.74
1543.62 , 725.91
1581.78 , 725.34
1618.9 , 728.05
1656.58 , 729.59
2083.9 , 552.15
2114.9 , 509.65
2155.78 , 474.53
2204.33 , 459.38
2259.05 , 457.15
2312.95 , 460.65
2365.95 , 466.44
2416.65 , 477.15
2463.48 , 496.71
2507.88 , 522.39
2550.58 , 552.89
2553.93 , 588.4
2505.25 , 573.93
2455.88 , 560.65
2404.18 , 552.15
2349.68 , 550.4
2296.57 , 555.97
2244.07 , 562.9
2188.6 , 562.15
2133.98 , 564.15
1758.17 , 459.79
1716.27 , 422.04
1666.24 , 406.53
1610.89 , 401.92
1555.42 , 406.55
1502.94 , 417.28
1452.32 , 431.78
1404.69 , 453.83
1360.3 , 484.52
1318.15 , 521.66
1278.27 , 562.79
1327.82 , 546.52
1375.94 , 526.1
1422.8 , 501.78
1470.69 , 480.6
1522.27 , 467.79
1579.87 , 467.54
1632.37 , 478.27
1681.3 , 496.3
1735.02 , 504.54
