2061605575_1
381.15 , 483.15
381.89 , 500.72
383.68 , 517.97
385.18 , 537.43
387.87 , 554.55
392.09 , 573
394 , 591.1
400.2 , 609.06
408.09 , 625.75
415.71 , 641.6
426.02 , 657.06
437.24 , 671.42
449.5 , 684.15
461.06 , 699.06
471.81 , 713.79
483.38 , 727.34
497.76 , 740.02
513.95 , 750.43
529.12 , 757.28
547.85 , 763.56
565.98 , 764.75
584.2 , 763.18
601.45 , 758.94
618.1 , 752.59
635.17 , 743.27
649.02 , 732.09
660.92 , 718.86
673.32 , 705.43
687.37 , 691.29
698.67 , 678.84
712.33 , 664.58
725.54 , 652.65
737.26 , 638.49
745.56 , 622.01
752.31 , 605.74
759.02 , 587.77
763.56 , 571.36
766.77 , 552.28
769.8 , 535.19
772.5 , 516.24
774.3 , 497
536.15 , 523.35
525.14 , 533.56
516.47 , 546.16
512.45 , 561.04
520.45 , 574.46
537.1 , 575.73
551.9 , 578.36
563.62 , 589.17
577.3 , 594.78
591.23 , 586.52
603.6 , 577.05
618.26 , 575.4
634.81 , 571.31
636.9 , 556.63
628.63 , 542.84
615.83 , 534.66
608.5 , 520.6
485.65 , 623.56
501.47 , 621.56
516.73 , 618.32
532.45 , 616.06
549.27 , 616.06
564.52 , 619.3
581.1 , 619.81
595.7 , 615.29
611.17 , 612.56
627.4 , 613.81
643.6 , 615.06
659.82 , 616.32
664.65 , 630.31
657.36 , 643.88
648.91 , 657.01
639.46 , 669.76
628.83 , 682.13
616.35 , 692.35
602.58 , 699.13
587.62 , 703.06
571.3 , 704.06
555.45 , 702.08
541.38 , 696.3
527.97 , 688.63
515.81 , 677.49
507.05 , 664.48
500.08 , 650.76
493.15 , 637.06
486.4 , 624.81
499 , 629.09
512.12 , 632.54
525.35 , 635.82
539.4 , 637.31
553.57 , 638.56
567.9 , 639.56
582.2 , 638.56
596.15 , 636.81
610.1 , 635.1
623.52 , 632.33
636.65 , 628.81
649.58 , 625.05
662.73 , 623.98
654.67 , 635.29
643.95 , 644.99
632.38 , 652.33
620.2 , 658.05
608.02 , 663.81
595.85 , 669.6
582.45 , 672.56
567.9 , 672.56
554.83 , 669.03
542.3 , 664.46
530.17 , 658.58
518.58 , 651.31
506.82 , 644.48
495.77 , 635.69
621.89 , 458.72
625.99 , 451.59
632.56 , 445.8
639.64 , 441.47
646.87 , 437.49
654.24 , 433.88
662.91 , 434.22
671.29 , 435.47
679.69 , 436.72
687.72 , 438.73
695.09 , 442.38
698.6 , 449.73
691.16 , 453.22
683.14 , 455.22
674.64 , 456.22
666.24 , 457.47
657.49 , 457.97
648.51 , 457.97
639.64 , 458.22
630.89 , 458.72
511.81 , 454.92
507.07 , 449.66
501.54 , 445.65
495.46 , 443.19
488.59 , 442.44
481.71 , 441.69
474.59 , 441.94
468.34 , 443.94
462.49 , 447.07
456.84 , 450.69
451.59 , 455.44
456.84 , 460.19
462.84 , 462.94
469.37 , 464.44
476.37 , 464.94
483.37 , 464.44
490.46 , 464.19
497.34 , 463.44
504.12 , 462.44
510.73 , 461.16
607.31 , 417.81
619.23 , 410.16
631.73 , 403.82
644.71 , 399.09
658.08 , 395.06
671.93 , 392.06
686.66 , 390.82
701.61 , 391.56
716.08 , 393.31
729.21 , 397.72
740.86 , 406.34
731.98 , 412.49
718.08 , 409.56
703.73 , 407.56
688.76 , 407.33
674.31 , 409.06
660.71 , 412.65
647.78 , 417.57
634.58 , 421.81
620.01 , 423.27
523.78 , 413.21
513.36 , 407.06
502.04 , 403.32
489.96 , 401.06
476.79 , 401.06
463.61 , 401.06
450.56 , 401.35
438.41 , 403.52
427.21 , 407.47
416.71 , 413.49
406.61 , 420.56
419.69 , 420.81
431.63 , 418.31
444.09 , 416.81
457.04 , 417.31
470.09 , 417.56
483.13 , 417.31
495.84 , 418.31
507.91 , 420.55
520.24 , 422.28
