2062420464_1
463.35 , 356.55
466.82 , 374.11
472.4 , 391.41
479.33 , 407.11
487.13 , 424.06
493.71 , 439.62
501.11 , 456.71
509.11 , 473.67
517.7 , 489.72
527.72 , 503.77
538.9 , 519.05
550.73 , 530.95
566.66 , 541.87
581.85 , 550.45
597.37 , 558.73
613.56 , 567.97
629.94 , 575.45
646.46 , 582.91
663.64 , 588.9
680.75 , 592.32
699.2 , 593.2
717.65 , 592.32
736.02 , 590.46
752.19 , 587.57
770.5 , 584.13
788.26 , 578.46
803.71 , 571.15
819.43 , 560.63
834.14 , 549.06
846.28 , 537.87
858.8 , 524.58
869.97 , 509.46
878.5 , 494.18
886.5 , 476.8
892.61 , 459.81
897.92 , 443.87
904.79 , 426.54
912.16 , 410.27
918.3 , 393.64
922.31 , 376.22
923.6 , 356.55
683.75 , 312.9
676.18 , 325.51
667.8 , 339.31
663.44 , 353.9
667.9 , 369.34
681.4 , 374.5
697.62 , 374.06
712.4 , 370.69
728.27 , 372.1
743.31 , 371.1
758.2 , 375.38
773.85 , 371.91
777.7 , 357.65
776.4 , 342.27
765.29 , 331.02
753.14 , 321.19
743.65 , 308.15
648.44 , 450.58
654.29 , 441.2
662.39 , 432.63
670.87 , 424.15
679.79 , 416.98
689.04 , 410.73
698.82 , 405.83
709.59 , 407.85
720.24 , 410.6
731.84 , 409.83
742.97 , 408.08
752.82 , 412.84
761.77 , 419.91
770.37 , 428
777.19 , 437.08
782.18 , 446.8
781.99 , 457.81
770.74 , 459.31
759.62 , 461.08
748.24 , 462.33
736.77 , 463.33
725.17 , 464.08
713.44 , 464.58
701.69 , 464.08
690.59 , 462.35
679.82 , 459.85
669.47 , 456.58
658.44 , 454.58
658.94 , 447.33
666.44 , 443.33
674.14 , 439.81
681.84 , 436.31
690.32 , 434.59
699.14 , 433.58
708.22 , 434.08
717.29 , 434.58
726.24 , 435.33
735.29 , 435.83
743.89 , 437.34
752.14 , 439.54
759.82 , 443.17
766.99 , 448.11
774.41 , 452.32
767.22 , 449.6
759.69 , 445.58
752.17 , 441.56
744.52 , 437.83
736.07 , 436.08
727.12 , 435.33
718.17 , 436.08
708.84 , 436.08
699.89 , 435.33
690.72 , 435.58
682.02 , 436.8
674.24 , 440.1
666.62 , 443.84
769 , 271.72
774.9 , 264.82
781.8 , 258.91
789.48 , 254.99
797.62 , 252.45
806.55 , 251.47
815.58 , 252.22
824.02 , 254.22
831.75 , 257.97
838.77 , 263.5
844.72 , 270.42
845.45 , 279.01
837.58 , 282.22
828.9 , 283.72
819.6 , 283.97
810.2 , 283.97
801.17 , 283.22
792.62 , 281.49
784.45 , 278.99
776.67 , 275.49
656.51 , 271.49
656.15 , 262.93
649.8 , 256.39
642.7 , 251.46
635.04 , 248.08
627.17 , 245.4
617.95 , 245.41
609.57 , 247.19
601.82 , 250.19
594.37 , 254.15
587.37 , 259.4
580.87 , 265.9
588.6 , 268.91
596.57 , 271.42
604.57 , 273.86
612.92 , 275.64
621.92 , 276.15
631.12 , 276.15
640 , 275.4
648.6 , 274.14
761.85 , 222.88
767.6 , 211.13
778.75 , 203.72
791.27 , 199.95
805.4 , 199.38
819.18 , 200.62
833.05 , 201.63
846.03 , 204.56
858.08 , 209.62
869.1 , 217.38
879.55 , 226.83
880.57 , 237.36
868.17 , 233.41
855.78 , 229.4
842.73 , 226.6
829.08 , 225.13
815.15 , 224.59
801.65 , 226.39
787.98 , 227.88
773.85 , 227.38
682.07 , 214.98
669.42 , 205.11
654.37 , 201.38
638.35 , 199.6
622.22 , 198.11
605.35 , 198.11
589.2 , 199.61
573.6 , 202.23
559.32 , 207.51
546.15 , 215.94
534.97 , 228.11
550.87 , 226.11
566.64 , 223.86
581.75 , 220.1
596.32 , 215.51
612.85 , 214.86
628.1 , 218.23
642.95 , 222.35
658 , 226.13
674.4 , 227.11
