206273130_1
80.73 , 325.75
81.2 , 340.37
83.06 , 354.96
86.15 , 369.65
89.89 , 384.12
93.7 , 398.55
98.8 , 412.3
104.61 , 425.84
111.44 , 439.13
119.4 , 451.9
128.11 , 464.3
138.74 , 475.31
150.24 , 485.16
161.35 , 495.16
172.81 , 504.48
184.43 , 515.25
195.02 , 524.88
207.27 , 534.25
219.75 , 541.91
233.02 , 550.12
247.44 , 554.44
261.5 , 554.9
277.5 , 555.44
292.4 , 553.82
306.53 , 551.55
319.23 , 543.91
328.28 , 532.33
336.61 , 519.97
343.13 , 506.82
349.9 , 492.2
359.01 , 481.07
367.72 , 467.81
374.53 , 455.59
380.43 , 442.16
386.16 , 427.21
391.33 , 413.79
396.81 , 399.89
400.96 , 384.87
404.07 , 370.76
406.31 , 355.4
407.65 , 339.85
270.19 , 337.94
264.76 , 351.42
256.38 , 364.76
247.98 , 376.48
243.83 , 391.81
250.04 , 405.4
263.46 , 410.95
278.83 , 414.84
293.05 , 417.67
308.15 , 417.35
323.39 , 413.83
335.98 , 406.27
349 , 396.69
350.37 , 381.94
342.4 , 370.22
334 , 357.1
327.75 , 342.1
215.45 , 459.07
227.7 , 459.32
239.82 , 459.82
250.88 , 457.05
262.4 , 455.32
274.3 , 454.32
285.57 , 456.57
296.35 , 459.84
308.23 , 458.82
318.52 , 454.29
329.05 , 450.54
339.57 , 446.8
351.7 , 446.32
361.9 , 451.2
356.59 , 461.17
348.77 , 470.24
339.57 , 477.72
330.15 , 484.64
320.18 , 490.08
309.73 , 494.07
298.07 , 495.57
286.07 , 494.82
274.55 , 493.1
263.92 , 489.55
253.97 , 484.1
244.45 , 477.57
235.22 , 470.1
225.7 , 463.57
223.7 , 462.57
233.55 , 462.07
243.15 , 463.07
253 , 463.57
262.62 , 464.57
272.12 , 465.75
281.73 , 466.83
291.45 , 466.07
301.3 , 465.57
311.05 , 464.79
320.18 , 462.84
328.93 , 460.06
337.77 , 457.59
346.9 , 455.59
352.32 , 454.95
343.57 , 457.69
335.02 , 460.76
326.5 , 464.09
317.77 , 466.8
308.75 , 469.07
299.5 , 470.83
289.9 , 471.82
280.02 , 471.39
270.6 , 469.97
261.32 , 468.34
251.82 , 467.07
242.2 , 466.07
233.07 , 464.07
326.5 , 290.41
330.31 , 284.86
334.9 , 279.52
340.77 , 276.4
347.18 , 274.64
354.2 , 274.16
361.32 , 273.91
368.48 , 273.66
375.35 , 274.41
381.88 , 275.94
387.59 , 279.46
386.39 , 285.9
380.43 , 288.73
374.38 , 291.41
367.85 , 292.91
360.95 , 293.66
353.7 , 293.66
346.93 , 292.66
340.18 , 291.66
333.02 , 291.91
240.88 , 282.95
237.83 , 276.91
232.22 , 273.03
225.81 , 271.03
218.92 , 270.03
211.77 , 269.53
204.49 , 269.28
197.34 , 269.78
190.99 , 271.87
185.09 , 275.28
179.09 , 278.28
185.06 , 281.5
190.81 , 285.25
196.49 , 289.19
202.64 , 291.78
209.31 , 293.28
216.72 , 293.31
223.27 , 291.52
229.94 , 290.02
236.59 , 288.53
334.12 , 269.36
336.59 , 261.87
343.6 , 258.12
350.94 , 255.38
358.19 , 252.38
365.62 , 249.86
373.19 , 247.63
380.94 , 245.61
388.77 , 243.86
396.87 , 242.61
404.29 , 245.11
403.46 , 253.28
396.92 , 258.37
389.1 , 260.11
381.02 , 261.34
373.07 , 262.9
365.35 , 264.88
357.62 , 266.86
350.02 , 269.11
342.05 , 270.61
282.7 , 258.35
270.23 , 249.06
256.58 , 242.98
242.65 , 237.8
228.43 , 233.3
213.65 , 229.8
197.93 , 228.3
182.43 , 230.28
167.9 , 234.3
154.53 , 241.21
141.15 , 248.05
154.85 , 253.81
169.85 , 256.81
185.7 , 255.55
202.03 , 255.3
217.65 , 257.05
232.75 , 259.78
247.13 , 264.05
261.65 , 268.05
277.12 , 270.05
