206448817_1
368.45 , 374.6
368.57 , 391.43
370.22 , 408.22
372.37 , 426.81
373.67 , 444.3
374.7 , 462.09
375.75 , 479.55
377.53 , 497.29
381.66 , 513.18
388.71 , 531.28
397.61 , 545.82
410.25 , 557.64
422.58 , 569.77
439.69 , 576.5
457.14 , 576.11
474.45 , 576.3
492.72 , 575.79
509.98 , 574.59
527.09 , 573.03
544.42 , 570.79
562.23 , 568.5
580.14 , 564.57
597.42 , 559.71
614.62 , 555.37
630.68 , 551.34
647.49 , 547.69
664.74 , 543.72
681.79 , 538.11
697.67 , 530.83
711.54 , 518.69
721.2 , 504.97
728.95 , 488.21
733.35 , 470.85
734.32 , 452.95
733.99 , 436.76
734.07 , 419
735.37 , 401.4
737.45 , 383.87
739.1 , 366.35
740.7 , 348.69
739.7 , 329.6
430.3 , 336.65
430.31 , 347.94
431.49 , 360.75
433.56 , 373.55
435.96 , 385.42
444.81 , 393.97
456.14 , 396.1
466.59 , 388.98
477.88 , 384.63
489.78 , 387.94
502.75 , 391.02
514.5 , 392.61
525.35 , 387.75
529.5 , 376.12
529.44 , 363.62
526.18 , 351.72
521.61 , 339.18
425.7 , 460.41
428.93 , 452.34
432.92 , 444.44
437.02 , 436.56
442.78 , 429.34
450.5 , 424.88
460.07 , 424.66
469.27 , 425.65
477.25 , 421.88
486.48 , 422.43
494.18 , 426.88
501.68 , 431.9
509.25 , 436.69
517.05 , 440.92
525.2 , 444.16
533.05 , 448.25
529.07 , 454.66
520.12 , 456.15
511.43 , 458.18
502.8 , 460.39
494.38 , 462.98
486.15 , 465.91
477.67 , 468.42
468.73 , 469.91
459.42 , 470.66
450.45 , 469.16
442.17 , 466.39
434.25 , 462.39
434.2 , 452.66
439.32 , 450.16
444.4 , 447.45
449.57 , 444.88
455.18 , 443.43
461.1 , 442.67
467 , 441.87
472.85 , 440.89
478.8 , 440.13
484.85 , 440.65
490.92 , 441.16
497.1 , 441.41
503.18 , 441.91
508.8 , 443.26
514 , 445.7
510.8 , 446.64
504.98 , 445.68
499.05 , 444.91
492.98 , 444.41
486.85 , 444.26
480.98 , 445.16
475.05 , 445.91
468.98 , 446.41
462.8 , 446.66
456.85 , 447.39
451.15 , 448.65
445.45 , 449.91
440.02 , 451.65
547.85 , 291.41
553.35 , 284.66
559.63 , 278.14
566.33 , 272.42
573.75 , 268.66
581.62 , 266.16
590.38 , 265.41
599 , 264.41
607.62 , 265.4
615.12 , 268.92
621.69 , 275.01
625.38 , 282.16
616.65 , 282.89
608.62 , 285.16
600.48 , 287.16
591.48 , 287.41
582.38 , 287.41
573.75 , 288.41
565.1 , 289.41
556.38 , 290.16
455.46 , 297.51
452.75 , 291.46
447.25 , 287.21
440.88 , 285.18
434.05 , 284.21
427.32 , 285.47
421 , 287.46
415.23 , 290.97
409.97 , 295.99
407 , 301.96
404.22 , 308.01
402.5 , 314.46
408.55 , 316.73
415.75 , 316.96
422.82 , 316.46
429.3 , 314.69
435.77 , 312.95
442.1 , 310.93
448.18 , 308.21
453.7 , 304.03
522.24 , 238.3
532.09 , 224.9
546.91 , 219.12
563.19 , 216.34
580.09 , 214.81
597.34 , 214.05
614.37 , 215.33
630.12 , 219.18
644.37 , 226.68
657.81 , 236.39
666.98 , 249.73
654.26 , 247.31
640.74 , 237.8
626.26 , 230.8
610.09 , 228.79
595.54 , 235.5
580.59 , 240.95
564.66 , 244.57
548.99 , 248.55
532.87 , 251.45
473.47 , 258.84
469.58 , 248.84
460.61 , 241.6
450.15 , 238.34
438.48 , 237.59
426.93 , 238.6
416.08 , 241.09
405.35 , 243.85
395.31 , 248.1
386.39 , 255.54
380.08 , 264.84
375.08 , 274.59
386.53 , 273.33
396.83 , 269.84
406.73 , 265.06
417.3 , 262.09
429.2 , 261.84
440.65 , 260.59
452.33 , 259.84
463.18 , 262.33
