206905865_1
362.15 , 416.6
363.43 , 441.8
371.55 , 470.48
373.67 , 498.33
384.84 , 524.62
396.83 , 550.32
406.19 , 575.59
417.23 , 602.68
422.83 , 629.03
427.32 , 657.64
434.24 , 684.19
445.05 , 710.35
460.15 , 733.05
480.64 , 752.44
505.45 , 767.47
529.4 , 777.7
558.08 , 786.81
585.5 , 795.9
611.03 , 807.17
636.42 , 816.55
662.52 , 824.73
689.88 , 828.25
720.35 , 828.56
747.35 , 824.2
773.7 , 819.18
802.4 , 811.57
827.97 , 798.68
849 , 782.15
868.65 , 761.41
884.38 , 738.88
899.05 , 713.4
910.27 , 688.22
918.41 , 661.78
925.11 , 634.97
930.13 , 606.75
932.92 , 579.28
937.7 , 549.76
942.3 , 523.34
947.78 , 496.31
952.72 , 469.26
955.45 , 438.69
697.1 , 397.3
684.17 , 411.24
671.41 , 428.47
664.87 , 448.35
667.55 , 467.93
681.29 , 484.23
700.66 , 488.61
721.15 , 486.61
741.02 , 488.02
760.11 , 494.25
781.25 , 497.07
801.55 , 494.5
819.18 , 484.51
828.89 , 465.38
824.91 , 444.77
820.39 , 425.16
809.23 , 407.51
616.74 , 590.16
634.01 , 578.63
650.69 , 565.21
668.19 , 554.2
686.94 , 546.65
706.91 , 541.64
727.72 , 538.41
748.49 , 541.66
769.74 , 543.91
791.87 , 544.42
811.39 , 550.15
828.66 , 561.82
840.48 , 579.06
848.01 , 597.81
845.77 , 619.09
836.06 , 637.11
824.3 , 654.36
807.69 , 667.91
788.99 , 675.66
768.47 , 679.41
746.47 , 678.66
725.69 , 675.42
705.87 , 670.13
686.74 , 663.66
668.39 , 654.84
651.91 , 640.83
635.65 , 626.34
622.98 , 609.36
630.24 , 602.66
641.16 , 592.21
654.07 , 587.13
667.82 , 583.92
681.94 , 581.4
696.04 , 578.92
710.99 , 578.16
725.32 , 580.15
740.16 , 581.16
755.34 , 580.91
770.16 , 581.91
784.76 , 583.41
798.66 , 586.34
811.32 , 592.22
822.02 , 602.93
817.89 , 615.76
803.99 , 618.66
789.39 , 620.16
774.57 , 621.16
759.24 , 621.16
744.41 , 620.16
729.84 , 618.65
715.87 , 615.9
701.64 , 613.66
686.82 , 612.66
672.09 , 611.41
657.26 , 610.41
642.82 , 608.65
799.14 , 316.7
805.82 , 308.02
814.49 , 301.33
823.84 , 296.49
833.66 , 292.95
844.22 , 290.95
855.39 , 290.2
866.41 , 291.2
876.44 , 294.24
885.2 , 300.76
891.65 , 309.52
895.37 , 319.23
886.22 , 324.63
875.34 , 325.95
864.41 , 324.7
853.24 , 323.95
842.32 , 322.7
831.51 , 321.2
820.37 , 320.45
809.32 , 319.47
644.75 , 316.03
642.5 , 306.03
633.8 , 298.56
624.42 , 292.97
614.38 , 289.28
603 , 288.28
591.65 , 289.29
580.77 , 291.28
570.25 , 294.03
560.55 , 298.77
551.38 , 304.91
542.75 , 312.53
553.25 , 315.28
564.48 , 316.53
575.85 , 317.53
587.2 , 318.53
598.92 , 318.28
610.52 , 318.78
622.25 , 318.53
633.85 , 318.03
780.11 , 253.89
785.32 , 236.95
801.61 , 230.64
819.11 , 226.39
836.59 , 222.15
854.09 , 217.89
873.01 , 216.67
890.74 , 219.87
906.46 , 228.4
917.43 , 242.44
921.71 , 259.99
923.11 , 278.84
913.39 , 274.17
902.76 , 259.57
887.76 , 248.89
868.61 , 249.14
851.18 , 253.57
833.61 , 257.64
814.81 , 259.14
796.21 , 260.73
679.54 , 252.28
675.42 , 227.78
652.72 , 218.04
626.34 , 216.29
599.87 , 217.79
573.01 , 218.54
545.79 , 218.55
520.76 , 223.03
497.92 , 232.1
476.77 , 246.01
461.98 , 266.81
455.74 , 291.04
476.72 , 277.8
499.06 , 267.05
524.34 , 263.04
550.94 , 264.29
578.16 , 264.29
605.37 , 264.29
631.49 , 266.54
657.99 , 265.04
