206907073_1
580 , 554.55
579.51 , 588.36
579.33 , 623.9
579.76 , 659.06
578.86 , 694.15
577.93 , 729.07
582.6 , 764.4
585.76 , 798.65
590.51 , 836.21
602.94 , 867.77
615.69 , 900.43
629.9 , 932.98
646.62 , 964
670.06 , 991.78
694.07 , 1016.48
723.44 , 1037.53
754.19 , 1054.25
784.04 , 1071.93
816.73 , 1086.71
851.83 , 1089.34
886.51 , 1091.94
924.23 , 1091.45
958.7 , 1085.04
991.41 , 1073.32
1022.88 , 1056.7
1051.73 , 1040.37
1083.82 , 1019.62
1109 , 997.87
1136.01 , 976.71
1166.85 , 954.95
1191.09 , 932.33
1210.7 , 903.28
1223.65 , 867.05
1229.63 , 834.01
1236.58 , 798.49
1243.23 , 766.06
1250.91 , 730.22
1258.64 , 694.35
1265.5 , 661.96
1273.55 , 625.93
1280.4 , 589.7
776.3 , 597.7
763.39 , 614.29
753.83 , 636.25
741.44 , 656.74
737.24 , 679.98
747.85 , 701.12
765.85 , 713.95
790.23 , 717.18
813.6 , 718.8
837.3 , 722.56
860.16 , 723.45
882.91 , 717.86
900.53 , 702.93
904.92 , 679.63
901.68 , 655.54
896.78 , 632.71
891.75 , 609.45
706.4 , 845.75
713.83 , 831.3
722.2 , 817.2
732.95 , 803.95
746 , 792.63
760.55 , 785.35
776.85 , 782.25
793.33 , 785
810.27 , 786.76
825.38 , 792.24
839.58 , 800.41
852.88 , 810.97
865.85 , 822.45
878.73 , 834.33
889.09 , 847.7
898.38 , 861.45
888.85 , 874.79
873.85 , 880.54
858.65 , 885.75
843.02 , 890.24
826.42 , 892.75
808.88 , 892.25
792.52 , 889.27
777.08 , 884.52
762.22 , 878.28
747.38 , 872.01
732.38 , 866.23
717.9 , 858.75
733.65 , 845.25
737.49 , 835.12
744.67 , 826.22
754.15 , 820.5
764.23 , 816.47
775.12 , 814.25
787.12 , 814.25
798.15 , 816.25
809.17 , 818.26
820.17 , 820.26
830.45 , 823.73
840.3 , 828.49
849.7 , 834.32
859 , 840.57
867.85 , 847.99
876.52 , 855.88
868.77 , 861.01
857.88 , 858.75
846.97 , 856.48
836.02 , 854.38
824.77 , 852.87
813.6 , 851.21
802.42 , 849.5
791.02 , 848.25
779.52 , 847.25
767.9 , 846.5
756.4 , 847.5
744.52 , 847.25
963.51 , 526.36
974.74 , 517.39
987.03 , 511.1
999.86 , 506.58
1013.96 , 504.61
1028.91 , 504.86
1042.88 , 507.1
1055.66 , 511.77
1067.71 , 518.6
1078.58 , 528.69
1087.38 , 540.01
1083.34 , 552.33
1069.24 , 554.36
1055.13 , 556.36
1040.43 , 555.61
1026.46 , 553.37
1012.96 , 550.07
999.86 , 546.14
987.34 , 540.64
974.76 , 535.36
783.58 , 508.05
786.2 , 494.69
779.35 , 482.84
768.65 , 472.86
756.8 , 466.04
743.62 , 462.54
729.35 , 461.29
715.35 , 463.05
701.8 , 465.79
689.07 , 470.05
676.95 , 476.17
665.05 , 482.79
677.2 , 488.78
688.8 , 496.29
700.85 , 502.55
713.32 , 507.55
726.75 , 510.54
740.9 , 512.04
755.52 , 511.54
769.92 , 510.54
944 , 489.63
952.6 , 469.98
971.8 , 459.87
992.02 , 452.89
1013.08 , 447.35
1035.3 , 444.38
1057.78 , 446.88
1079.08 , 451.9
1099.95 , 457.61
1119.65 , 466.12
1137.15 , 480.76
1144.35 , 499.36
1122.47 , 495.62
1100.65 , 491.78
1078.72 , 488.13
1056.38 , 485.38
1033.65 , 483.38
1010.83 , 481.63
988.1 , 483.64
966.7 , 488.38
799.33 , 450.65
801.83 , 432.65
785.11 , 417.24
765.98 , 408.27
745.61 , 402.48
724.93 , 397.25
704.3 , 392.01
682.83 , 388.5
660.15 , 388.01
639.28 , 392.75
621.43 , 404.82
610.18 , 423
628.11 , 434.99
650.3 , 437
671.08 , 432
693.4 , 430.25
715.61 , 432.26
737.93 , 434
759.33 , 437.65
779.73 , 443.29
