2070105355_3
410.55 , 538
413.09 , 554.47
417.4 , 572.43
423.25 , 590.05
430.17 , 607.48
436.15 , 624.41
443.2 , 640.78
452.36 , 656.98
460.66 , 671.92
469.97 , 689.08
479.88 , 703.35
492.9 , 716.71
506.36 , 727.45
521.92 , 738.49
536.69 , 748.6
551.25 , 758.88
565.85 , 769.95
580.54 , 780.27
595.35 , 789.16
613.13 , 796.3
630.21 , 800.62
647.91 , 802.62
666.35 , 803.41
684.14 , 798.74
699.8 , 789.52
714.21 , 777.75
728.46 , 766.09
741.41 , 754.87
750.86 , 739.05
760.1 , 723
768.96 , 707.56
776.03 , 690.65
782.06 , 672.96
788.99 , 656.15
793.94 , 640.13
798.14 , 622.63
798.03 , 603.52
799.91 , 584.9
798.76 , 567.7
797.44 , 549.85
795.64 , 530.25
615.4 , 544.5
608.43 , 553.91
602.63 , 566.56
603.35 , 579.25
609.9 , 589.65
621.75 , 593.01
634.99 , 595.46
647.43 , 600.13
659.47 , 603.98
671.79 , 604.01
684.71 , 600.21
694.45 , 591.36
703.39 , 583.55
709.7 , 571.84
710.77 , 559.04
703.85 , 549.06
693.05 , 540.15
578.36 , 667.54
587.71 , 657.17
599.36 , 651.29
611.96 , 647.76
624.81 , 644.79
637.26 , 641.02
650.69 , 639.29
664.74 , 639.79
678.04 , 637.79
690.99 , 635.05
705.16 , 635.29
718.11 , 638.04
730.04 , 643.04
733.64 , 655.26
725.16 , 665.96
718.37 , 677.24
712.67 , 688.96
706.25 , 700.38
695.54 , 708.79
683.61 , 713.79
670.41 , 716.03
657.34 , 713.54
645.16 , 709.32
633.38 , 703.8
622.04 , 697.19
610.76 , 690.41
599.16 , 684.36
587.73 , 677.91
590.11 , 666.04
599.26 , 663.02
609.11 , 661.29
618.96 , 659.55
628.94 , 658.05
639.51 , 657.79
650.21 , 657.79
660.56 , 657.04
670.63 , 655.79
680.26 , 653.56
689.61 , 650.79
699.19 , 648.47
709.09 , 646.81
719.66 , 646.54
721.33 , 655.07
713.11 , 660.79
704.76 , 666.14
696.21 , 670.95
687.43 , 675.31
678.13 , 678.03
668.16 , 679.54
657.93 , 680.54
647.36 , 680.79
637.38 , 679.29
627.29 , 678.04
617.31 , 676.55
607.59 , 674.54
598.46 , 671.39
691.68 , 477.63
694.71 , 471.86
700.08 , 467.7
706 , 464.9
712.18 , 462.88
718.73 , 461.63
725.28 , 460.39
732.33 , 460.13
739 , 461.14
745.18 , 463.13
750.92 , 466.35
751.35 , 473.25
745.78 , 476.87
739.78 , 479.38
733.2 , 480.63
726.05 , 480.63
718.88 , 480.63
711.83 , 480.38
705.03 , 479.63
698.23 , 478.88
584.2 , 482.83
577.45 , 478.18
569.98 , 475.57
561.85 , 474.33
553.23 , 474.59
545.08 , 475.83
537.3 , 477.81
529.68 , 480.05
522.52 , 483.64
515.48 , 487.46
509.1 , 493.08
516.23 , 496.61
524.12 , 498.33
532.88 , 498.33
541.12 , 497.33
549.4 , 496.33
557.3 , 494.57
565.3 , 493.07
573.2 , 491.3
581.1 , 489.58
672.99 , 441.03
676.98 , 429.33
685.89 , 419.39
697.07 , 413.72
709.07 , 410.21
722.29 , 409.28
735.39 , 410.52
747.99 , 412.78
759.97 , 416.28
771.29 , 421.54
781.14 , 430.68
783.99 , 443.03
772.49 , 444.28
762.01 , 436.8
750.26 , 432.78
737.29 , 434.29
725.22 , 437.55
712.59 , 439.78
699.14 , 439.28
685.44 , 439.28
600.29 , 448.69
598.34 , 434.26
585.51 , 426.42
570.72 , 423.44
554.94 , 422.42
539.69 , 424.54
525.49 , 428.74
511.84 , 434.16
498.37 , 440.13
485.09 , 446.89
473.01 , 456.71
464.29 , 469.19
478.89 , 465.69
493.06 , 461.43
507.54 , 457.69
522.12 , 454.2
537.29 , 451.94
553.32 , 451.44
569.34 , 451.94
584.87 , 450.44
