1004467229_1
208.75 , 143.45
207.51 , 149.93
206.32 , 155.83
205.43 , 162.75
204.58 , 168.91
204.86 , 175.86
205.41 , 182.67
204.9 , 189.17
204.68 , 195.46
204.73 , 201.89
205.47 , 208.97
207.07 , 215.14
209.24 , 221.16
212.4 , 227.51
215.68 , 233.03
219.17 , 238.62
222.9 , 244.21
227.16 , 249.29
232.41 , 253.53
237.79 , 257.01
243.93 , 259.71
249.91 , 262.57
256.35 , 263.85
262.51 , 266.36
268.99 , 267.02
275.69 , 266.8
282.18 , 265.07
288.23 , 263.23
294.79 , 261.31
300.89 , 259.5
306.46 , 256.27
312.21 , 253.23
317.69 , 249.36
321.67 , 244.27
325.57 , 238.71
329.64 , 233.5
333.19 , 227.6
334.48 , 221.44
337.28 , 214.91
340.08 , 209.36
340.1 , 202.45
268.7 , 149.25
264.55 , 153.65
259.09 , 157.51
254.53 , 161.33
253.9 , 167.88
255.92 , 173.99
261.09 , 177.25
267.3 , 178.15
273.75 , 180.42
279.82 , 181.59
285.75 , 182.84
292.65 , 182.3
296.64 , 178.18
295.95 , 171.55
294.69 , 165.17
292.71 , 159.05
291.8 , 152.55
235.37 , 196.48
240.42 , 194.5
245.59 , 192.73
251.42 , 192.23
257.27 , 191.73
262.85 , 192.73
268.05 , 194.49
273.52 , 195.73
278.5 , 198.11
283.5 , 200.57
288.3 , 203.39
292.85 , 206.96
297.34 , 210.7
301.99 , 214.05
301.09 , 219.54
296.1 , 221.97
290.62 , 223.23
285.14 , 224.48
279.44 , 225.23
273.5 , 225.48
267.8 , 224.73
262.32 , 223.49
257.22 , 221.52
252.3 , 218.9
247.75 , 215.36
243.82 , 210.93
240.25 , 206.38
237.62 , 201.48
237.37 , 198.48
242.34 , 198.98
246.97 , 200.26
251.69 , 201.23
256.17 , 202.75
260.92 , 203.73
265.55 , 205
270.02 , 206.51
274.39 , 208.24
279.12 , 209.23
284.1 , 209.73
288.97 , 210.47
293.72 , 211.51
298.05 , 213.41
301.43 , 216.49
296.57 , 217.23
291.35 , 217.23
286.5 , 216.47
281.62 , 215.73
276.89 , 214.73
272.02 , 214
267.32 , 212.94
262.92 , 211.26
258.55 , 209.5
254.07 , 208
249.75 , 206.01
245.44 , 203.99
241.27 , 201.63
303.7 , 133.46
307.27 , 130.95
311.15 , 129.19
315.05 , 127.46
319.25 , 126.46
323.68 , 126.95
327.47 , 128.99
331.18 , 131.18
334.7 , 133.96
337.45 , 137.46
339.23 , 141.33
339.65 , 145.73
335.2 , 145.21
330.75 , 144.71
326.18 , 144.46
321.75 , 143.96
317.42 , 143.21
313.52 , 141.47
309.73 , 139.49
306.08 , 137.1
270.15 , 125.36
268.42 , 122.17
265.95 , 119.19
263.32 , 116.29
260.22 , 114.21
256.95 , 112.69
253.62 , 111.19
250 , 110.45
246.62 , 111.75
243.55 , 113.82
241.63 , 116.99
239.95 , 120.19
241.46 , 123.47
244.5 , 125.69
248 , 126.68
251.88 , 126.94
255.75 , 127.19
259.73 , 127.19
263.48 , 127.69
267.35 , 127.96
310.59 , 103.45
315.49 , 98.53
321.96 , 97.45
328.56 , 98.2
335.06 , 99.2
341.54 , 100.2
347.61 , 101.97
352.69 , 106.55
355.83 , 112.12
358.59 , 117.85
360.85 , 123.72
360.82 , 129.18
356.25 , 124.13
352.24 , 118.85
347.29 , 113.94
341.66 , 110.98
335.29 , 109.7
328.56 , 110.2
322.09 , 109.2
315.59 , 108.2
276.84 , 101.27
275.32 , 96.1
270.96 , 92.46
266.51 , 89
262.33 , 84.82
257.91 , 81.37
252.63 , 80.03
247.09 , 80.8
242.11 , 82.76
237.31 , 85.3
233.68 , 89.68
232.06 , 94.8
237.08 , 94.53
241.69 , 91.55
246.63 , 89.56
252.19 , 90.27
257.01 , 92.73
261.59 , 95.81
266.38 , 98.34
271.16 , 100.89
