2070484849_1
285.3 , 300.45
287.68 , 314.43
290.78 , 328.13
292.92 , 342.59
295.06 , 355.56
299.09 , 370
302.59 , 383.93
307.65 , 397.42
314.75 , 409.74
324.45 , 419.96
334.77 , 429.37
346.64 , 438.62
357.69 , 446.67
369.7 , 456.11
380.93 , 464.32
393.24 , 470.8
407.5 , 476.05
420.78 , 478.54
435.63 , 479.25
450.28 , 479.43
463.4 , 476.99
477.34 , 473.06
490.53 , 467.23
503.07 , 459.14
514.44 , 450.35
525.1 , 440.58
534.99 , 430.63
544.49 , 420.75
554.93 , 410.17
564.1 , 400.25
574.08 , 388.84
581.98 , 376.34
587.09 , 363.85
590.78 , 349.63
593.72 , 335.41
593.51 , 321.82
593.98 , 306.76
595.69 , 293.26
598.43 , 278.34
600.54 , 264.73
601.5 , 249.65
394.15 , 281.4
388.1 , 291.31
384.4 , 303.44
382.61 , 314.72
383.8 , 326.59
395.9 , 330.02
407.84 , 331.71
416.96 , 339.23
428.9 , 340.51
437.7 , 333.54
450.01 , 329.29
461.26 , 326.57
471.34 , 319.89
474.3 , 308.52
470.4 , 297.14
462.39 , 288.2
458.1 , 275.94
364.05 , 389.9
373.12 , 385.37
382.82 , 382.39
392.8 , 379.9
403.12 , 378.16
413.33 , 376.15
424.38 , 375.9
434.83 , 374.4
445.03 , 372.42
455.48 , 370.88
466.4 , 370.4
477.45 , 370.15
488.62 , 370.15
498.9 , 371.99
501.7 , 381.15
493.12 , 387.14
484.35 , 392.61
475.18 , 397.03
465.78 , 400.67
455.78 , 403.14
445.43 , 404.9
434.75 , 405.9
423.83 , 405.4
413.25 , 404.15
402.55 , 403.15
392.23 , 401.41
382.4 , 398.68
373.15 , 394.49
383.8 , 389.9
390.93 , 388.4
397.82 , 386.41
404.6 , 384.13
411.65 , 382.37
418.95 , 381.16
426.1 , 379.65
433 , 377.64
440.05 , 375.9
447.23 , 374.4
454.62 , 373.4
462.15 , 372.65
469.9 , 372.4
477.68 , 372.15
484.8 , 372.65
478.35 , 375.89
471.45 , 377.88
464.4 , 379.66
457.25 , 381.14
450.2 , 382.91
443.05 , 384.4
436.12 , 386.4
428.83 , 387.65
421.55 , 388.9
414.27 , 390.15
406.75 , 390.9
399.23 , 390.15
391.45 , 390.4
464.87 , 206.16
470.32 , 199.71
476.57 , 193.71
482.77 , 187.52
489.62 , 183.16
496.89 , 179.91
504.94 , 178.42
513.7 , 178.41
521.04 , 181.4
528.12 , 185.16
534.55 , 190.81
536.87 , 198.41
530.02 , 202.79
522.97 , 206.66
515.32 , 208.9
506.92 , 209.66
498.27 , 209.41
489.52 , 209.41
480.87 , 209.16
472.35 , 208.66
366.9 , 213.83
360.27 , 209.1
353.65 , 204.32
346.57 , 200.75
338.82 , 198.83
330.75 , 197.59
322.07 , 197.57
314.25 , 199.31
307.05 , 202.46
300.17 , 206.59
295.92 , 213.34
302.07 , 219.48
308.8 , 223.97
315.92 , 227.34
323.72 , 229.08
331.92 , 228.09
339.64 , 226.11
347.27 , 224
355 , 222.02
362.6 , 219.87
432.06 , 177.57
444.08 , 168.29
456.19 , 159.22
469.16 , 152.48
482.56 , 147.07
496.76 , 143.31
511.26 , 140.32
526.51 , 138.84
542.38 , 138.57
557.41 , 140.57
564.21 , 149.82
548.34 , 150.07
532.51 , 149.86
517.24 , 151.31
502.96 , 154.91
489.69 , 160.69
477.13 , 168.52
465.01 , 177.58
452.78 , 186.33
438.94 , 190.48
371.01 , 189.74
367.04 , 179.47
357.62 , 172.58
347.44 , 167.91
337.17 , 163.47
326.14 , 160.71
313.92 , 160.94
303.59 , 165.11
293.99 , 171.46
284.31 , 177.45
273.49 , 180.46
274.98 , 192.08
286.09 , 189.96
296.26 , 185.2
306.34 , 180.12
317.19 , 177
329.24 , 177.46
339.69 , 181.42
349.76 , 186.48
359.84 , 191.55
