2071191303_2
482.8 , 574.75
492.66 , 588.98
503.55 , 601.95
513.56 , 615.4
524.7 , 628.9
536.66 , 641.36
549.42 , 654.92
562.55 , 664.72
577.37 , 675.78
589.38 , 687.8
600.88 , 700.44
613.51 , 713.76
624.33 , 727.78
636.12 , 739.85
651.27 , 749.27
667.35 , 752.23
684.8 , 750.95
701 , 746.04
718.27 , 741.99
735.18 , 737.68
752.37 , 730.87
766.92 , 723.68
781.02 , 713.03
794.47 , 702.03
808.13 , 690.37
820.63 , 677.52
831.38 , 665.42
842.32 , 649.64
850.09 , 635.61
861.37 , 622.01
872.86 , 608.27
881.08 , 593.76
886.39 , 575.61
888.99 , 558.33
890.5 , 541.65
891.67 , 524.28
894.63 , 506.6
893.85 , 489.95
890.87 , 473.1
888.7 , 455.32
884 , 437.55
553.55 , 501.19
551.17 , 514.75
549.8 , 527.42
552.76 , 542.02
561.55 , 552.1
573.56 , 559.36
586.61 , 561.46
601.24 , 560.07
614.06 , 555.95
626.99 , 550.5
638.18 , 543.21
647.91 , 531.95
656.65 , 522.34
665 , 510.17
661.93 , 497.74
649.55 , 489.8
637.4 , 483.05
557.1 , 600.77
570.08 , 588.54
586.25 , 584.53
604.08 , 584.02
621.33 , 582.27
636.93 , 577.24
652.83 , 572.79
668.85 , 568.52
685.35 , 565.27
701.4 , 561
717.58 , 557.01
733.75 , 553
749.41 , 556.95
744.66 , 572.69
735.86 , 586.92
725.9 , 600.72
714.57 , 614.04
702.9 , 627.22
691.2 , 640.42
678.23 , 652.67
663.85 , 661.02
647.45 , 664.52
630.33 , 666.52
613.35 , 664.27
599.26 , 655.16
588.13 , 641.79
578.28 , 627.97
568.44 , 614.1
580.6 , 604.77
591.5 , 598.37
604.85 , 597.52
618.12 , 598.52
630.83 , 596.29
641.95 , 590.43
653.2 , 584.76
664.5 , 579.28
676.33 , 575.29
688.15 , 571.48
700.1 , 567.77
712.43 , 564.75
724.95 , 562.17
734.29 , 566.34
728.38 , 577.5
721.07 , 588.04
711.8 , 597.83
701.5 , 605.89
690.9 , 613.26
680.1 , 620.02
668.88 , 625.75
657.53 , 631.08
645.83 , 635.29
633 , 637.27
619.78 , 636.2
607.15 , 633.83
596.95 , 625.37
588.32 , 615.25
643.99 , 408.45
643.24 , 399
646.47 , 390.77
650.99 , 383
657.74 , 376
665.74 , 372
674.47 , 369.75
684.01 , 369.25
693.44 , 370
702.62 , 371.22
711.01 , 374.02
718.47 , 379.31
711.41 , 385.82
704.01 , 391.47
696.32 , 396.19
688.09 , 399.53
679.69 , 402.25
670.87 , 404.26
661.91 , 405.99
653.09 , 407.99
547.93 , 430.33
542.12 , 425.68
535.51 , 422.6
528.26 , 421.01
520.26 , 421.03
512.99 , 422.54
506.12 , 424.85
499.56 , 428.04
493.31 , 432.03
488.72 , 438
486.69 , 445.03
492.51 , 449.35
499.47 , 451.54
507.12 , 452.28
514.74 , 451.53
521.84 , 449.63
528.54 , 446.94
535.26 , 444.22
542.26 , 442.21
548.39 , 437.84
590.85 , 360.2
594.4 , 347.11
605.77 , 339.05
617.48 , 332.07
629.58 , 325.97
641.98 , 320.95
654.58 , 316.44
667.83 , 313.2
682.15 , 312.2
696.12 , 313.95
708.75 , 318.44
700.78 , 325.77
686.4 , 326.7
672.35 , 328.2
658.98 , 331.17
646.65 , 336.42
635.3 , 344.46
624.38 , 353.69
613.3 , 362.49
601.65 , 369.28
515.08 , 386.3
507.79 , 381.75
499.71 , 379.32
490.79 , 378.56
481.86 , 379.31
473.41 , 381.06
465.49 , 383.84
457.86 , 387.56
451.41 , 394.01
449.36 , 402.31
450.76 , 410.96
455.1 , 404.84
460.06 , 397.85
467.84 , 394.56
476.88 , 394.08
485.36 , 395.81
493.38 , 398.31
501.71 , 400.31
510.46 , 399.21
517.32 , 394.51
