2073353251_1
283.53 , 306.25
284.52 , 318.44
286.3 , 330.61
286.9 , 342.65
289.68 , 354.2
293 , 366.78
298.09 , 378.06
302 , 389.62
306.05 , 401.16
310.9 , 412.38
319.62 , 421.67
328.7 , 428.95
339.56 , 436.17
349.12 , 442.81
360.23 , 449.03
370.84 , 453.93
383.05 , 459.13
394.06 , 463.31
405.44 , 467.1
417.1 , 470.5
429.75 , 473.04
441.49 , 473.73
454.42 , 472.78
466.08 , 471
479.03 , 467.61
489.86 , 462.86
499.87 , 456.5
508.97 , 448.37
516.68 , 437.76
523.25 , 428.31
530.85 , 418.4
537.93 , 407.23
543.64 , 396.28
546.57 , 384.93
549.44 , 373.03
552.04 , 361.04
554.27 , 348.71
556.24 , 336.48
558.01 , 324.07
560.05 , 311.68
561.5 , 299.21
414.35 , 285.95
409.93 , 293.71
404.35 , 302.06
400.07 , 310.32
405.54 , 317.44
413.42 , 322.36
422.33 , 324.35
431.98 , 322.82
440.99 , 322.92
450.59 , 326.11
460.09 , 326.19
469.32 , 324.75
478.03 , 321.45
482.4 , 313.2
482.08 , 304.11
477.3 , 295.45
472.65 , 286.84
387 , 368.37
394.9 , 365.84
402.45 , 362.19
409.9 , 358.25
417.27 , 354.11
425.1 , 351.34
433.82 , 350.37
442.68 , 351.12
451.88 , 351.12
460.12 , 349.13
469.07 , 348.62
477.3 , 350.6
484.45 , 355.31
491.15 , 361.27
496.94 , 367.99
489.52 , 372.09
482.57 , 377.32
475.45 , 382.13
467.85 , 385.59
459.73 , 387.87
450.9 , 388.62
442.05 , 387.87
433.82 , 385.9
425.85 , 383.4
418.1 , 380.41
410.45 , 377.14
402.6 , 374.34
394.5 , 372.12
395.25 , 368.87
401.43 , 367.37
408.2 , 367.62
414.88 , 367.12
421.43 , 366.37
427.98 , 365.62
434.77 , 365.37
441.45 , 365.87
448 , 366.62
454.55 , 365.88
460.98 , 364.89
467.62 , 364.37
474.43 , 364.12
481.35 , 364.12
487.52 , 365.62
483.3 , 367.12
476.4 , 367.12
469.65 , 367.47
463.18 , 368.37
456.5 , 368.87
449.82 , 369.37
442.93 , 369.37
436.12 , 369.12
429.35 , 368.87
422.43 , 368.87
415.75 , 369.37
408.85 , 369.37
402.05 , 369.12
470.23 , 244.1
472.81 , 240.26
476.73 , 237.85
480.81 , 235.82
485.31 , 234.86
490.06 , 234.35
495.03 , 234.35
499.56 , 235.35
503.66 , 237.25
507.58 , 239.67
511.23 , 242.85
510.37 , 247.34
506.2 , 249.1
501.61 , 249.85
496.98 , 250.6
492.11 , 250.35
487.48 , 249.6
482.98 , 248.6
478.75 , 247.09
474.58 , 245.38
394.25 , 244.21
390.53 , 240.98
386.41 , 238.9
381.93 , 237.66
377.36 , 236.66
372.28 , 236.63
367.81 , 237.88
363.61 , 239.72
359.63 , 242.23
355.58 , 244.54
351.68 , 247.16
355.36 , 250.58
359.4 , 252.89
364.08 , 253.66
369.03 , 253.91
373.98 , 253.66
378.56 , 252.67
383.16 , 251.66
387.33 , 249.63
391.56 , 247.9
451.94 , 218.3
457.57 , 209.12
467.29 , 204.77
477.79 , 202.31
488.64 , 200.55
499.84 , 199.55
511.04 , 200.56
521.26 , 203.58
530.91 , 208.03
539.87 , 214.46
546.28 , 223.4
546.22 , 234.8
535.82 , 232.17
526.49 , 226.81
516.91 , 222.05
505.34 , 221.8
494.37 , 223.3
483.29 , 224.55
471.81 , 225.05
460.49 , 225.82
404.7 , 224.11
403.07 , 213.62
392.9 , 209.86
381.88 , 207.87
371.2 , 205.11
360.52 , 202.34
349.15 , 201.11
338.6 , 204.14
328.7 , 208.61
319.35 , 214.68
311.42 , 223.39
306.45 , 233.11
317.7 , 234.36
327.95 , 230.86
337.8 , 226.08
348.7 , 223.86
360.32 , 224.61
371.7 , 225.86
383.23 , 226.86
394.6 , 228.11
