2078419146_1
458.22 , 449.56
469.42 , 463.15
480.37 , 476.93
491.06 , 490.97
501.26 , 505.24
511.88 , 519.63
521.95 , 534.93
530.79 , 550.39
542.47 , 563.39
558.09 , 575.15
572.96 , 585.28
586.86 , 594.2
603.19 , 603.14
618.38 , 612.87
632.92 , 622.39
649.86 , 629.93
667.26 , 632.65
684.2 , 629.04
700.32 , 621.58
717.37 , 613.29
733.6 , 606.1
749.56 , 597.99
763.34 , 587.3
775.12 , 574.25
785.62 , 557.87
794.41 , 542.48
803.59 , 527.1
812.51 , 511.21
819.99 , 496.42
827.71 , 479.82
834.49 , 462.9
839.39 , 445.49
839.97 , 427.06
838.06 , 410.54
833.2 , 392.65
826.12 , 375.36
819.01 , 360.06
811.46 , 343.06
804.52 , 325.9
798.62 , 308.86
793.3 , 291.65
552.3 , 392.69
553.39 , 406.84
554.46 , 421.65
554.9 , 436.4
555.45 , 451.75
567.09 , 459.12
583.26 , 460.76
597.1 , 463.09
611.74 , 460.29
624.22 , 451.33
635.12 , 441.28
642.57 , 427.92
645.5 , 414.42
637.74 , 401.44
628.88 , 388.23
619.72 , 377.88
608.69 , 366.1
556.85 , 513.4
569.55 , 509.16
581.43 , 502.36
592.93 , 494.58
605.23 , 488.87
618.48 , 485.53
630.7 , 479.56
642.85 , 473.4
655.18 , 467.84
667.6 , 462.65
679.75 , 456.5
691.75 , 449.99
704.48 , 445.68
707.61 , 458.07
702.61 , 470.57
697.1 , 482.9
690.78 , 494.97
684.28 , 507
676.71 , 518.55
667.48 , 529.55
656.33 , 538.41
644.03 , 544.22
630.65 , 547.4
616.12 , 547.67
603.35 , 543.4
591.23 , 537.24
579.58 , 529.87
567.92 , 522.48
589.35 , 518.65
598.43 , 515.38
608.18 , 513.37
618.08 , 511.67
627.83 , 509.67
636.18 , 504.3
640.86 , 495.8
645.22 , 487.03
653.18 , 480.86
662.05 , 476.91
672.05 , 475.44
681.7 , 473.15
690.3 , 468.44
698.58 , 462.68
703.16 , 469.07
699.26 , 478
695.11 , 486.85
690.51 , 495.5
685.83 , 504.17
679.43 , 511.89
670.98 , 517.03
661.73 , 520.02
651.53 , 521.15
641.17 , 521.9
630.55 , 522.15
619.95 , 521.9
609.48 , 521.4
599.23 , 520.39
605.12 , 298.13
608.34 , 291.9
613.24 , 286.25
618.77 , 280.99
624.75 , 277
631.12 , 274.13
638.2 , 272.89
645.54 , 272.13
653.14 , 271.88
660.72 , 271.63
666.98 , 274.01
662.81 , 279.93
657.3 , 285.2
651.52 , 289.75
645.3 , 293.14
638.95 , 296.1
632.54 , 298.86
625.82 , 300.88
618.7 , 302.13
611.37 , 301.38
511.71 , 344.89
505.89 , 341.55
499.44 , 339.8
492.27 , 339.54
485.22 , 340.05
478.64 , 341.54
472.44 , 343.82
466.44 , 346.64
461.02 , 351.1
457.7 , 356.92
455.82 , 363.29
461.32 , 367.04
467.87 , 368.54
475.17 , 368.54
481.97 , 367.53
488.47 , 365.89
494.5 , 363.11
500.52 , 360.29
506.27 , 356.8
511.57 , 352.04
545.84 , 285.57
550 , 268.14
561.9 , 253.77
576.89 , 243.54
592.69 , 235.48
608.69 , 227.98
624.87 , 221.06
641.69 , 215.84
660.27 , 214.1
679.07 , 214.82
696.29 , 219.3
693.92 , 233.5
676.49 , 237.66
659.41 , 242.5
642.72 , 247.94
626.27 , 254.08
610.24 , 261.41
594.54 , 269.84
579.32 , 279.33
563.79 , 288.07
504.08 , 312.4
497.33 , 303.25
486.33 , 300.48
474.28 , 299.98
462.7 , 301.45
452.15 , 304.99
441.95 , 309.47
432 , 314.82
422.65 , 321.7
414.32 , 330.53
410.63 , 340.98
411.89 , 352.68
422.58 , 350.27
431.95 , 343.39
441.11 , 335.99
450.58 , 329.49
460.73 , 324.73
471.83 , 322.23
483.53 , 321.01
494.38 , 317.98
