2081258704_1
390.34 , 503.5
391.45 , 520.55
393.57 , 537.77
395.72 , 553.56
397.63 , 572.01
399.6 , 587.97
402.26 , 605.52
405.59 , 622.61
409.7 , 638.86
416.92 , 655.2
425.6 , 669
435.19 , 682.78
446.03 , 696.64
457.87 , 709.99
469.38 , 721.73
482 , 733.64
494.73 , 745.9
508.9 , 756.06
523.96 , 763.07
540.25 , 767.66
557.92 , 771.17
575.76 , 772.2
592.28 , 772.1
609.13 , 770.87
626.29 , 766.39
641.81 , 758.78
656.91 , 751.3
672.74 , 742.8
685.84 , 733.29
699.47 , 721.83
712.44 , 710.93
725.75 , 700.53
738.27 , 688.82
748.51 , 674.26
757.36 , 659.25
764.79 , 644.46
771.93 , 628.93
779.02 , 612.5
786.13 , 596.63
792.57 , 580.14
797.75 , 563.65
562.3 , 552.25
552.24 , 559.03
541.97 , 569.13
535.6 , 580.77
535.15 , 594.15
544.5 , 602.65
557.37 , 605.38
570.34 , 605.86
584.9 , 606.19
597.14 , 609.12
610.48 , 612.36
622.77 , 616.59
636.5 , 617.05
643 , 605.68
646.11 , 592.73
641.47 , 580.75
635 , 567.9
514.3 , 676.68
522.02 , 667.46
532.22 , 662.28
542.25 , 656.75
552.12 , 650.83
562.32 , 645.67
573.97 , 647.44
584.22 , 652.45
596.35 , 651.68
607.52 , 654.42
616.58 , 662.7
625.22 , 671.61
633.32 , 680.7
641.52 , 689.73
636.32 , 699.9
631.13 , 710.1
623.57 , 719.4
613.52 , 724.94
603.12 , 729.43
591.82 , 731.93
579.82 , 732.93
568.05 , 731.43
557.15 , 728.21
546.95 , 723.09
537.32 , 716.46
528.49 , 707.63
523.12 , 697.5
519.32 , 686.88
518.8 , 675.68
526.2 , 672.15
534.15 , 669.9
542.72 , 668.93
551.42 , 668.18
560.12 , 668.93
568.22 , 670.94
576.05 , 673.43
584.6 , 674.43
593.42 , 673.93
601.65 , 675.71
610.1 , 676.92
618.45 , 678.33
626.07 , 681.44
630.85 , 687.16
622.45 , 688.53
614.42 , 690.71
606.72 , 693.46
598.9 , 695.94
590.45 , 697.18
581.52 , 697.43
572.95 , 696.45
564.62 , 694.95
556.7 , 692.59
549.7 , 687.82
543.05 , 682.18
535.85 , 677.94
527.88 , 675.66
651.49 , 506.37
654.97 , 496.89
660.67 , 488.17
669.37 , 482.37
678.97 , 479.12
689.79 , 478.37
700.39 , 479.59
709.97 , 482.85
719.12 , 487.49
727.63 , 493.78
734.25 , 502.17
737.1 , 511.8
728.47 , 517.88
718.76 , 520.86
708.64 , 523.13
698.16 , 524.62
686.94 , 524.63
676.64 , 522.78
667.01 , 519.64
657.96 , 514.85
544.44 , 492.81
545.5 , 483.7
541.75 , 475.75
534.89 , 469.1
527.39 , 464.21
519.37 , 460.73
510.44 , 459.22
500.92 , 458.97
491.64 , 459.7
483.64 , 463.29
476.51 , 469.2
470.99 , 476.47
476.72 , 483.7
483.94 , 489.42
491.69 , 493.68
500.06 , 496.22
508.74 , 498.22
518.14 , 498.72
527.79 , 498.72
536.82 , 497.4
650.1 , 446.44
661 , 440.78
672.75 , 437.29
685.55 , 435.94
698.65 , 436.69
711.38 , 438.2
723.73 , 440.45
735.23 , 444.44
745.7 , 451.27
755.5 , 459.94
763.59 , 469.92
756.7 , 477.72
745.1 , 473.94
733.8 , 469.46
722.53 , 464.91
711.12 , 460.69
698.98 , 457.97
686.25 , 456.44
672.92 , 456.19
659.83 , 455.41
585.87 , 462.06
581.14 , 445.63
570.06 , 431.87
555.72 , 421.89
540.12 , 415.38
523.47 , 411.11
506.41 , 407.89
488.84 , 405.62
471.46 , 408.32
456.69 , 417.06
447.18 , 431.58
441.39 , 447.38
455.74 , 438.53
472.04 , 433.73
490.29 , 432.88
508.46 , 433.88
525.64 , 436.88
541.71 , 442.16
556.74 , 450.22
570.94 , 460.68
