2081778308_1
302.5 , 828.5
301.87 , 859.12
303.1 , 890
310.22 , 923.01
318.85 , 953.29
325.9 , 983.75
335.07 , 1015.02
343.94 , 1042.78
356.44 , 1072.86
371.77 , 1101.45
385.02 , 1130.92
400.4 , 1156.89
418.73 , 1183.22
435.97 , 1212.08
452.93 , 1237.68
471.11 , 1264.06
495.29 , 1282.53
524.22 , 1296.11
556.59 , 1303.01
586.47 , 1305.89
620.02 , 1304.53
649.34 , 1296.41
678.41 , 1281.66
705.03 , 1265.08
730.61 , 1248.98
759.96 , 1232.68
786.18 , 1214.74
810.26 , 1193.17
833.79 , 1172.68
854.34 , 1150.93
876.82 , 1124.57
896.37 , 1102.69
916.74 , 1077.14
934.2 , 1048.74
947.91 , 1022.82
961.72 , 992.9
974.7 , 962.62
984.98 , 934.22
993.97 , 905.07
1001.96 , 872.74
1007.6 , 839.85
520.89 , 801.5
501.07 , 820.8
483.43 , 842.44
468.82 , 868.63
474.21 , 896.82
497.92 , 913.38
526.21 , 926.06
551.14 , 939.42
578.75 , 941.26
606.05 , 930.74
634.53 , 924.55
663.78 , 913.11
687.74 , 897.19
693.29 , 868.84
683.93 , 843.99
664.89 , 821.35
640.95 , 800.89
431.26 , 1014.51
457.33 , 1007.76
484.16 , 1002.52
511.71 , 998.76
540.99 , 999.01
569.03 , 1001.76
598.16 , 1001.26
627.06 , 1000.26
654.86 , 1003.51
681.24 , 1009.76
707.84 , 1015.51
732.29 , 1026.02
749.43 , 1047.88
732.12 , 1069.91
714.84 , 1091.93
697.91 , 1114.11
676.56 , 1133.2
653.38 , 1147.26
628.43 , 1156.25
600.74 , 1159.76
571.96 , 1158.51
544.78 , 1154.01
520.13 , 1144.13
496.63 , 1130.88
475.14 , 1112.16
460.29 , 1089.28
448.07 , 1065.34
437.51 , 1040.88
441.76 , 1015.01
462.28 , 1021.26
484.71 , 1023.76
508.01 , 1024.51
531.31 , 1025.26
553.51 , 1028.26
575.84 , 1031.01
598.76 , 1029.51
622.41 , 1029.51
644.99 , 1031.76
668.41 , 1032.26
691.81 , 1032.76
714.63 , 1034.51
733.26 , 1041.76
715.56 , 1055.72
696.79 , 1066.75
677.26 , 1075.76
657.86 , 1085.29
637.66 , 1092.24
615.68 , 1095.76
592.28 , 1096.26
570.09 , 1093.29
548.66 , 1088.66
527.59 , 1083.29
508.01 , 1074.51
489.16 , 1063.66
471.36 , 1049.86
455.39 , 1032.88
698.89 , 742.94
709.62 , 735.21
721.12 , 729.46
733.41 , 725.92
746.34 , 723.48
759.79 , 722.2
773.39 , 723.19
786.49 , 725.17
799.24 , 727.95
811.62 , 731.42
823.27 , 736.81
816.54 , 746.29
804.24 , 749.94
791.49 , 752.66
778.01 , 753.94
764.07 , 753.69
750.59 , 752.45
737.37 , 750.69
724.49 , 748.22
711.64 , 745.69
508.08 , 726.35
498.1 , 719.88
487.5 , 715.06
476.78 , 710.82
465.95 , 706.8
454.63 , 703.85
442.8 , 701.82
430.88 , 700.07
418.2 , 700.3
406.73 , 703.06
396.28 , 708.07
404.61 , 717.4
414.15 , 724.98
425.48 , 728.03
437.9 , 728.82
450.43 , 728.32
463.1 , 728.57
475.28 , 729.82
487.5 , 731.05
499.78 , 732.07
657.69 , 641.44
678.74 , 625.12
701.94 , 614.69
726.84 , 608.29
754.12 , 606.69
781.04 , 608.94
807.84 , 611.43
833.09 , 617.19
855.44 , 629.94
876.04 , 647.56
893.91 , 667.89
874.77 , 683.67
850.79 , 675.53
827.94 , 663.94
802.94 , 657.69
775.77 , 655.95
749.04 , 658.59
723.14 , 662.98
697.54 , 667.97
671.76 , 663.31
530.68 , 650.73
528.49 , 629.49
510.81 , 614.88
491.76 , 604.07
472.04 , 595.1
451.54 , 588.5
430.19 , 583.23
407.09 , 581.71
385.74 , 586.92
367.23 , 599.16
352.41 , 616.73
342.16 , 635.98
363.94 , 640.21
383.36 , 630.3
402.81 , 620.48
426.16 , 620.98
446.71 , 627.52
466.91 , 634.98
486.99 , 642.74
507.34 , 649.75
