2082267415_2
603.55 , 742.45
612.05 , 765.61
623.1 , 787.77
635.63 , 809.36
648.25 , 830.87
658.19 , 853.4
666.75 , 876.28
677.99 , 900.53
688.84 , 921.85
700.89 , 942.48
717.5 , 964.12
732.08 , 984.4
745.17 , 1003.9
759.15 , 1023.86
775.66 , 1043.37
796.87 , 1058.98
817.96 , 1069.83
841.67 , 1076.43
867.38 , 1077.46
891.74 , 1075.08
917.07 , 1070.93
941.34 , 1062.31
961.99 , 1051.1
983.23 , 1036.72
1002.93 , 1020.03
1020.53 , 1002.75
1038.05 , 983.75
1053.81 , 964.7
1066.04 , 942.52
1074.36 , 920.43
1082.21 , 896.22
1091.21 , 872.93
1100.17 , 849.93
1108.87 , 826.33
1115.26 , 800.84
1119.05 , 778.24
1122.72 , 751.42
1124.95 , 728.27
1125.44 , 703.51
1121.45 , 676.66
1113.87 , 652.63
730.75 , 771.5
730.22 , 790.51
727.02 , 808.49
725.95 , 827.73
730.46 , 847.28
744.05 , 861.91
760.93 , 868.75
779.86 , 869.42
796.69 , 859.06
810.94 , 845.16
827.63 , 839.56
847.39 , 843.24
859.87 , 829.76
854.57 , 810.99
841.1 , 797.67
828.35 , 783
818.29 , 765.6
739.85 , 955.25
747.32 , 944.03
758.5 , 936.25
769.55 , 928.07
781.75 , 923.26
794.4 , 926.54
808.62 , 927.25
820.35 , 921
834.43 , 921
847.88 , 923.26
860.83 , 926.5
874.15 , 928.99
888.33 , 928.75
902.25 , 927.48
901.83 , 940.27
891.55 , 950.56
881.03 , 960.09
869.98 , 968.26
858.4 , 974.96
846.58 , 981.02
834.62 , 986.75
821.42 , 989.5
807.12 , 990
792.95 , 990.75
779.03 , 989.49
766.88 , 984.52
755.62 , 977.02
745.33 , 967.23
748.1 , 943.5
757.15 , 939.23
767.15 , 936.98
777.98 , 936.5
789.05 , 936.5
800 , 936.25
810.83 , 935.75
821.05 , 933.99
831.53 , 932.82
842.45 , 933
853.53 , 933
864.35 , 933.5
875.43 , 933.5
886.12 , 932.75
892.25 , 932.78
882.55 , 935.5
872.08 , 936.75
861.38 , 936
850.8 , 935.01
840.08 , 934.25
829.38 , 933.98
818.92 , 935.27
808.83 , 937.25
798.95 , 939.25
789.08 , 936.75
778 , 936.75
767.42 , 937.72
757.35 , 939.75
827.39 , 653.62
834.74 , 643.49
844.22 , 634.28
854.72 , 627.86
865.89 , 623.37
877.99 , 620.88
890.69 , 619.62
903.51 , 620.62
915.87 , 622.62
927.76 , 625.63
934.5 , 635.77
928.56 , 646.44
918.96 , 655.32
908.24 , 661.11
897.21 , 666.12
885.34 , 669.11
872.14 , 669.37
859.07 , 668.87
846.24 , 667.9
835 , 663.62
721.48 , 670.5
716.79 , 660.76
707.25 , 655.44
696.65 , 652.67
685.11 , 651.95
673.43 , 652.46
662.61 , 654.7
652.58 , 658.69
643.08 , 664.14
634.58 , 672.4
627.28 , 681.2
634.05 , 690.23
643.45 , 695.89
653.88 , 698.94
665.45 , 699.7
676.88 , 698.72
687.48 , 695.93
697.58 , 692.22
707.36 , 687.41
716.18 , 680.08
773.57 , 612.79
782.03 , 592.84
799.55 , 577.81
819.07 , 567.79
839.5 , 560.57
861.55 , 556.54
884.35 , 554.04
907.72 , 552.78
931.6 , 552.54
953.87 , 556.08
973.62 , 565.54
971.15 , 581.79
948.62 , 578.79
924.85 , 579.29
902.92 , 583.57
882.02 , 589.81
861.25 , 596.31
839.75 , 601.53
818.37 , 607
796.2 , 610.79
671.83 , 617.51
667.77 , 609.3
655 , 607.27
642.35 , 605.04
629.6 , 603.04
617.42 , 599.77
605.57 , 596.03
592.07 , 596.51
580.75 , 601.78
571.18 , 611.5
565.49 , 622.68
563.65 , 635.53
574.35 , 640.77
585.33 , 635.1
595.55 , 626.78
607 , 622.06
620.4 , 621.78
633.52 , 623
647.02 , 623.03
660.02 , 621.53
