2083040467_1
209.09 , 394.35
213.05 , 409.59
217.82 , 426.27
222.02 , 442.56
225.37 , 460.56
228.49 , 477.57
233.12 , 493.78
238.9 , 509.75
245.63 , 524.93
253.86 , 540.9
264.53 , 554.99
276.24 , 566.89
287.61 , 578.49
299.82 , 590.93
312.41 , 602.44
327.9 , 611.7
339.78 , 623.9
354.39 , 633.74
369.4 , 639.81
386.06 , 643.99
403.46 , 646.36
420.66 , 645.35
437.15 , 642.52
454.27 , 638.35
467.73 , 629.67
479.92 , 615.97
491.04 , 603.01
503.35 , 591.13
514.14 , 578.7
522.64 , 563.81
530.73 , 549.24
539.27 , 532.74
544.62 , 517.26
547.57 , 500.7
551.55 , 482.58
556.05 , 466.21
559.85 , 450.23
563.17 , 433.74
566.87 , 416.11
570.59 , 399.93
574.1 , 382.05
388.4 , 399.4
384.35 , 412.74
379.18 , 425.66
373.1 , 440.21
369.99 , 454.12
379.76 , 464.92
393.24 , 470.1
407.15 , 471.47
421.96 , 474.19
435.72 , 471.65
449.33 , 467.08
463.98 , 462.43
472.14 , 451.03
470.56 , 436.91
462.44 , 424.07
455.93 , 411.93
449.9 , 397.25
350.05 , 539.27
354.91 , 529.17
365.15 , 524.01
375.32 , 518.77
385.6 , 513.73
395.98 , 509.03
407.62 , 507.34
418.45 , 510.74
428.95 , 515.04
439.18 , 509.9
449.23 , 504.25
461.18 , 505.4
471.1 , 511.33
480.35 , 519.07
487.55 , 528.54
490.48 , 539.6
485.5 , 549.86
475.25 , 555.01
462.98 , 554.54
452.3 , 550.77
441.8 , 546.52
431.12 , 542.77
419.68 , 540.52
407.4 , 541.02
395.6 , 542.52
384.38 , 545.27
372.07 , 545.77
359.65 , 545.61
361.05 , 535.77
367.78 , 530.53
375.32 , 527.51
383.35 , 525.5
391.73 , 524.27
400.1 , 523.03
408.83 , 523.52
417.33 , 524.52
426.18 , 524.77
434.55 , 523.52
442.55 , 521.52
451.05 , 520.52
459.8 , 521.02
467.95 , 522.77
475.4 , 526.11
471.52 , 531.77
462.9 , 531.02
454.2 , 530.62
445.9 , 532.04
437.53 , 533.27
428.9 , 534.02
420.05 , 534.27
411.55 , 533.27
403.18 , 532.02
394.68 , 531.02
386.18 , 532.02
377.58 , 532.77
369.43 , 534.52
465.6 , 332.39
468.88 , 325.59
474.6 , 319.64
481.08 , 315.4
487.85 , 311.89
495.08 , 309.64
503.05 , 308.89
511 , 309.65
518.38 , 311.63
525.2 , 314.96
530.85 , 320.96
532.85 , 327.89
525.7 , 330.3
518.8 , 333.44
511.85 , 336.39
504 , 337.39
496.05 , 338.14
487.73 , 338.14
480 , 336.89
472.28 , 335.66
368.15 , 332.67
361.25 , 325.9
353.75 , 320.77
345.77 , 316.81
337.25 , 314.39
328.12 , 313.15
318.8 , 313.97
310.12 , 316.15
301.97 , 319.36
294.02 , 323.41
286.12 , 327.4
293.64 , 332.41
301.67 , 336.18
310.17 , 338.67
319.27 , 339.89
328.39 , 341.15
337.87 , 341.65
347.5 , 341.9
357.1 , 341.65
366.57 , 341.15
459.94 , 294.77
462.41 , 284.78
471.09 , 279.02
480.56 , 275.53
490.92 , 273.77
501.87 , 273.27
512.92 , 273.52
523.99 , 273.27
534.44 , 274.77
544.66 , 276.77
554.07 , 280.52
554.34 , 288.52
543.51 , 287.75
532.72 , 287.02
521.76 , 286.52
510.72 , 286.76
500.12 , 288.05
489.89 , 290.04
480.19 , 293.02
470.37 , 295.77
384.29 , 290.04
373.56 , 283.3
361.09 , 280.8
347.88 , 279.8
334.34 , 280.05
321.01 , 279.3
307.69 , 278.55
294.26 , 279.09
281.88 , 281.77
270.54 , 286.82
259.56 , 292.8
271.24 , 296.82
284.53 , 296.05
297.74 , 295.05
311.44 , 295.05
325.11 , 295.05
338.56 , 295.55
351.63 , 296.79
364.59 , 298.32
377.79 , 299.3
