2083053412_1
808.5 , 691.5
810.61 , 725.81
813.65 , 763.4
817.1 , 800.12
819.92 , 838.86
823.12 , 872.98
827.59 , 911.82
831.91 , 946.31
844.27 , 983.78
851.76 , 1017.68
859.54 , 1057.01
873.21 , 1089.66
891.66 , 1120.8
910.74 , 1152.86
930.59 , 1185.86
949.33 , 1215.6
984.04 , 1230.53
1020.85 , 1239.22
1054.38 , 1230.29
1090.89 , 1222.68
1127.65 , 1214.76
1163.29 , 1204.06
1199.94 , 1190.73
1232.74 , 1179.76
1268.89 , 1166.49
1300.45 , 1149.69
1329.16 , 1126.99
1360.38 , 1104.69
1391.65 , 1084.56
1421.23 , 1059.42
1448.8 , 1035.22
1477.12 , 1011.01
1501.67 , 986.94
1520.82 , 953.16
1531.18 , 917.07
1540.38 , 880.76
1548.22 , 846.6
1556.08 , 808.72
1562.26 , 771.62
1566.31 , 736.51
1568.4 , 697.75
956.05 , 675.75
944.2 , 698.39
931.25 , 724.8
922.07 , 749.88
915.72 , 775.48
932.06 , 797.7
954.61 , 814.53
980.82 , 827.17
1007.56 , 824.2
1032.48 , 817.21
1060.5 , 816.33
1088 , 813.64
1111.8 , 799.29
1124.13 , 773.24
1124.99 , 746.06
1116.33 , 719.66
1111.7 , 691.89
904.6 , 925.51
907.86 , 901.99
918.55 , 881.79
938.15 , 869.22
961.83 , 866.75
983.23 , 874.13
1004.2 , 882.52
1027.1 , 878.01
1049.65 , 873.24
1071.2 , 880.35
1091.72 , 890.63
1112.28 , 900.7
1132.28 , 912.19
1152.08 , 924.23
1167.07 , 942.54
1154.1 , 961.51
1133.38 , 971.02
1112.35 , 979.51
1091.68 , 989.28
1070.62 , 997.75
1048.28 , 1003.5
1024.65 , 1006.49
1000.62 , 1008.76
976.55 , 1006.72
955.15 , 999.26
935.55 , 986.71
919.28 , 968.43
911.63 , 947.11
908.85 , 922.51
925.23 , 927.53
944.1 , 927.51
962.35 , 928.76
980.5 , 930.26
998.65 , 931.76
1016.3 , 934.26
1034.8 , 935.01
1053.43 , 935.51
1071.95 , 936.26
1089.72 , 938.51
1107.12 , 941.51
1125.03 , 943.51
1142.58 , 946.26
1158.26 , 951.2
1142 , 946.02
1124.45 , 943.26
1106.92 , 940.5
1089.5 , 937.51
1071.72 , 935.26
1052.85 , 935.26
1034.83 , 933.51
1017.3 , 930.76
999.15 , 929.26
980.65 , 930.01
962.38 , 928.76
944.25 , 927.26
925.5 , 927.03
1141.12 , 607.89
1150.53 , 594.97
1164.09 , 587.15
1178.97 , 582.79
1195.04 , 580.89
1211.32 , 582.39
1226.94 , 585.21
1241.22 , 590.99
1255.44 , 596.71
1270.04 , 601.57
1283.59 , 609.36
1283.5 , 624.38
1267.72 , 626.89
1250.82 , 627.14
1234.44 , 625.92
1218.47 , 623.74
1202.87 , 620.89
1187.57 , 617.35
1171.99 , 614.42
1156.32 , 611.64
995.56 , 576.95
996.09 , 562.29
987.53 , 550.71
976.43 , 540.84
964.25 , 533.95
951 , 529.96
937.2 , 526.96
922.33 , 526.22
908.7 , 529.53
896.53 , 536.46
885.94 , 547.29
877.78 , 558.96
887.08 , 570.27
898.65 , 578.84
911.13 , 585.05
924.93 , 587.95
940.05 , 588.21
954.93 , 587.46
969.08 , 585.21
982.68 , 581.81
1094.14 , 522.86
1126.54 , 507.84
1163.94 , 503.86
1201.97 , 506.61
1238.04 , 513.26
1273.69 , 520.9
1309.42 , 528.38
1344.47 , 537.36
1376.82 , 552.85
1406.12 , 576.58
1434.74 , 602.11
1404.04 , 614.33
1371.07 , 601.1
1338.37 , 586.87
1304.94 , 574.85
1270.64 , 564.61
1235.47 , 555.93
1199.07 , 549.88
1163.34 , 542.37
1127.16 , 535.87
1004.27 , 493.99
997.66 , 475.38
981.64 , 461.85
963.66 , 453.63
944.44 , 448.51
923.91 , 445.98
903.29 , 443.76
882.64 , 441.51
861.12 , 441.45
844.3 , 452.73
837.8 , 471.24
835.29 , 491.76
852.64 , 496.16
868.99 , 483.51
888.26 , 479.01
909.26 , 480.51
929.56 , 483.52
949.16 , 487.88
968.26 , 493.26
987.59 , 498.26
