2084520102_1
333.18 , 185.36
332.55 , 198.43
332.86 , 212.64
335.84 , 226.65
336.39 , 240.46
339.36 , 254.28
344.3 , 267.85
351.22 , 280.02
354.43 , 293.78
361.11 , 305.63
367.94 , 318.83
376.86 , 330.49
385.04 , 340.8
393.03 , 352.95
400.9 , 364.76
409.55 , 376.29
418.66 , 386.43
429.23 , 395.09
441.78 , 403.09
454.77 , 409.58
467.71 , 413.79
482.25 , 414.02
496.16 , 412.58
509.47 , 409.32
522.94 , 403.89
533.65 , 396.46
544.05 , 386.77
555.24 , 378.34
566.9 , 368.53
577.48 , 359.64
587.51 , 350.56
598.12 , 340.06
607.63 , 329.91
615.2 , 318.55
623.06 , 306.49
629.45 , 294.07
630.24 , 280.2
629.75 , 266.04
629.22 , 250.87
628.94 , 237.31
628.85 , 222.55
410.25 , 203.09
408.43 , 215.83
403.32 , 229.61
396.82 , 241.07
395.99 , 255.99
407.94 , 261.39
421.82 , 262.77
433.96 , 270.39
447.49 , 271.51
461.04 , 266.48
473.96 , 265.39
488.29 , 261.59
497.55 , 251.01
500.02 , 237.55
493.08 , 226.19
480.18 , 221
473.1 , 208.65
384.56 , 297.56
396.91 , 292.57
411.33 , 291.81
425.63 , 292.81
440.31 , 293.06
454.99 , 292.81
468.56 , 290.31
481.36 , 286.32
495.79 , 285.56
509.74 , 287.31
523.18 , 290.06
535.57 , 295.09
539.57 , 307.88
535.03 , 320.46
529.25 , 332.63
521.73 , 344.13
512.56 , 355.06
501.31 , 363.31
488.09 , 366.56
474.63 , 369.31
460.08 , 369.81
446.63 , 367.06
434.31 , 361.81
422.54 , 355.03
412.97 , 344.24
406.56 , 332.31
399.24 , 320.76
390.96 , 309.49
392.06 , 300.31
402.31 , 303.81
412.61 , 307.33
423.71 , 309.3
435.63 , 309.56
447.09 , 308.31
458.54 , 307.06
469.86 , 305.56
481.19 , 304.07
492.38 , 302.32
503.59 , 300.56
515.16 , 299.56
527.09 , 299.31
537.57 , 302.19
531.51 , 311.61
522.61 , 319.05
513.36 , 325.54
503.71 , 330.9
493.51 , 334.8
482.56 , 337.06
471.24 , 338.56
459.41 , 339.09
448.46 , 336.83
438.26 , 333.02
428.54 , 327.78
419.16 , 321.66
410.19 , 314.41
400.94 , 307.93
495.87 , 165.64
499.28 , 159.46
503.87 , 153.64
509.6 , 148.92
515.92 , 145.63
522.7 , 143.61
529.95 , 142.64
537.45 , 143.14
544.72 , 144.15
551.5 , 146.17
557.88 , 149.15
559.7 , 155.84
553.62 , 159.64
547.17 , 162.36
540.7 , 165.14
533.77 , 166.88
526.14 , 167.14
518.64 , 166.64
511.37 , 165.64
503.62 , 165.64
407.49 , 168.59
403.8 , 163.64
398.97 , 159.55
393.57 , 157.07
388 , 155.04
381.93 , 154.04
375.62 , 154.54
369.68 , 155.79
364.12 , 157.86
358.82 , 160.67
353.95 , 164.54
356.92 , 169.77
361.8 , 173.67
367.42 , 175.55
373.5 , 176.54
379.67 , 177.29
386.1 , 177.04
392.05 , 175.8
398 , 174.55
403.92 , 173.28
456.1 , 125.36
462.13 , 113.3
475.3 , 109.85
488.95 , 107.51
502.75 , 105.46
516.77 , 103.93
530.95 , 102.58
545.38 , 101.86
558.85 , 104.61
571.3 , 109.6
583 , 116.61
578.32 , 126.6
564.62 , 124.38
550.92 , 122.08
536.85 , 123.61
522.67 , 124.83
508.98 , 127.09
495.4 , 129.61
481.7 , 131.86
467.55 , 133.07
416.88 , 134.88
414.39 , 125.54
406.6 , 119.37
397.4 , 116.62
386.88 , 116.62
376.45 , 116.37
366.15 , 116.87
356.22 , 118.12
346.4 , 119.62
337.67 , 123.6
331.62 , 131.4
328.9 , 140.62
337.95 , 138.39
347.12 , 135.62
357.07 , 134.37
367.47 , 134.62
377.77 , 134.12
387.72 , 135.37
397.52 , 136.87
407.7 , 137.63
