2086429604_1
438.55 , 532.8
442.26 , 554.38
445.86 , 574.25
448.71 , 597.82
454.36 , 618.68
461.38 , 638.96
468.2 , 659.06
476.19 , 678.96
486.13 , 699.85
495.13 , 718.63
508.16 , 738.94
517.54 , 757.06
527.3 , 777.2
543.24 , 792.86
557.21 , 809.84
572.15 , 826.6
589.44 , 839.32
606.8 , 852.39
626.51 , 861.76
648.49 , 866.81
669.73 , 867.93
692.05 , 866.84
712.48 , 861.76
733.78 , 852.34
753.06 , 845.2
773.09 , 835.12
791.55 , 823.77
810.1 , 809.18
826.49 , 794.66
839.54 , 779.18
854.71 , 762.63
870.27 , 746.27
883.51 , 728
894.74 , 709.62
905 , 690.89
915.34 , 671.56
925.15 , 650.55
931.26 , 629.82
938.54 , 608.61
945.48 , 587.71
953.25 , 567
647.1 , 590.7
636.06 , 600.42
629.79 , 613.9
632.82 , 627.99
642.6 , 637.65
657.73 , 643.22
672.49 , 645.1
686.79 , 650.2
700.18 , 655.63
714.98 , 654.42
727.69 , 647.52
743.05 , 646.3
755.2 , 638.56
761.55 , 625.3
756.37 , 612.07
748.55 , 598.66
740.1 , 585.35
589.85 , 691.95
604.85 , 692.45
619.75 , 693.2
633.68 , 695.98
647.6 , 698.7
660.75 , 702.92
674.68 , 705.68
689.1 , 707.45
703.88 , 706.45
718.28 , 704.73
733.3 , 704.2
748.33 , 704.7
762.98 , 705.96
771.75 , 713.46
760.33 , 722.47
749.05 , 731.96
737.25 , 739.96
724.9 , 746.41
711.5 , 750.21
697.55 , 752.95
682.9 , 753.72
669.5 , 749.86
656.67 , 744.76
644.25 , 738.38
632.38 , 730.71
620.73 , 722.3
609.34 , 713.17
601.13 , 701.48
605.6 , 699.7
616.75 , 703.98
627.7 , 708.99
638.68 , 713.98
649.62 , 718.97
660.73 , 723.57
672.05 , 727.41
684.45 , 729.19
697.23 , 728.2
709.53 , 726.18
721.2 , 722.97
733.05 , 719.99
745.58 , 718.45
757.53 , 715.72
767.75 , 713.42
756.35 , 717.2
744.15 , 719.41
732.28 , 722.27
720.17 , 724.67
707.88 , 726.69
695.83 , 729.2
683.62 , 730.97
671.92 , 727.77
660.5 , 724.1
649.17 , 720.23
637.88 , 716.22
626.67 , 711.98
615.58 , 707.44
756.41 , 472.27
761.94 , 463.24
770.38 , 456.05
779.78 , 451.27
789.31 , 447
799.96 , 445.27
811.24 , 445.77
821.63 , 448.02
831.34 , 451.76
840.41 , 457.27
849.82 , 461.9
846.84 , 471.89
837.86 , 477.59
828.63 , 482.78
818.46 , 485.53
807.18 , 486.02
796.78 , 483.79
786.76 , 480.8
776.88 , 477.53
767.18 , 473.76
636.62 , 466.68
629.67 , 457.01
620.45 , 448.79
610.52 , 442.62
599.8 , 438.63
587.88 , 437.13
575.2 , 437.13
563.27 , 438.63
551.92 , 441.35
541.3 , 445.63
532.3 , 454.38
542.45 , 460
552.4 , 466.2
562.67 , 471.5
573.45 , 475.29
585.22 , 477.13
597.62 , 477.63
609.8 , 476.63
622.22 , 476.13
634.27 , 477.38
737.6 , 431.59
748.04 , 418.65
763.05 , 413.86
779.25 , 411.44
795.88 , 409.82
812.55 , 408.38
829.93 , 408.34
846.7 , 409.59
862.73 , 412.31
877.7 , 417.19
891.48 , 425.25
882.7 , 432.33
866.4 , 430.09
850.48 , 427.09
833.83 , 426.1
817.05 , 427.34
800.78 , 429.58
784.85 , 432.59
768.67 , 435.1
752.3 , 437.05
636.55 , 421.94
624 , 412.38
610 , 406.77
594.83 , 403.79
579.65 , 400.78
564.38 , 398.01
548.67 , 396.03
532.4 , 395.28
516.5 , 396.75
502.52 , 402.38
490.65 , 413.78
506.82 , 414.78
522.97 , 415.78
539.5 , 416.03
555.52 , 417.28
571.02 , 419.65
586.15 , 422.78
601.1 , 426.28
615.85 , 430.24
630.9 , 433.53
