208796082_1
473.19 , 742.95
475.89 , 766.61
482.98 , 788.92
495.52 , 811.23
508.3 , 831.43
522 , 851.68
536.93 , 871.28
552.36 , 890.96
566.79 , 909.27
582.13 , 929.55
597.07 , 950.05
610.1 , 971.31
620.83 , 993.23
633.57 , 1013.48
647.1 , 1033.79
662.12 , 1052.47
680.25 , 1071.66
698.78 , 1086.03
719.79 , 1096.44
743.96 , 1102.4
768.75 , 1101.29
792.85 , 1095.28
815.2 , 1084.59
835.21 , 1071.69
853.82 , 1056.19
872.69 , 1037.41
888.67 , 1020
902.64 , 1000.56
917.69 , 979.21
932.01 , 959.79
946 , 939.58
956.66 , 919.15
966.38 , 896.14
975.2 , 872.5
983.32 , 850.77
991.13 , 826.33
996.46 , 801.64
998.78 , 778.26
999.97 , 752.59
1000.68 , 728.94
1000.75 , 703.05
590.1 , 734.95
578.8 , 749.85
571.39 , 766.17
574.85 , 785.4
587.7 , 798.86
605.36 , 806.65
624.97 , 809.75
643.88 , 804.92
662.84 , 803.44
681.26 , 806.44
700.95 , 808.53
719.28 , 807.87
733.77 , 796.6
737 , 778.13
728.27 , 760.66
716.15 , 745.64
696.85 , 740.75
598.89 , 885.15
614.16 , 871.64
632.97 , 867.15
651.89 , 871.4
670.69 , 866.9
689.82 , 863.16
708.19 , 868.38
726.89 , 873.15
747.24 , 874.4
767.59 , 875.66
786.14 , 880.65
795.42 , 897.48
792.14 , 916.88
786.62 , 935.1
779.66 , 952.7
771.38 , 969.92
758.22 , 985.32
742.22 , 996.84
724.99 , 1005.18
706.32 , 1009.89
685.59 , 1009.41
668.31 , 1001.35
654.15 , 986.27
645.65 , 969.12
639.42 , 951.27
631.08 , 934.08
622.07 , 917.1
611.89 , 900.65
616.89 , 892.65
630.97 , 887.42
645.56 , 883.13
661.99 , 882.65
678.56 , 882.4
694.64 , 883.65
711.07 , 884.15
726.79 , 886.15
742.62 , 887.9
759.29 , 887.9
775.14 , 886.15
790.61 , 888.63
788.67 , 904.3
782.62 , 918.17
774.32 , 931.2
765.11 , 943.92
754.59 , 956.2
742.07 , 965.9
728.39 , 972.65
713.64 , 976.65
698.32 , 979.4
682.54 , 977.55
669.14 , 970.15
659.36 , 957.62
652.32 , 944.1
644.92 , 930.67
635.7 , 917.95
626.11 , 905.38
723.35 , 610.89
725.95 , 601.04
730.35 , 591.89
735.97 , 583.24
744.48 , 577.02
753.95 , 573.64
764.95 , 573.89
775.58 , 574.88
785 , 578.36
794.1 , 582.89
802.69 , 588.72
807.43 , 597.56
801.55 , 606.15
792.73 , 611.26
783.23 , 614.62
773.3 , 617.13
763.03 , 618.89
752.38 , 619.89
741.75 , 618.91
731.58 , 616.88
583.08 , 619.09
579.33 , 611.03
574.05 , 603.56
567.08 , 596.85
559.2 , 592.62
551 , 589.39
542.8 , 586.11
534 , 584.11
524.98 , 582.61
515.83 , 583.87
509.85 , 591.11
512.13 , 599.76
516.01 , 607.79
522.55 , 614.8
530.17 , 619.68
538.18 , 623.64
547.08 , 625.36
556.73 , 625.61
566.48 , 625.61
576.25 , 625.6
672.64 , 543.88
676.61 , 526.14
692.24 , 517.04
708.69 , 510.34
725.79 , 505.16
743.41 , 500.89
761.49 , 497.63
779.94 , 495.13
798.51 , 497.35
814.89 , 504.38
829.38 , 516.3
834.56 , 532.88
815.89 , 530.88
799.07 , 525.13
779.54 , 524.88
760.84 , 526.88
742.04 , 528.64
724.39 , 532.88
708.09 , 540.11
691.19 , 545.63
563.38 , 535.26
557.17 , 531.06
551.08 , 526.49
545 , 521.91
538.42 , 518.68
531.38 , 516.67
523.83 , 515.66
515.9 , 515.91
507.88 , 515.91
499.88 , 516.04
493.5 , 519.66
499 , 525.41
505.02 , 530.16
511.68 , 533.18
518.5 , 535.66
525.92 , 536.91
533.73 , 536.41
541.62 , 536.16
549.3 , 536.91
556.85 , 537.91
