2088010176_2
339.25 , 436.6
340.34 , 451.62
341.84 , 466.65
343.2 , 481.78
345.12 , 496.57
348.11 , 510.57
352.06 , 525.76
356.62 , 539.93
363.37 , 553.93
371.03 , 566.17
380.65 , 578.61
390.42 , 589.37
402.62 , 599.96
413.96 , 609.11
425.31 , 618.66
437.09 , 628.5
449.66 , 637.06
463.18 , 643.72
478.66 , 646.53
494.26 , 647.41
508.66 , 647.6
523.16 , 645.75
539.55 , 644.08
554.15 , 640.08
566.73 , 633.16
578.71 , 624.74
591.5 , 615.12
602.55 , 605.62
613.4 , 594.47
624.37 , 583.1
634.09 , 573.22
643.77 , 561.46
652.63 , 547.67
659.66 , 535.31
666.66 , 520.85
670.36 , 506.93
672.94 , 492.2
673.69 , 476.37
673.68 , 461.01
672.81 , 445.87
672.05 , 430.6
482.4 , 410.3
478.8 , 425.62
472.47 , 439.63
466.51 , 455.06
462.87 , 472.02
464.49 , 486.78
477.9 , 494.08
494.76 , 493.41
505.96 , 505.92
520.63 , 502.72
535.16 , 496.92
549.98 , 489.2
558.53 , 476.15
553.65 , 460.08
548.12 , 444.83
543.09 , 429.16
539.2 , 412.65
437.8 , 555.44
446.8 , 549.44
456.38 , 544.91
466.28 , 541.43
476.3 , 538.19
487.2 , 536.69
498.38 , 537.69
509.03 , 539.69
519.95 , 538.18
530.25 , 535.43
541.17 , 533.94
552.33 , 534.94
562.5 , 537.9
572.11 , 542.47
574.72 , 552.52
567.05 , 560.94
558.97 , 569.2
550.1 , 575.67
540.38 , 579.69
529.83 , 581.94
518.65 , 582.94
507.03 , 582.94
495.98 , 581.69
485.08 , 580.19
474.52 , 577.92
464.35 , 574.95
455.2 , 569.31
446.18 , 563.31
443.3 , 557.44
451.32 , 554.17
459.53 , 551.21
468.2 , 549.17
477.73 , 549.44
486.7 , 550.84
495.83 , 551.94
505.48 , 551.94
514.52 , 550.7
523.1 , 548.45
532.1 , 547.15
541.3 , 546.19
550.83 , 545.94
560 , 546.95
568.8 , 548.69
563.45 , 551.47
554.17 , 552.19
544.62 , 552.44
535.17 , 552.82
525.98 , 553.76
516.95 , 555.04
507.98 , 556.44
498.55 , 556.94
489.27 , 556.19
479.98 , 555.44
470.8 , 554.44
461.52 , 555.19
452.73 , 556.94
559.07 , 367.97
562.5 , 361.77
566.54 , 355.75
571.47 , 350.08
577.55 , 346.24
584.2 , 343.94
591.47 , 342.97
598.65 , 344.21
605.45 , 346.22
611.77 , 349.41
617.6 , 353.99
622.57 , 359.7
617.12 , 365.16
610.8 , 368.49
603.87 , 370.23
596.25 , 370.47
588.7 , 369.97
581.07 , 369.72
573.52 , 370.22
566.5 , 368.72
456.15 , 376.46
453.56 , 369.93
448.79 , 363.9
443.64 , 358.01
437.54 , 353.41
430.87 , 350.45
423.29 , 349.45
415.96 , 350.93
409.04 , 353.24
402.61 , 356.92
396.79 , 362.25
390.84 , 367.2
397.01 , 371.6
403.26 , 375.64
410.01 , 378.47
417.44 , 379.69
425.51 , 379.7
433.06 , 378.7
440.76 , 377.95
448.46 , 377.2
542.65 , 340.88
546.59 , 329.93
555.57 , 320.89
566.52 , 316.89
579.05 , 316.13
591.82 , 316.38
604.6 , 316.13
616.75 , 317.63
629.05 , 318.88
640.62 , 321.64
650.5 , 328.63
650.15 , 340.63
638.1 , 342.39
626.05 , 340.65
614.25 , 338.41
602.45 , 336.13
590.52 , 334.13
577.88 , 334.63
565.83 , 336.36
554.67 , 339.88
475.58 , 344.88
473.32 , 331.19
462.59 , 321.76
449.26 , 318.75
434.59 , 318.49
419.79 , 318.49
405.84 , 316.74
391.88 , 314.99
377.46 , 315.75
365.04 , 320.75
357.1 , 331.94
353.06 , 344.74
365.46 , 349.26
380.01 , 348.74
393.84 , 346.74
407.56 , 344.49
420.81 , 341.24
434.86 , 339.74
448.69 , 341.73
461.44 , 345.87
