110520830_5
48.1 , 293
49.73 , 299.44
51.69 , 306.06
53.74 , 311.96
55.72 , 318.49
56.98 , 325.37
58.57 , 332.21
60 , 338.39
63.03 , 345.16
65.21 , 351.4
68.31 , 357.67
71.08 , 363.54
75.31 , 368.98
80.47 , 373.65
85.5 , 378.16
91.65 , 381.03
97.72 , 383.88
103.96 , 386.7
110.5 , 387.52
117.1 , 386.66
124.28 , 386.26
130.81 , 386.79
137.42 , 386.22
144.21 , 385
150.56 , 383.07
156.83 , 379.56
162.07 , 375.7
167.9 , 371.65
173.21 , 367.65
178.28 , 362.82
182.49 , 357.8
186.88 , 352.29
190.05 , 346.22
192.55 , 339.96
194.58 , 333.61
196.28 , 327.09
198.23 , 320.51
200.53 , 313.75
203.06 , 307.76
205.06 , 301.15
206.8 , 294.3
95.9 , 268.6
90.23 , 271.35
86.47 , 277.13
89.34 , 283.65
94.02 , 288.75
99.93 , 292.13
107.35 , 293.07
114.37 , 293.03
120.99 , 292.37
127.89 , 292.98
134.84 , 293.42
142.34 , 291.98
148.08 , 288.1
152.51 , 282.8
155.22 , 276.52
151.02 , 271.32
146 , 265.85
83.2 , 326.16
88.03 , 323.15
93.33 , 321.38
98.78 , 319.88
104.2 , 318.41
110.25 , 318.16
115.95 , 319.16
121.98 , 319.41
127.8 , 318.67
133.73 , 318.16
139.78 , 318.41
145.45 , 319.41
151.03 , 320.68
156.18 , 322.9
160.29 , 325.66
155.45 , 328.66
150.43 , 331.17
145.1 , 332.89
139.53 , 334.13
133.98 , 335.41
127.92 , 335.66
121.88 , 335.41
116.08 , 334.65
110.4 , 333.62
104.92 , 332.16
99.25 , 331.18
93.8 , 329.63
88.38 , 328.18
87.2 , 325.91
91.83 , 326.9
96.85 , 326.66
101.85 , 326.41
106.75 , 325.91
111.88 , 325.91
116.9 , 326.16
121.8 , 326.66
126.58 , 325.92
131.57 , 325.66
136.6 , 325.91
141.62 , 325.66
146.62 , 325.41
151.53 , 324.91
155.75 , 324.92
150.98 , 325.66
145.82 , 325.66
140.93 , 326.16
136.05 , 326.66
131.15 , 326.16
126.13 , 326.41
121.13 , 326.66
116.1 , 326.41
111.08 , 326.16
106.2 , 326.66
101.05 , 326.66
96.17 , 327.16
91.4 , 327.92
147.75 , 239.9
150.38 , 238.64
152.82 , 236.8
155.47 , 235.42
158.5 , 234.9
161.62 , 234.65
164.78 , 234.9
167.9 , 235.15
170.93 , 235.66
173.65 , 236.81
176.22 , 238.39
175.62 , 240.9
172.6 , 241.41
169.6 , 241.9
166.32 , 241.9
163.07 , 241.9
159.8 , 241.9
156.8 , 241.42
154.03 , 240.4
150.78 , 240.4
99.49 , 242.05
97.78 , 239.34
95.07 , 237.65
92.55 , 235.58
89.67 , 234.25
86.8 , 233.1
83.4 , 233.07
80.32 , 233.79
77.73 , 235.83
75.48 , 238.33
73.22 , 240.83
70.75 , 243.06
73.83 , 243.81
76.9 , 244.55
80.22 , 244.81
83.67 , 244.81
87 , 244.56
90.08 , 243.82
93.28 , 243.32
96.22 , 242.31
133.35 , 212.02
139.25 , 209.11
145.32 , 206.54
151.5 , 204.36
158.15 , 203
165.3 , 203.27
171.97 , 204.54
178.2 , 206.62
183.8 , 210.49
189.1 , 215.27
190.47 , 221.89
185.95 , 218.77
180.47 , 214.49
174.3 , 212.25
167.75 , 210.77
160.6 , 211.02
153.93 , 212.28
147.2 , 213.42
140.93 , 215.46
135.11 , 218.44
106.4 , 221.77
103.7 , 217.15
98.8 , 215.16
93.2 , 214.65
87.35 , 214.65
81.6 , 214.4
76 , 214.91
70.9 , 216.44
66.15 , 218.96
62.03 , 223.08
57.7 , 226.65
61.98 , 230.41
67.6 , 229.92
72.03 , 226.56
76.5 , 223.33
81.25 , 220.87
86.48 , 219.65
91.75 , 220.89
96.73 , 222.64
101.7 , 224.4
