2091094311_1
55.5 , 1997.54
71.38 , 2096.12
90.73 , 2194.51
118.99 , 2292.56
148.06 , 2391.55
164.87 , 2491.83
186.91 , 2586.95
224.33 , 2684.93
263.98 , 2771.45
321.37 , 2863.29
384.75 , 2939.65
456.92 , 3010.01
533.22 , 3075.97
611.66 , 3138.57
701.37 , 3202.78
784.86 , 3256.1
872.46 , 3301.22
963.86 , 3339.54
1063.83 , 3376.23
1162.25 , 3402.71
1260.62 , 3416.4
1364.51 , 3419.75
1469.85 , 3412.25
1565.53 , 3390.29
1646.95 , 3326.15
1720.79 , 3264.23
1803.06 , 3196.05
1880.39 , 3139.39
1970.21 , 3090.52
2056.03 , 3027.42
2127.03 , 2956.48
2190.49 , 2875.77
2247.14 , 2789.72
2299.32 , 2711.19
2350.39 , 2613.57
2375.88 , 2520.22
2405.33 , 2424.99
2430.74 , 2318.79
2448.45 , 2219.49
2458.66 , 2118.07
2461.88 , 2015.39
1123.45 , 1891.31
1089.95 , 1967.87
1045.15 , 2051.15
996.71 , 2120.87
951.42 , 2208.89
1000.47 , 2277
1084.55 , 2294
1180.84 , 2287.21
1269.59 , 2266.06
1360.2 , 2258.55
1447.19 , 2284.9
1529.09 , 2278.44
1609.83 , 2224.75
1613.87 , 2140.72
1566.42 , 2059.7
1518.16 , 1984.09
1465.39 , 1905.7
1001.95 , 2776.79
1032.1 , 2723.36
1068.89 , 2672.34
1116.28 , 2625.45
1167.15 , 2588.08
1222.75 , 2564.05
1285.35 , 2572.79
1348.45 , 2565.04
1414.45 , 2563.29
1469.93 , 2587.78
1522.55 , 2619.92
1573.3 , 2657.65
1621.22 , 2703.09
1635.97 , 2762.89
1611.73 , 2818.41
1586.16 , 2873.59
1555.27 , 2926.74
1522.04 , 2978.97
1472.35 , 3019.54
1413.23 , 3035.55
1350.88 , 3044.79
1284.62 , 3043.54
1221.3 , 3036.32
1162.48 , 3019.78
1107.1 , 2994.97
1058.96 , 2950.42
1033.19 , 2895.32
1016.2 , 2836.82
1039.2 , 2745.04
1067.78 , 2710.47
1100.45 , 2677.29
1137 , 2654.29
1175.65 , 2636.8
1221 , 2634.04
1263.55 , 2642.52
1307.6 , 2637.52
1349.83 , 2628.31
1393.38 , 2634.31
1432.8 , 2649.3
1472.65 , 2663.06
1511.53 , 2679.61
1548.05 , 2702.8
1559.4 , 2742.35
1525.17 , 2771.57
1497.15 , 2806.36
1466.82 , 2840.19
1431.4 , 2866.58
1391.93 , 2881.54
1347.68 , 2886.54
1301.45 , 2887.54
1255.12 , 2886.76
1212.33 , 2878.79
1174.12 , 2859.75
1138.33 , 2834.64
1103.38 , 2806.95
1068.37 , 2779.47
1604.75 , 1782.15
1633.13 , 1742.75
1670.92 , 1709.73
1711.22 , 1683.91
1754.42 , 1666.22
1801.92 , 1657.72
1853.05 , 1656.65
1900.62 , 1665.03
1945.5 , 1678.65
1987.6 , 1699.99
2026.05 , 1731.16
2023.47 , 1780.68
1983.42 , 1807.18
1938.78 , 1821.14
1890.15 , 1827.4
1839.72 , 1829.9
1790.15 , 1825.65
1741.42 , 1819.67
1695.05 , 1808.64
1648.7 , 1797.66
934.35 , 1779.76
894.3 , 1752.78
852.85 , 1729.53
809.42 , 1711.79
760.4 , 1706.04
709.8 , 1708.55
662.12 , 1717.05
617.25 , 1731.03
575.35 , 1753.3
536.4 , 1783.54
500.15 , 1820.29
542.82 , 1840.22
586.73 , 1856.27
633.67 , 1866.28
684.52 , 1868.29
734.02 , 1863.53
781.35 , 1854.33
828.27 , 1844.28
875.12 , 1834.03
920.25 , 1820.51
1686.15 , 1383.18
1736 , 1344.61
1795.2 , 1329.69
1860.28 , 1327.18
1924.03 , 1332.43
1986.1 , 1341.14
2046.53 , 1353.21
2103.5 , 1371.78
2156.5 , 1401.56
2207.75 , 1436.06
2250.2 , 1483.73
2195.03 , 1491.43
2141.68 , 1462.42
2085.18 , 1442.43
2022.78 , 1434.93
1958.43 , 1438.93
1897.1 , 1449.18
1834.33 , 1456.43
1769.1 , 1454.18
1710.77 , 1438.05
996.13 , 1394.71
916.4 , 1370.22
830.68 , 1357.47
740.7 , 1353.47
649.9 , 1355.72
558.23 , 1355.69
472 , 1367.44
395.43 , 1399.96
324.43 , 1447.95
260.9 , 1513.47
230.65 , 1590.72
307.2 , 1559.19
384.95 , 1530.19
465.4 , 1506.97
551.87 , 1495.72
642.8 , 1493.72
732.77 , 1489.72
823 , 1492.72
911.25 , 1500.2
990.85 , 1476.51
