2091167603_1
143 , 400.69
145.21 , 412.18
147.87 , 423.49
149.68 , 435.21
153.34 , 446.54
158.24 , 458.57
162.59 , 469.09
167.83 , 480.61
173.69 , 490.63
180.35 , 499.96
188.87 , 509.89
197.64 , 518.11
206.94 , 525.68
216.46 , 533.09
225 , 540.29
233.94 , 549.06
242.28 , 557.35
251.39 , 564.86
262.47 , 571.01
273.04 , 574.58
285.3 , 575.78
297.64 , 574.71
309.74 , 572.05
320.39 , 566.63
330.4 , 559.85
339.32 , 553.25
349.44 , 546.08
358.69 , 538.72
367.21 , 529.87
376.06 , 521.11
383.73 , 513
391.74 , 502.95
397.72 , 493.09
403.87 , 483.04
407.4 , 470.7
410.01 , 459.38
413.06 , 448.12
417.05 , 435.94
420.66 , 424.62
423.2 , 413.08
424.12 , 400.61
232.45 , 393.2
225.68 , 401.54
219.84 , 410.14
216.16 , 420.4
220.55 , 430.35
230.59 , 434.05
241.09 , 436.19
251.92 , 438.16
262.12 , 438.79
273 , 439.39
283.68 , 439.93
294.75 , 438.91
302.25 , 431.1
306.03 , 421.57
300.85 , 412
294.61 , 403.29
287.49 , 394.08
220.62 , 475.93
228.8 , 468.73
237.97 , 464.15
248.69 , 463.18
258.92 , 465.18
269.64 , 464.18
280.62 , 463.68
290.02 , 467.46
299.52 , 470.95
310 , 472.44
319.87 , 475.18
324.12 , 484.43
324.12 , 495.66
323.12 , 506.38
321.35 , 516.7
316.51 , 525.78
309.15 , 533.9
300.55 , 539.94
290.94 , 543.18
279.87 , 542.93
269.97 , 540.15
260.82 , 535.63
252.37 , 529.18
245.53 , 520.86
239.84 , 512.15
234.3 , 503.38
229.36 , 494.33
224.88 , 485.16
232.37 , 475.43
239.3 , 472.16
247.4 , 471.43
255.52 , 472.18
263.87 , 471.93
272.1 , 472.43
280.07 , 473.43
287.82 , 474.93
296.17 , 475.18
304.52 , 475.43
312.87 , 475.18
320.38 , 477.19
322.11 , 484.81
319.87 , 492.18
316.24 , 499.03
312.3 , 505.73
307.59 , 512.21
301.14 , 516.91
293.52 , 518.68
285.05 , 518.68
276.69 , 518.43
269.1 , 516.66
262.37 , 512.68
256.05 , 507.61
250.07 , 501.63
245 , 495.31
240.09 , 488.9
235.61 , 482.38
301.75 , 349.21
304.4 , 342.81
308.36 , 336.87
314.15 , 332.47
320.5 , 329.46
327.57 , 328.21
334.9 , 328.97
341.88 , 330.43
348.35 , 332.93
354.62 , 336.08
360.74 , 339.68
360.17 , 347.06
354.92 , 352.55
348.82 , 356.2
342.25 , 358.46
335.18 , 359.71
327.6 , 359.96
320.27 , 359.21
313.32 , 357.74
307 , 354.71
220.83 , 349.96
218.3 , 344.34
214.22 , 339.29
209.12 , 335.42
203.06 , 333.91
196.52 , 333.41
190.34 , 334.66
184.81 , 337.44
179.69 , 341.32
174.89 , 346.11
170.84 , 351.16
173.97 , 356.56
178.77 , 361.33
184.24 , 364.31
190.24 , 365.93
196.89 , 365.66
203.06 , 364.41
208.84 , 362.41
214.54 , 360.16
219.6 , 356.14
289.25 , 300.71
297.75 , 291.21
309.98 , 289.46
323.05 , 289.46
335.75 , 290.21
348.48 , 290.96
360.95 , 292.22
373.02 , 294.21
384.15 , 298.24
394.03 , 305.74
400.75 , 315.71
394.87 , 324.34
383.62 , 320.59
372.57 , 316.49
361.35 , 312.74
349 , 311.21
336.3 , 311.96
323.7 , 310.96
311.6 , 308.99
299.9 , 306.11
220.99 , 316.03
219.06 , 308.02
211.09 , 303.53
202.09 , 301.53
192.27 , 301.26
182.89 , 302.51
173.77 , 304.28
164.31 , 305.3
156.17 , 309.44
148.94 , 315.9
143.37 , 323.5
139.09 , 331.53
147.29 , 327.76
155.47 , 323.75
163.84 , 320.53
172.77 , 318.35
181.87 , 316.52
191.56 , 316.03
201.29 , 315.53
211.01 , 316.03
