2091477588_1
409.8 , 609.4
410.03 , 630.22
411.56 , 650.92
414.84 , 671.42
419.7 , 691.62
425.58 , 711.78
433.9 , 731.4
442.03 , 750.89
451.47 , 768.92
463.55 , 787.02
477.14 , 801.52
492.01 , 816.13
505.8 , 833.25
518.2 , 848.54
531.91 , 866.04
544.44 , 883.14
558.05 , 897.37
575.93 , 907.02
597.26 , 912.85
617.82 , 917.09
639.31 , 917.71
658.57 , 913.44
678.04 , 906.86
698.67 , 897.41
715.83 , 887.45
733.83 , 876.5
750.26 , 864.36
765.17 , 847.78
778.05 , 833.03
794.81 , 818.56
809.01 , 804.19
822.8 , 788.93
836.66 , 772.37
847.9 , 755.74
858.95 , 736.49
866.62 , 716.4
872.79 , 696.81
878.13 , 677.43
884.35 , 656.01
888.34 , 636.48
889.55 , 614.4
562.9 , 651.94
558.95 , 666.36
548.86 , 679.01
543.44 , 694.81
550.87 , 709.14
566.47 , 715.91
583.96 , 718.41
598.28 , 723.53
614.96 , 726.49
631.47 , 724.93
648.09 , 724.47
664.53 , 722.1
681.49 , 715.74
692.84 , 704.48
692.97 , 688.57
683.4 , 673.8
676 , 658.94
531.19 , 778.13
545.07 , 775.14
560.27 , 775.38
574.64 , 773.38
588.44 , 770.13
603.52 , 769.63
618.87 , 769.63
633.12 , 767.36
647.72 , 768.88
661.57 , 772
675.34 , 775.28
689.27 , 778.2
703.27 , 780.95
710.99 , 792.06
701.24 , 803.33
690.79 , 814.31
679.47 , 823.86
667.04 , 830.35
654.02 , 835.14
640.24 , 838.39
625.74 , 840.13
610.89 , 839.14
596.74 , 836.66
584.12 , 830.78
572.52 , 821.96
561.54 , 811.48
551.24 , 800.43
540.94 , 789.38
550.19 , 781.88
560.62 , 781.38
571.07 , 781.88
581.39 , 781.13
591.97 , 780.88
602.67 , 780.88
613.09 , 780.38
623.54 , 779.88
633.99 , 780.38
644.44 , 780.88
654.89 , 781.38
665.47 , 781.63
675.79 , 782.38
685.86 , 783.63
686.72 , 789.89
677.37 , 792.64
667.74 , 794.84
657.94 , 796.63
647.84 , 797.88
637.42 , 798.38
626.97 , 798.88
616.52 , 799.38
606.32 , 798.35
596.59 , 796.35
586.99 , 794.12
577.47 , 791.65
568.19 , 788.88
558.99 , 785.91
698.81 , 571.56
706.86 , 563.01
715.81 , 556.06
725.58 , 551.29
736.01 , 548.3
746.93 , 546.32
758.73 , 546.06
769.56 , 548.31
779.63 , 552.13
789.13 , 557.58
797.93 , 564.94
797.48 , 576.12
787.16 , 579.28
776.21 , 581.32
765.01 , 582.81
753.11 , 582.81
741.31 , 582.56
729.78 , 581.81
718.83 , 579.82
708.38 , 576.82
565.14 , 555.86
559.53 , 546.98
551.24 , 539.72
542.51 , 533.72
533.14 , 529.42
522.64 , 527.66
511.44 , 527.91
501.17 , 530.16
491.64 , 533.95
482.76 , 539.57
474.44 , 546.66
480.44 , 555.41
488.81 , 562.4
498.19 , 566.66
508.34 , 569.15
519.07 , 570.41
530.29 , 570.16
541.26 , 569.41
552.62 , 569.4
562.14 , 565.66
660.35 , 529.34
671.82 , 511.1
690.9 , 501.57
712.12 , 497.34
735.08 , 496.59
757.55 , 494.84
779.55 , 492.08
802.6 , 492.59
823.25 , 498.06
841.5 , 509.52
858.28 , 525.26
852.67 , 544.87
830.68 , 542.12
810.83 , 535.07
789.18 , 531.59
765.98 , 531.34
743.15 , 532.34
721.17 , 535.06
699.8 , 539.09
678.17 , 542.15
599.96 , 537.45
594.71 , 518.69
578.14 , 506.61
560.16 , 498.38
541.62 , 491.95
522.14 , 487.19
502.37 , 483.19
482.79 , 478.7
461.51 , 479.7
443.64 , 488.21
429.68 , 504
423.99 , 522.95
444.62 , 521.48
462.49 , 512.95
482.92 , 510.2
503.56 , 512.45
523.04 , 517.22
542.32 , 522.27
560.76 , 528.97
578.57 , 537.76
