2091990193_1
568.36 , 516.05
567.12 , 539.15
567.9 , 567.19
569.62 , 592.78
572.31 , 618.15
576.04 , 643.3
581.31 , 668.11
586.34 , 694.35
591.95 , 720.33
599.75 , 745.04
611.52 , 766.61
622.28 , 789.55
637.08 , 812.61
652.07 , 832.24
666.33 , 854.87
683.26 , 875.03
703.72 , 888.67
727.64 , 901.36
752.47 , 907.97
777.09 , 911.57
803.16 , 910.04
829.79 , 906.24
855.42 , 901.26
880.18 , 893.56
904.14 , 883.92
926.43 , 871.3
946.15 , 857.94
966.69 , 841.53
985.17 , 823.54
1002.83 , 804.17
1016.01 , 780.2
1028.47 , 758.28
1042.78 , 736.19
1052.37 , 712.28
1060.06 , 687.52
1067.5 , 663.41
1073.74 , 639.41
1078.44 , 613.85
1083.08 , 587.31
1085.13 , 560.71
1084.39 , 534.65
688.06 , 512
681.27 , 532.84
673.6 , 553.81
664.05 , 573.55
663.72 , 597.13
673.32 , 615.19
689.9 , 632.26
711.35 , 638.5
733.19 , 637.62
756.12 , 635.35
778.82 , 631.53
797.53 , 619.22
799.97 , 599.08
793.54 , 575.4
786.1 , 555.88
777.55 , 533.87
768.66 , 512.19
661.8 , 706.13
672.75 , 703.11
683.38 , 699.35
695.1 , 697.88
706.47 , 700.15
717.97 , 702.15
730.3 , 701.88
742.52 , 702.38
753.72 , 705.06
764.25 , 709.12
775.25 , 712.11
786.75 , 714.11
798.27 , 716.11
809.25 , 719.13
817.55 , 723.88
806.55 , 726.88
795.67 , 730.16
784.22 , 732.2
772.57 , 733.88
760.35 , 734.39
748.47 , 735.63
736.2 , 735.78
724.62 , 733.88
712.17 , 733.88
700.32 , 732.64
689.38 , 729.45
679.77 , 722.85
670.9 , 714.23
674.05 , 702.88
683.12 , 705.13
692.45 , 706.87
701.52 , 709.13
710.6 , 711.37
720.05 , 712.88
729.82 , 713.63
740 , 713.63
749.8 , 712.88
759.35 , 714.13
768.52 , 716.13
777.85 , 717.88
787.75 , 718.38
797.55 , 719.13
806.99 , 720.38
797.57 , 718.88
787.9 , 717.88
778.22 , 716.88
768.67 , 715.63
759.47 , 713.63
749.8 , 712.63
739.65 , 712.63
729.85 , 713.38
719.92 , 712.87
711 , 710.39
701.45 , 709.15
692.65 , 706.36
683.22 , 704.88
821.71 , 448.99
829.54 , 442.15
838.63 , 438.72
847.76 , 435.47
857.41 , 433.23
867.41 , 431.74
877.44 , 433.24
886.36 , 437.15
894.74 , 442.5
902.81 , 448.81
909.83 , 456.62
909.04 , 466.24
898.79 , 467.24
888.16 , 467.49
877.91 , 466.5
868.09 , 464.62
858.79 , 461.77
849.56 , 458.74
839.66 , 456.99
829.84 , 455.14
691.06 , 438.56
689.28 , 430.06
682.4 , 424.16
675.02 , 419.58
667.2 , 416.34
658.67 , 414.59
649.67 , 415.35
641.25 , 417.33
633.25 , 420.07
625.5 , 423.61
618.49 , 429.14
613.55 , 436.34
621.42 , 439.37
629.35 , 442.34
638 , 443.84
647 , 444.59
656.38 , 444.59
665.5 , 444.09
674.5 , 443.34
683.5 , 442.61
755.55 , 391.58
760.82 , 365.32
788.07 , 361.84
815 , 366.54
841.9 , 371.33
870.62 , 372.33
899.45 , 373.05
926.1 , 378.32
952.42 , 384.3
976.95 , 394.08
994.79 , 415.68
994 , 444.08
965.17 , 443.21
941.9 , 429.92
917.65 , 419.06
891.42 , 412.86
863.8 , 409.58
835.45 , 407.83
806.35 , 407.58
778.35 , 405.11
708.94 , 388.46
699.62 , 374.97
685.85 , 365.9
670.92 , 360.06
654.15 , 358.06
637.12 , 359.56
621.17 , 363.3
603.67 , 363.81
589 , 370.56
578.69 , 383.61
575.27 , 399.66
573.5 , 416.56
587.08 , 411.49
600.12 , 400.29
615.77 , 396.06
633.27 , 396.56
650.9 , 396.81
668.05 , 398.06
684.83 , 400.06
701.47 , 402.32
