2097991401_3
284.75 , 587.8
286.4 , 603.65
289.91 , 620.68
295.43 , 636.83
301.51 , 654.17
307.6 , 670.81
312.68 , 685.73
318.14 , 703.82
324.31 , 718.41
333.8 , 732.98
344.99 , 746.14
357.55 , 757.99
370.75 , 769.39
384.03 , 780.18
398.09 , 790.48
413.16 , 799.26
428.98 , 806.17
444.91 , 812.37
462.32 , 819.32
478.24 , 825.51
494.67 , 830.78
511.87 , 833.02
528.9 , 833.3
546.26 , 830.34
561.24 , 824.47
576.51 , 816.07
590.65 , 806.45
604.18 , 793.89
615.56 , 781.6
623.59 , 766.13
631.3 , 750.08
637.53 , 733.57
641.97 , 717.62
645.26 , 701.45
648.24 , 683.3
651.39 , 667.33
656.25 , 649.82
658.4 , 633.49
660.96 , 615.66
663.62 , 599.07
662.68 , 580.44
481.55 , 561.75
470 , 568.73
459.41 , 577.4
454.04 , 589.22
456.68 , 602.13
468.4 , 607.48
481.79 , 610.88
495.42 , 612.36
509.48 , 613.9
522.94 , 618
535.68 , 619.59
548.96 , 615.74
560.04 , 608.59
566.65 , 597
566.28 , 583.36
558.57 , 571.25
549.15 , 561.15
415.06 , 689.85
420.31 , 676.1
431.83 , 664.59
445.11 , 657.81
458.61 , 651.81
473.01 , 647.85
488.36 , 645.85
504.06 , 647.1
520.11 , 646.6
535.21 , 644.1
551.26 , 643.61
565.86 , 647.14
579.14 , 653.93
590.06 , 665.7
594.3 , 679.62
586.81 , 692.6
576.96 , 704.72
564.81 , 714.6
551.76 , 721.88
537.79 , 726.6
523.06 , 729.85
507.11 , 730.59
491.79 , 728.6
476.99 , 725.53
462.49 , 721.78
448.74 , 716.53
435.04 , 711.09
422.32 , 702.87
420.81 , 685.85
431.11 , 678.59
442.24 , 673.58
453.54 , 669.09
465.11 , 665.35
477.13 , 662.36
490.11 , 661.35
503.44 , 661.6
516.41 , 662.6
529.74 , 662.35
542.59 , 661.1
555.78 , 661.6
567.36 , 665.39
578.06 , 671.6
586.3 , 681.54
576.13 , 689.04
564.56 , 692.85
553.28 , 697.34
542.06 , 702.1
530.18 , 705.38
517.34 , 706.6
504.49 , 707.85
491.16 , 708.1
478.81 , 705.85
466.44 , 703.62
454.56 , 700.35
442.54 , 697.36
430.99 , 693.56
550.62 , 510.18
553.6 , 504.69
559.1 , 501.69
564.77 , 499.18
571 , 497.93
577.47 , 497.18
583.92 , 496.43
590.52 , 496.93
596.64 , 498.42
602.29 , 500.92
607.57 , 504.59
607.37 , 510.93
601.3 , 512.43
594.82 , 513.18
588.35 , 513.93
581.77 , 514.43
575.17 , 514.93
568.45 , 514.68
561.87 , 515.18
555.72 , 513.77
430.09 , 509.27
428.45 , 502.56
422.15 , 499.48
415.7 , 497.03
408.98 , 495.07
401.55 , 494.57
394.15 , 495.08
387.07 , 496.29
380.62 , 498.79
374.35 , 501.94
368.6 , 506.44
365.25 , 512.57
372.3 , 513.82
379.6 , 514.57
386.9 , 515.32
394.57 , 515.32
402.23 , 515.32
409.77 , 515.07
416.95 , 514.07
423.9 , 512.54
538.18 , 444.32
543.81 , 435.64
553.1 , 431.64
563.1 , 429.14
573.5 , 427.58
584.18 , 426.57
594.88 , 425.57
605.68 , 426.32
616.05 , 427.94
624.85 , 433.28
630.67 , 441.75
631.68 , 451.32
623.08 , 445.48
613.45 , 442.32
602.3 , 442.32
591.61 , 443.32
580.68 , 443.82
570.25 , 445.32
559.55 , 446.32
548.63 , 445.82
457.42 , 442.74
453.26 , 431.73
441.45 , 428.22
428.75 , 426.47
416.18 , 424.47
402.88 , 423.97
389.55 , 424.47
376.5 , 425.47
364.05 , 427.74
352.77 , 432.65
346.21 , 443.15
343.7 , 455.47
353.9 , 449.51
365.95 , 446.47
379.38 , 446.72
392.82 , 446.97
406.25 , 447.22
419.55 , 447.72
432.85 , 448.22
446.15 , 447.72
