2098713580_1
588.9 , 797.45
595.22 , 817.31
607.19 , 837.92
619.09 , 858.55
631.34 , 878.38
643.27 , 895.53
656.3 , 916.3
669.42 , 934.31
683.47 , 951.76
698.38 , 971.45
708.75 , 991.08
719.72 , 1011.91
729.95 , 1032.69
741.29 , 1051.36
755.23 , 1069.8
776.21 , 1080.13
799.34 , 1084.47
821.43 , 1084.66
844.11 , 1082.26
866.11 , 1075.92
886.27 , 1066.89
906.12 , 1053.85
924.72 , 1039.17
942.01 , 1023.41
958.74 , 1007.23
974.24 , 992.61
990.74 , 977.03
1008.69 , 960.06
1025.17 , 943.58
1038.62 , 926.49
1051.35 , 906.58
1064.48 , 887.11
1073.63 , 866.58
1080.48 , 846.18
1088.64 , 822.5
1094.45 , 801.97
1100.03 , 779.5
1103.83 , 756.4
1103.32 , 732.34
1103.12 , 710.21
1103.04 , 686.25
665.3 , 724.85
658.81 , 740.9
652.84 , 757.57
648.23 , 773.65
646.06 , 792.46
657.25 , 805.05
674.54 , 810.54
690.33 , 812.22
709.58 , 810.4
726.28 , 806.29
744.01 , 802.84
760.78 , 798.91
776.7 , 792.63
787.04 , 778.61
783.03 , 761.76
773.82 , 745.05
764.05 , 730.05
674.78 , 869.04
691.58 , 858.27
712.38 , 856.79
733.68 , 857.29
755.11 , 857.04
774.68 , 861.03
794.78 , 864.04
815.11 , 866.54
835.55 , 868.79
854.55 , 874.05
870.29 , 887.81
873.78 , 907.66
869.28 , 927.04
863.01 , 945.46
855.01 , 963.31
844.22 , 980.09
830.08 , 995.73
812.58 , 1004.75
793.43 , 1009.82
772.03 , 1010.04
753.9 , 1002.92
737.35 , 991.38
725.53 , 974.91
717.79 , 957.01
711.31 , 938.69
702.94 , 920.94
691.93 , 904.21
682.05 , 887.06
693.28 , 881.79
707.18 , 874.77
724 , 875.29
741.08 , 875.3
756.7 , 872.29
772.8 , 870.29
789.63 , 869.79
806.58 , 870.04
822.55 , 872.29
839.15 , 873.29
855 , 875.78
867.53 , 886.39
871.77 , 901.39
869.05 , 917.14
862.98 , 931.36
850.78 , 943.04
838.9 , 955.19
825.83 , 964.56
810.45 , 968.04
793.5 , 968.29
776.43 , 968.29
760.08 , 966.81
745.63 , 961.41
734.5 , 949.01
725.93 , 935.71
717.56 , 922.31
708.63 , 909.12
700.27 , 895.71
783.1 , 656.14
788.2 , 647.26
795.77 , 639.21
804.35 , 633.14
813.6 , 628.89
823.6 , 626.39
834.2 , 625.15
845.02 , 625.89
855.5 , 627.4
865.5 , 629.91
875.17 , 632.87
876.57 , 641.14
866.35 , 643.14
855.88 , 644.62
845.53 , 646.42
835.2 , 648.11
824.6 , 649.39
814.03 , 650.64
803.42 , 651.86
793.33 , 654.13
663.51 , 668.72
661.06 , 662.52
655.73 , 657.7
649.7 , 654.76
643.2 , 652.99
636.23 , 652.24
628.98 , 652.49
622.23 , 653.73
616.13 , 656.39
610.5 , 660.52
605.86 , 665.91
602.53 , 671.74
608.65 , 674.27
615.75 , 674.74
622.75 , 675.49
629.98 , 675.74
637.36 , 675.74
643.98 , 674.23
651.08 , 673.74
658.46 , 673.73
728.38 , 597.94
726.15 , 573.99
746.27 , 563.12
769.55 , 559.49
793.48 , 557.24
817.65 , 555.49
842.67 , 555.49
865.62 , 559.72
887.05 , 566.96
907.3 , 577.64
926.2 , 592
938.85 , 610.23
917.95 , 601.53
896.2 , 594.98
872.98 , 591.24
849.05 , 588.99
824.27 , 589.49
800.1 , 591.24
776.55 , 594.24
752.75 , 596.74
639.95 , 607.69
634.37 , 599.83
626.3 , 594.89
617.4 , 592.14
607.28 , 592.39
597.53 , 593.39
588 , 594.88
579.53 , 598.89
574.45 , 606.84
571.61 , 615.72
570.15 , 625.26
568.93 , 634.89
576.38 , 630.96
581.79 , 623.05
589.5 , 617.12
598.65 , 614.89
608.43 , 613.89
618.3 , 614.64
627.48 , 616.88
637.63 , 616.64
