2098713580_2
450.77 , 419.75
445.15 , 438.18
441.5 , 459.03
439.52 , 480.37
440.37 , 501.81
443.36 , 523.17
447.61 , 544.25
452.37 , 564.79
458.29 , 586.52
463.1 , 605.69
477.86 , 621.96
491.39 , 638.91
505.96 , 652.68
523.58 , 666.94
539.02 , 679.54
555.44 , 693.54
571.89 , 707.68
588.8 , 721.14
605.64 , 732.7
623.4 , 742.72
644.86 , 749.03
666.5 , 750.44
687.52 , 751.25
708.25 , 748.53
727.43 , 741
744.49 , 727.98
758.92 , 711.84
772.69 , 694.91
789.38 , 681.95
806.82 , 669.22
823.05 , 657.17
841.35 , 645.16
859.64 , 633.29
871.92 , 617.9
880.87 , 597.34
889.4 , 578.95
897.38 , 558.71
904.4 , 538.17
909.96 , 519.14
914.94 , 497.57
918.45 , 475.5
650.5 , 491
636.6 , 501.58
621.23 , 515.66
609.96 , 530.07
610.14 , 549.16
619.67 , 564.87
637.48 , 572.55
654.88 , 582.44
671.11 , 591.45
691.17 , 592.5
709.62 , 588.3
727.42 , 582.39
747.12 , 579.63
758.13 , 566.18
760.59 , 545.39
756.43 , 527.91
745.75 , 510.44
555.24 , 582.26
573.84 , 584.52
590.51 , 590.77
607.07 , 597.32
623.91 , 602.98
641.49 , 607.51
659.04 , 612.01
676.19 , 617.22
695.14 , 616.26
714.47 , 615.51
733.47 , 614.01
752.07 , 611.78
771.54 , 611.76
780.56 , 625.68
766.57 , 639.44
751.97 , 651.53
736.51 , 661.24
720.37 , 669.14
703.29 , 674.47
684.59 , 676.51
665.57 , 675.08
647.59 , 671.48
630.94 , 665.24
615.57 , 655.34
601.65 , 641.41
589.16 , 626.93
576.34 , 612.61
563.52 , 598.28
572.99 , 597.51
585.97 , 602.99
598.97 , 608.75
612.19 , 613.71
625.39 , 618.79
639.07 , 622.74
653.04 , 626.25
667.01 , 629.77
680.97 , 633.26
695.41 , 635.76
710.22 , 635.01
724.64 , 632.54
738.84 , 629.51
753.01 , 626.5
757.56 , 632.19
744.59 , 637.91
731.29 , 642.72
717.66 , 646.75
703.57 , 650.01
688.76 , 651.76
673.37 , 651.79
658.82 , 649.49
644.64 , 646.54
631.32 , 641.82
618.76 , 634.79
607.09 , 625.39
597.06 , 614.11
585.04 , 605.79
764.63 , 440.73
769.79 , 430.56
778.26 , 421.58
788.38 , 416.23
799.46 , 413.2
811.11 , 411.48
823.13 , 410.48
835.15 , 411.48
846.93 , 412.97
858.11 , 415.72
868.48 , 420.24
869.13 , 431.23
858.81 , 436.01
848.13 , 439.73
836.73 , 441.98
824.45 , 441.48
812.33 , 440.73
800.18 , 441.48
788.15 , 440.48
776.13 , 439.48
626.83 , 414.72
618.97 , 404.32
608.62 , 396.5
597.35 , 390.99
585.35 , 387.5
572.72 , 385.25
559.75 , 383.75
546.04 , 383.75
533.04 , 385.25
520.67 , 388
508.87 , 391.75
519.89 , 397.76
531.3 , 402.77
543.42 , 406.02
555.42 , 409.52
567.6 , 412.73
579.77 , 415.9
592.57 , 417.75
605.32 , 419.76
617.42 , 423.04
762.76 , 407.58
767.06 , 393.33
781.18 , 388.86
794.93 , 383.36
808.84 , 378.3
823.28 , 374.32
837.74 , 370.35
852.36 , 366.74
867.71 , 364.57
883.01 , 366.83
896.06 , 374.34
898.03 , 388.31
882.76 , 390.58
867.24 , 392.35
852.11 , 394.98
837.09 , 397.76
822.41 , 401.31
807.11 , 403.58
791.63 , 405.45
777.66 , 410.32
631.34 , 377.26
622.5 , 365.54
609.48 , 359.36
595.43 , 355.7
581 , 352.78
566.6 , 349.88
551.62 , 348.13
535.93 , 348.39
521.05 , 350.37
506.45 , 352.89
491.85 , 355.38
504.83 , 361.64
520.4 , 361.13
536.1 , 361.38
550.3 , 364.84
564.55 , 368.09
578.75 , 371.53
592.83 , 375.13
606.23 , 380.16
619.7 , 384.91
