2099071761_1
182.84 , 953.85
187.18 , 1036.45
198.34 , 1118.45
215.2 , 1199.65
234.62 , 1279.08
257.05 , 1360.15
287.92 , 1439.6
318.25 , 1514.71
354.97 , 1590.81
405.84 , 1661.06
445.21 , 1738.14
489.17 , 1806.42
541.33 , 1876.54
594.17 , 1940.88
650.13 , 2004.78
709.99 , 2064.88
772.96 , 2117.96
838.28 , 2163.73
915.73 , 2201.44
994.13 , 2227.84
1082.35 , 2246.42
1164.63 , 2250.78
1246.23 , 2253.23
1328.81 , 2247.13
1413.82 , 2229.68
1492.98 , 2199.2
1566.59 , 2159.78
1635.09 , 2112.33
1700.69 , 2055.81
1762.13 , 1997.88
1821.91 , 1938.22
1872.42 , 1878.94
1927.81 , 1811.16
1977.48 , 1749.44
2029.57 , 1678.14
2073.21 , 1607.01
2114.11 , 1534.4
2149.88 , 1460.31
2183.19 , 1383.78
2215.26 , 1307.01
2249.46 , 1221.27
1046.2 , 988.6
1014.57 , 1048.56
988.77 , 1117.95
984.92 , 1188.76
1037.33 , 1243.48
1093.41 , 1284.1
1160.55 , 1312.63
1229.29 , 1347.71
1289.07 , 1384
1362.94 , 1371.8
1429.65 , 1340.93
1490.4 , 1307.2
1559.65 , 1272.8
1600.59 , 1219.42
1597.67 , 1144.52
1576.45 , 1077.52
1542.75 , 1006.37
809.61 , 1569.56
880.59 , 1568.81
951.21 , 1570.31
1021.96 , 1571.56
1092.24 , 1573.81
1162.86 , 1575.31
1226.49 , 1591.34
1289.46 , 1608.56
1357.66 , 1604.54
1428.04 , 1606.03
1497.21 , 1610.55
1566.99 , 1613.81
1636.54 , 1617.53
1675.21 , 1654.69
1621.56 , 1696.34
1568.41 , 1739.26
1513.66 , 1777.79
1455.68 , 1807.55
1394.64 , 1828.56
1328.39 , 1839.06
1257.86 , 1837.31
1190.53 , 1828.99
1127.01 , 1812.53
1067.26 , 1788.3
1009.83 , 1757.03
954.78 , 1719.48
902.85 , 1673.24
856.22 , 1621.41
841.36 , 1587.31
900.76 , 1599.58
956.49 , 1619.09
1013.41 , 1636.1
1072.76 , 1648.58
1131.54 , 1662.31
1187.66 , 1680.83
1244.63 , 1697.82
1307.46 , 1694.06
1367.04 , 1682.13
1427.91 , 1672.82
1490.99 , 1668.06
1554.31 , 1663.81
1616.18 , 1656.53
1665.89 , 1648.81
1605.36 , 1658.81
1544.68 , 1668.56
1485.91 , 1682.27
1426.89 , 1695.56
1365.96 , 1704.71
1304.01 , 1710.81
1243.11 , 1701.56
1183.16 , 1690.35
1125.61 , 1674.31
1069.51 , 1655.78
1011.33 , 1640.81
952.36 , 1627.56
896.21 , 1609.15
1650.45 , 613.79
1673.02 , 581.7
1704.95 , 558.54
1739.92 , 544.06
1777.48 , 535.03
1817.62 , 531.54
1858.78 , 533.04
1898.58 , 537.28
1937.9 , 542.5
1975.98 , 550.31
2009.44 , 567.57
1988.25 , 599.97
1955.88 , 621.82
1920.08 , 633.91
1882.03 , 641.76
1842.58 , 646.79
1801.33 , 648.04
1759.95 , 647.04
1720.9 , 641.25
1685.4 , 628.31
1033.19 , 538.06
1008.91 , 502.41
975.49 , 471.65
939.41 , 448.32
900.01 , 434.41
858.06 , 425.45
813.99 , 420.91
767.96 , 421.4
724.38 , 427.04
683.09 , 437.38
644.76 , 454.41
683.26 , 470.91
718.24 , 497.38
753.59 , 522.75
791.43 , 541.59
831.31 , 554.45
873.34 , 563.15
917.56 , 567.4
962.74 , 569.66
1008.31 , 571.16
1571.84 , 326.55
1634.06 , 281.83
1700.87 , 249.04
1768.74 , 220.14
1838.39 , 196.32
1911.14 , 178.01
1985.64 , 163.53
2066.66 , 162.55
2134.24 , 193.71
2193.49 , 246.95
2244.19 , 306.93
2217.79 , 368.31
2140.51 , 359.55
2061.69 , 354.05
1983.19 , 347.8
1905.56 , 339.8
1824.29 , 340.3
1748.12 , 351.29
1670.59 , 359.55
1603.14 , 390.29
1182.04 , 292.55
1144.3 , 221.22
1073.31 , 181.98
1003.68 , 139.57
935.25 , 93.67
866.68 , 48.36
796.81 , 6.45
709.58 , 4.47
632.98 , 28.24
563.23 , 70.5
499.72 , 130.25
451.03 , 197.7
535.7 , 205.45
620.73 , 198.45
708.65 , 197.45
792.83 , 206.19
872.06 , 225.47
950.93 , 245.47
1025.61 , 273.68
1100.11 , 302.43
