2099073485_1
1010.5 , 1066.9
1012.36 , 1125.16
1015.18 , 1182.97
1016.96 , 1245.98
1022.15 , 1303.85
1032.38 , 1365.43
1050.88 , 1419.23
1077.37 , 1475.28
1114.11 , 1523.8
1153.28 , 1569.92
1192.08 , 1610.83
1235.02 , 1658.5
1274.71 , 1701.87
1312.82 , 1743.18
1356.9 , 1786.82
1406.09 , 1821.36
1456.65 , 1850.7
1512 , 1882.39
1565.9 , 1909.55
1622.59 , 1932.02
1677.12 , 1951.14
1737.29 , 1967.43
1792.56 , 1976
1854.46 , 1975.23
1913.14 , 1962.84
1966.49 , 1939.14
2016.4 , 1907.75
2065.99 , 1866.43
2102.79 , 1824.68
2143.48 , 1777.42
2180.83 , 1726.74
2212.31 , 1678.43
2251.79 , 1631.47
2289.26 , 1582.95
2319.37 , 1537.1
2342.68 , 1477.42
2365 , 1423.32
2396.51 , 1370.72
2425.55 , 1317.07
2448.7 , 1264.73
2473.55 , 1205.81
1797.29 , 1121
1760.19 , 1143.21
1733.99 , 1177.95
1733.76 , 1225.07
1758.5 , 1264.02
1797.27 , 1281.64
1844.11 , 1290.94
1886.88 , 1301.98
1932.2 , 1319.69
1974.87 , 1328.56
2022.31 , 1323.68
2061.45 , 1302.61
2106.89 , 1286.32
2136.87 , 1257.93
2119.23 , 1214.67
2097.64 , 1174.55
2082.15 , 1128.85
1541.2 , 1442.49
1590.42 , 1442.49
1638.33 , 1439.74
1684.4 , 1433.28
1731.1 , 1428.09
1779.1 , 1425.49
1828.33 , 1425.49
1876.35 , 1427.98
1924.73 , 1429.74
1973.35 , 1430.99
2019.93 , 1436.49
2064.55 , 1446.02
2107 , 1459.53
2146.8 , 1480.59
2141.63 , 1523.22
2100.55 , 1540.4
2059.07 , 1556.46
2016.28 , 1569.42
1969.98 , 1575.49
1921.73 , 1573.5
1876.25 , 1565.74
1832.88 , 1553.67
1791.47 , 1537.5
1750.75 , 1519
1710.15 , 1500.2
1669.28 , 1482.22
1627.03 , 1468.31
1583.1 , 1457.27
1575.7 , 1449.24
1612.85 , 1460.51
1651.3 , 1469.48
1690.53 , 1476.73
1731.23 , 1480.99
1772.43 , 1484.24
1812.88 , 1488.99
1853.33 , 1493.74
1893.2 , 1499.74
1931.85 , 1508.26
1971.95 , 1513.74
2014.23 , 1512.74
2055.18 , 1508.99
2095.75 , 1504.49
2135.2 , 1499.74
2096.32 , 1507.74
2055.62 , 1511.99
2014.2 , 1514.74
1971.43 , 1514.74
1930.73 , 1510.49
1892.08 , 1502.02
1852.83 , 1494.73
1812.75 , 1489.24
1771.43 , 1486.24
1730.6 , 1482.24
1690.53 , 1476.74
1650.67 , 1470.75
1612.73 , 1460.73
2139.23 , 844.65
2157.68 , 832.72
2176.51 , 821.64
2195.78 , 811.61
2215.58 , 803.31
2237.18 , 798.94
2260.28 , 800.15
2281.8 , 804.72
2300.76 , 815.42
2318.33 , 829.97
2332.98 , 847.55
2332.58 , 869.9
2311.33 , 875.05
2289.2 , 878.4
2265.83 , 879.15
2242.83 , 877.64
2220.45 , 874.88
2199.08 , 870
2177.95 , 864.63
2156.86 , 859.06
1709.81 , 794.04
1691.63 , 775.86
1672.83 , 759.04
1652.66 , 746.13
1631.16 , 736.61
1607.11 , 732.86
1581.83 , 734.13
1558.51 , 739.36
1536.83 , 748.12
1515.73 , 758.8
1494.63 , 769.36
1513.01 , 787.48
1534.11 , 798.1
1556.98 , 804.34
1581.06 , 808.04
1606.16 , 809.61
1631.41 , 810.86
1656.33 , 812.82
1681.08 , 815.11
1706.58 , 815.86
2173.67 , 692.76
2180.11 , 659.31
2206.49 , 634.69
2236.42 , 619.76
2267.77 , 609.27
2302.32 , 605.01
2338.2 , 606.51
2372.02 , 612.26
2404.7 , 620.5
2434.67 , 635.26
2450.48 , 664.84
2450.66 , 701.36
2438.67 , 732.01
2403.74 , 728.54
2372.42 , 718.01
2340.49 , 708.54
2308.42 , 699.26
2276.2 , 690.25
2242.24 , 684.76
2206.49 , 686.51
1772.87 , 608.48
1768.6 , 571.75
1731.52 , 551.21
1692.07 , 537.48
1650.87 , 527.02
1606.97 , 522.74
1563.07 , 527.48
1523.54 , 541
1484.99 , 557.24
1447.57 , 576.98
1411.17 , 599.23
1375.07 , 622.23
1418.42 , 628.26
1463.42 , 630.73
1507.72 , 626.76
1549.89 , 618.41
1595.07 , 616.23
1639.99 , 618.98
1683.32 , 613.48
1727.12 , 608.48
