2100602343_1
840.45 , 892.3
848.57 , 923.62
855.15 , 957.09
860.87 , 991.46
865.87 , 1024.4
871.6 , 1056.75
878.12 , 1088.95
889.54 , 1121.57
903.31 , 1152.97
920.22 , 1182.87
938.82 , 1211.48
958.03 , 1240.62
976.2 , 1266.47
999.59 , 1293.93
1023.55 , 1314.3
1053.59 , 1331.84
1085.62 , 1345.49
1117.96 , 1357.22
1147.68 , 1367.98
1181.87 , 1375.87
1214.6 , 1378.61
1249.55 , 1378.4
1283.98 , 1375.81
1317.12 , 1368.26
1347.8 , 1356.16
1376.43 , 1339.01
1401.2 , 1314.67
1422.62 , 1288.01
1443.29 , 1260.4
1463.3 , 1232.33
1481.25 , 1206.86
1500.81 , 1177.74
1518.16 , 1147.5
1532.88 , 1119.38
1547.04 , 1087.46
1557.97 , 1054.25
1566.01 , 1023.77
1572.89 , 990.05
1578.78 , 955.93
1585.49 , 921.82
1590.98 , 887.33
1167.45 , 803.1
1152.67 , 828.32
1140.01 , 856.3
1130.39 , 887.87
1136.31 , 917.55
1160.1 , 935.3
1190.64 , 945.76
1221.69 , 948.43
1251.24 , 949.45
1281.31 , 950
1314.12 , 952.21
1344.06 , 945.83
1364.14 , 923
1369.19 , 892.03
1357.54 , 865.19
1340.33 , 838.45
1327.3 , 808.7
1063.6 , 1053.84
1089.52 , 1044.32
1114.72 , 1032.31
1141.42 , 1024.31
1168.1 , 1016.34
1195.1 , 1008.84
1224.27 , 1011.84
1252.5 , 1016.83
1283 , 1016.59
1312.42 , 1019.09
1340.52 , 1024.35
1367.07 , 1032.57
1392.74 , 1042.99
1404.38 , 1067.82
1387.1 , 1091.09
1372.61 , 1115.32
1354.83 , 1138.37
1332.17 , 1157.28
1307.65 , 1171.1
1280.4 , 1178.09
1250.35 , 1179.34
1220.55 , 1177.57
1194.07 , 1169.32
1168.92 , 1157.16
1145.22 , 1141.21
1123.1 , 1120.84
1102.35 , 1098.84
1082.9 , 1076.39
1066.85 , 1057.34
1089.02 , 1049.07
1113.42 , 1045.34
1137.25 , 1040.32
1162.9 , 1039.09
1188.27 , 1040.84
1212.72 , 1044.62
1236.62 , 1049.36
1260.67 , 1053.91
1286.35 , 1055.09
1312.35 , 1054.59
1337.88 , 1056.09
1362.3 , 1059.82
1384.88 , 1067.11
1383.38 , 1090.82
1361.92 , 1101.58
1340.22 , 1111.47
1317.95 , 1119.58
1293.9 , 1124.09
1268.62 , 1126.09
1243.1 , 1127.59
1217.95 , 1125.32
1194.57 , 1119.33
1172.1 , 1111.84
1149.67 , 1104.16
1127.2 , 1096.68
1105.4 , 1087.12
1083.95 , 1076.46
1348.21 , 723.12
1353.12 , 713.7
1361.68 , 706.38
1371.29 , 701.84
1381.74 , 699.37
1393.13 , 698.87
1404.16 , 700.12
1414.84 , 702.14
1424.76 , 705.63
1433.86 , 711.5
1441.52 , 719.92
1443.68 , 730.14
1434.01 , 734.37
1422.96 , 735.62
1411.81 , 736.62
1400.16 , 736.62
1389.36 , 734.86
1378.68 , 732.87
1368.24 , 730.37
1357.31 , 728.9
1142.97 , 723.25
1140.02 , 712.36
1130.02 , 706
1119.34 , 701.52
1108.14 , 698.26
1095.94 , 697.01
1083.27 , 696.76
1070.72 , 697.26
1058.89 , 699.26
1048.12 , 703.51
1038.62 , 711.26
1035.37 , 722.51
1045.34 , 728.49
1057.17 , 730.5
1069.72 , 731.01
1082.04 , 730.01
1094.59 , 729.51
1107.27 , 729.26
1120.07 , 729.26
1132.62 , 728.76
1316.1 , 625.7
1341.72 , 620.2
1366.97 , 613.83
1392.65 , 608.43
1419.38 , 605.2
1446.47 , 602.7
1473.92 , 600.95
1500.05 , 605.43
1521.18 , 622.29
1534.29 , 644.62
1545.86 , 667.78
1538.62 , 690.46
1516.57 , 676.18
1492.7 , 667.05
1469 , 657.42
1444.27 , 650.2
1416.1 , 649.95
1389.02 , 652.45
1361.25 , 651.36
1337.02 , 643.16
1169.43 , 610.24
1145.86 , 596.23
1116.33 , 595.73
1087.06 , 594.73
1057.88 , 593.48
1030.28 , 597.98
1002.81 , 602.73
977.5 , 611.79
954.81 , 628.26
936.68 , 650.36
920.83 , 673.23
946.13 , 682.23
973.73 , 677.72
999.06 , 668.75
1023.96 , 658.45
1050.06 , 651
1077.51 , 646.21
1106.2 , 643.98
1135.48 , 642.98
1161.56 , 635.49
