2100608030_1
501.9 , 879.75
510.93 , 915.12
522.18 , 950.45
535.01 , 985.37
547.3 , 1019.53
558.23 , 1054.41
567.72 , 1089.96
578.67 , 1126.56
592.24 , 1161.74
611.09 , 1193.27
636.17 , 1222.33
663.93 , 1245.45
696.36 , 1264.56
730.4 , 1277.6
768.98 , 1289.34
804.86 , 1299.3
839.46 , 1308.52
876.22 , 1317.21
914.59 , 1324.51
948.21 , 1329.83
985.78 , 1335.12
1025.26 , 1338.82
1061.65 , 1340.68
1098.86 , 1343.22
1135.44 , 1345.46
1171.4 , 1343.11
1207.71 , 1328.99
1235.68 , 1304.32
1259.12 , 1274.72
1280.58 , 1244.16
1299.71 , 1212.97
1317.69 , 1179.64
1333.2 , 1144.56
1344.61 , 1109.87
1352.94 , 1073.19
1360.06 , 1036.73
1362.77 , 1000.3
1362.26 , 961.14
1360.65 , 925.41
1357.14 , 889.22
1351.6 , 849.6
1038.64 , 827.35
1025.63 , 849.63
1007.69 , 871.25
996.69 , 897.86
1000.53 , 924.61
1020.1 , 940.54
1049.36 , 935.58
1076.11 , 939.77
1102.95 , 944.14
1129.78 , 949.27
1158.8 , 952.41
1184.86 , 952.23
1209.36 , 936.76
1220.4 , 913.5
1208.81 , 888.73
1190.18 , 867.94
1169 , 846.2
938.35 , 1077.76
951.66 , 1058.75
972.5 , 1050.48
994.55 , 1044.74
1016.15 , 1038.28
1037 , 1029.98
1057.92 , 1022.01
1080.12 , 1016.51
1102.42 , 1021.75
1124.95 , 1026.5
1148.8 , 1024.51
1172.65 , 1026.5
1193.78 , 1034.01
1212.47 , 1048.39
1223.78 , 1068.18
1222.74 , 1092.41
1203.9 , 1106.49
1182.97 , 1114.48
1161.35 , 1121.01
1138.72 , 1125.51
1114.15 , 1126.01
1090.3 , 1124.01
1067.68 , 1119.53
1046.05 , 1113.03
1024.6 , 1106.26
1001.7 , 1102.26
978.48 , 1099.04
958.08 , 1089.24
955.35 , 1080.01
972.1 , 1073.01
991.77 , 1072.01
1011.55 , 1071.26
1030.83 , 1069.51
1049.75 , 1067.01
1069.17 , 1065.51
1089.08 , 1066.01
1108.95 , 1066.51
1128.97 , 1066.76
1148.75 , 1066.01
1168.4 , 1067.01
1187.1 , 1070.01
1205.18 , 1074.33
1222.6 , 1079.76
1204.58 , 1077.99
1186.12 , 1074.52
1167.68 , 1071.01
1147.9 , 1071.76
1128.38 , 1070.52
1109.8 , 1067.26
1089.9 , 1066.76
1069.78 , 1066.76
1050.12 , 1067.76
1031.42 , 1070.76
1012.5 , 1073.26
993.7 , 1076.01
974.3 , 1077.51
1158.78 , 711.57
1169.88 , 700.95
1183.28 , 696.57
1197.61 , 694.08
1212.43 , 692.57
1227.36 , 691.32
1242.81 , 691.57
1257 , 694.3
1270.18 , 699.22
1281.86 , 708.37
1290.53 , 720.2
1286.92 , 733.56
1271.68 , 733.97
1257.95 , 730.25
1244.4 , 726.19
1230.61 , 722.57
1215.18 , 722.32
1200.23 , 723.57
1184.68 , 723.57
1169.63 , 722.59
970.28 , 713.44
953.9 , 705.38
935.5 , 702.13
916.15 , 700.88
896.53 , 701.6
877.75 , 704.09
859.7 , 708.13
842.62 , 713.95
826.25 , 721.84
810.1 , 730.48
795.2 , 742.38
814.95 , 742.88
834.8 , 742.63
854.65 , 742.38
874.4 , 742.88
894.38 , 742.88
913.62 , 741.38
932.12 , 738.37
950.3 , 734.62
968.33 , 730.63
1118.96 , 606.47
1133.43 , 595.73
1149.09 , 588.1
1164.76 , 580.46
1180.41 , 572.76
1196.66 , 567.01
1214.51 , 564.47
1233.51 , 564.22
1252.01 , 565.49
1268.36 , 571.12
1283.26 , 580.75
1271.51 , 589.72
1252.54 , 589.97
1234.01 , 591.18
1216.99 , 595.46
1200.11 , 600.06
1183.99 , 606.21
1167.84 , 612.34
1150.71 , 616.47
1132.86 , 618.89
1004.28 , 592.85
985.65 , 579.33
965.73 , 569.33
944.42 , 563.09
920.02 , 563.08
896.58 , 565.06
873.58 , 568.02
851.8 , 573.56
831.8 , 583.3
813.03 , 596.32
796.5 , 613.84
816.77 , 622.6
838.75 , 617.59
860.35 , 611.75
883.23 , 608.61
907.5 , 608.84
931.55 , 609.59
954.5 , 612.59
977.23 , 616.08
1000.18 , 613.62
