2101754919_1
841.5 , 1073.2
845.29 , 1106.94
853.27 , 1139.88
866.52 , 1172.32
880.6 , 1205.56
896.16 , 1238.97
912.03 , 1271.84
927.34 , 1301.29
945.12 , 1333.14
967.56 , 1359.43
993.13 , 1381.68
1023.46 , 1403.11
1055.89 , 1420.49
1085.9 , 1434.12
1120.26 , 1447.39
1154.52 , 1459.98
1187.22 , 1469.99
1220.08 , 1481.8
1253.67 , 1497.5
1287.01 , 1507.68
1322.72 , 1510.01
1355.94 , 1505.29
1389.8 , 1500.13
1424.48 , 1491.38
1456.14 , 1476.56
1485.2 , 1452.63
1506.84 , 1427.63
1529.65 , 1397.75
1546.52 , 1367.34
1559.21 , 1335.26
1570.4 , 1299.32
1587.51 , 1269.71
1601.57 , 1238.79
1609.85 , 1201.73
1617.55 , 1169.56
1625.6 , 1135.02
1634.6 , 1098.01
1642.11 , 1065.56
1648.73 , 1031.74
1648.29 , 993.57
1639.5 , 959.05
1386.15 , 1046.45
1370.11 , 1067.77
1362.49 , 1096.52
1369.51 , 1124.55
1385.17 , 1147
1413.61 , 1154.12
1441.03 , 1154.3
1470.17 , 1150.89
1500.49 , 1151.94
1527.53 , 1146.78
1552.84 , 1130.53
1574.81 , 1113.13
1589.42 , 1087.2
1589.11 , 1060.17
1577.58 , 1031.91
1563.74 , 1008.14
1543.85 , 984.89
1288.33 , 1324.6
1302.63 , 1307.31
1322.65 , 1300.28
1343.53 , 1294.87
1363.83 , 1288.35
1384.68 , 1282.85
1405.68 , 1277.63
1426.55 , 1272.1
1448.95 , 1269.85
1471.15 , 1272.6
1493.43 , 1270.12
1510.3 , 1254.12
1527.78 , 1239.89
1547.08 , 1248.08
1549.08 , 1270.62
1545.87 , 1292.55
1535.83 , 1311.6
1519.55 , 1328.36
1501.48 , 1340.94
1482.18 , 1350.32
1460.95 , 1355.1
1438.28 , 1356.85
1414.78 , 1356.85
1391.5 , 1356.35
1369.2 , 1353.88
1347.5 , 1350.12
1325.95 , 1346.12
1305.38 , 1340.11
1308.58 , 1314.85
1325.38 , 1311.11
1343.55 , 1310.1
1360.4 , 1306.36
1377.83 , 1303.85
1394.48 , 1299.7
1411.3 , 1295.87
1428.25 , 1292.42
1445.38 , 1289.31
1462.68 , 1286.5
1478.9 , 1281.57
1494.83 , 1276.1
1509.58 , 1267.35
1523.15 , 1255.27
1535.95 , 1246.73
1525.1 , 1260.59
1510.65 , 1270.28
1494.95 , 1276.32
1479.13 , 1282.1
1462.8 , 1286.84
1446.5 , 1291.58
1429.2 , 1294.32
1411.86 , 1297.08
1395.3 , 1301.37
1378.11 , 1304.35
1360.55 , 1306.6
1343.7 , 1310.35
1326.15 , 1312.6
1487.16 , 852.39
1490.67 , 837.31
1499.63 , 824.41
1509.46 , 811.84
1520.58 , 799.71
1533.01 , 789.39
1546.24 , 781.33
1560.49 , 776.14
1576.63 , 774.88
1591.11 , 779.6
1603.93 , 788.55
1605.16 , 804.71
1603.59 , 820.71
1595.05 , 833.76
1581.66 , 841.39
1567.26 , 846.16
1551.81 , 848.88
1536.13 , 851.14
1519.71 , 851.89
1503.18 , 852.39
1289.55 , 900.51
1272.05 , 885.52
1257.59 , 867.83
1239.44 , 854.6
1219.09 , 847.59
1195.62 , 848.36
1174.89 , 854.59
1154.44 , 861.31
1134.52 , 869.46
1115.96 , 881.52
1100.77 , 898.94
1090.89 , 918.34
1114.12 , 919.59
1136.27 , 923.09
1159.24 , 924.84
1182.57 , 923.84
1205.66 , 922.34
1227.41 , 918.09
1247.97 , 911.52
1268.72 , 905.27
1516.1 , 779.49
1527.53 , 766.82
1538.8 , 754.04
1551.3 , 742.04
1564.25 , 731.34
1577.65 , 721.92
1590.97 , 712.15
1604.27 , 702.34
1618.38 , 694.73
1633.95 , 690.69
1647.37 , 699.9
1644.75 , 716.11
1631.57 , 726.24
1616.85 , 731.99
1602.3 , 738.28
1588.07 , 745.52
1573.82 , 752.77
1559.62 , 760.21
1545.6 , 767.99
1531.2 , 774.77
1353.9 , 766.43
1319.67 , 745.56
1278.08 , 742.31
1236.25 , 745.56
1194.2 , 748.31
1153.8 , 754.52
1115.65 , 765.34
1079.17 , 779.63
1043.67 , 797.37
1009.45 , 818.12
977 , 843.81
1018.83 , 840.56
1058.9 , 833.66
1096 , 821.06
1133.85 , 809.79
1174.58 , 804.31
1216.05 , 800.32
1257.75 , 796.81
1300.78 , 796.06
1342.38 , 799.81
