2102099439_1
431.4 , 484.69
432.96 , 503.32
434.77 , 524.57
436.85 , 545.25
439.62 , 565.31
441.88 , 587.06
445.07 , 606.06
450.06 , 626.13
456.51 , 646.74
465.08 , 664.76
475.73 , 683.52
486.56 , 700.94
498.39 , 717.96
510.97 , 734.95
524.57 , 750.01
539.1 , 763.75
552.28 , 779.39
567.96 , 792.43
588.26 , 797.74
608.29 , 800.12
630.55 , 801.66
651.3 , 800.94
671.04 , 797.79
690.76 , 790.63
707.51 , 778.22
720.89 , 762.95
732.35 , 745.71
745.15 , 729.66
757.88 , 713.8
770.55 , 697.74
781.05 , 679.13
787.98 , 659.8
796.34 , 640.66
801.16 , 620.26
802.85 , 599.95
805.75 , 579.31
808.64 , 559.82
811 , 538.18
814.1 , 517.66
817.98 , 498.21
821.89 , 477
597.81 , 535.57
588.22 , 546.37
577.84 , 558.49
572.43 , 573.03
574.93 , 587.66
584.83 , 598.97
599.89 , 605
614.13 , 608.32
629.8 , 609.56
644.96 , 607.5
660.26 , 603.81
675.73 , 600.43
685.3 , 589.65
684.18 , 574.68
677.78 , 560.79
669.87 , 546.6
662.38 , 532.55
572.5 , 655.43
581.02 , 651.68
591.38 , 651.68
601.6 , 651.41
610.73 , 653.94
619.48 , 657.18
628.98 , 658.93
638.83 , 657.93
649.05 , 657.68
659.15 , 658.18
669.25 , 658.68
679.1 , 657.68
689.33 , 657.93
698.72 , 659.74
691.27 , 666.66
683.58 , 672.86
675.77 , 678.9
667.83 , 684.37
659 , 687.43
649.38 , 688.93
639.02 , 688.93
629.17 , 687.93
619.33 , 686.93
609.83 , 685.18
600.85 , 682.44
592.43 , 678.1
585.3 , 670.73
579.27 , 662.95
578 , 658.68
585.52 , 657.93
593.17 , 658.43
600.33 , 659.94
607.38 , 661.67
614.67 , 662.92
621.95 , 664.18
629.85 , 664.18
637.62 , 663.93
645.38 , 663.68
653.27 , 663.68
661.05 , 663.43
668.7 , 662.93
676.23 , 662.18
684 , 662.43
676.23 , 662.68
668.58 , 663.18
661.05 , 663.93
653.4 , 664.43
645.52 , 664.43
637.75 , 664.68
629.98 , 664.93
622.33 , 664.43
615.05 , 663.18
607.75 , 661.93
600.6 , 660.44
593.3 , 659.18
585.77 , 658.43
675.5 , 468.42
678.19 , 461.22
684.48 , 455.93
691.52 , 452.68
698.92 , 450.4
706.98 , 449.42
715.5 , 449.42
723.52 , 450.42
731.45 , 451.68
738.62 , 454.54
745.62 , 457.93
743.83 , 464.91
736.77 , 468.16
729.6 , 470.94
721.95 , 472.71
714.12 , 474.14
706.2 , 475.42
697.92 , 474.92
689.65 , 474.44
682 , 472.67
571.02 , 471.31
565.55 , 465.39
558.85 , 461.93
551.85 , 459.38
544.45 , 457.64
536.48 , 457.14
528.6 , 457.89
521.2 , 459.62
514.27 , 462.38
507.48 , 465.45
500.8 , 468.89
506.98 , 473.81
513.45 , 477.8
520.5 , 480.15
528.12 , 481.39
536.38 , 481.39
544.38 , 480.89
552.35 , 480.39
560.1 , 479.39
567.61 , 477.9
652.68 , 458.64
662.93 , 446.14
675.95 , 437.36
689.63 , 430.18
703.8 , 424.61
718.1 , 419.46
732.73 , 414.87
749.08 , 413.89
765.23 , 415.39
780.98 , 417.64
794.41 , 425.37
791.26 , 439.82
775.78 , 442.64
758.93 , 442.64
742.78 , 444.14
726.78 , 445.86
711.25 , 448.62
696.36 , 452.71
681.95 , 457.63
667.58 , 462.65
581.64 , 449.18
570.26 , 440.15
557.19 , 435.97
543.34 , 433.18
529.01 , 431.42
514.79 , 429.45
501.16 , 426.18
487.41 , 423.18
472.24 , 423.19
459.74 , 429.28
453.64 , 441.68
464.46 , 451.77
478.84 , 450.42
492.09 , 446.47
506.89 , 447.18
520.87 , 449.68
534.29 , 453.33
547.79 , 456.83
561.39 , 460.18
576.31 , 460.68
