210422851_1
558 , 807.8
563.9 , 825.06
572.86 , 843.23
583.65 , 860.65
594.01 , 876.06
607.21 , 891.94
619.77 , 906.03
634.54 , 918.58
650.41 , 930.86
665.27 , 943.52
680.97 , 954.97
698.25 , 966.49
715.26 , 976.52
730.82 , 988.46
745.41 , 999.27
762.12 , 1011.36
779.38 , 1021.26
797.13 , 1026.51
817.18 , 1027.94
836.73 , 1025.77
855.72 , 1021.36
873.97 , 1014.57
890.83 , 1004.71
905.44 , 990.96
917.99 , 974.97
926.5 , 958.04
931.78 , 939.48
939.94 , 920.18
949.01 , 903.81
960 , 886.35
969.74 , 870.25
978.83 , 853.46
986.13 , 834.48
990.28 , 815.6
995.23 , 795.76
1000.56 , 776.55
1001.17 , 757.44
999.34 , 738.94
997.69 , 717.99
994.88 , 699.45
990.79 , 678.75
733.35 , 713.7
731.13 , 733.73
728.5 , 753.23
724.27 , 773.84
735.3 , 789.74
753.78 , 794.91
775.28 , 791.24
794.26 , 791.85
815.35 , 791.14
834.6 , 782.31
850.82 , 771.3
866.8 , 757
877.67 , 741.26
870.49 , 723.29
856.12 , 707.22
842.61 , 692.57
827.54 , 677.2
687.1 , 854.88
704.6 , 846.13
724.52 , 842.88
744.68 , 840.13
765.05 , 837.88
784.98 , 834.63
805.85 , 833.38
825.53 , 829.61
843.08 , 820.89
860.65 , 812.09
878.98 , 805.76
897.93 , 800.56
916.24 , 794.23
916.56 , 815.18
912 , 834.48
903.11 , 852
892.62 , 868.86
878.53 , 884.45
862.78 , 898.14
845.98 , 908.75
827.9 , 915.88
808.48 , 920.15
789.28 , 915.31
770.75 , 909.41
752.5 , 902.79
735.42 , 892.92
719.03 , 881.05
702.98 , 868.25
698.35 , 853.38
714.93 , 852.88
731.62 , 853.13
748.35 , 852.88
764.45 , 851.38
779.83 , 848.4
794.93 , 844.81
810.43 , 842.06
826.03 , 839.45
840.55 , 834.86
854.48 , 828.51
868.25 , 821.72
882.38 , 816.11
895.6 , 807.88
891.75 , 820.2
883.1 , 833.28
872.92 , 845.8
861.47 , 857.64
848.1 , 865.38
834 , 871.1
819.62 , 876.12
803.88 , 878.38
787.05 , 878.38
771.08 , 876.61
756.15 , 872.67
741.5 , 868.28
726.85 , 863.88
712.67 , 858.41
829.85 , 617.87
838.02 , 613.69
847.2 , 611.87
856.68 , 610.62
866.5 , 610.11
875.35 , 607.62
883.77 , 604.1
892.1 , 600.37
900.2 , 595.86
908.6 , 592.37
917.1 , 589.1
909.35 , 594.37
901.3 , 598.94
893.18 , 603.3
884.6 , 606.37
875.75 , 608.84
867.05 , 611.6
858.2 , 614.14
848.48 , 614.87
838.53 , 615.1
702.11 , 651.49
691.98 , 650.23
682.18 , 653.51
672.7 , 657.74
662.9 , 660.99
652.65 , 663.49
642.43 , 665.99
632.18 , 668.49
621.12 , 669.24
610.88 , 671.74
600.45 , 669.74
609.88 , 674.01
620.95 , 673.24
631.65 , 671.74
641.88 , 669.24
651.35 , 664.96
661.45 , 662.24
671.55 , 659.46
680.95 , 654.99
691.53 , 653.24
802.5 , 579.27
811.82 , 564.67
824.7 , 551.32
838.92 , 540.82
854.42 , 533.84
869.88 , 526.65
885.55 , 520.22
902.62 , 516.77
920.38 , 518.24
935.73 , 525.76
945.5 , 539.92
933.08 , 550.08
917.35 , 543.8
900.23 , 540.54
884.73 , 547.51
869 , 553.77
853.2 , 559.78
838.62 , 569.27
825.15 , 581.87
811.18 , 593.03
695.9 , 598.29
680.18 , 592.26
662.9 , 590.01
645.4 , 592.26
627.03 , 591.76
609.27 , 593.57
593.73 , 599.89
578.3 , 606.77
563.12 , 614.48
549.9 , 627.43
542.85 , 642.76
560.95 , 642.5
576.53 , 636.08
592.15 , 630
608.73 , 625.76
626.62 , 624.26
644.62 , 623.01
662.73 , 622.01
680.12 , 619.51
696.05 , 614.03
