2104726907_1
64.8 , 491.15
68.91 , 512.19
73.65 , 533.19
78.38 , 554.06
84.15 , 574.98
91.1 , 595.2
99.93 , 616.89
109.44 , 636.02
120.47 , 654.46
132.64 , 672.06
145.75 , 689.6
160.04 , 706.83
175.83 , 722.24
193.68 , 735.16
213.23 , 744.81
234.31 , 751.59
255.66 , 755.42
277.65 , 756.51
297.98 , 755.95
320.57 , 753.89
341.09 , 752.03
364.61 , 750.84
386.48 , 749.62
407.28 , 745.43
426.79 , 737.67
446.82 , 727.25
466.39 , 716.85
483.75 , 704.19
499.23 , 688.45
510.79 , 671.79
521.06 , 651.4
530.23 , 630.9
539.65 , 612.93
550.73 , 593.37
560.44 , 573.44
569.48 , 552.95
576.22 , 532.12
580.56 , 510.94
583.37 , 489.68
585.41 , 468.49
587.8 , 445.19
242.75 , 441.5
232.98 , 457.43
225.98 , 475.06
224.62 , 495.76
232.41 , 512.99
251.5 , 517.18
268.53 , 508.96
284.82 , 499.66
304.15 , 497.53
323.34 , 490.68
342.9 , 492.77
360.17 , 499.89
380.01 , 500.02
393.65 , 487.71
391.39 , 467.67
381.4 , 452.19
366.65 , 437.05
249.4 , 614.13
257.22 , 604.3
265.08 , 594.46
272.76 , 584.53
280.42 , 574.61
289.8 , 565.49
300.4 , 559.63
311.5 , 563.91
323.58 , 561.63
334.43 , 556.38
346.98 , 557.61
357 , 564.99
366.73 , 573.2
376.5 , 581.24
385.97 , 590.2
393.44 , 600.2
388.64 , 611.16
378.6 , 618.45
367.83 , 623.89
356.23 , 627.13
343.52 , 628.13
330.95 , 629.38
318.5 , 630.88
306.05 , 632.38
293.48 , 633.63
280.77 , 632.66
269.83 , 627.82
259.33 , 621.8
253.65 , 612.38
262.18 , 607.35
270.52 , 601.78
278.52 , 595.22
287.38 , 590.87
296.98 , 588.35
307.52 , 587.88
318.3 , 587.88
328.62 , 586.88
339.4 , 586.88
349.1 , 589.13
358.7 , 591.65
367.65 , 595.63
376.6 , 599.58
386.15 , 602.13
376.95 , 599.9
368 , 595.91
358.93 , 592.39
349.62 , 589.38
339.2 , 588.63
328.88 , 589.63
318.7 , 590.88
308.27 , 590.13
297.6 , 590.37
288.25 , 593.29
279.48 , 597.78
271.27 , 603.79
262.8 , 609.14
376.55 , 337.4
383.8 , 327.9
393.75 , 321.94
404.25 , 317.39
415.65 , 314.9
428.12 , 315.15
439.75 , 317.15
450.4 , 321.24
460.58 , 326.68
469.89 , 334.48
476.35 , 344.27
471.75 , 354.74
461.43 , 359.93
449.33 , 360.9
437.2 , 359.89
425.7 , 357.64
414.2 , 355.39
402.9 , 352.66
391.4 , 350.41
379.79 , 348.37
208.49 , 366.31
197.58 , 361.05
185.08 , 359.55
172.56 , 361.02
160.76 , 364.02
149.86 , 369.14
139.38 , 375.38
129.41 , 383.1
120.4 , 392.6
113.46 , 402.8
107.96 , 413.55
119.73 , 416.55
131.76 , 414.06
143.13 , 410.28
154.38 , 406.28
165.41 , 401.53
176.28 , 396.26
187.06 , 390.74
197.83 , 385.21
208.41 , 379.14
375.1 , 207.35
387.43 , 192.01
406.03 , 187.83
426.5 , 187.6
444.73 , 192.48
461.58 , 200.85
477.95 , 210.36
494.85 , 218.6
510.78 , 229.31
523.38 , 244.4
529.07 , 262.2
520.87 , 278.09
503.43 , 271.7
487.45 , 261.1
471.88 , 249.36
456.18 , 237.92
438.85 , 231.1
419.23 , 229.1
398.75 , 229.34
380.11 , 225.49
211.17 , 242.43
195.98 , 225.16
173.96 , 219.92
150.36 , 221.95
130.28 , 232.03
110.73 , 243.33
92.5 , 257.84
77.7 , 276.11
67.66 , 296.16
58.7 , 316.56
48.91 , 336.66
52.66 , 359.41
68.76 , 342.56
82.04 , 323.76
95.56 , 305.01
110.16 , 286.66
128.03 , 270.76
148.41 , 261.66
171.31 , 258.26
195.33 , 259.16
