2104855895_1
344.5 , 425.6
346.24 , 439.22
348.97 , 454.05
352.47 , 469.11
355.97 , 482.76
359.76 , 496.6
364.14 , 511.33
368.48 , 525.03
373.28 , 539.61
378.41 , 553.91
383.44 , 567.84
387.17 , 581.82
390.74 , 596.17
396.27 , 609.99
404.5 , 622.53
414.47 , 632.94
425.47 , 642.56
438.84 , 650.62
452.55 , 655.2
467.11 , 658.37
481.2 , 659.97
496.23 , 659.69
511.97 , 657.39
526.08 , 653.96
539.57 , 648.33
551.3 , 640.07
561.8 , 629.15
569.57 , 616.26
577.5 , 603.45
587.67 , 592.47
596.36 , 581.42
603.04 , 568.7
608.14 , 554.1
614.27 , 540.41
619.82 , 526.86
624.45 , 513.63
629.91 , 498.65
636.18 , 485.63
641.21 , 471.27
643.51 , 457.72
647.04 , 441.95
454.3 , 432.94
444.72 , 441.73
436.95 , 451.69
436.02 , 465.91
443.99 , 476.51
453.81 , 485.28
466.74 , 490.68
479.7 , 492.91
493.07 , 495.41
506.07 , 496.46
519.35 , 493.94
533.19 , 494.9
545.19 , 488.75
548.8 , 476.02
544.74 , 464.11
535.35 , 453.9
527.05 , 442.8
415.53 , 544.73
422.22 , 534.53
431.95 , 526.52
443.05 , 522.23
455.6 , 520.98
468.5 , 521.48
481.4 , 520.98
494.43 , 520.73
507.1 , 521.71
518.53 , 525.23
529.53 , 529.73
539.86 , 536.08
550.02 , 542.95
550.79 , 555.75
545.78 , 566.61
538.97 , 576.78
530.06 , 586.21
520.48 , 594.79
510.13 , 601.14
498.75 , 604.73
485.85 , 605.23
473.08 , 604.48
461.25 , 601.71
450.98 , 595.17
442.06 , 585.75
434.61 , 575.81
427.68 , 565.65
421 , 555.46
427.53 , 539.23
437.05 , 538.98
446.23 , 537.98
455.65 , 537.48
465.18 , 537.73
473.88 , 539.72
482.8 , 541.23
492.1 , 540.48
501.4 , 539.73
510.83 , 539.23
520.13 , 539.98
529.4 , 540.73
538.48 , 541.98
545.75 , 546
539.65 , 553.1
532.3 , 558.47
524.43 , 562.49
516.25 , 565.5
507.93 , 568.23
499.23 , 570.23
490.3 , 571.73
480.88 , 571.26
472.3 , 568.97
463.88 , 566.51
455.95 , 562.67
448.2 , 558.4
441.03 , 552.48
434.01 , 546.21
537.18 , 371.36
542.03 , 367.08
548.05 , 365.86
554.6 , 365.61
561.13 , 365.86
567.4 , 366.61
573.58 , 367.61
579.73 , 368.61
585.65 , 370.12
591.18 , 372.61
596.34 , 375.99
591 , 378.38
585.33 , 380.35
579.05 , 381.11
572.65 , 380.61
566.35 , 379.86
560.08 , 379.1
554.15 , 377.62
548.35 , 375.88
542.58 , 374.14
438.06 , 372.52
437.55 , 368.24
434.66 , 364.88
431.14 , 362.58
427.24 , 361.27
423.04 , 360.52
418.49 , 360.52
414.41 , 361.51
410.31 , 362.52
406.61 , 364.46
403.59 , 367.75
401.31 , 371.27
405.03 , 373.03
408.86 , 374.52
413.06 , 375.27
417.38 , 375.77
421.94 , 375.78
426.11 , 376.52
430.69 , 376.51
434.76 , 375.54
518.38 , 355.02
526.96 , 349.49
537.48 , 348.52
548.15 , 349.27
558.68 , 350.27
569.11 , 351.52
579.5 , 352.76
589.93 , 354.01
599.88 , 356.27
610.06 , 357.95
618.6 , 363.74
610.73 , 366.5
600.56 , 364.74
590.28 , 363.29
579.88 , 362.02
569.68 , 360.27
558.9 , 360.77
548.38 , 361.77
537.48 , 361.52
527.08 , 360.23
471.36 , 346.34
463.76 , 340.99
455.19 , 338.36
446.51 , 335.87
437.86 , 333.34
428.24 , 333.97
419.44 , 336.27
410.76 , 338.69
402.66 , 342.77
395.34 , 348.87
387.36 , 353.09
396.79 , 354.08
405.13 , 350.82
413.26 , 346.94
422.76 , 346.09
432.16 , 347.08
441.84 , 347.59
451.24 , 348.62
460.19 , 350.59
468.86 , 353.09
