2106011059_1
675.92 , 636.75
673.62 , 665.97
673.93 , 695.09
677.37 , 727.32
683.25 , 756.24
690.85 , 785.14
699.43 , 815.38
708.09 , 844.37
717.17 , 873.04
725.63 , 902.65
736.72 , 932.23
748.32 , 959.15
754.33 , 989.77
753.76 , 1020.14
756.62 , 1050.46
777.53 , 1071.46
807.78 , 1066.23
838.42 , 1070.09
870.01 , 1070.96
899.01 , 1068.76
929.09 , 1068.12
960.56 , 1068.36
992.73 , 1069.15
1021.37 , 1069.29
1050.51 , 1065.02
1081.56 , 1055.15
1109.23 , 1045.03
1136.8 , 1032.42
1161.95 , 1015.3
1183.57 , 993.55
1205.76 , 970.78
1224.68 , 946.46
1243 , 921.58
1258.24 , 897.25
1276.53 , 871.82
1290.78 , 844.17
1301.99 , 816.62
1317.22 , 790.52
1329.55 , 759.97
1336.6 , 731.46
1340.63 , 699.38
774.19 , 613
766.88 , 639.22
758.19 , 665.54
748.01 , 691.38
740.64 , 719.57
756.58 , 740.68
781.72 , 747.98
811.42 , 743.91
837.3 , 743.29
866.74 , 749.17
894.7 , 754.16
919.94 , 745.2
923.46 , 718.05
912.94 , 692.28
901.23 , 666.49
892 , 640.81
877.11 , 615.6
739.75 , 833.54
749.56 , 814.78
770.1 , 809.3
791.02 , 814.04
813.38 , 812.29
835.6 , 810.27
855.98 , 816.02
875.2 , 824.56
894.2 , 833.97
912.5 , 845.04
931.15 , 855.2
950.4 , 863.79
967.47 , 878.09
957.12 , 896.69
939.15 , 908.67
921.23 , 920.82
903.2 , 932.61
884.9 , 943.67
866.2 , 953.8
846.8 , 961.8
823.98 , 962.54
802.35 , 959.28
782.95 , 951.27
765.5 , 937.79
756.26 , 918.74
755 , 896.14
753.03 , 873.91
742.97 , 855.16
753 , 856.29
766.88 , 853.76
781.5 , 854.79
795.6 , 856.89
809.3 , 859.79
823.95 , 860.79
839.05 , 860.79
854.05 , 860.54
868.92 , 860.04
883.77 , 860.54
898.52 , 861.29
913.3 , 862.06
927.92 , 863.04
941.92 , 865.28
942.9 , 872.64
928.1 , 873.29
913.58 , 874.54
898.95 , 875.53
884.2 , 876.29
869.92 , 878.07
856.15 , 880.79
842.83 , 884.47
829.08 , 887.29
814.45 , 887.28
801.67 , 882.48
789.58 , 875.64
777.83 , 868.06
765.58 , 861.6
949.07 , 531.38
957.45 , 519.98
966.05 , 508.65
977.35 , 499.88
990.15 , 495.39
1004.3 , 493.63
1018.47 , 495.38
1031.92 , 498.63
1044.47 , 503.91
1056.84 , 509.64
1066.54 , 520.58
1064.24 , 534.48
1053.1 , 543.62
1040.87 , 549.83
1027.32 , 552.88
1013.27 , 554.88
998.39 , 555.12
985.52 , 550.9
972.32 , 547.13
960.02 , 541.1
794.81 , 520.05
789.27 , 510.9
781.25 , 502.64
772.65 , 495.54
763.73 , 489.38
754.2 , 484.89
743.23 , 483.67
732.61 , 485.68
722.98 , 489.94
714.47 , 497.22
709.78 , 506.67
713.54 , 516.45
720.65 , 525.04
729.83 , 530.46
739.4 , 534.79
749.95 , 536.94
761.43 , 537.17
772.65 , 536.42
783.63 , 535.17
793.23 , 530.71
916.49 , 425.54
930.59 , 412.67
946.57 , 404.73
963.97 , 400.3
982.51 , 398.29
1001.19 , 400.05
1019.24 , 403.04
1036.46 , 407.77
1052.62 , 415.16
1068.64 , 422.95
1083.29 , 434.34
1079.99 , 449.79
1062.12 , 446.41
1045.27 , 441.03
1027.34 , 437.78
1008.69 , 436.04
989.29 , 436.29
970.01 , 435.79
950.51 , 435.79
933.01 , 431.55
782.05 , 436.82
777.18 , 427.05
768.4 , 419.51
758.95 , 413.88
748.82 , 410.19
738.07 , 407.67
726.97 , 405.92
715.65 , 404.67
703.82 , 404.91
693.4 , 408.07
684.3 , 414.67
685.53 , 426.02
694.35 , 433.23
705.12 , 435.66
716.22 , 437.42
728.05 , 437.17
739.77 , 436.67
751.35 , 437.42
762.5 , 439.13
773.2 , 441.67
