2106789492_1
549.56 , 403.35
550.5 , 423.78
550.72 , 445.82
557.4 , 467.55
564.99 , 488.46
576.54 , 507.68
590.26 , 524.94
599.54 , 544.75
608.06 , 564.81
619.54 , 584.32
624.44 , 605.71
629.69 , 628.4
637.97 , 648.09
650.28 , 666.62
671 , 676.58
693.01 , 674.94
713.36 , 666.34
734.65 , 662.85
755.74 , 655.12
776.33 , 645.79
794.4 , 636.45
814.57 , 624.05
833.15 , 611.31
849.8 , 599.18
870.73 , 587.95
889.04 , 579.25
909.27 , 566.99
927.43 , 555.44
947.02 , 542.35
964.76 , 529.84
982.59 , 516.38
995.16 , 500.15
1002.38 , 479.19
1007.1 , 457.64
1008.31 , 434.38
1008.57 , 413.28
1009.5 , 390.14
1007.84 , 367.57
1005.23 , 344.78
1002.52 , 323.98
997.15 , 301.06
583 , 364.35
576.82 , 379.86
566.24 , 394.91
559.19 , 409.25
564.77 , 426.58
577.5 , 438.68
593.14 , 445.31
609.8 , 450.46
627.28 , 450.47
643.63 , 442.6
658.33 , 433.57
673.73 , 424.7
688.54 , 414.72
693.5 , 397.69
686.72 , 382.66
674.04 , 369.17
663.75 , 354.56
601.73 , 510.95
603.95 , 499.72
612.23 , 491.2
623.13 , 488.29
633.56 , 484.38
644.13 , 480.98
655.23 , 478.45
667.53 , 478.45
678.73 , 480.7
690.18 , 482.45
701.88 , 483.7
712.98 , 486.2
724.31 , 488.22
734.98 , 491.45
730.88 , 500.79
720.68 , 505.24
710.5 , 509.94
700.4 , 514.76
690.43 , 519.97
680.68 , 525.74
670.71 , 530.97
660.56 , 535.67
650 , 539.2
639.03 , 541.95
627.23 , 542.95
615.98 , 540.7
607.24 , 532.97
602.98 , 522.65
604.98 , 521.45
612.71 , 516.48
620.73 , 512.2
628.86 , 508.17
637.56 , 505.67
647.13 , 504.95
656.33 , 503.45
665.53 , 501.95
675.11 , 501.2
685.03 , 501.2
694.61 , 500.45
704.4 , 500.2
713.86 , 499.2
723.4 , 498.45
732.61 , 497.46
723.63 , 499.45
714.21 , 500.45
704.38 , 500.7
694.71 , 501.2
684.88 , 501.45
675.56 , 502.7
665.63 , 502.7
656.31 , 503.95
646.98 , 505.2
637.9 , 506.94
629.48 , 509.95
621.4 , 514.05
613.4 , 518.46
699.69 , 274.65
701.69 , 263.4
701.84 , 251.25
705.19 , 240.65
712.99 , 231.86
723.29 , 227.92
734.32 , 225.4
746.19 , 226.15
757.32 , 228.38
768.07 , 231.37
778.44 , 235.15
787.91 , 241.21
782.46 , 250.87
773.02 , 257.3
763.49 , 263.38
753.69 , 268.9
743.59 , 273.5
733.07 , 276.9
721.44 , 278.15
709.62 , 278.83
612.74 , 290.99
609.85 , 283.77
603.75 , 278.16
596.2 , 275.91
587.7 , 275.69
579.83 , 277.2
572.53 , 279.94
565.48 , 283.47
559.09 , 288.63
555.78 , 295.69
556.03 , 304.19
559.21 , 311.37
564.73 , 317.63
571.83 , 320.96
580.3 , 321.19
588.43 , 320.19
595.58 , 316.92
602.1 , 312.11
607.03 , 305.59
610.52 , 298.54
652.81 , 216.38
666.68 , 202.26
682.53 , 193.15
699.16 , 186.28
716.18 , 180.51
734.11 , 176.36
753.13 , 174.63
772.81 , 174.63
791.33 , 177.4
808.53 , 182.86
816.03 , 195.13
796.38 , 194.63
777.58 , 192.38
757.91 , 192.37
739.11 , 194.63
721.13 , 198.57
704.61 , 205.84
689.01 , 215.64
673.76 , 226.39
657.57 , 233.96
596.91 , 253.06
592.56 , 246.19
585.64 , 242.03
578.12 , 239.53
569.84 , 238.53
561.19 , 238.78
553.04 , 240.04
545.22 , 242.02
538.42 , 246.5
533.48 , 253.18
529.89 , 260.28
530.39 , 268.81
537.32 , 265.37
543.89 , 260.28
551.91 , 258.78
560.44 , 258.28
569.09 , 258.03
577.24 , 259.28
585.29 , 260.8
593.69 , 260.03
