2106937488_1
320.09 , 175.3
322.24 , 188.73
324.62 , 202.3
327.22 , 216.58
329.81 , 229.82
331.81 , 244.32
333.92 , 257.82
336.89 , 272.11
341.06 , 286.16
346.38 , 298.07
354.78 , 309.69
364.61 , 319.88
374.69 , 329.38
385.02 , 339.12
395.34 , 348.74
406.19 , 357.6
418.73 , 365.18
431.79 , 371.06
444.5 , 374.94
458.84 , 377.17
472.79 , 378.54
487.01 , 379.16
500.57 , 377.73
514.81 , 372.39
526.07 , 366
537.91 , 357.68
548.4 , 348.15
557.35 , 337.38
565.88 , 325.18
571.29 , 312.22
576.07 , 299.26
581.2 , 287.1
588.14 , 274.07
594.44 , 260.99
598.79 , 247.62
601.57 , 234.31
603.88 , 220.9
605.23 , 205.9
603.79 , 192.15
603.9 , 178.47
604.03 , 163.18
411.75 , 176.95
405.89 , 186.41
400.24 , 197.23
398.13 , 208.41
403.54 , 219.59
414.57 , 222.41
426.95 , 221.99
439.19 , 223.4
450.35 , 223.15
461.55 , 219.67
474.5 , 217.94
485.42 , 216.24
497.17 , 213.27
502.83 , 202.56
498.87 , 191.09
492.4 , 181.62
484.85 , 171.5
396.65 , 265.42
404.85 , 262.66
413.5 , 260.68
423.02 , 260.42
432.02 , 261.67
441.3 , 262.42
450.2 , 263.91
459.57 , 264.42
468.72 , 263.42
478.1 , 262.92
486.77 , 260.92
495.17 , 258.41
503.57 , 255.99
512.82 , 256.68
509.33 , 264.22
504.2 , 271.62
497.27 , 278.07
489.35 , 281.96
480.95 , 284.42
472.17 , 286.17
463.15 , 287.42
453.77 , 287.92
444.5 , 287.16
435.85 , 285.18
427.67 , 282.18
419.88 , 278.14
412.12 , 273.89
404.4 , 269.67
406.65 , 269.92
413.15 , 266.67
421.07 , 266.92
428.75 , 267.67
436.3 , 268.67
443.5 , 270.41
450.92 , 271.67
458.47 , 270.67
465.67 , 268.92
473 , 267.44
479.9 , 265.17
486.82 , 262.9
493.72 , 260.67
500.92 , 258.92
507.78 , 257.34
501.42 , 261.14
494.95 , 264.63
488.12 , 267.16
481.4 , 269.92
474.5 , 272.19
466.82 , 272.92
459.27 , 273.92
451.72 , 274.92
443.67 , 274.92
436.25 , 273.67
429.17 , 271.67
421.52 , 272.42
414.07 , 271.17
490.94 , 120.52
493.19 , 115.77
496.19 , 111.27
500.52 , 107.7
505.34 , 105.55
510.42 , 104.02
515.99 , 103.52
521.44 , 104.27
526.24 , 106.56
530.86 , 109.2
534.58 , 113.37
532.48 , 118.22
529.67 , 122.78
525.14 , 125.81
520.32 , 128
515.09 , 129.27
509.39 , 129.52
503.94 , 128.77
498.99 , 127.04
494.13 , 124.96
403.15 , 134.74
399.59 , 129.92
394.5 , 127.08
389.22 , 124.79
383.47 , 123.54
377.25 , 123.79
371.5 , 125.04
366.2 , 127.29
361.12 , 130.12
356.5 , 134.24
352.2 , 138.79
357 , 142.36
361.9 , 145.75
367.35 , 147.56
373.23 , 148.54
379.32 , 148.04
385.07 , 146.79
390.38 , 144.52
395.75 , 142.56
400.96 , 140.03
456.85 , 94.44
467.38 , 84.68
480.18 , 80.92
493.25 , 77.67
506.33 , 74.46
519.5 , 71.54
533 , 69.22
547 , 69.94
559.62 , 73.93
570.62 , 82.45
577.59 , 93.84
573.9 , 104.98
561.88 , 99.2
549.88 , 93.43
537.25 , 89.44
522.8 , 89.23
509.6 , 92.19
496.55 , 95.43
483.12 , 97.94
469.12 , 99.2
405.29 , 106.03
402.43 , 99.25
394.89 , 96.99
386.37 , 96.74
378.09 , 97.49
369.91 , 98.49
361.51 , 97.99
353.49 , 96.74
344.96 , 96.96
337.41 , 99.26
330.34 , 102.49
332.85 , 109.86
339.79 , 113.45
348.06 , 112.74
356.34 , 111.99
364.87 , 111.74
372.89 , 110.49
380.91 , 109.24
389.21 , 108.49
397.71 , 108.23
