2108298351_1
335.18 , 424.6
334.81 , 437.84
333.93 , 451.07
333.64 , 465.64
334.5 , 478.88
336.43 , 493.16
338.83 , 506.06
342.15 , 520
345.99 , 532.55
350.95 , 546.22
356.7 , 558.19
364.27 , 568.96
374.28 , 579.68
384.03 , 589.56
394.58 , 598.34
406.06 , 606
417.5 , 612.29
430.73 , 616.8
444.44 , 619.45
458.4 , 622.15
471.22 , 624.32
484.34 , 627.35
498.66 , 628.96
511.51 , 627.31
524.83 , 623.29
538.74 , 618.21
551.11 , 612.85
563.01 , 606.6
573.98 , 597.75
581.95 , 587.33
588.01 , 575.18
593.3 , 561.62
597.73 , 549.53
602.02 , 535.87
605.93 , 522.42
608.9 , 508.5
609.98 , 495.1
610.78 , 481.78
611.85 , 468.46
613.86 , 453.95
612.4 , 440
445.44 , 413.4
438.18 , 423.06
431.48 , 433.33
425.13 , 445.53
425.87 , 457.34
434 , 467.34
446.78 , 470.65
459.13 , 472.32
471.82 , 473.37
485.23 , 473.93
497.42 , 474.23
510.01 , 474.39
518.49 , 464.34
520.16 , 451.87
513.68 , 440.54
505.15 , 432
503.1 , 419.05
398 , 503.43
408.15 , 499.4
418.7 , 496.17
429.65 , 493.69
441.18 , 492.43
452.6 , 493.91
462.9 , 497.7
474.57 , 498.68
485.88 , 496.93
498.02 , 496.93
509.32 , 498.68
520.62 , 500.44
530.95 , 504.2
540.91 , 509.06
537.5 , 519.43
528.67 , 527.27
519.35 , 533.92
509.35 , 538.68
498.3 , 540.93
487 , 542.68
474.85 , 542.68
463.55 , 540.93
452.35 , 538.96
441.68 , 535.95
431.15 , 532.71
421.07 , 528.19
411.68 , 521.85
404.38 , 512.83
404.75 , 504.68
413.75 , 502.93
423.4 , 503.43
432.2 , 505.64
441.12 , 507.71
450.38 , 508.92
459.52 , 510.43
468.8 , 511.67
478.57 , 511.93
488.07 , 511.18
497.6 , 510.43
507.12 , 509.68
516.75 , 509.18
526.28 , 509.93
531.37 , 516.06
523.17 , 519.7
514.12 , 521.43
504.62 , 522.18
494.75 , 522.18
485.1 , 522.68
475.35 , 522.42
466.23 , 520.91
457.18 , 519.2
448.15 , 517.45
439.1 , 515.67
429.95 , 514.19
421.05 , 512.2
412.82 , 508.66
518.6 , 378.71
521.79 , 373.02
527.33 , 369.23
533.23 , 366.43
539.15 , 363.72
546.08 , 363.21
552.38 , 364.95
558.3 , 367.73
564.2 , 370.53
569.38 , 375.24
572.38 , 381.08
573.02 , 387.83
567.4 , 391.42
561.1 , 393.21
554.55 , 394.46
547.75 , 393.7
541.43 , 391.94
535.52 , 389.23
529.65 , 386.28
523.93 , 383.05
439.74 , 376.99
436.84 , 371.36
432.35 , 366.36
427.35 , 361.83
421.82 , 358.77
416.1 , 356.29
410.05 , 354.51
403.15 , 354.49
397.35 , 356.75
391.91 , 360.12
387.78 , 365.24
384.75 , 370.76
389.65 , 375.65
395.05 , 379.03
401.45 , 380.01
408.12 , 379.51
414.65 , 378.76
421.55 , 378.76
428.07 , 379.51
434.72 , 380.01
514.15 , 348.38
519.35 , 341.41
527.12 , 338.4
535.38 , 336.38
543.98 , 335.1
552.82 , 334.38
561.8 , 334.88
570.4 , 336.13
578.55 , 338.38
585.87 , 342.63
591.18 , 349.4
588.05 , 355.37
580.55 , 351.54
572.9 , 348.13
564.42 , 346.63
555.2 , 346.63
546.35 , 347.38
537.75 , 348.6
529.97 , 351.62
521.38 , 352.86
446.84 , 347.52
445.21 , 338.34
438.05 , 331.42
430.07 , 326.75
421.62 , 323.51
412.32 , 322.01
402.77 , 323.01
392.87 , 322.76
384.19 , 325.5
376.48 , 330.89
370.87 , 338.51
367.12 , 346.76
376.14 , 345.51
384.82 , 342.75
393.89 , 340.76
403.19 , 339.26
413.1 , 339.01
421.64 , 342.02
429.57 , 346.72
438.02 , 350.03
