2108725174_1
131.9 , 662.3
140.25 , 697.6
148.02 , 734.08
152.27 , 770.77
163.72 , 805.85
173.78 , 839.83
190.67 , 873.28
209.38 , 906.51
231.1 , 935.35
253.25 , 962.2
278.4 , 990.83
305.4 , 1015.29
332.53 , 1038.34
362.84 , 1065.33
387.84 , 1090.44
416.7 , 1115.48
447.58 , 1132.06
481.81 , 1146.69
517.64 , 1150.13
554.92 , 1151.37
591.78 , 1150.22
622.28 , 1131.55
657.66 , 1112.61
687.52 , 1093.89
718.05 , 1073.7
748.31 , 1050.45
776.06 , 1026.35
804.77 , 1004.83
833.69 , 983.8
861.16 , 955.43
881.23 , 927.05
899.18 , 894.31
916.19 , 860.15
927.78 , 823.64
933.81 , 789.39
938.7 , 750.56
943.29 , 715.46
948.17 , 678.22
953.49 , 641.3
958.69 , 604.36
962.35 , 567.2
381.75 , 746.35
377.9 , 772.77
369.43 , 797.81
366.8 , 823.84
370.97 , 849.89
394.42 , 858.19
423.9 , 855.75
450.79 , 857.44
476.41 , 858.1
502.92 , 849.19
528.15 , 843.02
555.68 , 845.89
578.09 , 835.83
583.6 , 810.8
583 , 781.72
573.05 , 758.02
557.49 , 733.9
342.68 , 952.69
365.61 , 944.42
388.43 , 935.69
411.53 , 927.84
437.33 , 925.19
464.38 , 925.19
490.21 , 922.69
516.78 , 921.69
543.48 , 920.94
570.15 , 921.69
595.03 , 926.22
619.28 , 932.04
642.65 , 939.42
666.41 , 946.17
649.53 , 960.35
628.28 , 973.57
608.71 , 991.42
589.01 , 1008.89
569.26 , 1026.38
547.03 , 1037.19
520.48 , 1037.71
496.51 , 1031.25
473.95 , 1021.71
451.23 , 1012.68
427.63 , 1005.68
404.81 , 996.94
383.2 , 984.72
363.01 , 968.52
359.18 , 963.19
379.73 , 962.19
398.86 , 966.12
418.65 , 968.67
439.56 , 968.94
459.73 , 970.73
480.56 , 970.69
500.98 , 969.45
521.06 , 967.44
540.88 , 964.93
560.71 , 962.43
580.63 , 960.21
600.48 , 957.69
620.5 , 955.62
631.48 , 958.2
612.18 , 961.69
592.58 , 964.69
572.88 , 967.43
553.63 , 971.21
534.88 , 975.94
516.15 , 980.69
496.2 , 982.94
475.53 , 983.69
455.11 , 982.44
435.63 , 979.2
416.75 , 974.68
397.88 , 970.2
378.16 , 967.44
579.6 , 600.45
591.88 , 584.43
603.79 , 568.25
617.02 , 552.53
633.25 , 540.79
651.3 , 534.24
671.23 , 531.46
692.15 , 532.2
710.65 , 537.75
727.95 , 546.71
744.02 , 558.86
752.02 , 576.2
735.28 , 586.45
718.33 , 596.22
700.78 , 604.44
681.78 , 609.2
660.48 , 609.2
640.65 , 606.2
620.83 , 603.2
600.17 , 601.95
373.88 , 610.65
367.77 , 595.7
353.85 , 586.62
339.08 , 579.9
323.8 , 574.63
307.7 , 570.88
290.2 , 571.63
274 , 575.11
258.77 , 580.5
244.83 , 589.46
231.4 , 599.88
235.9 , 615.53
246.63 , 628.87
261.25 , 636.16
278.77 , 636.88
296.3 , 636.13
313.45 , 634.63
330.12 , 632.13
346.2 , 628.38
361.58 , 623.38
532.25 , 521.25
555.55 , 499.7
581.38 , 485.12
608.35 , 473.9
636.88 , 466.13
666.7 , 461
697.3 , 457.5
729.48 , 457.25
759.8 , 461.29
788.65 , 468.5
813.53 , 485.78
793.58 , 501.75
761.27 , 501.75
729.45 , 502.75
697.52 , 502.5
667.17 , 506.48
639.58 , 515.93
611.08 , 523.72
583.42 , 533.03
555.9 , 541.9
327.75 , 549.83
318.68 , 534.74
300.65 , 525.86
282.11 , 518.65
262.93 , 512.8
242.11 , 510.33
220.43 , 509.58
198.78 , 510.33
178.78 , 514.58
161.13 , 524.46
149.27 , 541.38
143.53 , 560.58
161.58 , 552.81
181.33 , 548.09
201.08 , 543.29
221.93 , 540.81
243.48 , 541.83
264.8 , 543.33
285.93 , 545.23
306.21 , 548.83
