2109187532_1
423.2 , 485.22
422.37 , 505.1
424.9 , 524.56
426.65 , 543.44
427.21 , 563.56
429.33 , 582.99
429.98 , 602.67
432.31 , 624.17
436.81 , 643.69
442.68 , 662.37
451.58 , 679.43
460.94 , 698.28
470.56 , 716.01
482.94 , 732.08
496.29 , 746.62
509.26 , 760.9
523.29 , 776.33
535.76 , 790.09
551.48 , 804.43
567.55 , 814.85
585.94 , 823.5
604.76 , 831.57
623.26 , 834.86
642.76 , 835.58
662.74 , 833.89
683.73 , 831.34
701.39 , 825.06
719.64 , 814.39
735.39 , 803.15
752.39 , 792.62
770.34 , 781.28
785.15 , 768.18
797.61 , 753.24
807.64 , 736.08
816.4 , 718.35
825.24 , 699.41
833.42 , 680.9
842.11 , 663.02
850.97 , 645.06
858.45 , 626.49
864.2 , 607.1
626.75 , 560.55
612.08 , 572.51
600.25 , 584.94
592.15 , 601.94
589.93 , 620.44
603.75 , 634.1
621.13 , 639.88
640.49 , 641.37
659.59 , 643.84
678.78 , 646.05
697.55 , 649.35
715.77 , 651.4
732.89 , 646.15
734.35 , 627.48
729.45 , 609
724.93 , 591.78
719.5 , 571.9
559.6 , 691.99
572.27 , 685.72
586.6 , 683.24
600.8 , 680.49
614.77 , 677.24
630.08 , 677.74
643.38 , 682.24
657.93 , 684.24
672.75 , 685.75
686.6 , 689.24
699.55 , 694.73
712.15 , 701.31
724.08 , 709.71
733.05 , 721.41
735.29 , 735.82
724.1 , 746.24
711.2 , 752.01
696.78 , 754.24
681.23 , 754.24
665.8 , 753.99
650.62 , 753.24
636.08 , 751.25
622.78 , 746.73
610.83 , 738.46
598.33 , 731.71
585.8 , 724.92
573.73 , 716.89
563.34 , 705.69
575.1 , 698.49
584.83 , 701.24
594.98 , 703.23
605.73 , 703.99
616.35 , 704.99
626.5 , 706.98
637 , 708.24
647.4 , 709.74
657.23 , 712.36
667 , 715.14
677.1 , 717.24
687.05 , 719.7
697 , 722.14
707.23 , 724.02
716.98 , 724.25
706.53 , 725.42
696.5 , 723.15
686.83 , 720.22
676.9 , 717.76
666.88 , 715.5
656.75 , 713.39
646.92 , 710.77
637 , 708.24
626.38 , 707.24
615.85 , 705.99
605.23 , 704.99
594.73 , 703.73
584.58 , 701.74
745.01 , 534.54
749.87 , 526.45
757.53 , 520.29
766.09 , 516.54
775.38 , 514.55
785.56 , 514.79
794.86 , 516.78
804.09 , 519.02
812.41 , 523.42
819.1 , 530.89
824.53 , 538.81
825.68 , 548.11
817.13 , 551.79
807.68 , 553.54
797.66 , 554.04
787.86 , 553.03
778.41 , 551.31
769.36 , 548.82
760.28 , 546.3
751.93 , 541.96
611.14 , 501.14
605.84 , 492.87
599.84 , 484.84
593.27 , 477.02
585.44 , 470.44
576.44 , 467.19
566.32 , 466.19
555.84 , 465.94
545.97 , 467.44
536.74 , 470.21
527.69 , 473.19
530.93 , 482.16
536.02 , 490.51
543.89 , 496.92
552.82 , 500.47
562.34 , 502.69
571.59 , 505.46
581.82 , 506.19
592.29 , 505.94
602.42 , 504.94
747.14 , 456.93
759.16 , 445.9
774.87 , 443.93
791.26 , 443.43
807.29 , 444.68
822.94 , 446.72
837.82 , 450.43
851.82 , 455.9
864.14 , 466.18
873.38 , 478.86
879.95 , 492.5
876.04 , 504.33
863.69 , 494.19
851.46 , 483.7
838.44 , 475.47
824.59 , 469.41
809.39 , 466.43
793.24 , 465.43
776.59 , 465.43
760.51 , 464.3
636.42 , 415.79
624.72 , 405.08
611.16 , 399.56
597.22 , 395.09
583.09 , 390.97
568.19 , 388.32
552.74 , 386.82
536.69 , 387.07
522.19 , 390.57
508.96 , 397.29
496.19 , 404.82
508.44 , 414.07
524.12 , 413.07
540.29 , 413.07
555.39 , 415.32
570.72 , 417.07
586.07 , 418.82
600.91 , 421.55
614.94 , 425.82
629.94 , 428.32
