2113106881_1
196.34 , 258.6
198.91 , 279.97
200.53 , 301.53
202.43 , 322.7
204.89 , 344.31
208.53 , 365.55
212.5 , 386.44
218.06 , 409.11
225.68 , 429.2
236.06 , 447.29
249.01 , 465.76
262 , 482.77
276.1 , 500.72
289.83 , 517.6
304.75 , 532.6
320.74 , 547.37
338.23 , 560.92
356.56 , 572.85
375.9 , 582.4
396.3 , 591.67
416.08 , 598.83
437.81 , 602.17
459.68 , 603.03
479.82 , 596.52
500.01 , 585.36
517.69 , 574.31
534.3 , 561.6
551.05 , 547.1
566.6 , 532.21
581.08 , 515.68
592.78 , 496.22
601.08 , 476.11
608.18 , 455.98
613.59 , 434.06
618.96 , 414.02
626.44 , 392.28
633.48 , 373.2
641.43 , 352.84
648.15 , 331.37
652.49 , 310.36
658.7 , 287.75
391.05 , 259.14
379.34 , 271.32
367.56 , 285.57
365.03 , 304.13
369.53 , 320.23
383.78 , 333.28
399.76 , 340.94
418.07 , 345.08
435.23 , 349.07
453 , 346.26
471.58 , 344.77
489.96 , 343.84
507.4 , 341.5
517.88 , 326.93
518.96 , 309.86
512.47 , 292.73
500.6 , 277.55
314.8 , 405.87
325.18 , 397.47
338.03 , 395.12
351.28 , 393.62
364.9 , 392.87
378.15 , 394.37
391.03 , 396.6
403.7 , 399.27
416.05 , 402.62
427.95 , 406.9
440.2 , 410.37
452.33 , 414.13
463.88 , 419.43
475 , 425.83
479.87 , 436.13
467.35 , 439.1
455.48 , 443.43
443.68 , 447.87
431.28 , 451.12
418.03 , 452.62
404.3 , 453.12
391.2 , 451.27
378.68 , 448.25
366.78 , 444.1
354.98 , 439.64
343.4 , 434.49
333.12 , 425.7
323.03 , 416.35
327.8 , 411.12
338.55 , 410.62
348.73 , 408.85
359.6 , 408.62
369.4 , 411.1
378.43 , 415.5
387.43 , 419.99
396.6 , 423.91
405.9 , 427.46
415.75 , 429.88
426.62 , 430.12
437.65 , 430.12
448.4 , 430.62
459.18 , 431.12
464.17 , 433.75
453.98 , 435.44
443.9 , 437.39
433.93 , 439.49
423.83 , 441.37
413.18 , 440.61
403.15 , 438.65
393.23 , 436.38
383.18 , 434.35
373.38 , 431.86
363.7 , 429.09
354.15 , 426.22
344.8 , 422.87
335.88 , 418.19
516.54 , 195.36
527.41 , 190.08
538.34 , 184.83
549.37 , 179.83
560.69 , 175.84
573.04 , 173.86
586.12 , 174.36
598.21 , 176.87
609.19 , 182.01
619.14 , 189.93
626.53 , 200.09
624.74 , 212.11
612.26 , 213.86
599.69 , 215.36
586.62 , 215.86
573.91 , 214.64
562.04 , 211.61
550.31 , 208.37
538.71 , 204.88
527.39 , 200.89
377.5 , 170.22
368.72 , 162.82
360.02 , 155.15
350.82 , 148.96
340.82 , 144.93
330.12 , 142.47
318.6 , 141.74
307.72 , 143.88
297.8 , 147.99
288.48 , 153.88
281.37 , 162.72
287.75 , 171.87
296.35 , 179.71
306.27 , 183.99
317.19 , 185.96
328.97 , 185.72
340.37 , 184.72
351.55 , 183.2
362.72 , 181.69
373.47 , 179.38
502.67 , 135.54
517.22 , 130.02
532.72 , 126.3
548.57 , 123.27
564.89 , 121.29
581.45 , 119.79
598.27 , 118.79
614.6 , 120.79
629.39 , 125.8
642.95 , 134.32
653.03 , 146.41
637.75 , 142.29
620.45 , 142.28
604.5 , 145.01
588.64 , 148.04
571.47 , 148.29
554.92 , 149.79
537.75 , 149.54
520.82 , 150.29
504.4 , 151.99
404.66 , 122.15
390.93 , 110.7
375.7 , 103.48
360.33 , 96.71
344.36 , 91.61
327.98 , 87.24
311.36 , 83.24
292.95 , 82.99
276.03 , 86.22
260.73 , 93.24
246.98 , 104.49
265.28 , 103.99
283.8 , 103.99
300.28 , 108.26
316.05 , 113.81
331.98 , 118.99
347.58 , 125.08
363.21 , 130.98
380.25 , 134.01
397.63 , 136.39
