211373432_1
308.69 , 446.55
307.89 , 460.92
307.38 , 474.29
307.31 , 489.11
308.44 , 503.49
310.83 , 516.89
313.11 , 531.91
319.76 , 545.05
327.24 , 556.49
334.75 , 568.84
344.53 , 580.02
354.63 , 589.39
367.25 , 598.06
380.07 , 601.54
394.81 , 604.12
409.24 , 606.37
423.14 , 606.63
437.27 , 608.04
451.92 , 612.98
466.27 , 613.17
480.22 , 610.59
493.95 , 607.83
507.07 , 604.16
522.18 , 602.4
536.2 , 600.79
549.27 , 594.96
562.6 , 587.85
573.67 , 578.87
585.1 , 571.67
596.8 , 563.31
605.52 , 551.94
613.28 , 539.85
622.95 , 529.25
629.56 , 515.25
633.95 , 501.69
637.74 , 488.46
640.33 , 473.57
642.6 , 459.52
644.43 , 445.38
645.69 , 431.27
646 , 416
402.69 , 460.94
399.53 , 471.68
396.06 , 483.87
393.54 , 495.18
394.11 , 508.18
404.4 , 513
417.26 , 513.61
428.83 , 513.82
441.84 , 513.92
453.91 , 511.64
466 , 509.49
477.55 , 508.9
486.45 , 501.19
485.74 , 489.46
479.72 , 478.05
472.9 , 468.85
465.55 , 457.65
367.35 , 556.25
381.03 , 549.98
397.28 , 550.75
412.33 , 554
426.53 , 558.93
442.38 , 560.5
457.25 , 556.85
472.15 , 553.23
487.55 , 550.75
502.5 , 547.23
517.55 , 544.04
533.33 , 542.25
549.83 , 542
565 , 544.9
571.78 , 557.54
558.95 , 566.28
544.68 , 570.93
529.65 , 574.23
514.35 , 577
498.7 , 579
482.7 , 580.25
466.55 , 581.25
450.18 , 581.75
433.8 , 582.25
417.68 , 581.25
401.9 , 579.5
385.8 , 578.46
372.84 , 570.19
371.1 , 566
380.95 , 554.63
395.23 , 551.97
408.43 , 556.81
422.48 , 559.88
437.1 , 561.75
452.62 , 561.75
467.3 , 560
481.38 , 556.98
495.25 , 553.5
509.12 , 550
523.1 , 546.75
537.73 , 544.88
553.18 , 544.75
567.12 , 547.78
563.5 , 560.35
549.62 , 563.75
534.58 , 564.75
519.4 , 564
504.23 , 564.76
489.3 , 566
474.15 , 566.75
459.1 , 567.75
444.18 , 569
428.8 , 568.71
414.43 , 566.25
399.28 , 565.48
385.3 , 568.75
477.5 , 400.46
480.13 , 392.83
483.88 , 385.61
488.88 , 378.83
495.52 , 373.44
503.02 , 370.46
511.32 , 369.21
519.88 , 369.93
527.62 , 372.34
534.8 , 376.28
541.58 , 381.29
547.57 , 387.41
541.83 , 393.91
534.8 , 398.2
527.3 , 401.21
519.35 , 403.2
510.8 , 403.96
502.12 , 404.46
493.32 , 404.21
484.9 , 403.23
384.56 , 410.31
382.95 , 403.56
378.55 , 397.94
372.78 , 393.93
366.6 , 390.93
359.82 , 389.44
352.57 , 389.94
346.05 , 391.94
340 , 395.25
334.62 , 400.36
330.24 , 405.99
326.8 , 411.94
332.77 , 415.41
338.7 , 418.94
345.1 , 421.18
352.35 , 421.69
359.25 , 420.44
366.02 , 418.94
372.7 , 417.22
378.9 , 414.35
439.05 , 368.84
449.65 , 356.5
463.05 , 348.84
477.5 , 344.07
492.23 , 339.83
506.95 , 335.61
522.08 , 332.08
537.9 , 330.09
553.98 , 331.1
568.45 , 335.81
581.2 , 345.27
577.3 , 356.09
562.23 , 352.52
546.58 , 350.1
530.38 , 349.34
514.55 , 351.34
499.45 , 354.94
485.1 , 359.86
470.75 , 364.84
454.78 , 366.59
379.53 , 366.18
371.65 , 361.08
362.77 , 358.57
353.05 , 357.85
343.42 , 356.83
333.8 , 355.83
323.82 , 356.06
314.5 , 357.73
305.92 , 360.81
297.93 , 365.53
292.65 , 373.33
301.38 , 376.09
310.5 , 374.09
320.22 , 373.33
330.22 , 373.08
339.82 , 372.08
349.57 , 371.33
359.32 , 372.08
368.92 , 373.1
378.55 , 374.07
