2113885560_1
425.04 , 621.4
428.24 , 636.58
431.5 , 651.77
434.28 , 668.39
436.48 , 683.94
439.73 , 700.06
445.18 , 715.79
452.35 , 729.01
460.31 , 743.63
471.06 , 755.26
483.56 , 766.9
495.52 , 777.82
506.97 , 788.68
519.1 , 798.37
534.27 , 807.34
547.5 , 815.09
563.12 , 820.59
579.18 , 823.63
595.23 , 826.19
610.69 , 826.74
627.2 , 824.54
643.09 , 822.51
659.09 , 818.22
673.49 , 813.92
689.69 , 808.47
704.47 , 802.49
717.46 , 793.67
730.39 , 783.09
741.21 , 771.28
752.06 , 760.54
763.93 , 748.05
773.43 , 734.72
781.56 , 720.85
787.86 , 706.17
793.01 , 690.21
797.1 , 675.87
801.59 , 659.66
806.98 , 643.78
810.55 , 628.45
812.99 , 612.46
816.7 , 596.14
617.85 , 544.75
614.84 , 557.89
607.36 , 568.1
600.59 , 581.59
599.59 , 594.47
609.99 , 603.49
622.56 , 609.11
635.98 , 613.79
649.64 , 615.74
663.13 , 613.32
674.5 , 606.2
686.86 , 600.86
700.96 , 598.89
705.78 , 586.36
701.1 , 572.95
694.2 , 561.82
688.94 , 547.8
564.88 , 669.86
574.96 , 664.6
585.46 , 660.59
596.61 , 657.85
607.58 , 654.84
618.28 , 651.34
629.88 , 649.61
641.38 , 651.61
653.46 , 652.36
665.18 , 650.87
677.15 , 651.86
687.93 , 655.15
698.21 , 659.92
708.52 , 664.51
709.73 , 675.48
700.08 , 681.89
690.45 , 688.35
680.83 , 694.87
670.58 , 699.65
659.83 , 703.11
648.23 , 704.85
636.63 , 703.11
626.13 , 699.11
615.78 , 694.64
605.36 , 690.37
594.88 , 686.36
584.43 , 682.12
574.36 , 676.83
565.38 , 669.61
575.78 , 669.11
586.3 , 669.36
596.96 , 669.36
607.48 , 669.61
618 , 669.86
628.18 , 670.86
638.36 , 671.86
648.88 , 672.11
659.4 , 671.86
669.71 , 671.11
680.36 , 671.11
690.75 , 671.61
701.15 , 671.11
709.3 , 672.86
699 , 673.61
688.36 , 673.61
678.08 , 674.36
667.78 , 675.11
657.31 , 675.29
647.33 , 673.87
637.28 , 672.6
627.23 , 671.36
617.08 , 670.36
606.78 , 669.61
596.13 , 669.61
586.08 , 670.86
575.56 , 670.61
700 , 492.74
707.5 , 489.24
715.58 , 486.99
724.02 , 485.49
732.83 , 484.74
741.88 , 484.99
750.42 , 486.24
758.65 , 488.24
766.23 , 491.72
773.15 , 496.9
778.71 , 503.71
771.67 , 507.06
763.55 , 509.24
755.33 , 511.24
746.52 , 511.99
737.6 , 511.49
729.05 , 510.23
721.48 , 506.75
713.98 , 502.98
706.5 , 499.24
588.87 , 489.86
582.95 , 485.54
575.97 , 483.14
568.25 , 482.13
560.05 , 482.13
552.1 , 482.63
544.25 , 483.38
536.65 , 484.64
529.3 , 486.38
522.22 , 488.61
515.3 , 491.13
522.07 , 494.12
529.05 , 496.63
536.4 , 498.37
544.12 , 499.38
552.2 , 499.13
559.9 , 498.13
567.5 , 496.88
574.77 , 494.9
582.22 , 493.41
683.1 , 458.15
688.73 , 446.16
700.77 , 440.16
713.38 , 435.89
726.52 , 432.63
740.02 , 430.13
754.25 , 429.15
768.48 , 430.15
780.62 , 435.91
791.8 , 444.12
801.93 , 454.47
800.35 , 466.9
787.5 , 463.06
775.65 , 456.63
762.95 , 452.65
748.67 , 452.08
735.33 , 454.91
722.33 , 458.41
709.48 , 462.15
695.25 , 463.17
604.51 , 436.86
592.94 , 427.56
580.14 , 421.54
566.62 , 417.56
551.59 , 416.56
536.79 , 418.03
522.72 , 421.05
509.81 , 426.68
497.67 , 434.34
486.24 , 444.01
476.19 , 455.31
491.71 , 455.32
504.81 , 450.28
517.99 , 445.54
532.07 , 442.53
547.59 , 442.56
562.01 , 444.8
575.34 , 449.21
588.97 , 453.08
603.41 , 451.31
