2115806866_3
256.75 , 328.55
257.77 , 340.44
259.46 , 353.41
261.96 , 365.77
264.46 , 379.11
266.56 , 391.82
269.56 , 403.64
274.45 , 416.42
280.08 , 427.54
286.7 , 438.75
295.77 , 448.35
303.32 , 459.26
313.44 , 466.35
320.33 , 477.28
325.85 , 489.43
334.71 , 497.8
344.62 , 505.99
356.48 , 511.28
369.09 , 515.88
380.68 , 520.07
394.03 , 521.73
405.99 , 519.72
417.58 , 514.7
428.45 , 507.41
438.76 , 499.47
449.43 , 490.83
458.36 , 481.82
465.57 , 471.81
471.91 , 459.61
476.12 , 447.37
479.76 , 435.07
483.69 , 423.38
488.74 , 411.8
495.47 , 399.95
501.63 , 389.16
507.78 , 377.98
513.51 , 366.57
518.82 , 354.2
522.59 , 341.81
524.46 , 329.35
525.55 , 315.55
336.5 , 356.09
331.55 , 365.06
326.64 , 374.12
322.3 , 383.25
324.59 , 392.36
334.34 , 396.98
344.07 , 398.25
353.83 , 399.78
364.26 , 401.26
374.57 , 400.53
384.35 , 398.54
395.1 , 396.47
404.11 , 392.79
411.46 , 385.37
410.35 , 375.25
404.05 , 366.9
399.94 , 357.34
310.15 , 433.97
320.62 , 431.47
330.42 , 427.47
340.92 , 424.97
351.9 , 423.47
363.47 , 423.72
374.7 , 422.72
386.05 , 421.97
397.38 , 422.72
408.6 , 423.72
419.8 , 424.72
430.77 , 426.21
441.63 , 427.97
440.66 , 438.45
433.87 , 447.25
425.35 , 454.78
416.57 , 461.73
407.67 , 468.21
398.25 , 473.37
388.1 , 476.46
377.38 , 478.47
365.9 , 478.97
354.85 , 477.68
345 , 473.81
335.6 , 468.67
326.85 , 461.67
318.75 , 453.35
313.64 , 443.92
318.15 , 436.72
325.67 , 430.96
335.05 , 429.72
344.92 , 429.47
354.7 , 429.97
364.57 , 430.22
374.07 , 431.22
383.95 , 431.47
393.45 , 430.47
402.97 , 429.47
412.85 , 429.22
422.85 , 429.22
432.72 , 428.97
441.89 , 430.3
436.72 , 437.9
428.85 , 442.76
420.75 , 446.96
412.85 , 451.72
404.8 , 456.06
396.12 , 458.71
386.85 , 460.22
377.22 , 460.97
367.6 , 460.23
358.57 , 458.15
349.82 , 455.65
341.22 , 452.78
333.15 , 448.47
325.62 , 442.7
405.43 , 315.52
407.87 , 310.57
411.98 , 306.21
416.86 , 303.53
421.91 , 301.28
427.28 , 299.78
432.98 , 299.02
438.95 , 298.77
444.56 , 299.77
449.9 , 301.26
454.62 , 304.43
455.3 , 309.65
450.31 , 312.14
445.06 , 313.75
439.56 , 315.03
433.86 , 315.77
428.13 , 316.52
422.28 , 317.02
416.33 , 317.27
410.38 , 317.53
332.58 , 315.39
328.95 , 310.49
323.72 , 307.72
318.15 , 305.96
312.07 , 305.21
305.62 , 305.21
299.55 , 305.97
293.7 , 307.21
288.12 , 308.95
282.82 , 311.52
277.9 , 314.96
283.05 , 317.87
288.5 , 319.96
294.32 , 321.2
300.17 , 322.46
306.62 , 322.46
313.07 , 322.46
319.4 , 322.71
325.72 , 322.46
331.57 , 321.24
394.45 , 272.99
399.05 , 266.35
407.45 , 265.74
415.75 , 264.99
424.07 , 264.24
432.38 , 263.49
440.8 , 262.99
449.48 , 262.99
457 , 265.22
463.72 , 269.77
469.55 , 275.84
466.65 , 282.49
458.32 , 281.74
450.02 , 280.99
441.85 , 281.99
433.55 , 282.74
424.88 , 282.74
416.2 , 282.74
408.25 , 281.26
400.57 , 279.14
333.86 , 290.42
333.33 , 283.16
327.53 , 278.4
321.06 , 275.41
314.08 , 273.66
306.63 , 272.9
299.63 , 271.16
291.93 , 271.42
284.93 , 273.07
278.58 , 276.41
273.43 , 282.06
268.83 , 287.91
275.08 , 291.41
281.48 , 288.26
288.88 , 288.91
296.58 , 289.16
304.15 , 289.66
311.73 , 290.16
318.95 , 291.4
326.65 , 291.66
