21161074_1
550.2 , 613.2
548.23 , 639.12
544.21 , 663.27
541.51 , 690.97
543.16 , 716.34
546.29 , 743.7
548.09 , 768.95
553.78 , 795.21
566 , 816.57
582.6 , 837.6
600.77 , 856.83
619.31 , 875.19
639.62 , 893.66
659.02 , 910.74
679.32 , 927.56
702.52 , 940.88
724.6 , 953.98
748.67 , 966.09
772.5 , 974.76
799.45 , 977.91
823.84 , 980.75
850.38 , 983.02
877.56 , 980.74
902.04 , 975.24
924.75 , 961.68
945.02 , 946.03
962.85 , 926.43
980.71 , 907.23
999.99 , 887.11
1015.4 , 868.4
1033.27 , 848.99
1051.36 , 830.24
1068.35 , 809.72
1082.25 , 786.64
1092.31 , 762
1099.96 , 736.11
1107.94 , 712.35
1116.21 , 687.31
1122.09 , 661.61
1119.19 , 636.25
1115.54 , 608.45
859.65 , 568.53
846.04 , 589.3
836.41 , 613.82
829.26 , 639.19
823.34 , 663.85
828.55 , 688.41
852.24 , 696.37
877.3 , 701.8
901.9 , 701.52
929.51 , 697.75
953.46 , 688.64
977.81 , 681.96
991.21 , 660.61
986.73 , 634.22
976.91 , 610.99
962.48 , 590.08
946.45 , 568.3
734.52 , 777.4
753 , 762.66
775.12 , 757.16
799.64 , 757.65
824.27 , 757.9
848.89 , 757.65
873.67 , 757.65
897.94 , 756.65
922.32 , 755.9
946.6 , 754.9
969.85 , 751.83
992.72 , 747.89
1016.02 , 750.4
1014.05 , 772.88
999.77 , 791.55
984.37 , 809.8
967.97 , 827.7
951.2 , 845.48
933.47 , 862.44
913.6 , 873.4
888.97 , 873.15
867.27 , 866.9
845.87 , 860.16
825.39 , 850.9
805.22 , 840.64
786.1 , 827.72
767.79 , 812.42
752.3 , 794.17
743.02 , 782.9
759.52 , 777.9
777.35 , 775.37
795.77 , 774.15
814.54 , 773.65
832.97 , 772.4
851.77 , 772.4
870.07 , 773.9
888.62 , 774.9
907.27 , 774.65
925.69 , 773.38
943.77 , 771.4
961.6 , 768.9
978.94 , 765.47
982.32 , 772.17
966.54 , 779.14
951.14 , 787.27
935.92 , 795.91
920.17 , 803.18
902.69 , 806.4
883.89 , 806.4
865.37 , 805.4
846.94 , 804.15
828.75 , 802.4
810.82 , 800.15
793.25 , 797.15
775.42 , 794.65
758.85 , 789.71
978.26 , 505.66
981.92 , 494.24
990.36 , 484.54
1000.86 , 478.4
1012.21 , 474.66
1024.13 , 471.91
1036.63 , 470.41
1048.88 , 472.42
1060.38 , 475.91
1071.18 , 481.31
1081.21 , 488.84
1085.01 , 499.66
1074.74 , 506.43
1063.79 , 511.4
1051.66 , 513.66
1039.04 , 514.91
1026.16 , 515.66
1013.43 , 514.66
1001.28 , 512.41
989.16 , 510.18
788.13 , 506.17
777.21 , 497.97
765.83 , 490.88
753.86 , 485.4
740.48 , 483.17
726.05 , 483.24
712.53 , 485.2
699.9 , 488.9
687.61 , 493.19
675.83 , 499.24
664.38 , 505.92
676.15 , 511.93
688.4 , 516.43
701.4 , 519.43
714.88 , 521.42
728.73 , 522.67
742.95 , 522.17
756.68 , 520.63
770.06 , 518.41
783.78 , 516.95
952.75 , 440.41
961.47 , 423.68
976.95 , 411.43
994.2 , 404.15
1012.83 , 399.92
1032.65 , 398.16
1052.35 , 396.16
1072.53 , 395.16
1090.9 , 399.88
1106.72 , 411.15
1117.53 , 426.94
1119.57 , 445.73
1101.9 , 439.81
1084.72 , 432.16
1064.42 , 432.91
1044.6 , 434.66
1025.25 , 437.41
1005.8 , 439.91
986.95 , 443.65
969.3 , 449.69
842 , 453.29
841.1 , 427.87
819.32 , 416.59
794.42 , 412.58
768.32 , 411.08
741.62 , 410.83
715.15 , 411.58
689.55 , 414.08
666.7 , 422.15
646.41 , 437.48
630.37 , 457.48
619.3 , 479.33
639.07 , 462.57
661.22 , 452.31
685.75 , 447.57
712.32 , 447.08
739.02 , 446.83
765.25 , 445.58
791.85 , 446.08
817.7 , 448.08
