2117134810_1
549.85 , 673.95
544.58 , 695.25
539.25 , 716.53
531.7 , 737.48
531.45 , 761.09
535.63 , 783.39
540.35 , 804.56
549.37 , 825.58
559.35 , 846.77
572.25 , 864.79
584.73 , 881.7
600.98 , 899.9
617.95 , 915.08
632.92 , 931.77
646.1 , 948.51
660.88 , 967.63
673.92 , 985.32
691.74 , 998.98
713.55 , 1007.12
735.18 , 1011.1
758.49 , 1010.4
780.14 , 1006.18
800.58 , 1000.14
822.04 , 990.14
840.2 , 978.31
857.89 , 963.78
874.95 , 947.57
889.73 , 932.73
903.5 , 914.39
916.65 , 894.46
929.52 , 877.89
941.51 , 858.02
953.95 , 838.47
966.58 , 819.06
977.87 , 800.79
986.26 , 778.52
993.3 , 756.74
1001.34 , 735.57
1006.82 , 714.57
1008.16 , 691.23
1009.39 , 668.55
732.87 , 674.78
722.73 , 686.18
713 , 698.19
707.86 , 714.31
714.09 , 728.03
727.26 , 739.68
740.13 , 748.68
753.9 , 757.32
769.31 , 763.83
784.07 , 762.18
798.64 , 755.02
811.26 , 745.01
824.12 , 735.02
833.79 , 722.39
830.02 , 707.31
821.59 , 692.19
811.35 , 678.94
679.05 , 812.65
689.22 , 805.47
701.17 , 802.66
713.4 , 800.41
725.85 , 798.65
738.8 , 799.4
750.05 , 803.65
762.25 , 805.9
774.47 , 803.65
786.82 , 801.65
800 , 801.9
812.47 , 803.65
824.8 , 805.65
837.02 , 807.91
847.02 , 815.62
837.97 , 824.47
827.07 , 829.91
815.2 , 832.89
802.12 , 833.4
788.95 , 833.15
776 , 832.4
762.92 , 831.9
750 , 831.15
737.17 , 830.14
724.95 , 827.92
713.52 , 824.16
702.07 , 820.39
691.15 , 815.13
700.55 , 810.9
708.6 , 808.9
716.52 , 811.16
724.02 , 814.38
732.2 , 816.14
740.97 , 815.65
749.65 , 816.4
757.72 , 818.33
766.5 , 818.9
775.4 , 818.65
783.82 , 817.4
792.35 , 816.41
801.27 , 816.15
809.7 , 814.88
818.1 , 816.17
810.72 , 816.65
801.67 , 816.65
793.02 , 817.4
784.47 , 818.4
775.82 , 819.15
767.15 , 819.9
758.25 , 819.65
749.6 , 818.9
741.17 , 817.64
732.75 , 816.41
724.57 , 814.66
716.92 , 811.93
708.97 , 809.66
830.33 , 604.79
839.36 , 600.26
848.03 , 594.61
856.75 , 589.14
865.66 , 584.03
875 , 580.27
884.93 , 577.8
895.83 , 577.29
906.23 , 578.76
915.13 , 583.85
921.55 , 592.24
921.09 , 603.12
912.88 , 609.77
903.23 , 612.78
892.68 , 614.04
881.78 , 613.54
871.01 , 612.79
860.61 , 611.29
850.21 , 609.78
840.26 , 607.29
704.82 , 603.42
702.98 , 597.4
695.57 , 590.75
688.55 , 583.47
681.15 , 576.85
673.25 , 571.67
664.33 , 569.17
654.35 , 569.07
644.95 , 570.69
636.25 , 573.67
628.33 , 578.85
622.25 , 586.42
629.67 , 593.09
637.9 , 597.41
646.5 , 600.67
655.6 , 602.9
665.3 , 603.91
675.38 , 603.67
685.17 , 602.91
695.12 , 602.42
815.01 , 530.2
830.61 , 521.86
848.63 , 524.2
866.51 , 527.2
883.81 , 531.49
900.56 , 536.68
917.74 , 541.2
934.76 , 545.95
950.06 , 555.02
962.95 , 568.65
972.76 , 583.7
956.01 , 584.45
939.53 , 578.72
923.21 , 572.41
906.31 , 567.44
889.01 , 563.2
872.09 , 558.27
854.38 , 554.94
836.13 , 552.72
819.52 , 547.35
728.95 , 531.12
723.73 , 515.52
708 , 508.8
690.7 , 505.58
673 , 503.06
654.23 , 503.31
636.05 , 504.81
618.38 , 507.32
601.45 , 511.38
586.14 , 519.44
576.85 , 534.24
572.53 , 551.06
589.4 , 547.68
605.33 , 541.57
622.2 , 537.31
640 , 535.06
657.93 , 533.06
676.23 , 531.81
694.63 , 532.81
712.2 , 535.56
