2117789390_1
309.43 , 431.9
309.09 , 443.7
310.84 , 457.15
313.64 , 469.04
317.45 , 482.02
321.01 , 494.92
322.86 , 506.86
325.05 , 519.92
331.01 , 531.68
336.23 , 543.93
343.91 , 554.1
351.94 , 562.99
362.09 , 571.06
373 , 579.49
382.96 , 586.47
395.72 , 592.02
407.16 , 595.4
419.98 , 598.24
433.43 , 600.53
446.34 , 602.6
458.27 , 604.31
471.5 , 606.01
483.74 , 608.08
497.1 , 608.5
510.42 , 607.62
522.74 , 606.55
534.61 , 603.29
546.17 , 595.63
555.1 , 587.23
565.42 , 578.34
573.74 , 568.47
581.46 , 559.04
589.37 , 548.99
595.13 , 536.36
599.53 , 524.46
603.15 , 512.8
606.82 , 499.31
609.64 , 486.84
611.81 , 473.71
613.71 , 461.06
614.93 , 448.03
438.6 , 417.1
436.38 , 428.01
430.89 , 437.32
424.78 , 447.96
423.97 , 458.99
433.53 , 466.3
442.79 , 471.44
454.54 , 474.88
465.99 , 476.09
477.86 , 475.71
489.16 , 473.77
499.64 , 470.65
508.1 , 461.85
507.74 , 450.58
500.97 , 442.22
496.33 , 431.43
493 , 419.44
396.15 , 515.11
404.9 , 510.36
413.88 , 506.1
422.85 , 501.91
432.12 , 498.63
442.27 , 497.12
452.32 , 498.87
462.07 , 501.29
472.45 , 502.36
482.85 , 501.36
493.52 , 501.86
502.75 , 505.36
511.5 , 510.2
520.62 , 513.85
529.4 , 518.61
522.88 , 525.37
512.92 , 527.34
503.02 , 529.39
493.62 , 532.37
483.67 , 534.35
473.5 , 535.86
462.72 , 536.11
452.32 , 535.13
442.27 , 533.39
432.52 , 530.98
423.67 , 526.37
414.8 , 521.85
405.82 , 517.63
405.9 , 512.61
413.88 , 510.61
422.57 , 510.11
431.3 , 509.61
440 , 509.11
448.7 , 509.61
456.82 , 511.29
465.07 , 512.79
473.75 , 512.36
482.45 , 511.86
491.27 , 512.11
499.7 , 513.15
507.97 , 514.59
516.08 , 516.34
524.3 , 517.87
517.92 , 517.61
509.32 , 516.86
500.62 , 516.36
491.8 , 516.11
483.07 , 516.61
474.5 , 517.36
465.82 , 516.79
457.55 , 515.38
449.22 , 514.1
440.88 , 512.86
432.05 , 513.11
423.32 , 513.61
414.38 , 513.61
507.31 , 384.11
511.09 , 378.08
516.96 , 373.68
523.49 , 371.09
530.51 , 369.61
537.78 , 368.61
545.53 , 368.61
552.78 , 369.61
559.24 , 372.35
565.2 , 376.49
569.39 , 382.46
567.81 , 389.28
561.61 , 392.57
554.96 , 394.85
547.59 , 395.61
540.21 , 394.88
533.43 , 392.86
526.28 , 391.61
519.51 , 389.62
511.91 , 389.88
429.65 , 379.22
428.53 , 372.75
423.1 , 367.55
417.25 , 363.48
410.98 , 360.51
404.23 , 358.76
397 , 358
390 , 359.25
383.7 , 362.06
377.58 , 365.44
372.03 , 370.25
366.53 , 375.25
372.73 , 378.27
379.5 , 380
386.35 , 381.49
393.6 , 382.25
400.95 , 382.75
408.3 , 382.25
415.43 , 381.25
422.65 , 380.5
492.8 , 347.92
502.38 , 341.1
512.95 , 336.89
524.05 , 333.92
535.3 , 331.17
546.77 , 328.92
559.2 , 328.67
570.67 , 330.94
581.6 , 334.21
592.22 , 338.11
599.92 , 347.27
595.87 , 357.23
584.9 , 354.01
574.53 , 349.17
561.98 , 349.17
549.9 , 350.17
537.92 , 351.42
526.23 , 353.17
514.62 , 355.17
502.8 , 353.67
440.64 , 337.91
430.46 , 330.23
419.69 , 324.19
408.41 , 319.58
395.91 , 317.6
382.94 , 316.6
369.49 , 316.58
357.01 , 318.67
345.41 , 322.32
333.96 , 326.45
324.84 , 336.1
335.62 , 342.11
348.21 , 343.84
360.46 , 341.33
372.96 , 339.32
386.29 , 339.1
399.16 , 340.35
411.41 , 342.84
423.44 , 345.85
436.14 , 347.39
