2118601275_1
394.8 , 556.8
395.89 , 577.37
396.66 , 597.5
397.46 , 617.69
398.7 , 640.51
400.4 , 659.65
404.89 , 681.24
411.51 , 700.38
420.29 , 720.38
429.71 , 739.22
440.85 , 757.1
453.68 , 773.13
470.2 , 786.77
485.24 , 798.55
502.1 , 813.2
518.17 , 826.22
535.13 , 838.44
553.7 , 849.35
571.48 , 857.4
591.16 , 865.05
613.12 , 869.47
632.99 , 865.66
653.13 , 859.55
672.04 , 850.62
690.56 , 841.14
708.26 , 830.5
726.06 , 817.57
742 , 805.51
758.95 , 792.11
774.14 , 779.53
788.8 , 764
800.06 , 746.69
811.46 , 729.02
820.5 , 710.04
827.85 , 690.01
834.31 , 670.15
838.95 , 649.87
842.57 , 628.66
846.65 , 609.31
849.75 , 587
850.35 , 565.9
556.4 , 592.19
548.06 , 604.05
540.25 , 617
538.97 , 633.46
546.36 , 647.07
558.37 , 654.86
572.85 , 660.44
587.81 , 662.95
604.38 , 664.91
619.94 , 664.29
635.23 , 664.59
650.29 , 660.14
664.38 , 653.34
671.6 , 639.97
668.7 , 625.27
662.62 , 611.52
652.43 , 598.37
511.28 , 709.3
524.43 , 701.4
539.61 , 698.31
556.05 , 697.8
572.13 , 699.05
588.45 , 699.8
603.8 , 702.56
619.88 , 701.3
635.95 , 700.05
652.4 , 700.55
668.73 , 701.3
685.05 , 702.05
700.78 , 704.05
704 , 718.07
692.93 , 730.15
681.51 , 742.07
669.7 , 753.87
657.43 , 764.4
643.83 , 771.26
628.73 , 774.55
612.63 , 775.8
596.7 , 774.23
581.78 , 770.55
567.83 , 764.84
554.93 , 756.19
542.58 , 745.85
530.66 , 734.43
520.69 , 721.97
513.53 , 709.3
526.28 , 705.3
540.73 , 704.55
555.28 , 704.05
569.83 , 704.55
583.65 , 706.54
597.11 , 709.33
611.43 , 710.3
625.73 , 709.3
639.93 , 708.06
654.11 , 706.8
668.65 , 706.3
683.23 , 705.8
697.53 , 706.8
693.08 , 717.79
681.15 , 724.17
668.78 , 729.3
656.36 , 734.27
643.86 , 738.98
630.18 , 741.3
615.98 , 742.55
601.68 , 743.55
587.38 , 742.58
574.03 , 739.55
561.05 , 735.81
547.98 , 732.25
535.86 , 726.36
524.08 , 719.61
663.61 , 533.71
667.58 , 523.48
676.36 , 515.46
686.31 , 510.47
696.71 , 506.94
707.88 , 504.96
719.94 , 505.21
731.24 , 506.95
742.09 , 509.69
752.24 , 513.84
761.56 , 520.45
767.4 , 530.01
757.88 , 534.96
745.74 , 534.96
734.09 , 535.96
722.41 , 536.96
710.38 , 537.21
698.46 , 536.7
687.16 , 534.96
675.36 , 534.21
552.42 , 536.66
549.18 , 524.48
539.1 , 515.95
527.65 , 511.21
515.17 , 508.71
501.75 , 508.21
488.42 , 508.96
475.47 , 510.43
464.05 , 515.3
453.27 , 521.84
443.28 , 530.58
434.9 , 540.71
447.88 , 539.21
459.97 , 535.96
472.57 , 533.71
485.88 , 534.46
498.72 , 536.21
512.02 , 536.96
525.35 , 536.21
539.02 , 536.21
660.6 , 482.41
669.01 , 470.21
682.05 , 463.95
696.55 , 461.15
711.55 , 459.41
727.4 , 459.41
742.78 , 460.41
757.78 , 462.18
771.53 , 466.43
784.05 , 473.89
795.8 , 483.63
791.3 , 495.66
776.05 , 494.43
762.4 , 489.95
748.12 , 486.66
733.12 , 484.91
717.78 , 485.98
703.35 , 488.91
688.45 , 490.91
673.35 , 489.41
556.85 , 494.94
556.07 , 478.38
542.75 , 468.7
527.43 , 464.38
510.93 , 462.38
493.61 , 462.13
476.5 , 461.38
460.13 , 459.12
444.38 , 462.68
430.53 , 470.79
419.62 , 483.68
412.43 , 497.88
428.11 , 501.63
444.11 , 498.63
459.5 , 494.36
475.38 , 491.12
492.73 , 490.88
508.73 , 493.87
524.4 , 497.61
541.25 , 498.88
