1110051647_2
371.7 , 484.5
374.15 , 497.85
377.55 , 512.19
379.82 , 525.88
383.11 , 540.83
386.09 , 554.18
389.1 , 568.49
392.49 , 582.57
397.59 , 596.26
405.54 , 609.43
414.21 , 620.38
422.63 , 631.84
430.17 , 644.09
438.07 , 656.34
447 , 667.94
457.59 , 677.93
469.37 , 686.27
482.18 , 692.85
496.93 , 697.85
510.76 , 701.1
524.85 , 703.35
539.79 , 704.82
553.22 , 704.25
567.89 , 701.35
580.43 , 694.49
592.63 , 685.69
603.55 , 675.87
612.32 , 665.87
622.88 , 654.14
632.49 , 643.2
641.34 , 633.43
650.54 , 622.05
659.21 , 610.58
667.41 , 597.19
673.23 , 584.24
678.15 , 570.93
682.4 , 557.62
687.02 , 542.93
691.24 , 529.32
694.6 , 515.5
698.2 , 500.4
512.15 , 476.3
502.85 , 485
495.55 , 495.6
493.25 , 507.5
494.79 , 520.15
504.21 , 528.81
516.02 , 535.01
528.45 , 537.17
541.14 , 539.55
553.27 , 538.45
566.6 , 538.16
578.2 , 533.14
586.04 , 523.74
590.48 , 510.59
586.94 , 498.5
581.07 , 486.96
574.75 , 475.4
458.9 , 580.5
469.45 , 574.48
481.75 , 572.49
493.02 , 568.47
504.55 , 564.97
516.38 , 562
528.67 , 563.99
540.35 , 567.25
551.65 , 563.25
564.17 , 564.74
575.27 , 569.22
586.1 , 574.68
596.62 , 580.94
599.15 , 592.75
591.43 , 602.7
583.88 , 612.77
575.63 , 622.52
565.9 , 631
555.42 , 637.24
544.38 , 642
532.08 , 644
519.1 , 643.46
507.95 , 639.06
498.5 , 629.87
491.15 , 619.75
483.06 , 609.92
475.9 , 599.75
468.35 , 589.7
475.15 , 582.25
482.67 , 579.5
491 , 578.25
499.92 , 578.25
508.25 , 579.49
517.07 , 579.75
525.4 , 581
533.73 , 582.28
542.52 , 582
551.07 , 581.25
559.77 , 580.75
568.58 , 580.5
576.98 , 581.57
585 , 583.5
583.73 , 590.18
576.1 , 592.79
568.5 , 595.47
560.92 , 598.24
553.33 , 601
545.38 , 603
536.7 , 603.5
528.22 , 602.57
519.92 , 601.26
511.95 , 599.29
504.25 , 596.84
496.7 , 594.03
489.3 , 590.66
482.07 , 586.9
600.65 , 427.51
603.12 , 423.04
607.45 , 420
612.05 , 417.73
616.82 , 416
621.85 , 414.75
627.35 , 414.51
632.85 , 414.76
637.88 , 416
642.4 , 418.51
646.65 , 421.74
644.18 , 426.24
640.92 , 430.48
636.42 , 432.99
631.3 , 434.01
625.67 , 434.01
620.42 , 433.26
615.3 , 432.25
610.27 , 431.02
605.25 , 429.73
493.92 , 423.67
490.37 , 418.77
485.58 , 414.73
480.5 , 411.4
475.05 , 409.14
469.15 , 407.91
462.98 , 407.15
456.7 , 406.65
450.55 , 407.41
445 , 409.4
439.75 , 412.15
442.32 , 417.5
447 , 421.9
452.2 , 424.86
457.73 , 426.9
463.65 , 428.15
470.05 , 427.9
475.95 , 426.65
481.35 , 424.16
487.5 , 423.4
579.3 , 389.99
583.8 , 379.24
594.3 , 373.74
605.77 , 370.74
618 , 369.24
630.07 , 367.49
641.92 , 365.22
653.52 , 367.97
664.65 , 371.59
675.27 , 376.73
684.75 , 384.94
688.35 , 394.72
677.15 , 391.22
665.52 , 388.49
653.32 , 386.99
640.52 , 386.74
627.95 , 387.49
615.12 , 387.74
602.92 , 386.22
591.95 , 390.23
515.53 , 385.41
513.42 , 374.66
503.38 , 368.38
492.32 , 364.83
480.57 , 362.67
468.62 , 360.88
456.88 , 358.65
444.9 , 356.9
433.32 , 359.47
422.92 , 364.87
413.4 , 372.65
404.15 , 381.15
415.75 , 383.64
428.45 , 383.9
441.27 , 383.9
453.85 , 384.4
466.17 , 385.4
478.4 , 386.65
490.85 , 387.4
503.42 , 386.9
