2118655483_1
880.13 , 1121.55
875.95 , 1159.86
874.71 , 1197.98
875.81 , 1234.85
876.69 , 1275.46
877.08 , 1313.28
876.69 , 1352.43
876.76 , 1392.89
880.95 , 1429.6
893.24 , 1467.27
911.19 , 1500.88
933.46 , 1530.52
958.13 , 1561.33
985.19 , 1590.82
1015.92 , 1610.4
1054.16 , 1623.16
1092.29 , 1632.32
1131.52 , 1639.98
1167.75 , 1650.61
1204.88 , 1650.14
1242.31 , 1643.44
1283.83 , 1639.67
1322.23 , 1636.53
1359.88 , 1631.69
1399.51 , 1623.28
1436.08 , 1612.81
1472.43 , 1599.09
1508.71 , 1584.64
1544.73 , 1570.32
1580.32 , 1555.81
1615.79 , 1537.16
1649.66 , 1518.74
1674.33 , 1492.64
1700.32 , 1460.37
1722.26 , 1430.63
1741.73 , 1396.57
1758.7 , 1359.81
1773.26 , 1326.29
1790.39 , 1290.67
1805.74 , 1255.35
1823.79 , 1218.45
1057 , 1080.05
1044.52 , 1104
1033.03 , 1129.7
1023.76 , 1156.97
1029.47 , 1186.91
1046.22 , 1208.42
1072.71 , 1216.23
1102.69 , 1212.66
1130.57 , 1213.53
1161.31 , 1213.95
1187.65 , 1215.76
1216.7 , 1212.36
1242.28 , 1196.88
1244.62 , 1168.44
1238.28 , 1140.5
1230.27 , 1113.22
1218.39 , 1086.1
988.18 , 1381.25
994.96 , 1356.95
1014.76 , 1338.17
1031.5 , 1317.65
1052.25 , 1301.46
1075.68 , 1293
1101.86 , 1290.07
1128.83 , 1288.75
1153.03 , 1295.6
1175.33 , 1307.49
1198.13 , 1317.99
1221.2 , 1327.51
1243.98 , 1338.04
1265.8 , 1351.12
1287.43 , 1364.75
1308.63 , 1379.47
1301.26 , 1399.97
1275.61 , 1404
1249.58 , 1407.24
1222.93 , 1409.25
1196.18 , 1407.5
1170.63 , 1403.25
1144.73 , 1399.75
1117.73 , 1398.52
1091.28 , 1396.1
1065.43 , 1392.5
1039.53 , 1389
1012.65 , 1387.5
1007.43 , 1363
1025.3 , 1352.38
1045.4 , 1347.02
1066.45 , 1343.75
1088.61 , 1344.75
1110.65 , 1346
1131.73 , 1349.27
1152.9 , 1352.23
1174.33 , 1354.77
1195.73 , 1357.29
1216.33 , 1361.47
1237.15 , 1365.25
1257.98 , 1369
1277.25 , 1375.81
1296.23 , 1383.48
1278.5 , 1379.27
1258.36 , 1374
1238.11 , 1369
1217.86 , 1363.98
1197.48 , 1359.29
1176.55 , 1355.74
1154.9 , 1353.73
1133.7 , 1350.76
1112.63 , 1347.5
1090.25 , 1348
1067.95 , 1347.25
1046.3 , 1349.26
1026.05 , 1354.22
1283.83 , 977.58
1295.68 , 963.98
1308.95 , 951.21
1323.25 , 941.35
1338.5 , 933.9
1354.83 , 929.33
1372.45 , 927.34
1390.18 , 929.07
1406.7 , 933.33
1422.15 , 940.14
1436.78 , 949.06
1443.21 , 962.84
1425.33 , 964.33
1407.23 , 965.33
1388.9 , 965.83
1370.68 , 965.08
1352.55 , 966.08
1334.95 , 968.08
1316.48 , 968.31
1300.7 , 974.08
1081.65 , 973.45
1072.26 , 965.09
1062.78 , 956.93
1052.36 , 951.45
1041.51 , 947.19
1029.95 , 944.44
1017.4 , 944.17
1005.86 , 946.96
995.68 , 953.11
987.87 , 962.72
981.67 , 972.87
974.63 , 982.69
987.18 , 981.94
999.08 , 979.93
1011.13 , 978.19
1023.25 , 976.56
1036.06 , 976.44
1048.83 , 976.69
1061.48 , 977.19
1073.88 , 978.19
1233.63 , 876.63
1246.12 , 847.16
1273.63 , 829.63
1304.01 , 819.51
1335.18 , 810.84
1367.11 , 803.63
1401.78 , 802.16
1435.01 , 806.13
1466.53 , 814.16
1496.78 , 824.62
1525.11 , 840.37
1511.51 , 856.01
1481.63 , 844.63
1451.51 , 833.86
1420.03 , 825.87
1386.08 , 824.38
1353.81 , 830.94
1325.06 , 845.86
1295.83 , 859.18
1268.41 , 877.63
1119.25 , 860.26
1107.86 , 850.4
1095.73 , 842.74
1083.06 , 836.31
1069.88 , 831.64
1056.95 , 825.99
1042.65 , 823.49
1027.9 , 825.06
1015.11 , 831.08
1003.42 , 840.04
995.98 , 852.24
1010.15 , 849.5
1024.33 , 846.75
1039.01 , 848.48
1051.61 , 855.08
1064.13 , 861.73
1076.88 , 867.89
1089.83 , 873.33
1103.56 , 877.06
1117.53 , 874.22
