2124611787_1
270.45 , 502.38
267.71 , 516.75
266.49 , 534.16
265.32 , 550.07
264.66 , 566.09
263.96 , 582.18
264.99 , 596.91
267.61 , 613.44
269.36 , 629.47
273.95 , 645.46
279.83 , 659.85
286.53 , 674.88
293.6 , 688.18
302.51 , 702.57
311 , 715.08
320.94 , 728.72
331.35 , 740
344.17 , 750.75
358.05 , 759.37
372.81 , 765.7
388.56 , 770.48
404.29 , 773.53
418.9 , 773.95
436.24 , 771.81
451.18 , 768.95
466.41 , 764.68
482.28 , 758.54
496.31 , 753.05
511.26 , 745.78
524.99 , 736.29
536.1 , 726.3
547.75 , 714.5
559.3 , 702.81
569.98 , 690.32
578.5 , 678.49
586.89 , 664.6
594.24 , 649.57
600.45 , 634.14
605.48 , 619.87
610.85 , 604.02
615.33 , 588.15
400.6 , 515.94
391.7 , 525.58
381.03 , 535.76
374.83 , 547.46
377.58 , 561.62
386.74 , 571.74
396.77 , 582.05
407.34 , 591.95
419.55 , 598.25
433.37 , 596.87
447.31 , 592.59
460.32 , 588.76
472.64 , 582.65
483.26 , 572.7
483.57 , 559.22
477.31 , 546.2
469.85 , 533.25
321.45 , 594.96
335.6 , 587.57
350.8 , 591.99
365.93 , 596.69
380.9 , 601.67
395.4 , 608.16
410.05 , 614.05
425.3 , 618.56
441.75 , 620.71
458.25 , 622.7
475.02 , 624.21
491.32 , 626.58
506.67 , 630.96
506.53 , 647.39
493.8 , 658.71
480.52 , 668.61
467.07 , 677.84
453.1 , 685.74
437.85 , 690.21
420.97 , 688.98
405.43 , 684.95
390 , 680.74
375.5 , 674.22
362.28 , 664.28
350.46 , 651.74
340.85 , 638.38
333.7 , 624.09
327.7 , 609.46
335.95 , 597.46
349.45 , 600.21
362.5 , 603.98
375.23 , 608.23
387.62 , 613.45
399.4 , 620.42
411.6 , 626.37
425.55 , 628.31
440.12 , 627.96
454.62 , 627.21
469.02 , 626.22
483.4 , 627.22
496.95 , 629.96
507.45 , 637.98
497.6 , 648.27
485.73 , 654.94
473.23 , 659.94
459.92 , 663.21
446.02 , 665.21
431.62 , 665.68
417.5 , 664.23
404.35 , 660.61
391.55 , 656.47
379.15 , 651.19
367.75 , 643.26
357.44 , 632.63
349.07 , 621.36
342.07 , 609.61
497.3 , 481.01
504.32 , 480.01
511.6 , 479.51
519.02 , 479.76
526.42 , 480.01
533.45 , 481
540.27 , 482.49
546.98 , 484.19
553.42 , 486.38
559.6 , 489.3
565.35 , 493.52
559.1 , 493.28
552.15 , 492.11
545.25 , 490.74
538.58 , 489.03
531.92 , 487.25
524.88 , 486.25
518.08 , 484.77
511.38 , 483.01
504.23 , 482.26
397.45 , 456.47
391.4 , 452.46
385.02 , 449.34
378.55 , 446.48
371.75 , 444.47
364.57 , 443.21
357.15 , 442.46
349.38 , 442.46
342.02 , 443.34
335.17 , 445.2
328.65 , 447.71
335.1 , 450.47
342.15 , 451.96
349.92 , 451.96
357.47 , 451.46
365 , 450.96
372.77 , 450.96
380.27 , 451.59
387.3 , 453.11
393.88 , 455.7
495.86 , 451.01
501.37 , 441.99
510.36 , 436.26
520.38 , 433.26
531.63 , 433.26
541.63 , 436.27
551.31 , 439.98
560.91 , 443.99
570.88 , 447.03
580.54 , 450.98
589.34 , 457.25
591.13 , 464.53
581.66 , 460.05
571.38 , 457.51
560.38 , 456.51
549.26 , 455.76
537.88 , 455.51
526.88 , 456.51
515.88 , 457.51
505.11 , 456.01
419.94 , 422.56
414.2 , 413.05
405.01 , 406.6
395.16 , 401.74
384.88 , 398.23
373.84 , 396.24
362.79 , 394.22
351.86 , 391.98
340.21 , 391.2
329.54 , 394.03
320.86 , 401.98
332.41 , 400.98
344.29 , 400.74
354.84 , 403.74
364.71 , 408.49
374.54 , 413.38
384.04 , 419.13
393.44 , 425.05
403.36 , 429.48
414.29 , 431.74
