2125467698_1
153.4 , 377.75
154.99 , 390.41
157.7 , 404.36
161.27 , 418.09
165.49 , 431.57
169.81 , 444.78
175.19 , 458.66
180.62 , 471.04
187.39 , 484.28
193.6 , 496.14
202.28 , 508.43
211.79 , 518.58
221.68 , 528.34
231.64 , 538.5
241.39 , 548.94
252.5 , 557.81
264.52 , 565.18
276.18 , 571.57
290.05 , 576.14
303.87 , 578.35
317.22 , 579.73
332.52 , 579.03
346.27 , 578.1
359.29 , 576.07
373.77 , 571.76
386.31 , 566.87
399.3 , 561.27
411.34 , 554.69
423.93 , 546
434.66 , 536.86
444.51 , 527.26
453.08 , 516.52
460.67 , 504.55
467.76 , 491.64
473.94 , 479.05
479.56 , 467.15
485.22 , 453.81
489.3 , 439.4
492.96 , 427.12
492.57 , 412.5
491.05 , 397.69
267.97 , 384.43
262.14 , 395.02
254.45 , 405.05
249.45 , 416.57
253.45 , 428.65
264.93 , 434.3
276.44 , 438.06
289.7 , 441.25
301.49 , 442.99
314.95 , 442.13
326.91 , 439.34
339.21 , 434.18
348.77 , 426.3
347.94 , 413.75
340.8 , 404.18
331.87 , 394.87
323.18 , 384.54
240.34 , 472.67
251.72 , 472.17
262.99 , 472.92
274.62 , 472.92
286.12 , 472.67
297.01 , 474.17
308.42 , 473.67
319.19 , 471.93
330.34 , 472.92
341.59 , 473.67
353.22 , 473.67
364.48 , 472.93
367.33 , 482.72
361.6 , 491.82
355.09 , 500.67
347.79 , 509.23
339.01 , 515.92
329.74 , 521.14
319.29 , 523.66
308.51 , 525.42
297.12 , 525.92
285.49 , 525.94
274.84 , 523.92
265.22 , 519.57
257.75 , 511.1
252.6 , 501.75
248.09 , 492.17
244.36 , 482.35
257.84 , 473.92
265.89 , 474.92
273.69 , 476.43
281.49 , 477.91
289.31 , 479.42
297.01 , 481.16
304.72 , 482.91
312.89 , 482.17
320.59 , 480.42
328.51 , 479.17
336.44 , 477.92
344.99 , 477.92
353.04 , 476.92
360.84 , 475.43
354.59 , 480.92
348.17 , 485.84
341.42 , 489.86
334.29 , 492.9
327.16 , 495.94
319.74 , 498.16
311.81 , 499.42
303.64 , 500.17
295.22 , 499.92
287.29 , 498.68
279.87 , 496.43
273.01 , 492.59
266.77 , 487.1
261.1 , 480.95
347.9 , 335.92
351.17 , 329.9
356.6 , 324.95
362.38 , 320.93
368.42 , 317.65
374.67 , 314.92
381.45 , 313.42
388.85 , 313.15
395.52 , 314.89
401.67 , 317.94
407.65 , 321.25
409.02 , 327.66
402.88 , 330.68
396.45 , 332.9
389.67 , 334.42
382.52 , 335.17
375.25 , 334.7
368.35 , 333.42
361.12 , 332.94
354.77 , 335.42
256.15 , 329.28
254.54 , 322.81
250.56 , 317.32
244.86 , 313.9
238.89 , 311.16
232.39 , 309.66
225.66 , 308.66
218.71 , 309.17
212.11 , 310.43
206.29 , 313.52
201.11 , 318.43
197.14 , 323.91
203.34 , 325.92
210.19 , 326.66
217.26 , 326.91
223.99 , 327.92
230.21 , 329.93
236.71 , 331.4
243.31 , 332.66
250.51 , 332.69
330.79 , 315.33
338.21 , 307.66
346.84 , 302.79
355.79 , 298.83
365.49 , 296.62
375.64 , 295.34
386.07 , 294.58
396.37 , 295.57
406.67 , 296.61
416.22 , 299.09
424.26 , 305.56
423.84 , 314.57
413.92 , 312.83
403.27 , 312.58
392.49 , 312.58
382.07 , 313.33
371.39 , 313.08
360.62 , 313.09
350.57 , 314.58
340.87 , 316.83
259.76 , 301.33
250.98 , 295.8
241.53 , 292.29
232.06 , 288.85
222.26 , 286.02
211.88 , 284.36
201.43 , 282.84
190.73 , 281.84
179.73 , 282.19
169.81 , 284.86
161.08 , 290.34
170.28 , 294.6
180.28 , 297.1
190.28 , 299.55
200.61 , 301.35
211.53 , 300.84
222.61 , 301.09
233.53 , 301.59
243.86 , 303.33
253.43 , 306.68
