2127986751_1
216.63 , 411.58
220.63 , 424.63
225.57 , 438.99
230.98 , 453.43
235.78 , 467.79
241.28 , 481.68
247.64 , 495.22
255.48 , 507.91
264.04 , 518.4
274.75 , 528.99
284.77 , 539.81
293.56 , 551.72
302.65 , 563.82
312.61 , 574.9
325.49 , 584
338.29 , 590.24
353.37 , 594.24
368.1 , 596.98
381.86 , 599.78
397.32 , 600.99
411.92 , 600.78
426.83 , 599.31
441.3 , 596.84
455.09 , 592.58
468.8 , 585.16
479.5 , 575.97
489.55 , 564.03
498.16 , 552.57
507.62 , 539.88
515.33 , 527.63
521.97 , 514.72
528.46 , 501.78
535.97 , 489.01
543.85 , 475.38
550.66 , 462.65
557.19 , 448.64
563.62 , 435.14
568.79 , 420.95
572.84 , 406.71
576.92 , 392.98
579.75 , 377.54
376.3 , 390.85
369.35 , 404.15
359.98 , 416.59
356.05 , 432.21
354.91 , 447.77
364.41 , 459.9
377.99 , 464.31
393.78 , 465.02
409.98 , 462.99
425.48 , 462.94
441.55 , 462.11
457.14 , 458.33
466.38 , 447.5
468.12 , 432.19
460.46 , 417.14
454.25 , 402.94
451.93 , 387
342.66 , 513.07
353.14 , 508.56
365.16 , 509.82
377.69 , 510.07
389.96 , 509.32
402.24 , 508.57
414.41 , 507.57
426.44 , 506.32
438.29 , 504.69
450.06 , 502.92
461.69 , 500.83
472.88 , 497.82
484.23 , 495.08
485.54 , 505.42
478.66 , 515.07
471.66 , 524.72
463.54 , 533.95
454.29 , 542.07
443.99 , 547.29
433.29 , 551.34
421.84 , 553.82
409.69 , 554.82
397.59 , 553.75
386.29 , 550.94
375.79 , 546.32
365.89 , 540.04
356.48 , 532.4
348.46 , 523.14
349.16 , 512.82
359.79 , 512.83
369.24 , 515.35
378.46 , 518.11
388.09 , 520.25
398.56 , 520.57
409.21 , 520.57
419.26 , 519.29
429.16 , 517.82
438.46 , 515.05
447.74 , 512.3
457.06 , 509.66
466.04 , 506.19
474.84 , 502.13
481.01 , 499.98
472.29 , 504.2
463.59 , 508.58
454.94 , 513.06
446.04 , 516.8
436.76 , 519.54
427.31 , 522.1
417.41 , 523.57
407.24 , 524.57
396.71 , 524.32
386.61 , 523.28
377.06 , 520.97
367.61 , 518.53
358.44 , 515.58
461.18 , 320.6
463.33 , 313.45
467.86 , 307.17
473.7 , 301.57
480.11 , 297.41
486.98 , 294.6
494.46 , 293.1
502.56 , 293.35
510.28 , 294.36
517.15 , 297.08
523.62 , 301.04
526.96 , 307.59
520.53 , 311.54
513.9 , 315.12
507.08 , 318.07
500 , 320.35
492.53 , 321.85
484.68 , 322.6
476.48 , 322.6
468.5 , 322.1
341.04 , 331.94
337.05 , 325.44
331.38 , 319.49
324.91 , 315.35
317.73 , 313.11
309.81 , 313.87
302.25 , 315.36
295.21 , 317.88
288.48 , 321.36
282.11 , 325.74
275.98 , 330.86
281.93 , 336.55
288.33 , 340.87
295.13 , 344.14
302.43 , 346.12
310.61 , 346.36
318.41 , 345.36
325.86 , 343.62
333.41 , 342.11
340.45 , 339.63
462.41 , 259.65
470.76 , 252.77
480.31 , 249.12
490.11 , 246.19
499.81 , 243
509.79 , 240.28
520.29 , 238.62
531.09 , 239.65
540.61 , 243.39
549.21 , 249.66
555.75 , 258.02
549.33 , 265.89
538.88 , 267.67
528.56 , 269.65
517.51 , 269.15
506.59 , 269.9
495.91 , 268.65
484.74 , 268.37
474.79 , 271.14
463.96 , 270.17
344.17 , 283.06
334.54 , 275.94
323.46 , 272.78
311.54 , 271.29
299.74 , 273.03
287.84 , 274.52
276.29 , 276.76
265.37 , 280.3
255.09 , 285.59
246.08 , 294.33
240.64 , 304.53
250.26 , 311.65
261.71 , 314.02
273.06 , 311.29
284.39 , 308.53
295.09 , 304.57
305.79 , 300.5
316.69 , 297.01
328.37 , 295.03
340.16 , 293.28
