212960843_1
341.6 , 455.85
342.27 , 467.96
343.76 , 481.37
346.28 , 494.55
349.45 , 507.72
352.55 , 521.36
355.83 , 533.6
360.65 , 546.63
366.5 , 557.8
373.6 , 570.19
382 , 580.21
391.06 , 589.59
401.93 , 597.65
412.73 , 606.18
423.12 , 613.42
434.57 , 620.42
447.55 , 626.3
460.06 , 630.54
472.95 , 633.41
485.99 , 634.33
498.66 , 632.8
512.37 , 629.26
524.9 , 625.7
538.03 , 621.79
550 , 617.64
562.82 , 611.4
574.83 , 606
586.96 , 599.76
596.72 , 590.78
606.43 , 583.11
617.99 , 574.92
627.66 , 566.46
636.63 , 555.96
643.56 , 544.74
649.06 , 532.74
653.59 , 519.58
656.6 , 506.95
661.35 , 494.1
662.92 , 481.19
665.42 , 468.73
665.2 , 454.15
425.75 , 464.25
421.83 , 473.9
416.65 , 482.93
411.37 , 492.97
414.56 , 503.09
423.28 , 508.9
434.49 , 509.58
445.46 , 509.64
456.29 , 511.58
466.5 , 511.75
477.86 , 511.66
488.64 , 511.1
496.13 , 504.5
496.09 , 493.07
491.88 , 483.25
485.91 , 473.93
481.05 , 463.94
413.14 , 551.67
420.94 , 549.44
428.29 , 545.89
435.71 , 542.64
443.81 , 544.42
451.19 , 547.94
458.89 , 545.42
467.49 , 544.68
475.37 , 546.9
483.26 , 549.04
490.96 , 551.49
498.79 , 553.82
506.37 , 556.65
513.98 , 559.27
509.69 , 565.89
502.96 , 571.16
495.96 , 575.61
488.51 , 578.8
480.59 , 580.91
472.37 , 582.42
464.01 , 583.67
455.44 , 584.42
446.62 , 584.15
438.76 , 581.95
431.31 , 578.63
424.61 , 573.4
420.88 , 566.1
417.4 , 558.72
420.14 , 555.42
426.24 , 556.17
432.37 , 556.92
438.46 , 557.67
444.46 , 558.68
450.34 , 559.92
456.12 , 561.42
462.46 , 561.67
468.34 , 560.42
474.31 , 559.42
480.44 , 558.67
486.66 , 559.17
493.04 , 558.92
499.39 , 558.67
505.52 , 558.92
499.54 , 559.92
493.41 , 560.67
487.19 , 561.17
480.81 , 561.42
474.46 , 561.17
468.37 , 561.92
462.12 , 562.42
455.64 , 562.42
449.51 , 561.67
443.64 , 560.42
437.89 , 558.92
432.14 , 557.42
426.01 , 556.67
499.8 , 421.01
504.35 , 414.96
510.23 , 409.81
516.77 , 406.53
523.83 , 404.51
531.62 , 404.01
539.3 , 404.76
546.6 , 406.25
553.5 , 408.53
560.08 , 411.77
566.13 , 416.34
563.75 , 423.1
557.25 , 426.52
550.42 , 429
543 , 430.26
535.23 , 430.76
527.55 , 430.01
520.35 , 428.26
513.3 , 426.26
506.58 , 423.5
428.99 , 417.33
426.2 , 411.08
420.55 , 406.77
414.38 , 403.78
408.18 , 400.77
401.62 , 398.77
394.2 , 398.51
387.15 , 399.5
380.88 , 402.32
375.14 , 406.57
370.95 , 412.26
373.47 , 418.56
377.9 , 424.2
383.7 , 428.26
390.25 , 430.25
397.8 , 430.26
404.85 , 429.26
411.67 , 427.76
418.23 , 425.77
424.5 , 422.98
494.2 , 384.71
503.12 , 377.51
513.83 , 374.84
524.92 , 372.96
535.95 , 370.96
547.33 , 369.68
558.95 , 370.46
570.27 , 371.78
580.55 , 375.3
590.58 , 379.49
599.67 , 386.19
591.88 , 389.22
581.35 , 386.24
571.1 , 382.68
560.17 , 380.46
548.27 , 380.64
537.17 , 382.46
525.9 , 383.95
514.83 , 385.84
504.23 , 388.72
412.18 , 381.75
404.43 , 377.75
396.28 , 375.03
387.71 , 373.04
379.41 , 370.52
371 , 368.3
362.21 , 366.79
353.11 , 366.17
344.61 , 368.38
337.47 , 373.84
334.23 , 381.79
342.38 , 384.34
350.08 , 380.2
358.93 , 378.79
368.33 , 378.54
377 , 380.3
385.61 , 382.17
394.13 , 384.29
402.56 , 386.54
411.13 , 388.54
