213033315_1
449.85 , 595.3
456.45 , 606.93
463.42 , 619.61
470.28 , 630.89
479 , 642.85
486.43 , 654.63
497 , 664.14
508.51 , 672.99
519.95 , 680.05
532.75 , 687.26
544.19 , 693.72
556.64 , 701.99
566.56 , 711.2
575.59 , 721.42
585.56 , 731.78
595.98 , 741.58
608.42 , 748.38
621.55 , 752.25
635.24 , 752.82
650.23 , 752.29
663.75 , 750.8
677.43 , 746.41
690.45 , 741.14
702.94 , 734.81
714.78 , 727.49
726.51 , 719.96
737.68 , 710.73
747.62 , 701.66
757.62 , 690.65
768.08 , 681.53
777.54 , 670.71
785.29 , 659.89
792.97 , 647.85
799.67 , 634.99
805.05 , 622.37
809.46 , 608.37
811.75 , 595.3
814.46 , 580.6
815.46 , 567.32
815.37 , 553.49
814.29 , 538.39
530.1 , 575.85
525.58 , 588.06
520.36 , 601.36
518.14 , 614.36
524.48 , 626.21
537.88 , 629.81
550.53 , 633.47
563.84 , 635.58
577.4 , 633.44
591.2 , 629.69
603.43 , 625.31
614.93 , 618.63
622.24 , 607
623.64 , 592.88
617.57 , 581.5
606.8 , 572.17
597.64 , 561.75
539.64 , 663.51
549.37 , 661.26
559.12 , 659.01
569.47 , 660.01
579.31 , 662.03
588.74 , 659.16
598.76 , 657.52
608.87 , 656.03
619.22 , 655.01
629.34 , 653.55
639.19 , 651.52
648.82 , 649
658.32 , 646.25
661.24 , 653.91
655.03 , 662.11
648.51 , 670.16
641.39 , 678.01
633.66 , 685.5
625.59 , 692.02
616.87 , 696.75
607.57 , 699.83
597.41 , 701.26
586.84 , 701.24
577.49 , 698.27
568.82 , 693.42
560.66 , 687.04
552.94 , 679.56
545.84 , 671.71
549.14 , 667.76
556.91 , 669.75
564.26 , 672.79
572.22 , 674.5
580.06 , 676.44
588.47 , 677.26
596.41 , 675.5
604.37 , 673.78
612.24 , 671.92
619.56 , 668.77
626.74 , 665.17
633.82 , 661.32
641.01 , 657.76
648.24 , 654.25
654.61 , 653.03
647.41 , 656.5
640.24 , 660.17
633.09 , 663.8
626.07 , 667.83
618.91 , 671.49
611.32 , 673.83
603.71 , 676.19
595.91 , 678.26
587.62 , 679.26
579.19 , 678.53
571.39 , 676.51
563.69 , 674.28
556.24 , 671.52
591.95 , 503.04
595.7 , 496.79
602 , 493
608.62 , 490.11
615.7 , 488.29
622.88 , 486.61
629.93 , 484.8
637.03 , 482.97
644.05 , 481.06
651.05 , 479.06
656.58 , 481.94
652.42 , 488.09
647.7 , 494.04
641.85 , 499.11
635.62 , 503.05
628.85 , 505.52
621.5 , 506.79
613.78 , 507.28
606.35 , 506.19
599.3 , 504.3
503.85 , 516.96
499.05 , 514.43
493.62 , 513.46
487.83 , 513.71
482.12 , 514.21
476.7 , 515.21
471 , 515.71
465.45 , 516.47
460.03 , 517.47
454.6 , 518.46
458.05 , 522.91
462.08 , 527.18
466.78 , 529.89
471.83 , 531.71
477.5 , 532.21
482.93 , 531.21
488 , 529.43
492.9 , 527.2
497.7 , 524.65
502.32 , 521.77
555.2 , 464.95
566.78 , 455.13
579.05 , 447.2
591.55 , 439.94
604.78 , 434.72
618.6 , 430.8
632.88 , 427.77
647.75 , 425.95
663.1 , 426.2
677.53 , 428.94
689.9 , 436.67
681.9 , 443.21
666.78 , 442.46
652.23 , 444.93
638.08 , 448.17
623.8 , 451.19
609.43 , 453.97
595.9 , 458.47
582.38 , 462.77
569.25 , 468.44
487.14 , 481.16
480.06 , 476.15
471.94 , 473.9
463.19 , 472.91
454.56 , 471.66
445.71 , 470.91
436.71 , 470.41
427.62 , 470.66
419.12 , 472.17
411.77 , 476.42
409.39 , 484.41
412.89 , 492.08
420.56 , 489.64
428.37 , 486.68
437.31 , 486.16
446.16 , 486.91
455.29 , 487.16
464.26 , 487.66
473.24 , 488.16
482.24 , 487.66
