213034733_1
425.7 , 590.75
428.21 , 606.25
432.33 , 623.09
439.2 , 637.95
444.87 , 654.55
451.14 , 670.76
459.04 , 685.52
468.52 , 700.53
477.62 , 713.3
490.7 , 724.89
498.79 , 738.99
507.97 , 753
520 , 766.02
531.63 , 779.56
542.07 , 792.14
552.72 , 804.65
566.21 , 814.77
583.26 , 819.68
599.01 , 822.65
616.71 , 824.69
632.98 , 824.61
650.49 , 821.76
665.8 , 816.51
682 , 809.28
696.47 , 802.07
712.65 , 794.7
728.51 , 786.89
742.14 , 778.21
755.43 , 766.78
767.03 , 755.84
779.21 , 743.31
790.85 , 730.14
800.78 , 717.67
810.22 , 702.78
817.9 , 687.3
824.46 , 671.91
830.2 , 655.34
834.64 , 639.09
838.37 , 622.27
840.11 , 605.45
840.79 , 588.39
562.13 , 569.23
558.48 , 585.87
556.36 , 603.79
548.28 , 620.52
542.74 , 639.21
551.21 , 653.73
569.78 , 659.27
586.9 , 662.38
606.56 , 663.4
624.02 , 660.98
643.12 , 660.92
655.85 , 648.89
654.42 , 631.61
648.23 , 613.19
640.2 , 596.38
632.29 , 580.1
625.96 , 562.21
528.52 , 725.9
537.5 , 717.43
547.02 , 710.4
557.19 , 705.22
567.77 , 701.15
579.17 , 703.37
589.32 , 708.68
601.02 , 707.4
611.94 , 704.13
623.14 , 706.9
633.5 , 711.63
644.54 , 714.66
655.12 , 718.68
665.47 , 723.36
671.13 , 733.07
662.99 , 742.16
653.47 , 749.15
643.6 , 755.11
633.32 , 760.14
622.54 , 763.65
611 , 765.65
598.5 , 765.63
587.57 , 762.42
576.89 , 758.68
566.44 , 754.34
556.47 , 748.58
546.77 , 742.15
537.6 , 734.23
534.02 , 724.65
543.67 , 723.65
553.19 , 722.4
562.85 , 721.4
572.62 , 722.15
581.67 , 724.42
590.75 , 726.63
600.02 , 728.4
609.79 , 727.65
619.57 , 726.9
629.47 , 727.4
639.47 , 727.65
649.62 , 727.65
659.14 , 728.92
668.45 , 730.58
659.85 , 731.4
649.94 , 731.9
640.17 , 732.65
630.29 , 733.15
620.27 , 733.4
610.5 , 734.15
600.47 , 733.9
591.07 , 732.39
581.79 , 730.65
572.27 , 729.4
562.72 , 728.15
552.85 , 727.65
543.29 , 726.4
653.55 , 519.55
657.9 , 511.2
664.07 , 503.53
671.77 , 497.31
680.32 , 493.56
689.3 , 490.8
698.52 , 488.55
708.85 , 488.54
717.95 , 491.08
726.7 , 494.29
734.55 , 500.05
733.02 , 509.6
725.57 , 516.52
717.72 , 522.31
709.07 , 525.81
699.5 , 527.3
689.67 , 528.3
679.95 , 529.55
670.25 , 528.31
661.75 , 524.26
540.38 , 509.45
535.64 , 502.03
528.84 , 495.52
521.12 , 491.52
512.81 , 489.02
504.04 , 487.53
494.64 , 487.28
485.74 , 488.5
477.79 , 491.87
470.41 , 496.75
464.64 , 503.78
470.46 , 510.85
477.31 , 517.2
484.81 , 521.72
493.24 , 524.06
502.74 , 524.02
511.29 , 522.04
520.07 , 520.54
528.87 , 519.03
537.51 , 517.3
636.6 , 468.9
649.18 , 460.08
662.6 , 453.4
676.35 , 447.9
690.68 , 443.66
705.62 , 440.66
721.3 , 439.14
737.6 , 439.4
752.55 , 442.41
765.78 , 449.55
777.75 , 460.03
771.65 , 471.9
755.73 , 472.37
740.4 , 470.15
725.83 , 466.38
710.6 , 463.9
694.33 , 464.16
679.78 , 467.97
665.58 , 472.4
650.25 , 474.67
542.3 , 473.91
538.85 , 464.15
527.2 , 457.74
515.35 , 451.9
503.08 , 447.4
490.45 , 443.65
477.73 , 440.03
464.43 , 437.65
450.58 , 438.92
438.6 , 444.4
428.15 , 454.07
422.35 , 465.9
435.35 , 468.65
448.73 , 466.37
462.03 , 463.97
475.7 , 462.3
489.6 , 463.15
503 , 465.37
515.92 , 468.65
528.58 , 472.38
