2134232899_1
382.04 , 537.43
385.44 , 551.61
389.04 , 567.39
393.25 , 582.97
397.48 , 598.48
401.72 , 612.33
406.17 , 627.49
411.44 , 642.38
417.45 , 656.95
424.06 , 671.52
432.14 , 685.04
440.78 , 698.44
450.22 , 711.76
460.93 , 723.62
473.3 , 733.65
486.97 , 741.23
501.43 , 746.69
516.54 , 749.22
532.18 , 749.06
547.82 , 748
563.53 , 746.04
580.21 , 743.99
595.35 , 741.07
609.49 , 736.38
624.67 , 729.21
637.75 , 721.47
650.58 , 712.56
662.73 , 702.29
674.3 , 691.9
686.12 , 681.35
697.55 , 670.15
707.95 , 658.18
715.88 , 644.57
721 , 629.84
725.4 , 614.82
729.52 , 599.67
734.53 , 584.35
739.75 , 569
744.65 , 553.56
747.66 , 537.86
748.48 , 522.1
495.25 , 508.55
487.19 , 516.93
480.73 , 527.25
477.3 , 538.85
481.14 , 550.64
491.62 , 557.56
503.51 , 558.87
515.8 , 559.15
528.39 , 561.03
539.88 , 561.2
551.89 , 561.32
564.13 , 558.41
572.45 , 549.95
580.91 , 540.17
579.51 , 529.07
571.75 , 518.49
563.55 , 508.8
456.03 , 614.89
462.86 , 602.8
474.7 , 595.2
487.28 , 589.64
501.48 , 587.64
516.4 , 588.14
530.95 , 589.39
545.13 , 587.39
559.33 , 585.39
574 , 586.39
588.68 , 587.39
602.75 , 589.64
615.68 , 594.14
624.57 , 605.49
618.91 , 618.01
610.75 , 629.66
599.7 , 639.48
587.88 , 647.05
575.2 , 652.37
562.38 , 657.14
548.65 , 660.14
534.33 , 661.89
519.43 , 662.38
505.48 , 659.9
492.68 , 655.05
480.55 , 648.17
469.19 , 639.29
460.29 , 627.91
469.03 , 612.39
480.98 , 612.39
492.2 , 610.89
503.68 , 609.89
515.05 , 608.64
526.53 , 607.64
537.88 , 606.39
549.73 , 606.64
561.43 , 607.14
573.15 , 606.64
584.75 , 605.89
596.11 , 604.64
607.36 , 603.14
617.42 , 606.49
611.55 , 615.86
602.55 , 622.88
592.73 , 627.63
581.73 , 629.64
570.86 , 631.87
560.36 , 634.89
549.61 , 637.39
537.75 , 637.64
526.03 , 638.14
514.8 , 639.64
503.2 , 638.91
493 , 635.37
483.7 , 629.31
474.91 , 621.79
575.23 , 460.65
579.23 , 454.9
584.73 , 450.15
590.46 , 445.93
596.53 , 442.64
602.75 , 439.91
609.46 , 438.15
616.61 , 438.91
623 , 441.17
628.98 , 444.65
634.7 , 448.84
637.23 , 455.15
631.36 , 458.9
624.83 , 460.92
618.03 , 462.4
611.13 , 463.65
603.73 , 463.9
596.58 , 463.15
589.56 , 462.15
582.4 , 461.4
494.82 , 465.57
493.89 , 458.55
489.05 , 452.95
482.82 , 449.81
476.2 , 447.81
468.95 , 447.07
461.57 , 447.55
454.95 , 449.59
448.45 , 451.84
442.2 , 454.81
436.4 , 459.07
431.4 , 464.57
438.15 , 466.32
444.47 , 469.07
451.47 , 470.32
458.97 , 470.07
466.35 , 469.57
473.95 , 469.57
481.2 , 468.82
488.32 , 467.81
565.87 , 411.32
569.27 , 398.67
577.15 , 387.81
588.85 , 382.06
602.62 , 381.07
615.92 , 383.07
628.35 , 386.8
640.17 , 392.11
651.8 , 398
663 , 404.95
673.57 , 413.76
678.57 , 424.53
667.44 , 417.37
656.62 , 409.32
645.02 , 403.35
631.85 , 401.07
618.32 , 402.57
605.14 , 404.82
593.14 , 409.55
579.37 , 410.57
483.1 , 409.99
478.72 , 400.31
469.51 , 394.17
458.46 , 392.42
447.29 , 393.91
436.24 , 395.66
425.09 , 397.16
415.26 , 401.68
406.59 , 409.41
401.33 , 418.96
397.86 , 429.11
396.09 , 440.16
404.1 , 434.03
410.02 , 424.74
418.54 , 416.7
428.56 , 412.68
439.71 , 411.19
450.99 , 409.91
462.64 , 410.45
473.34 , 412.91
