111168419_1
70.68 , 92.01
70.52 , 104.05
70.26 , 117.24
70.15 , 129.7
71.16 , 142.11
73.23 , 154.95
76.53 , 167.05
81.2 , 177.89
86.19 , 190.28
91.82 , 201.45
97.9 , 211.59
104.75 , 223.11
111.32 , 234.36
118.14 , 244.4
126.17 , 254.39
134.11 , 263.22
144.16 , 272.01
154.42 , 278.31
165.56 , 285.82
175.93 , 291.59
187.56 , 296.27
200.28 , 301.1
212.68 , 302.41
224.65 , 303.37
237.62 , 301.58
248.6 , 295.34
257.48 , 287.5
265.62 , 276.93
272.99 , 267.21
281.29 , 256.79
288.77 , 246.56
296.08 , 236.32
303.28 , 226.54
310.95 , 216.11
318.63 , 205.95
325.73 , 196.12
332.53 , 185.85
339.49 , 175.12
346.07 , 164.77
351.81 , 152.71
357.97 , 141.16
231.8 , 152.65
225.34 , 157.81
220.88 , 166.53
219.85 , 175.53
223.36 , 183.23
229.34 , 190.09
238.67 , 188.79
246.57 , 191.12
253.93 , 197.51
261.66 , 201.1
270.73 , 200.71
279.16 , 196.77
287.09 , 191.89
292.45 , 184.58
293.04 , 175.44
290.35 , 167.1
286.4 , 158.45
187.15 , 220.23
195.53 , 220.98
204.15 , 221.23
212.75 , 221.48
221.03 , 220.48
229.15 , 219.23
237.65 , 218.73
246.15 , 219.23
254.65 , 219.73
263.27 , 219.98
271.73 , 220.55
278.87 , 224.17
281.67 , 231.58
278.53 , 238.85
273.82 , 245.55
268.55 , 252.08
262.92 , 258.45
256.15 , 262.98
248.53 , 265.22
239.9 , 265.48
231.88 , 263.98
224.4 , 261.48
217.35 , 257.66
210.43 , 253.51
204.13 , 247.71
198.12 , 241.45
193.42 , 234.75
190.14 , 227.5
193.15 , 223.23
198.6 , 225.5
204.1 , 227.68
209.75 , 229.58
216.25 , 229.73
222.45 , 230.48
228.55 , 231.5
234.55 , 232.63
240.6 , 233.71
246.68 , 234.75
252.93 , 235.48
259.38 , 235.23
265.95 , 235.23
272.05 , 234.24
275.32 , 234.04
269.85 , 236.5
264.07 , 238.05
257.82 , 238.73
251.38 , 238.98
245 , 239.08
238.93 , 238
232.88 , 236.96
226.8 , 235.88
220.9 , 234.48
215.08 , 232.91
209.28 , 231.35
203.85 , 228.69
198.5 , 225.99
294.6 , 100.22
296.38 , 95.44
300.43 , 91.65
305.05 , 89.49
309.95 , 87.98
315.33 , 87.47
320.95 , 87.47
326.23 , 88.19
331.1 , 89.72
335.68 , 92.03
339.86 , 95.15
338.47 , 100.12
334.32 , 103.74
329.7 , 105.97
324.68 , 107.22
319.18 , 107.47
313.9 , 106.71
308.88 , 105.47
303.75 , 104.49
298.85 , 102.97
229.68 , 94.61
226.32 , 89.54
221.45 , 85.65
216.47 , 81.96
211 , 79.71
205.18 , 78.23
199.35 , 76.72
192.8 , 76.72
186.88 , 77.97
181.03 , 79.45
175.75 , 82.21
180.4 , 86.86
185.03 , 91.49
190.18 , 94.65
195.55 , 97.24
201.2 , 98.97
207.28 , 99.96
213.7 , 100.21
220 , 99.71
226.43 , 99.45
302.25 , 78.61
307.1 , 73.26
312.48 , 68.39
318.43 , 65.17
324.65 , 62.71
331.3 , 61.11
337.9 , 59.46
344.52 , 57.85
351.68 , 57.36
358.85 , 57.86
364.8 , 61.12
363.15 , 66.86
356 , 67.36
349.1 , 68.33
342.45 , 69.9
336.23 , 72.38
329.8 , 74.36
323 , 75.61
316.1 , 76.62
309.43 , 78.11
263.81 , 73.05
254.47 , 65.29
243.54 , 60.23
232.67 , 55.06
221.59 , 50.53
210.09 , 47.03
198.06 , 44.53
185.44 , 43.28
172.47 , 43.78
160.09 , 45.53
147.84 , 47.53
159.31 , 51.04
170.97 , 54.31
183.34 , 56.03
195.47 , 58.28
207.12 , 61.54
218.19 , 66.06
229.37 , 70.3
240.54 , 74.49
252.54 , 77.04
