2134243149_1
380.49 , 527.46
380.96 , 542.87
383.03 , 559.3
385.34 , 574.16
392.72 , 588.42
400.48 , 603.97
405.15 , 617.89
412.47 , 632.83
422.05 , 646.39
429.95 , 659.46
438.82 , 674.31
446.41 , 686.93
455.7 , 701.74
463.41 , 715.26
473.63 , 726.47
488.67 , 732.89
504.91 , 735.08
521.65 , 733.73
536.23 , 731.55
553.4 , 727.69
568.65 , 724.24
583.71 , 718.93
598 , 711.62
613.4 , 705
626.03 , 696.94
640.4 , 687.82
653.36 , 679.67
667.31 , 670.12
679.35 , 659.3
688.99 , 646.81
697.38 , 633.57
704.76 , 619.02
709.54 , 603
713 , 588.49
716.12 , 572.04
718.84 , 556.5
721.26 , 540.53
722.79 , 524.76
722.25 , 507.62
723.94 , 491.37
723.6 , 475.28
446.05 , 517.75
443.42 , 528.57
441.26 , 538.6
435.34 , 549.06
436.45 , 560.05
445.28 , 567.14
455.3 , 571.96
465.7 , 573.7
476.63 , 570.49
488.43 , 568.77
499.77 , 568.03
510.58 , 564.08
519.55 , 557.68
523.63 , 547.52
521.87 , 536.54
514.19 , 528.3
507.15 , 518.9
443.14 , 614.08
448.92 , 603.32
460.56 , 599.83
473.56 , 600.58
486.59 , 599.82
498.74 , 597.32
510.79 , 594.57
523.09 , 592.33
535.62 , 590.58
548.14 , 588.83
561.16 , 589.58
574.16 , 590.33
585.31 , 594.16
580.88 , 605.43
574.88 , 616.15
567.59 , 626.38
558.86 , 636.1
549.04 , 644.45
538.29 , 650.42
527.07 , 654.9
515.39 , 658.33
503.21 , 660.83
490.09 , 661.33
476.96 , 660.86
465.21 , 657.42
455.64 , 648.33
450.18 , 637.38
446.14 , 626.01
445.89 , 608.83
454.94 , 604.31
465.69 , 605.08
476.69 , 605.33
487.71 , 605.08
498.46 , 604.33
508.51 , 602.1
518.04 , 598.83
527.97 , 596.33
538.24 , 594.58
548.76 , 593.33
559.29 , 592.08
569.91 , 593.1
578.33 , 598.94
570.62 , 606.86
561.89 , 612.33
552.76 , 616.83
543.66 , 621.34
534.34 , 625.06
524.84 , 628.31
515.19 , 631.35
505.69 , 634.59
495.51 , 636.57
484.64 , 637.08
473.99 , 636.07
464.21 , 633.33
455.95 , 626.63
450.64 , 617.83
519.89 , 456.09
522.94 , 449.26
528.79 , 443.41
535.39 , 439.59
542.19 , 436.3
549.24 , 433.85
556.91 , 432.59
564.59 , 433.84
572.01 , 435.58
579.47 , 437.32
586.23 , 440.66
589.46 , 447.03
582.59 , 450.08
575.14 , 451.84
567.34 , 452.84
559.44 , 453.59
551.39 , 454.09
543.14 , 454.09
535.82 , 456.08
527.76 , 456.59
452.09 , 460.09
446.73 , 456.92
441.11 , 454.17
435.11 , 452.43
428.48 , 451.93
421.75 , 452.18
415.48 , 453.43
409.43 , 455.09
404.03 , 458.46
399.74 , 463.5
397.83 , 469.43
402.55 , 474.17
408.93 , 475.18
415.53 , 474.68
422.03 , 473.93
428.65 , 473.43
435.03 , 472.43
441.4 , 471.44
447.55 , 469.94
452.89 , 466.4
492.07 , 396.44
504.37 , 390.91
516.75 , 385.5
529.19 , 380.19
541.79 , 375.45
555.35 , 372.67
569.1 , 374.19
581.85 , 378.71
594.07 , 384.69
605.54 , 392.66
604.04 , 399.93
592.22 , 392.93
579.92 , 387.22
567.07 , 382.94
552.87 , 382.9
540.35 , 387.91
529.2 , 396.82
518.77 , 407.26
507.12 , 414.18
494.32 , 410.28
434.87 , 429.77
431.48 , 424.12
426.38 , 419.27
421.16 , 414.81
415.88 , 410.51
410.29 , 407.17
404.06 , 405.44
397.44 , 406.41
391.64 , 409.35
386.97 , 414.52
384.55 , 420.46
383.31 , 426.94
388.83 , 425.16
393.99 , 420.51
400.44 , 419.69
406.69 , 421.44
412.49 , 424.38
418.31 , 427.19
424.31 , 429.44
430.34 , 431.69
