2134243149_2
304 , 417.14
304.31 , 429.86
304.55 , 443.91
304.49 , 456.67
305.02 , 470.85
306.42 , 484.77
309.1 , 498.29
312.94 , 510.08
319.05 , 522.3
327.21 , 533.34
336.95 , 542.83
348 , 551.18
359.62 , 558.77
371.69 , 565.57
383.16 , 571.14
396.15 , 576.83
408.42 , 582.92
419.63 , 588.79
432.14 , 594.75
445.27 , 599.58
457.58 , 603.2
471.37 , 603.86
484.6 , 601.25
497.63 , 594.65
509.53 , 588.08
521.19 , 581.74
532.29 , 574.14
543.82 , 568.27
555.54 , 561.57
566.83 , 553.89
577.26 , 545.28
587.46 , 534.88
594.46 , 524.45
600.31 , 511.39
604.46 , 498.08
607.26 , 485.78
608.29 , 471.77
608.87 , 457.76
609.16 , 445.04
609 , 431
607.93 , 416.88
438 , 415.14
432.4 , 423.97
424.52 , 432.86
416.4 , 440.21
417.24 , 451.9
427.88 , 455.61
439.12 , 459.3
447.5 , 467
458.23 , 469.61
468.79 , 464.54
478.57 , 459.16
489.74 , 456.52
498.55 , 450
496.78 , 438.87
487.49 , 432.24
480.5 , 422.64
476.69 , 411.55
377.48 , 489.81
388.88 , 487.32
401.13 , 486.56
413.38 , 485.81
425.75 , 485.31
438.38 , 485.31
450.75 , 484.81
462.91 , 483.81
474.93 , 482.56
487.06 , 481.56
499.56 , 481.81
512.06 , 482.06
524.43 , 482.56
529.51 , 492.03
521.48 , 501.31
512.23 , 509.31
502.53 , 516.02
492.13 , 520.91
481.31 , 524.56
469.91 , 527.04
458.36 , 529.31
446.16 , 529.99
434.96 , 527.04
424.13 , 523.46
413.63 , 518.97
403.43 , 513.49
393.58 , 507.16
384.2 , 499.54
385.98 , 492.81
396.21 , 492.06
406.58 , 491.56
416.83 , 492.31
426.96 , 493.31
436.88 , 494.71
446.71 , 496.31
457.18 , 496.56
467.28 , 495.52
477.21 , 494.06
487.08 , 492.55
496.83 , 490.78
506.83 , 489.56
516.83 , 488.31
518.45 , 493.83
509.71 , 497.83
500.83 , 501.47
491.75 , 504.56
482.23 , 506.81
472.58 , 508.8
462.46 , 509.81
452.11 , 510.31
441.81 , 509.63
431.86 , 508.29
422.06 , 506.63
412.46 , 504.55
403.03 , 502.09
394.28 , 498.1
496.98 , 366.25
499.58 , 361.12
504.08 , 356.63
509 , 353.47
514.18 , 350.79
519.78 , 349.26
525.88 , 348.75
531.86 , 349.51
537.28 , 351.29
542.43 , 353.93
547.4 , 357.13
547.87 , 363.15
542.68 , 365.76
537.48 , 368.25
532 , 370
526.03 , 370.75
519.93 , 370.26
514.31 , 368.73
508.96 , 366.75
503.08 , 365.75
402.31 , 366.74
397.52 , 363.19
392.27 , 360.95
387.02 , 358.68
381.23 , 357.68
375.05 , 357.43
369.35 , 358.66
364.02 , 360.67
359.12 , 363.84
354.25 , 367.18
349.75 , 371.43
355.3 , 372.93
360.98 , 374.18
366.68 , 375.42
372.38 , 376.67
378.18 , 377.68
384.25 , 377.18
389.93 , 375.93
395.38 , 374.15
400.62 , 371.92
486.17 , 326.52
489.8 , 319.09
496.85 , 314.34
505.17 , 312.77
514.02 , 313.27
522.75 , 314.02
531.72 , 314.27
540.67 , 314.02
549.25 , 315.09
556.8 , 318.52
563.54 , 324.12
562.22 , 330.77
553.97 , 329.02
545.8 , 327.14
537.12 , 326.27
528.39 , 327.02
519.77 , 328.03
511.17 , 329.02
502.57 , 330.02
493.47 , 330.04
404.88 , 328.54
398.2 , 323.3
390.6 , 320.54
382.18 , 319.55
373.88 , 320.78
365.68 , 322.3
357.38 , 323.53
349.5 , 325.76
342.25 , 329.5
335.63 , 334.87
329.7 , 341.3
337.48 , 343.55
344.95 , 340.55
351.98 , 336.28
359.4 , 333.09
368.27 , 333.05
376.35 , 334.82
384.4 , 336.56
393.2 , 336.8
401.25 , 335.03
