213442073_1
429.45 , 355.94
432.86 , 372.37
436.55 , 390.59
439.15 , 406.91
442.89 , 424.69
448.41 , 441.47
455.05 , 457.92
463.64 , 473.65
473.23 , 487.89
485.29 , 501.82
498.27 , 514.02
510.79 , 524.46
526.24 , 533
543.35 , 540.48
559.67 , 548.07
575.86 , 553.27
592.09 , 559.23
610.54 , 563.75
627.31 , 567.75
644.75 , 569.33
662.56 , 568.8
680.76 , 566.42
696.91 , 563.6
713.8 , 558.14
728.66 , 546.95
741.35 , 535.24
755.14 , 525.12
769.16 , 514.58
784.55 , 503.98
797.4 , 493.59
810.71 , 480.4
821.49 , 467.54
831.18 , 451.83
838.85 , 435.05
844.66 , 419.63
848.81 , 401.89
850.8 , 383.72
851.31 , 367.25
852.58 , 349.05
854.23 , 330.93
855.55 , 312.8
620.8 , 317.1
613.82 , 333.54
606.98 , 348.42
599.76 , 365.3
595.29 , 383.48
599.71 , 399.7
616.38 , 406.34
634.72 , 406.63
651.31 , 406.66
670.12 , 404.59
687.03 , 398.07
702.27 , 390.73
716.54 , 381.14
717.52 , 363.65
708.75 , 347.51
699.15 , 332.66
690.14 , 315.75
582.45 , 465.59
592.12 , 460.41
603.73 , 461.09
615 , 462.58
626.03 , 460.57
636.3 , 457.12
646.28 , 452.78
657.55 , 451.24
668.78 , 449.61
679.15 , 446.36
690.8 , 445.59
702.08 , 447.09
713.6 , 448.1
724.98 , 447.34
730.7 , 450.59
721.03 , 455.82
711.45 , 461.34
702.1 , 467.35
692.3 , 472.25
682.08 , 475.96
671.2 , 478.34
659.8 , 479.59
648.05 , 480.09
636.18 , 479.84
624.15 , 479.84
612.65 , 478.85
601.55 , 476.93
591 , 473.9
588.45 , 465.84
597.83 , 463.06
608.1 , 464.09
618.85 , 464.09
629.12 , 463.09
639.33 , 461.97
649.33 , 460.33
659.48 , 459.09
669.53 , 457.59
679.2 , 455.34
689.12 , 453.59
699.08 , 451.96
709.08 , 450.36
718.98 , 448.59
729.08 , 447.97
721.23 , 451.09
711.45 , 453.09
701.65 , 455.09
691.85 , 457.1
681.83 , 458.56
671.9 , 460.34
661.88 , 461.87
651.48 , 462.59
640.95 , 463.09
630.43 , 463.59
619.9 , 464.09
609.38 , 464.59
598.62 , 464.59
704.39 , 254.46
709.55 , 246.28
715.69 , 238.41
723.37 , 231.74
731.72 , 226.9
740.47 , 223.18
750.09 , 221.46
760.47 , 221.21
769.87 , 223.46
778.54 , 227.37
786.64 , 232.96
787.81 , 242.81
780.06 , 249.3
771.56 , 253.77
762.64 , 256.96
752.89 , 258.46
743.01 , 259.71
732.89 , 260.46
723.14 , 258.96
713.26 , 257.74
585.78 , 272.62
583.77 , 263.38
577.8 , 255.39
569.75 , 249.61
561 , 245.86
551.65 , 243.37
541.38 , 242.86
531.55 , 244.37
522.52 , 247.37
513.95 , 251.68
505.91 , 257.47
499.75 , 265.36
508.2 , 270.04
516.62 , 274.73
525.75 , 277.61
535.92 , 278.36
546.08 , 277.61
556.25 , 276.86
566.52 , 276.36
576.23 , 274.61
710.05 , 209.92
714.9 , 198.02
726.15 , 191.14
739.17 , 188.68
752.57 , 186.92
765.25 , 183.69
777.38 , 179.44
790.4 , 176.94
803.65 , 178.52
815.25 , 184.41
826 , 192.62
824.82 , 204.42
810.92 , 203.65
797.65 , 201.7
784.15 , 200.14
770.6 , 201.63
757.9 , 204.82
745.85 , 209.39
734.1 , 214.92
721.05 , 216.92
589.02 , 204.44
574.73 , 196.58
557.93 , 194.45
540.83 , 195.95
523.5 , 196.94
506.55 , 195.24
490.15 , 198.19
475.88 , 206.17
462.48 , 216.57
450.4 , 229.38
441.35 , 243.2
458.2 , 241.22
472.68 , 233.66
486.65 , 224.94
501.95 , 219.85
518.83 , 217.95
535.58 , 220.18
552.65 , 221.69
570.1 , 220.95
587.45 , 219.95
