2135432270_1
632.2 , 805.1
637.48 , 830.74
644.12 , 856.02
650 , 882.05
656.9 , 910.16
664.88 , 935.06
672.98 , 963.17
679.82 , 988.2
688.71 , 1013.9
699.49 , 1037.76
707.57 , 1063.6
719 , 1090.53
732.41 , 1115.04
748.64 , 1135.62
770.16 , 1151.16
796.26 , 1162.26
823.16 , 1160.79
850.36 , 1158.03
875.43 , 1157.1
903.29 , 1156.59
929.95 , 1150.59
956.55 , 1141.51
981.55 , 1136.05
1008.79 , 1126.76
1031.49 , 1112.83
1058.53 , 1102.83
1083.5 , 1097.14
1111.2 , 1089.33
1136.53 , 1083.28
1163.02 , 1076.14
1187.5 , 1068.08
1212.32 , 1056.37
1228.65 , 1035.13
1235.2 , 1008.17
1241.07 , 981.5
1247.52 , 955.35
1250.79 , 926.71
1253.43 , 899.63
1257.63 , 874.66
1263.11 , 847.14
1268.7 , 818.6
814.86 , 712.98
805.83 , 738.55
794.69 , 762.05
784.91 , 788.91
784.21 , 815.44
796.83 , 837.97
821.44 , 846.51
849.85 , 839.11
873.91 , 833.01
901.04 , 832.92
928.39 , 826.55
953.83 , 814.77
966.58 , 791.48
955.49 , 769.31
940.76 , 743.84
928.74 , 721.02
913.38 , 695.96
798.16 , 938.53
805.32 , 923.63
813.91 , 909.28
824.56 , 895.63
837.96 , 884.27
853.33 , 878.53
871.26 , 878.05
886.18 , 870.78
902.43 , 866.78
919.38 , 869.28
934.51 , 875.81
949.96 , 881.3
964.88 , 888.51
979.56 , 896.41
992.86 , 907.98
996.13 , 924.29
982.24 , 934.24
967.43 , 941.79
951.06 , 945.53
933.26 , 946.28
915.81 , 947.78
898.96 , 950.54
882.71 , 954.51
866.59 , 958.77
849.61 , 961.28
832.41 , 963.28
814.23 , 963.27
799.4 , 956.12
812.41 , 953.03
818.15 , 941.55
828.28 , 932.16
838.99 , 924.28
850.66 , 919.03
863.01 , 915.55
875.76 , 912.8
888.99 , 911.05
902.36 , 909.57
915.93 , 908.52
929.88 , 908.78
943.74 , 909.28
957.43 , 910.04
970.53 , 912
982.66 , 916.03
973.43 , 916.8
960.28 , 914.91
947.11 , 913.03
933.76 , 911.51
920.06 , 910.78
906.09 , 911.02
892.73 , 912.55
879.38 , 914.03
866.73 , 916.96
854.88 , 921.55
843.43 , 927.5
832.63 , 935.06
822.28 , 943.9
952.57 , 637.61
957.98 , 627.69
966.57 , 618.86
976.12 , 612.32
986.3 , 607.38
997.15 , 604.29
1008.72 , 602.59
1020.75 , 603.36
1032.12 , 605.4
1042.47 , 609.77
1052.37 , 615.4
1054.92 , 625.6
1044.62 , 630.1
1034.17 , 634.14
1023.47 , 637.46
1012.22 , 639.86
1000.32 , 640.86
988.05 , 641.11
975.77 , 640.86
963.75 , 640.11
790.47 , 672.82
788.25 , 662.86
779.05 , 658.27
769.1 , 655.52
758.4 , 654.29
747.48 , 655.04
737.27 , 657.29
727.77 , 661.03
718.85 , 666.42
710.88 , 674.41
705.46 , 683.34
702.25 , 693.04
711.55 , 696.81
722.48 , 697.54
733.55 , 697.04
744.35 , 696.04
754.45 , 693.53
763.88 , 689.51
773.17 , 685.1
782.1 , 679.71
903.3 , 557.89
910.85 , 537.89
930.72 , 529.96
953.07 , 527.14
976.55 , 526.64
999.9 , 527.39
1022.9 , 528.92
1044.78 , 532.64
1065.17 , 539.27
1084.05 , 550.14
1100.08 , 566.66
1100.55 , 585.39
1080.22 , 578.58
1060.28 , 570.64
1039.22 , 565.14
1016.62 , 562.89
993.05 , 563.14
970.3 , 561.14
948.02 , 558.14
925.52 , 555.64
784.25 , 579.94
776.86 , 566.19
762.01 , 560.4
745.01 , 561.69
730.66 , 569.05
717.53 , 579.68
703.66 , 588.14
689.13 , 594.9
676.31 , 606.4
668.44 , 620.52
662.28 , 635.23
656.81 , 650.15
673.31 , 648.65
686.51 , 638.2
699.76 , 627.95
713.46 , 618.99
727.91 , 611.84
742.18 , 604.31
756.16 , 596.14
769.83 , 587.13
