213729601_1
452.5 , 665.05
453.41 , 682.18
454.05 , 699.57
456.32 , 717.59
459.46 , 735.2
463.42 , 752.98
469.48 , 770.22
478.05 , 786.42
489.37 , 801.24
500.8 , 813.52
515.36 , 825.46
529.85 , 834.52
546.87 , 842.81
563.79 , 850.34
579.48 , 858.94
594.17 , 869.19
608.92 , 879.72
624.76 , 887.69
641.79 , 892.29
659.59 , 894.64
678.01 , 894.63
694.93 , 893.48
713.71 , 891.18
730.65 , 885.47
745.52 , 876.94
762.29 , 867.86
778.38 , 858.95
794.16 , 849.93
809.14 , 841.89
825.24 , 832.84
840.5 , 823.33
855.22 , 813.31
868.39 , 801.76
880.81 , 787.51
891.59 , 772.38
898.85 , 757.3
903.84 , 739.97
907.82 , 722.5
911.95 , 704.15
914.61 , 685.77
920.7 , 668.75
624.8 , 649.75
614.77 , 660.63
604.87 , 674.8
600.15 , 689.6
603.33 , 706.03
612.7 , 719.26
627.55 , 720.17
645.15 , 719.71
659.98 , 724.54
675.53 , 719.68
692.14 , 716.33
707.75 , 716.51
723.1 , 710.86
731.65 , 697.34
729 , 681.05
716.77 , 670.98
705.8 , 658.75
563.5 , 760.7
578.98 , 764.46
594.5 , 768.2
610.92 , 766.45
627.62 , 765.2
644.92 , 765.2
662.23 , 765.2
677.95 , 761.94
694.52 , 760.43
711.35 , 759.45
728.52 , 759.2
745.58 , 758.7
762.4 , 757.7
765.25 , 769.7
752.42 , 780.28
739.4 , 790.32
726.23 , 799.96
713.08 , 809.69
699.38 , 817.82
684.6 , 822.97
668.02 , 824.45
651.08 , 824.77
634.52 , 823.21
619.95 , 817.63
606.45 , 808.9
594.26 , 796.97
584.5 , 783.85
576.8 , 769.98
601 , 773.7
613.48 , 773.95
625.95 , 773.7
638.3 , 774.2
649.7 , 776.71
661.8 , 777.69
673.8 , 776.45
685.42 , 774.44
696.7 , 771.74
708.12 , 769.32
719.95 , 767.72
731.83 , 766.2
743.58 , 764.46
755.2 , 762.47
757.8 , 763.68
746.83 , 766.92
735.77 , 770.18
724.95 , 773.74
714.45 , 778.24
704.12 , 783.23
693.17 , 786.52
681.25 , 787.95
668.67 , 788.02
656.42 , 788.68
644.17 , 789.45
631.98 , 788.68
621.08 , 785.21
611.02 , 779.46
723.5 , 584.13
727.32 , 575.53
733.98 , 567.9
741.75 , 561.63
750.25 , 557.38
759.3 , 554.64
769.38 , 553.88
779.55 , 554.38
789.48 , 555.38
798 , 559.63
805.44 , 566.8
807.28 , 576.12
799.25 , 581.63
790.73 , 585.89
781.65 , 588.64
771.98 , 590.13
761.55 , 590.13
751.73 , 588.88
741.8 , 587.88
731.75 , 588.63
601.13 , 578.07
595.7 , 570.4
588.15 , 564.62
579.85 , 560.87
570.68 , 559.12
560.78 , 558.87
551.48 , 560.38
542.83 , 563.09
534.63 , 567.16
526.83 , 572.23
519.68 , 579.12
527.68 , 583.62
535.7 , 588.15
543.88 , 592.32
552.78 , 594.65
562.43 , 595.37
571.98 , 594.37
581.03 , 592.38
589.98 , 590.1
598.36 , 586.62
711.1 , 548.35
719.6 , 535.1
733.65 , 528.57
748.48 , 524.1
763.8 , 520.59
779.75 , 518.35
796.15 , 517.11
812.95 , 517.1
828.95 , 519.2
843.65 , 523.87
857.33 , 531.32
853.05 , 541.06
837.6 , 537.85
822.12 , 534.6
805.85 , 533.1
789.17 , 533.85
773.25 , 536.1
757.67 , 539.12
741.95 , 541.75
726.23 , 544.48
591.69 , 551.42
590.94 , 539.92
577.59 , 534.57
563.14 , 531.67
548.49 , 529.19
534.32 , 525.64
520.87 , 520.64
505.87 , 518.92
490.46 , 519.9
476.69 , 524.17
464.49 , 532.6
456.44 , 544.92
471.34 , 542.92
486.24 , 540.93
501.87 , 540.42
517.12 , 541.67
532.49 , 542.67
547.14 , 545.17
561.54 , 548.16
576.32 , 550.42
