2137551460_1
491.99 , 586.32
499.67 , 600.43
508.11 , 616.13
515.59 , 632.06
522.01 , 647.47
527.26 , 663
534.3 , 679.85
538.35 , 696.36
543.17 , 712.44
548.85 , 728.33
555.79 , 743.83
563.49 , 759.21
571.86 , 774.17
582.04 , 788.48
592.22 , 801.84
603.81 , 815.41
616.54 , 827.02
631.21 , 834.17
649.31 , 837.49
664.94 , 837.11
682.65 , 834.22
698.8 , 830.74
716.06 , 824.65
731.36 , 817.98
745.82 , 807.44
756.69 , 795.04
767.32 , 780.61
778.39 , 767.69
791.78 , 756.83
803.47 , 744.22
813.44 , 730.15
821.89 , 715.75
828.41 , 700.3
833.03 , 683.87
837.79 , 666.39
841.53 , 650.87
845.48 , 633.62
849.2 , 616.55
852.98 , 599.57
855.75 , 583.76
857.5 , 565.24
628 , 567.6
623.46 , 581.72
613.19 , 595.04
602.95 , 606.89
605.69 , 620.99
621.72 , 626.53
634.68 , 633.42
649.23 , 641.92
664.64 , 644.84
679.97 , 638.92
695.42 , 635.01
709.93 , 634.01
724.13 , 627.02
724.1 , 610.44
720.44 , 595.08
712.96 , 580.68
706.55 , 565.85
598.73 , 712.86
607.48 , 705.86
617.9 , 703.09
629.63 , 703.11
640.4 , 705.11
650.43 , 708.62
661.43 , 710.11
671.98 , 707.61
681.81 , 703.58
691.81 , 700.08
702.83 , 701.61
713.96 , 702.86
724.08 , 706.14
733.92 , 710.11
730.55 , 720.06
723.7 , 728.89
715.15 , 736.45
705.71 , 741.62
695.75 , 745.36
685 , 747.36
673.73 , 748.36
662 , 748.36
650.75 , 747.36
639.86 , 745.64
629.43 , 742.88
619.88 , 738.01
611.11 , 730.99
603.89 , 722.29
611.48 , 708.11
619.78 , 708.61
627.61 , 710.1
635.53 , 711.36
643.61 , 712.36
651.56 , 713.61
659.61 , 714.61
668.15 , 714.61
676.11 , 713.37
683.93 , 711.85
692.11 , 711.11
700.56 , 711.36
708.61 , 710.37
716.9 , 709.86
723.91 , 709.18
716.15 , 710.86
708.08 , 711.86
699.65 , 712.11
691.58 , 713.11
683.4 , 713.86
675.46 , 715.11
667.4 , 716.11
659.08 , 715.61
650.78 , 715.11
642.23 , 715.11
634.06 , 714.35
626.33 , 712.64
618.9 , 710.38
719.19 , 492.97
721.99 , 484.65
728.17 , 477.5
735.52 , 471.97
743.54 , 468.23
752.67 , 466.97
762.27 , 467.22
771.39 , 468.47
780.17 , 470.47
788.32 , 473.72
796.18 , 477.94
795.05 , 487.12
788.89 , 494.23
780.97 , 498.23
772.19 , 500.22
763.09 , 501.47
753.59 , 501.97
744.24 , 501.24
735.59 , 499
727.09 , 496.5
597.9 , 491.75
592.94 , 484.3
585.9 , 478.23
578.45 , 473.18
570.37 , 469.93
561.72 , 467.93
552.45 , 467.18
543.45 , 468.4
535.22 , 471.27
527.57 , 475.68
520.57 , 481.93
525.7 , 489.33
532.14 , 496.27
539.62 , 501.19
548.17 , 503.46
557.42 , 504.18
566.92 , 504.43
576.07 , 503.43
584.75 , 501.43
593.29 , 499.19
711.41 , 458.26
718.29 , 444.38
732.53 , 438.13
747.24 , 433.19
762.21 , 428.72
777.31 , 424.54
792.43 , 420.26
808.13 , 417.26
823.63 , 420.75
836.44 , 431.03
844.89 , 444.49
848.94 , 459.73
833.48 , 462.76
820.01 , 454.36
805.34 , 449.28
789.38 , 446.76
772.71 , 447.74
756.88 , 450.53
741.76 , 454.73
727.34 , 460.5
590.42 , 447.08
577.46 , 438.65
563.94 , 431.79
550.49 , 424.69
536.69 , 418.63
522.39 , 414.05
506.62 , 412.28
490.96 , 414.28
477.37 , 421
466.54 , 433.08
456.84 , 445.53
471.06 , 440.8
485.99 , 437.26
502.21 , 436.53
517.94 , 438.38
531.94 , 443.88
545.84 , 449.53
560.46 , 453.65
575.14 , 457.57
590.44 , 460.27
