2139663057_1
576.1 , 766.03
576.63 , 787.28
577.8 , 810.25
581.01 , 835.35
585.38 , 857.22
590.07 , 878.83
595.11 , 902.8
600.38 , 924.12
609.68 , 946.76
620.79 , 966.03
635.16 , 986.24
649.57 , 1002.88
666 , 1021.06
681.06 , 1038.57
697.87 , 1054.85
714.53 , 1067.94
734.31 , 1080.15
755.29 , 1090.12
779.08 , 1098.68
798.96 , 1105.45
822.95 , 1112.11
846.31 , 1114.23
869.66 , 1112.11
891.43 , 1104.61
910.88 , 1095.97
931.84 , 1085
952.27 , 1073.65
971.73 , 1062.13
992.25 , 1047.98
1008.01 , 1031.12
1021.26 , 1012.8
1035.37 , 995.14
1049.61 , 977.56
1064.27 , 957.02
1074.75 , 937
1084.08 , 916.23
1093.38 , 895.48
1101.82 , 874.18
1109.37 , 850.59
1112.46 , 828.52
1113.76 , 803.75
784.3 , 741.75
772.75 , 755.57
760.13 , 771.72
753.97 , 788.62
754.77 , 808.84
769.83 , 819.44
788.07 , 827.54
805.85 , 830.05
826.02 , 830.13
845.24 , 834.83
863.64 , 840.46
883.04 , 841.21
898.98 , 833.38
906.52 , 815.47
905.98 , 795.85
898.06 , 777.35
890.55 , 759.19
705.25 , 900.12
715.6 , 887.12
730.23 , 881.12
746.35 , 878.37
763.58 , 877.87
780.2 , 879.62
796.48 , 882.12
812.98 , 884.12
829.23 , 886.62
845.25 , 889.62
860.5 , 894.12
874.9 , 900.86
888.67 , 909.27
902.75 , 916.87
915.47 , 928.29
903.02 , 940.11
887.92 , 944.86
871.3 , 946.62
854.9 , 948.87
838.52 , 951.12
821.77 , 952.62
804.67 , 951.87
788.65 , 948.89
773.25 , 944.62
758.92 , 937.56
745.48 , 928.34
732.08 , 918.96
718.92 , 908.78
715 , 897.12
729.33 , 898.87
742.98 , 902.12
757.8 , 901.37
771.45 , 904.63
785.08 , 907.9
798.73 , 911.1
812.83 , 913.36
827.52 , 914.37
842 , 915.87
855.83 , 918.69
869.38 , 922.1
883.85 , 923.61
898.92 , 923.87
910.37 , 927.9
896.4 , 930.37
881.58 , 929.61
866.98 , 928.37
852.52 , 926.87
838.05 , 925.39
823.9 , 923.27
810.15 , 920.27
796.73 , 916.6
783.2 , 913.13
769.55 , 909.87
755.33 , 907.86
741.48 , 905.12
727.85 , 901.89
934.94 , 675.21
942.09 , 668.28
950.54 , 664.96
959.62 , 662.96
969.19 , 661.96
979.09 , 662.21
988.54 , 663.47
997.49 , 665.69
1005.82 , 669.46
1013.67 , 674.43
1019.68 , 681.91
1012.64 , 689.02
1004.44 , 693.21
995.49 , 695.47
985.69 , 695.96
976.02 , 695.21
966.94 , 693.21
958.27 , 690.44
949.79 , 687.22
941.87 , 682.38
769.24 , 664.67
762.88 , 658.31
755.33 , 654.54
747.43 , 651.8
739.12 , 649.8
730.6 , 648.3
721.48 , 648.05
712.7 , 649.06
704.43 , 651.05
696.73 , 654.42
689.35 , 658.55
696.48 , 663.43
704.1 , 667.05
711.98 , 669.82
720.28 , 671.79
728.68 , 673.54
737.93 , 673.55
747.18 , 673.55
756.3 , 673.3
764.83 , 671.79
907.32 , 592.76
917.04 , 579.04
931.27 , 570.55
946.52 , 565
963.05 , 562.01
980.3 , 560.51
997.77 , 559.51
1014.05 , 563.01
1029.82 , 567.51
1044.55 , 574.74
1057.66 , 586.33
1064.1 , 601.01
1046.5 , 601.76
1029.37 , 600.01
1012.62 , 597.51
995.12 , 596.51
977.64 , 595.51
959.92 , 595.01
942.55 , 593.76
924.7 , 594.01
788.39 , 599.45
785.44 , 584.83
770.22 , 577.47
753.25 , 574.21
735.3 , 572.96
716.77 , 573
699.37 , 575.42
682.7 , 579.33
666.65 , 584.4
651.75 , 592.54
640.83 , 606.44
636.57 , 622.96
654 , 621.48
667.87 , 610.41
681.95 , 599.97
698.32 , 595.46
716.5 , 594.71
734.1 , 596.72
751.89 , 598.24
770.45 , 598.21
