2139663057_2
536.3 , 596.14
535.57 , 618.1
533.24 , 641.6
532.23 , 665.19
532.69 , 686.82
533.78 , 710.77
534.84 , 732.75
537.01 , 757.21
538.88 , 780.01
543.01 , 802.81
552.66 , 824.62
565.27 , 842.24
582.96 , 857.34
602.61 , 870.37
623.09 , 881.86
643.2 , 892.38
663.8 , 901.86
687.91 , 909.56
709.89 , 914.57
732.38 , 918.94
755.54 , 922.54
778.82 , 925.68
800.76 , 926.98
823.29 , 926.48
848.67 , 925.86
869.77 , 925.86
893.34 , 924.34
915.37 , 919.2
937.18 , 908.27
954.12 , 894.18
970.43 , 875.59
984.03 , 857.8
998.37 , 838.56
1010.6 , 819.71
1022.7 , 800.2
1033.62 , 779.9
1043 , 758.6
1049.78 , 736.24
1055.05 , 713.26
1059.59 , 690.14
1062.75 , 666.53
765.19 , 564.8
755.24 , 580.74
747.19 , 599.9
741.01 , 620.11
749.19 , 638.77
763.39 , 651.79
784.3 , 657.74
804.27 , 661.14
823.46 , 666.16
843.65 , 670.82
864.42 , 671.81
885.06 , 668.07
898.27 , 653.86
905.32 , 633.25
899.22 , 614.57
888.62 , 596.06
877.3 , 578.3
668.17 , 716.63
684.77 , 702.85
704.89 , 698.13
725.75 , 694.88
746.82 , 692.13
768.62 , 693.38
788.77 , 698.12
809.5 , 701.62
830.35 , 704.89
849.77 , 710.91
869.37 , 716.65
889.25 , 721.91
908.42 , 728.38
925.85 , 739.76
932.06 , 759
915.42 , 772.63
897.04 , 781.66
877.75 , 787.9
856.79 , 790.88
834.62 , 791.38
812.19 , 791.38
791.37 , 788.14
771.47 , 782.86
751.87 , 777.11
733.14 , 769.36
715.85 , 757.58
698.49 , 745.98
681.44 , 733.41
685.42 , 721.88
700.84 , 714.36
719.47 , 713.88
738.35 , 713.88
756.97 , 714.38
775.6 , 714.88
793.27 , 717.37
810.79 , 720.16
828.37 , 722.84
845.62 , 726.11
862.57 , 730.1
879.52 , 734.11
896.5 , 738.12
912.49 , 743.95
916.87 , 759.14
901.14 , 765.88
884.29 , 770.12
866.89 , 773.13
848.5 , 774.13
830.25 , 772.88
811.85 , 771.88
793.6 , 770.65
775.92 , 768.13
758.82 , 764.53
742.29 , 759.75
726.47 , 753.42
711.24 , 745.17
696.4 , 736.1
905.49 , 534.37
912.44 , 529.91
920.12 , 527.35
928.22 , 525.62
937.01 , 525.37
945.47 , 526.37
953.57 , 528.14
961.26 , 530.63
968.69 , 533.83
975.74 , 538.12
981.93 , 544.32
977.59 , 550.86
969.14 , 551.87
960.47 , 551.37
951.64 , 551.12
942.82 , 550.87
934.49 , 549.62
926.51 , 547.64
919.14 , 544.28
911.97 , 540.34
772.77 , 512.99
764.62 , 507.04
756.4 , 501.26
747.57 , 497.02
738.7 , 493
729.07 , 490.75
718.72 , 490
708.22 , 490.5
697.88 , 491.25
688.02 , 493
678.55 , 495.5
687.45 , 499.28
696.32 , 503.24
705.45 , 506.53
714.65 , 509.52
724.3 , 511.75
733.92 , 513.99
743.92 , 515.5
754.05 , 516.75
764.52 , 517.25
895.69 , 471.97
903.88 , 455.46
922.42 , 451.72
942.29 , 452.72
961.44 , 455.22
979.97 , 458.97
997.32 , 465.1
1013.94 , 473.47
1029.62 , 484.21
1043.28 , 498.82
1051.28 , 515.57
1049.57 , 534.22
1032.76 , 526.57
1019.79 , 511.72
1004.37 , 500.21
987.04 , 493.96
967.77 , 491.72
947.67 , 491.22
928.77 , 488.25
911.54 , 481.81
791.34 , 455.86
790.65 , 434.62
774.35 , 421.35
754.55 , 416.84
733.1 , 415.84
711.5 , 416.59
689.67 , 416.84
667.85 , 417.09
649 , 423.35
632.73 , 436.75
622.71 , 454.24
615.87 , 472.84
633.77 , 464.81
652.14 , 457.35
670.97 , 451.06
691.35 , 447.84
712.32 , 449.84
732.32 , 453.85
752.12 , 458.34
772.37 , 461.84
