2139691983_1
310.8 , 398.59
308.86 , 410.32
306.95 , 421.88
305.18 , 434.8
302.78 , 446.48
302.22 , 458
303.38 , 470.59
306.31 , 481.87
311.39 , 493.06
317.68 , 503.75
324.74 , 514.36
332.07 , 524.4
339.32 , 532.99
348.07 , 541.91
357.67 , 549.69
368.17 , 556.92
377.74 , 563.67
387.51 , 570.91
397.08 , 577.62
408.82 , 583.98
419.45 , 588.22
431.99 , 590.94
443.45 , 591.84
455.6 , 592.81
467.99 , 592.61
480.18 , 591.7
492.99 , 589.7
503.92 , 586.6
515.69 , 582.14
526.12 , 576.92
536.78 , 570.16
545.5 , 561.87
553.31 , 552.82
560.99 , 542.66
567.42 , 531.68
571.57 , 521.26
575.53 , 509.2
579.12 , 497.09
583.76 , 486.82
589.8 , 475.5
594.79 , 463.85
444.9 , 420.25
438.28 , 425.6
433.47 , 432.31
432.4 , 440.88
435.96 , 449.13
441.38 , 455.25
449.3 , 457.7
457.5 , 461.9
463.59 , 467.29
472.58 , 468.83
481.22 , 468.79
489.26 , 466.8
498.04 , 463.56
504.27 , 458.08
503.74 , 449.5
502.29 , 441.28
498.19 , 433.1
389.59 , 480.36
399.26 , 480.61
408.69 , 479.86
418.11 , 479.11
427.91 , 479.11
436.87 , 480.86
445.44 , 483.36
453.44 , 487.39
462.26 , 489.36
471.31 , 490.84
479.19 , 495.17
486.96 , 499.74
494.99 , 503.74
502.3 , 509.56
499.09 , 517.78
491.37 , 522.34
482.54 , 524.36
473.62 , 526.11
463.94 , 526.36
454.62 , 525.36
445.66 , 523.61
437.24 , 520.83
429.16 , 517.12
421.37 , 512.64
413.64 , 507.93
406.11 , 502.64
399.56 , 495.59
394.46 , 488.01
395.34 , 483.86
403.26 , 484.11
410.56 , 485.61
417.51 , 487.88
424.31 , 490.34
431.46 , 492.23
438.46 , 494.39
445.29 , 496.82
452.01 , 499.54
459.16 , 501.43
466.76 , 502.36
474.81 , 502.36
482.19 , 503.71
488.92 , 506.62
492.56 , 511.87
485.24 , 513.36
477.56 , 514.11
469.76 , 514.61
462.09 , 513.86
454.87 , 512.13
447.91 , 509.93
440.79 , 508.06
434.04 , 505.32
427.24 , 502.76
420.26 , 500.63
413.62 , 497.63
407.26 , 493.78
401.24 , 489.01
521.43 , 396.64
525.73 , 394.32
530.05 , 392.02
534.78 , 390.61
539.78 , 389.89
544.78 , 390.65
549.38 , 392.16
553.8 , 394.23
557.85 , 397.32
561.85 , 400.57
564.51 , 404.74
563.15 , 409.14
558.03 , 409.64
552.9 , 410.14
547.55 , 410.14
542.55 , 409.42
537.83 , 408.05
533.5 , 405.74
529.38 , 402.82
525.05 , 400.51
447.46 , 374.6
443.75 , 369.43
439.11 , 364.52
434.25 , 359.91
428.71 , 357.16
422.61 , 355.65
416.31 , 354.65
409.63 , 354.4
403.18 , 355.15
396.98 , 356.4
391.23 , 358.4
395.3 , 363.49
400.66 , 366.8
406.13 , 369.77
411.61 , 372.77
417.25 , 375.16
423.36 , 376.67
429.53 , 377.89
436.08 , 378.4
442.78 , 378.16
513.15 , 372.22
518.01 , 363.45
528.17 , 361.72
537.88 , 358.99
547.8 , 356.7
558.45 , 355.97
568.73 , 357.54
577.8 , 361.87
586.1 , 368.19
593.15 , 376.1
598.11 , 384.92
598.12 , 393.71
589.92 , 387
581.48 , 381.07
572.83 , 375.71
563.62 , 371.7
553.58 , 369.7
543.4 , 371.47
533.35 , 373.47
522.95 , 374.71
454.77 , 334.12
447.58 , 326.46
438.75 , 321.68
429.48 , 318.18
419.58 , 315.99
409.43 , 314.35
399.4 , 312.43
389.28 , 314.2
380.33 , 318.66
371.38 , 323.19
362.28 , 326.95
372.88 , 327.7
382.88 , 325.7
392.4 , 322.82
402.5 , 320.97
412.83 , 322.2
422.15 , 325.57
431.13 , 329.96
439.58 , 335.76
448.45 , 340.44
