2139831977_2
417.29 , 461.75
414.37 , 479.03
412.01 , 498.4
411.75 , 517.68
413.64 , 537.13
415.63 , 555.94
417.31 , 575.24
420.04 , 593.71
424.36 , 612.94
428.65 , 631.53
434.3 , 650.33
441.94 , 666.1
456.02 , 678.66
474.55 , 685.66
493.57 , 687.67
512.43 , 687.94
532.73 , 688.92
551.07 , 691.75
569.09 , 696.06
587.92 , 701.34
606.12 , 703.56
625.44 , 703.53
644.27 , 704.42
662.87 , 708.47
682.52 , 714.79
700.6 , 718.87
719.13 , 718.6
737.01 , 711.67
751.54 , 697.91
760.9 , 683.01
769.22 , 665.41
776.7 , 647.88
781.45 , 629.61
785.29 , 610.94
788.95 , 590.49
792 , 571.65
794.41 , 552.9
796.23 , 535.39
798.05 , 514.91
798.08 , 495.9
796.55 , 476.3
647.4 , 455.15
640.75 , 465.67
631.76 , 476.3
625.43 , 489.41
626.54 , 501.9
638.84 , 509.76
650.75 , 513.99
664.86 , 515.08
679.15 , 517.46
691.09 , 523.1
704.24 , 526.24
717.95 , 523.09
729.71 , 516.28
736.49 , 503.78
736.82 , 491.4
732.75 , 477.1
724.54 , 465.85
590.8 , 574.41
600.45 , 568.25
610.75 , 563.64
621.55 , 560.41
632.5 , 557.39
643.17 , 553.89
654.27 , 551.15
665.95 , 549.66
677.5 , 551.41
689.3 , 552.66
701.35 , 553.4
712.17 , 556.66
721.64 , 563.48
727.48 , 573.34
731.04 , 583.96
731.31 , 596.23
723.15 , 605.17
711.6 , 606.91
699.55 , 606.16
687.27 , 605.91
675.35 , 604.91
664.15 , 602.41
653.7 , 598.32
643.57 , 593.18
633.02 , 589.42
622.47 , 585.68
611.8 , 582.16
601.15 , 578.63
612.55 , 574.16
620.77 , 574.41
629 , 574.16
637.22 , 574.41
645.57 , 574.41
653.8 , 574.16
662.05 , 573.91
670.15 , 573.41
678.25 , 573.91
686.25 , 574.66
694.12 , 575.65
701.75 , 577.17
708.72 , 580.1
715.48 , 583.66
720.87 , 589.72
713.22 , 590.41
705.38 , 589.4
697.5 , 588.42
689.75 , 587.16
682 , 585.91
674.15 , 584.94
666.67 , 583.04
659.45 , 580.81
652 , 578.92
644.38 , 577.41
636.4 , 576.66
628.27 , 576.16
620.17 , 575.65
719.5 , 424.97
722.91 , 418.8
728.8 , 414.46
735.17 , 411.45
742.42 , 410.47
749.67 , 411.44
755.98 , 414.69
761.63 , 419.59
766.37 , 425.35
769.62 , 431.62
772.93 , 437.9
772.92 , 445.56
767.15 , 450.24
759.8 , 449.46
752.9 , 447.75
746.27 , 445.49
739.92 , 442.41
733.9 , 438.59
727.7 , 435.15
721.49 , 431.69
617.14 , 396.51
611 , 390.31
603.85 , 386.7
596.47 , 383.94
588.45 , 382.46
579.97 , 381.96
572.07 , 383.7
564.6 , 386.23
557.54 , 390.04
551.04 , 395.28
544.87 , 401.46
551.72 , 405.72
559.12 , 408.46
567.25 , 409.71
575.87 , 409.46
584.6 , 409.46
592.97 , 410.21
601.6 , 410.46
609.82 , 409.48
616.61 , 404.99
727.32 , 360.3
734.67 , 354.18
743.37 , 351.53
752.47 , 353.29
761.35 , 355.56
769.75 , 358.82
778.12 , 362.06
785.44 , 368.4
789.55 , 376.53
792.03 , 385.25
793.84 , 394.35
793.97 , 403.99
788.58 , 396.33
784.5 , 388.2
777.45 , 381.15
769.4 , 376.84
761.25 , 372.79
753.07 , 368.8
744.77 , 365.32
735.89 , 363.08
631.6 , 330.19
622.23 , 323.34
610.88 , 321.34
598.93 , 322.09
587.33 , 323.6
575.98 , 325.59
564.75 , 327.84
553.75 , 330.57
543.63 , 335.41
534.53 , 343.04
527.48 , 352.34
538.73 , 354.09
548.58 , 348.5
558.98 , 344.59
569.98 , 341.84
581.58 , 340.34
593.78 , 340.09
605.73 , 340.84
617.33 , 342.34
628.93 , 340.86
