2140620254_2
374.1 , 482.39
371.58 , 498.94
373.42 , 516.32
377.16 , 534.18
383.97 , 552.51
389.98 , 568.99
394.71 , 586.03
401.71 , 603.61
411.48 , 618.66
419.6 , 634.4
420.64 , 651.64
419.48 , 669.62
418.39 , 687.87
422.71 , 704.66
433.04 , 719.22
446.81 , 731.23
464.85 , 737.78
482.35 , 739.01
500.92 , 736.59
517.71 , 730.06
533.11 , 723.65
549.95 , 717.96
568.15 , 710.64
583.49 , 704.48
600.9 , 699.08
617.93 , 693.36
634.77 , 686.38
651.84 , 680.29
669.11 , 675.35
687.65 , 669.71
702.76 , 662.5
716.39 , 649.36
729.03 , 637.06
739.3 , 621.64
745.5 , 604.87
749.09 , 587.25
752.14 , 569.86
754.54 , 551.01
755.24 , 532.98
752.19 , 516.38
750.25 , 497.15
430.09 , 505.25
421.95 , 517.85
415.05 , 530.94
408.71 , 544.65
408.62 , 559.73
418.62 , 571.4
431.36 , 577.87
447.53 , 578.72
462.63 , 577.87
476.35 , 575.1
491.98 , 572.24
505.48 , 565.73
508.55 , 551.44
502.14 , 537.58
494.38 , 524.8
487.2 , 510.88
482.11 , 496.05
426.8 , 607.64
428.53 , 595.84
433.25 , 586.64
444.82 , 588.88
455.45 , 593.04
466.45 , 596.38
478.1 , 598.43
490.18 , 599.64
502.48 , 600.4
514.5 , 601.62
526.3 , 603.39
537.75 , 605.9
549.33 , 608.14
561.11 , 609.92
563.25 , 619.17
553.42 , 625.52
542.83 , 629.88
532.1 , 633.85
521.33 , 637.65
510.8 , 642.14
500.15 , 646.41
488.7 , 648.89
476.3 , 648.39
464.68 , 646.26
453.53 , 643.12
443.38 , 637.48
434.4 , 629.47
428.81 , 619.34
434.3 , 594.89
440.67 , 590.14
448.8 , 596.39
457.07 , 602.16
466.18 , 605.62
475.98 , 607.64
486.4 , 608.38
496.68 , 607.38
506.83 , 606.14
517.35 , 605.64
528.12 , 605.64
538.52 , 606.39
548.48 , 608.07
558.5 , 609.6
557.92 , 615.52
548.58 , 618.38
538.95 , 620.74
528.98 , 622.37
518.83 , 623.64
508.65 , 624.9
498.62 , 626.39
488.23 , 627.14
477.68 , 627.11
467.4 , 626.17
457.75 , 623.84
448.77 , 620.11
441.01 , 613.34
436.32 , 604.69
535 , 449.39
539.53 , 442.88
547.95 , 442.65
555.5 , 444.64
562.7 , 447.41
569.9 , 450.17
576.95 , 453.38
583.7 , 457.32
590.6 , 461.02
597.1 , 465.75
602.97 , 471.84
595.65 , 474.13
587.73 , 475.39
579.33 , 475.64
571.17 , 474.89
563.48 , 473.14
556.05 , 470.87
549 , 467.64
542.45 , 463.08
537.34 , 456.76
438.24 , 426.77
435.31 , 423.12
432.79 , 419.35
429.7 , 415.75
425.82 , 413.41
421.82 , 411.39
417.39 , 410.42
412.52 , 410.4
408.19 , 411.66
404.4 , 414.14
401.87 , 417.92
402.84 , 422.32
405.34 , 426.14
409.07 , 428.88
413.07 , 430.87
417.47 , 431.91
422.37 , 431.92
427.14 , 431.67
431.92 , 431.42
436.46 , 430.68
495.17 , 419.4
498.64 , 408.41
509.15 , 403.14
521.12 , 401.4
533.6 , 402.15
545.32 , 404.4
556.6 , 407.58
567.67 , 411.15
578.27 , 415.99
588.15 , 422.89
596.29 , 432.27
599.59 , 441.83
589 , 436.91
578.3 , 432.37
567.35 , 428.58
555.85 , 425.83
544.17 , 423.4
532.55 , 420.9
520.32 , 419.65
507.62 , 419.9
429.46 , 404.29
425.69 , 398.54
421.54 , 392.86
417.75 , 387.09
413.05 , 381.64
407.6 , 376.94
401.9 , 372.99
395.37 , 371.03
388.55 , 369.79
381.97 , 371.56
377.19 , 376.84
375.22 , 383.31
380.77 , 380.04
388.12 , 380.22
394.05 , 383.66
399.7 , 387.78
405.27 , 392.11
410.85 , 396.46
416.92 , 399.52
423.07 , 402.28
