2150051470_1
611.6 , 678.6
607.21 , 712.89
605.35 , 745.49
605.62 , 781.18
608 , 816.69
609.35 , 849.69
611.34 , 884.6
617.09 , 918.8
626.22 , 950.73
641.95 , 985.24
655.99 , 1014.34
672.63 , 1045.72
692.18 , 1076.55
710 , 1102.97
728.88 , 1131.87
750.32 , 1162.47
771.27 , 1188.87
793.87 , 1214.21
819.11 , 1237.06
850.26 , 1258.03
881.37 , 1271.39
914.07 , 1278.91
950.13 , 1282.52
982.71 , 1279.5
1015.67 , 1270.62
1048.15 , 1253.98
1076.11 , 1235.74
1106.44 , 1215.97
1135.24 , 1197.54
1162.26 , 1177.82
1189.97 , 1153.94
1212.29 , 1129.51
1235.55 , 1101.18
1255.6 , 1075.19
1277.6 , 1044.91
1295.06 , 1018.18
1312.7 , 987.75
1330.59 , 954.81
1345.91 , 923.67
1359.97 , 891.94
1372.79 , 859.5
1029.35 , 757.7
1005.6 , 774.97
978.57 , 794.27
953.72 , 815.3
941.8 , 844.7
954.69 , 872.97
981.57 , 893.26
1011.95 , 903.1
1038.58 , 920.24
1068.88 , 932.78
1100.42 , 933.98
1130.75 , 932.68
1159.7 , 917.61
1161.55 , 888.03
1155.07 , 854.33
1149.03 , 821.6
1143.85 , 789.64
820.85 , 957.17
847.77 , 951.67
875.98 , 954.67
903.18 , 959.66
930.25 , 964.92
955.78 , 973.19
980.38 , 983.94
1005.5 , 993.07
1030.85 , 1001.67
1056.05 , 1010.63
1081.2 , 1019.77
1106.22 , 1029.29
1130.87 , 1039.94
1123.28 , 1065.22
1105.47 , 1087.3
1085.2 , 1108.42
1062.05 , 1123.19
1035.83 , 1130.17
1006.93 , 1131.67
978.78 , 1128.6
952.73 , 1121.29
928.4 , 1109.46
905.43 , 1094.25
883 , 1077.32
861.7 , 1057.3
844.97 , 1034.82
832.35 , 1010.79
824.36 , 985.12
837.1 , 965.17
859.33 , 968.17
881.83 , 970.67
903.58 , 974.66
923.43 , 982.74
942.88 , 992.18
962.75 , 1000.07
982.78 , 1007.64
1002.9 , 1014.9
1023.68 , 1020.91
1044.95 , 1025.95
1066.42 , 1030.49
1087.95 , 1035.01
1109.5 , 1039.43
1106.18 , 1055.39
1085.97 , 1062.45
1065.65 , 1069.15
1045.05 , 1075.41
1023.03 , 1078.42
1000.3 , 1076.43
979.2 , 1071.02
959 , 1063.91
939.53 , 1054.66
921.42 , 1041.72
904.2 , 1026.24
886.75 , 1011.35
868.25 , 999.57
852.95 , 982.27
1224.08 , 705.02
1229.53 , 694.58
1239.3 , 687.28
1250.8 , 684.27
1263.11 , 685.52
1275.03 , 687.52
1286.75 , 690.03
1297.38 , 695.06
1307.75 , 700.77
1317.46 , 708.37
1325.46 , 717.89
1325.2 , 729.8
1313.28 , 731.76
1300.98 , 733.02
1288.43 , 733.8
1276.36 , 732.04
1264.98 , 728.92
1253.88 , 725.3
1243.23 , 720.39
1233.5 , 712.93
983.28 , 618.64
985.41 , 606.25
975.49 , 598.01
963.91 , 594.25
952.21 , 590.73
941.08 , 585.77
929.38 , 582.25
916.93 , 580.25
904.46 , 578.25
891.28 , 578.72
880.16 , 583.5
885.59 , 594.45
893.07 , 604.67
902.38 , 614.23
912.34 , 622.46
923.61 , 627.01
935.81 , 629.49
948.51 , 631
961.68 , 630.5
973.26 , 626.74
1212.33 , 624.41
1230.28 , 613.45
1252.2 , 611.66
1275.03 , 611.66
1296.28 , 614.87
1317.03 , 619.14
1338.03 , 622.92
1358.36 , 628.17
1377.23 , 636.82
1394.35 , 650.18
1405.33 , 668.01
1391.6 , 682.68
1373.13 , 672.94
1356.38 , 658.41
1338.33 , 647.66
1318.2 , 642.16
1296.23 , 640.41
1273.9 , 639.41
1252.05 , 637.41
1230.73 , 634.31
1064.29 , 551.67
1045.42 , 529.56
1021.77 , 514.23
997.07 , 501.47
971.22 , 492.34
945 , 484.02
919.14 , 474.76
891.87 , 468.24
861.75 , 467.74
832.79 , 470.72
805.12 , 476.24
827.19 , 496.08
853.22 , 504.84
882.92 , 506.24
912.22 , 508.49
938.8 , 516.25
963.6 , 528.72
987.39 , 543.75
1012.57 , 554.96
1040.27 , 560.51
