2150051470_2
790.85 , 874.06
798.54 , 902.09
808.51 , 932.8
819.81 , 963.13
832.22 , 993
844.53 , 1022.92
858.19 , 1052.25
874.94 , 1080.09
893.97 , 1106.29
916.35 , 1130.6
937.23 , 1151.17
960.78 , 1173.63
984.08 , 1196.58
1009.83 , 1217.85
1034.84 , 1236.03
1060.89 , 1253.18
1092.21 , 1267.82
1120.21 , 1276.04
1152.95 , 1279.71
1184.33 , 1277.95
1218.26 , 1272.47
1248.71 , 1265.81
1279.01 , 1256.8
1306.97 , 1243.31
1336.42 , 1225.79
1363.44 , 1209.79
1390.62 , 1194.68
1417.98 , 1178.5
1443.27 , 1154.82
1462.77 , 1129.7
1480.64 , 1104.4
1498.77 , 1078.76
1516.79 , 1052.3
1533.98 , 1024.68
1548.38 , 995.62
1559.82 , 965.47
1567.62 , 934.75
1573.31 , 903.37
1576.27 , 871.8
1577.17 , 840.13
1577.76 , 805.33
1036.55 , 821.95
1025.52 , 847.79
1016.21 , 876.44
1011.28 , 905.07
1013.11 , 937.51
1027.49 , 960.92
1057.55 , 972.35
1086.11 , 978.93
1115.47 , 980.59
1144.86 , 973.06
1173.62 , 962.18
1199.71 , 945.67
1219.19 , 925.49
1229.01 , 896.37
1224.14 , 867.5
1210.34 , 841.09
1191.75 , 814.6
988.35 , 1035.92
1013.52 , 1038.92
1039.22 , 1040.92
1065.15 , 1039.42
1091.08 , 1037.94
1117.1 , 1036.67
1143.05 , 1035.17
1168 , 1031.66
1193.25 , 1028.77
1218.4 , 1025.67
1243.35 , 1022.17
1268.17 , 1018.42
1291.75 , 1012.2
1303.63 , 1023.89
1284.65 , 1042.39
1264.92 , 1058.83
1244.85 , 1074.17
1224.33 , 1088.43
1202.9 , 1100.12
1180.25 , 1108.4
1156.35 , 1114.17
1131.88 , 1118.67
1105.95 , 1119.18
1081.72 , 1114.14
1059.3 , 1105.41
1037.97 , 1093.42
1018.6 , 1076.27
1002.85 , 1056.32
1004.35 , 1047.42
1022.95 , 1053.7
1043.35 , 1056.42
1064.25 , 1058.17
1085.53 , 1059.17
1106.55 , 1060.67
1127.95 , 1061.42
1148.47 , 1058.93
1168.3 , 1054.94
1187.88 , 1050.4
1207.68 , 1046.44
1227.05 , 1041.41
1246.1 , 1035.92
1264.78 , 1029.74
1284.3 , 1025.16
1266.72 , 1027.9
1247.65 , 1033.43
1228.08 , 1037.92
1208.38 , 1042.18
1189.42 , 1047.85
1169.78 , 1052.24
1149.95 , 1056.18
1129.4 , 1058.67
1107.78 , 1058.42
1086.03 , 1058.42
1065.38 , 1056.17
1043.72 , 1055.91
1023.8 , 1052.17
1238.9 , 702.53
1245.03 , 690.38
1254.48 , 679.46
1265.58 , 670.58
1277.48 , 663.77
1289.93 , 658.51
1302.6 , 654.03
1316.55 , 652.03
1330.48 , 654.01
1343.02 , 658.88
1352.92 , 669.7
1349.65 , 683.03
1341.12 , 694.31
1330.48 , 704.48
1318.45 , 711.02
1305.68 , 715.28
1291.62 , 717.03
1276.85 , 716.78
1263.15 , 714.28
1250.73 , 709.09
979.86 , 711.9
972.24 , 702.07
961.14 , 697.32
949.42 , 694.05
936.94 , 692.3
924.09 , 691.3
910.79 , 691.3
898.32 , 693.02
886.97 , 697.04
876.69 , 704.05
869.69 , 714.3
879.84 , 721.71
890.74 , 727.03
901.92 , 731.55
913.92 , 734.3
926.39 , 736.05
939.59 , 735.8
951.59 , 733.05
962.69 , 728.3
973.38 , 722.36
1165.48 , 642.96
1181.39 , 622.78
1202.03 , 608.15
1223.86 , 596.59
1246.73 , 588.21
1271.26 , 583.19
1297.63 , 581.96
1324.11 , 582.93
1350.11 , 584.96
1375.15 , 588.89
1397.9 , 597.95
1388.08 , 614.21
1361.48 , 614.46
1335.95 , 611.46
1309.86 , 610.21
1283.86 , 612.24
1259.28 , 617.17
1235.63 , 623.97
1213.31 , 633.9
1191.36 , 645.2
1035.03 , 653.05
1012.81 , 644.81
990.76 , 636.01
968.51 , 627.86
945.01 , 622.11
919.49 , 620.61
893.84 , 619.36
868.19 , 618.11
844.56 , 623.6
824.68 , 638.52
816.11 , 660.61
841.13 , 658.86
866.29 , 656.61
891.81 , 655.11
917.24 , 653.36
943.24 , 652.86
967.19 , 657.61
989.29 , 666.29
1012.16 , 673.13
1036.11 , 677.86
