2150058510_1
509.23 , 1060.75
508.13 , 1090.21
509.92 , 1123.16
512.56 , 1152.54
517.24 , 1186.47
525.74 , 1216.49
539.07 , 1244.76
552.1 , 1273.62
563.52 , 1300.95
576.76 , 1329.34
592.98 , 1357.56
612.7 , 1382.34
637.32 , 1403.69
662.94 , 1420.25
690.14 , 1436.17
718.86 , 1452.63
749.56 , 1460.95
774.93 , 1477.7
798.64 , 1496.03
830.34 , 1507.9
858.9 , 1512.56
891.91 , 1515.91
922.48 , 1518.54
954.99 , 1515.54
986.04 , 1506.91
1014.56 , 1498.42
1045.44 , 1489.72
1074.89 , 1479.92
1106 , 1469.7
1134.87 , 1456.61
1160.97 , 1440.78
1184.89 , 1420.34
1203.75 , 1393.88
1219.8 , 1366.31
1234.45 , 1340.37
1248.49 , 1311.58
1261.47 , 1281.58
1271.66 , 1251.16
1278.4 , 1221.97
1285.77 , 1190.1
1293.42 , 1158.36
877.2 , 1057.05
862.52 , 1076.78
843.92 , 1094.21
831.8 , 1114.8
835.6 , 1139.1
858.3 , 1149.35
881.49 , 1145.78
905.31 , 1157.64
926.61 , 1169.88
952.55 , 1167
977.5 , 1166.05
1001.3 , 1167.7
1026.3 , 1166.45
1037.39 , 1145.55
1034.42 , 1120.11
1026.93 , 1095.98
1014.25 , 1072.14
801.25 , 1267.88
816.77 , 1260.39
833.45 , 1255.61
850.12 , 1250.86
867.08 , 1246.6
885.1 , 1248.63
903.12 , 1250.63
921.75 , 1251.38
940 , 1252.88
958.62 , 1253.63
975.62 , 1257.75
991.75 , 1263.63
1007.5 , 1270.63
1018.45 , 1284.73
1007.55 , 1299.06
997.76 , 1313.78
989.82 , 1329.11
974.12 , 1336.36
956.75 , 1339.63
940.02 , 1334.9
924.5 , 1327.13
907.33 , 1323.39
889.77 , 1326.38
871.17 , 1325.65
855.67 , 1317.78
841 , 1307.88
827.38 , 1295
813.95 , 1281.58
821.75 , 1267.38
834.83 , 1267.13
847.9 , 1266.88
860.88 , 1267.38
873.35 , 1265.88
886.2 , 1265.13
898.3 , 1267.37
910.3 , 1269.87
922.65 , 1271.63
935.6 , 1272.13
948.45 , 1272.88
961.05 , 1274.13
973.77 , 1275.13
985.77 , 1277.63
997.1 , 1281.4
985.8 , 1278.13
973.67 , 1275.88
961.08 , 1274.63
948.12 , 1274.13
934.9 , 1274.13
922.55 , 1272.37
910.45 , 1270.13
898.45 , 1267.63
885.98 , 1266.13
873.25 , 1267.13
860.3 , 1267.63
847.45 , 1268.38
834.85 , 1267.13
1036.7 , 961.45
1050.35 , 952.04
1064.92 , 944.95
1080.9 , 941.2
1098.08 , 939.95
1115.1 , 941.45
1131.17 , 944.95
1146.08 , 950.95
1160.12 , 959.36
1173.07 , 970.83
1182.77 , 984.19
1167.62 , 989.43
1151.78 , 993.44
1135.33 , 996.2
1118.05 , 997.2
1100.53 , 996.7
1082.75 , 996.7
1066.58 , 993.47
1051.35 , 988.36
1037.71 , 978.73
836.82 , 958.94
826.95 , 947.46
814.98 , 938.72
802.2 , 932.06
788.35 , 928.21
773.95 , 925.46
758.7 , 924.46
743.83 , 926.23
730.48 , 931.09
717.88 , 938.18
706.1 , 947.46
718.6 , 954.71
731.35 , 961.46
744.85 , 965.96
759.85 , 967.46
774.85 , 968.96
789.62 , 970.96
804.28 , 973.21
819.05 , 975.22
833.57 , 972.7
1028.05 , 906.96
1043.05 , 883.46
1067.3 , 870.21
1093.05 , 861.46
1121.83 , 858.7
1150.02 , 862.71
1177.17 , 868.84
1203.2 , 877.11
1228.17 , 888.21
1249.97 , 908.13
1262.49 , 932.63
1256.78 , 955.45
1234.42 , 937.08
1211.42 , 920.47
1187.42 , 906.68
1160.85 , 899.46
1131.22 , 900.44
1102.55 , 903.46
1076.72 , 912.03
1051.57 , 921.97
890.21 , 901.37
881.75 , 869.58
852.86 , 850.3
821.16 , 838.83
786.01 , 834.33
750.51 , 838.08
715.24 , 842.33
679.74 , 846.05
647.99 , 857.32
619.56 , 878.15
598.13 , 906.36
584.66 , 937.33
616.26 , 926.61
648.18 , 915.84
678.99 , 901.55
713.01 , 894.84
749.49 , 893.08
784.88 , 889.08
821.84 , 888.33
856.63 , 893.58
