111510095_1
111.4 , 306.3
114.82 , 313.56
117.21 , 322.1
120.45 , 329.59
124.69 , 337.74
128.44 , 344.79
133.39 , 352.22
137.76 , 359.28
143.05 , 366.2
150.1 , 371.48
156.96 , 377.11
163.21 , 383.08
168.89 , 388.58
175.48 , 394.06
182.9 , 399.68
189.75 , 404.88
197.19 , 409.16
205.29 , 411.96
213.54 , 413.82
221.68 , 414.3
230.27 , 413.71
239.24 , 411.97
247.08 , 409.43
254.56 , 405.97
262.35 , 401.38
269.35 , 396.45
275.67 , 391.1
281.37 , 384.57
286.29 , 377.7
292.14 , 370.35
297.29 , 364.11
302.28 , 357.43
307.59 , 349.77
312.31 , 342.74
316.44 , 335.53
320.1 , 327.69
323.45 , 319.92
326.63 , 312
329.18 , 303.7
330.31 , 295.3
329.5 , 286.09
190.75 , 290.59
187.11 , 299.43
183.65 , 307.94
181.63 , 317.53
184.01 , 327.09
189.68 , 334.06
197.71 , 338.94
207.92 , 342.08
217.13 , 341.95
226.49 , 340.2
235.93 , 336.72
242.81 , 330.88
247.26 , 322.12
247.71 , 312.38
243.2 , 303.75
238.74 , 295.1
234.05 , 286.4
178.05 , 363.77
183.43 , 360.4
189.93 , 359.52
196.7 , 359.77
203 , 361.02
209.9 , 361.02
216.68 , 361.27
223.48 , 361.02
229.78 , 359.77
236.55 , 359.52
242.85 , 358.28
249.5 , 357.77
256.18 , 357.27
262.71 , 358
258.18 , 362.9
253.67 , 367.9
248.6 , 372.24
243.12 , 375.51
237.45 , 378.24
231.62 , 380.52
225.1 , 381.27
218.43 , 381.77
211.65 , 381.52
205.23 , 380.54
199.5 , 377.98
193.98 , 374.92
188.5 , 371.7
183.2 , 367.92
182.8 , 361.52
188.53 , 362.27
194.15 , 363.26
199.78 , 364.27
205.15 , 365.8
210.65 , 367.01
216.53 , 367.52
222.5 , 367.77
228 , 366.51
233.75 , 365.77
239.38 , 364.78
244.98 , 363.75
250.5 , 362.51
255.57 , 360.25
260.43 , 358.69
255.4 , 361.17
250.1 , 362.77
244.6 , 364.03
238.98 , 365
233.48 , 366.25
227.98 , 367.52
222.1 , 368.02
216.12 , 368.27
210.25 , 367.77
204.65 , 366.76
199.03 , 365.77
193.53 , 364.52
187.9 , 363.55
248.66 , 253.34
252.19 , 251.08
256.09 , 249.83
260.26 , 249.09
264.69 , 248.84
269.21 , 248.84
273.76 , 248.84
278.03 , 249.34
282.33 , 249.85
286.16 , 251.34
287.93 , 255.08
284.11 , 256.59
279.94 , 257.34
276.01 , 258.62
272.11 , 259.84
267.94 , 260.59
263.53 , 260.34
259.36 , 259.6
255.44 , 258.33
251.71 , 256.6
169.66 , 259.71
166.44 , 259.63
162.06 , 261.33
157.36 , 262.39
152.69 , 263.44
147.96 , 264.37
143.13 , 265.12
137.94 , 265.12
132.99 , 264.6
128.56 , 263.14
124.01 , 261.87
128.44 , 263.36
132.66 , 265.53
137.13 , 267
142.13 , 267.37
147.09 , 266.87
151.86 , 266.02
156.49 , 264.88
161.09 , 263.63
165.36 , 261.61
238.49 , 228.86
240.68 , 221.14
247.69 , 217.12
255.24 , 214.61
262.76 , 212.1
270.14 , 209.21
277.54 , 206.33
285.09 , 203.89
293.62 , 203.36
301.06 , 206.18
307.04 , 212.16
306.69 , 218.87
298.74 , 217.11
290.22 , 217.61
282.54 , 219.87
274.69 , 221.87
267.42 , 225.12
260.17 , 228.43
252.79 , 231.34
245.09 , 233.12
175.6 , 236.41
168.15 , 231.89
159.8 , 229.67
150.82 , 228.66
141.97 , 227.44
133.28 , 225.84
124.85 , 223.66
116.35 , 221.66
107.05 , 221.95
98.97 , 224.75
91.85 , 230.16
99.72 , 233.44
108.57 , 234.66
117.65 , 235.41
126.53 , 236.66
135.25 , 238.18
143.97 , 239.69
152.82 , 240.91
161.8 , 241.92
170.9 , 242.66
