21582960_1
687.47 , 1117.74
701.89 , 1160.75
721.53 , 1202.91
737.75 , 1245.97
755.03 , 1288.15
776.58 , 1328.51
802.03 , 1366.35
829.67 , 1402.07
857.33 , 1441.67
884.18 , 1478.99
918.32 , 1509.81
944.89 , 1547.79
975.6 , 1580.36
1010.26 , 1608.58
1048.31 , 1638.51
1081.72 , 1665.29
1117.21 , 1699.5
1153.33 , 1725.18
1196.16 , 1745.05
1240.4 , 1759.6
1287.2 , 1758.45
1325.48 , 1740.42
1367.57 , 1713.45
1404.7 , 1688.52
1441.76 , 1660.35
1475.56 , 1631.3
1508.83 , 1600.68
1543.26 , 1568.67
1576.47 , 1537.23
1609.98 , 1503.03
1637.79 , 1469.76
1665.48 , 1431.58
1685.17 , 1388.55
1699.21 , 1343.18
1712.99 , 1300.36
1726.19 , 1254.55
1736.62 , 1211.54
1749.86 , 1165.51
1762.19 , 1122.25
1765.46 , 1076.05
1776 , 1030.15
1092.4 , 983.05
1079.01 , 1009.8
1071.12 , 1038.59
1071.09 , 1068.67
1090.88 , 1093.37
1117.48 , 1102.2
1149.31 , 1107.35
1180.64 , 1114.1
1209.75 , 1120.45
1239.33 , 1113.47
1268.04 , 1100.22
1294.83 , 1085.06
1319.79 , 1068.03
1337.66 , 1043.31
1337.97 , 1012.57
1328.47 , 984.37
1315.65 , 955
996.1 , 1239.74
1025.97 , 1227.12
1061.08 , 1228.49
1095.5 , 1225.5
1127.8 , 1217.99
1159.5 , 1209.34
1193.95 , 1206.39
1229.42 , 1206.99
1263.5 , 1203.24
1298.78 , 1203.99
1334.3 , 1204.74
1369.85 , 1203.99
1404.65 , 1201.74
1426.09 , 1222.79
1404.75 , 1249.62
1381.75 , 1275.84
1357 , 1301.24
1330.3 , 1323
1300.75 , 1337.09
1268.65 , 1344.99
1234.58 , 1348.24
1200.85 , 1343.74
1168.9 , 1335.53
1137.58 , 1326.23
1107.18 , 1315.05
1077.58 , 1301.23
1048.75 , 1285.37
1021.55 , 1264.94
1010.1 , 1243.74
1039.78 , 1245.24
1070.17 , 1245.24
1098.78 , 1241.49
1127.12 , 1237.24
1156.1 , 1234.24
1185.88 , 1232.97
1215.58 , 1231.49
1244.72 , 1228.87
1274.03 , 1226.56
1303.42 , 1224.46
1332.75 , 1222.24
1361.83 , 1219.49
1390.43 , 1215.74
1390.5 , 1233.33
1365.58 , 1245.51
1340.25 , 1256.34
1314.8 , 1266.72
1288.88 , 1275.97
1261.62 , 1282.48
1233.03 , 1286.24
1202.95 , 1286.09
1173.97 , 1283.12
1145.18 , 1279.74
1116.22 , 1276.74
1087.62 , 1272.99
1060.03 , 1267.26
1034.08 , 1258.22
1321.64 , 813.31
1335.94 , 806.52
1349.57 , 797.91
1363.34 , 789.63
1377.32 , 781.88
1392.14 , 776.56
1408.84 , 775.06
1425.67 , 776.31
1440.89 , 780.81
1454.58 , 789.25
1464.37 , 802.51
1456.53 , 816.43
1443.07 , 825.57
1427.84 , 830.06
1412.09 , 833.56
1396.12 , 836.56
1379.04 , 835.81
1362.34 , 834.31
1346.59 , 830.82
1331.22 , 826.56
1031.1 , 849.69
1019.29 , 836.39
1004.16 , 828.99
987.66 , 824.99
969.72 , 823.99
951.66 , 824.74
935.14 , 828.74
920.04 , 836.08
905.64 , 845.24
892.09 , 856.8
877.89 , 866.49
892.79 , 874.4
908.19 , 880.74
925.16 , 883.74
942.87 , 885.24
961.16 , 884.99
978.51 , 882.73
994.74 , 878.21
1010.32 , 872.31
1025.48 , 865.15
1243.2 , 734.58
1252.08 , 699.68
1277.78 , 671.24
1309.2 , 653.83
1343.75 , 644.33
1379.9 , 638.08
1416.05 , 631.84
1452.78 , 626.84
1489.53 , 631.82
1523.73 , 641.85
1554.63 , 660.52
1564.72 , 693.31
1532.05 , 707.33
1493.5 , 708.58
1455.68 , 705.83
1416.62 , 706.08
1378.85 , 708.93
1343.47 , 716.81
1310.15 , 728.63
1277.8 , 743.61
1067.92 , 745.01
1052.34 , 715.5
1019.64 , 700.51
985.32 , 689.98
947.49 , 687.01
910.12 , 691.52
875.47 , 701.53
842.29 , 714.77
811.07 , 733.59
784.4 , 761.99
767.63 , 794.06
758.14 , 829.01
789.84 , 812.32
818.04 , 785.11
848.54 , 764.33
882.14 , 752.26
917.37 , 743.28
954.62 , 738.51
993.54 , 739.26
1029.57 , 746.48
