2158901099_1
134 , 413.3
140.53 , 424.08
147.34 , 436.4
154.14 , 447.2
162.44 , 458.83
170.31 , 468.82
179.18 , 479.75
187.95 , 490.44
196.23 , 499.65
205.95 , 509.06
215.7 , 518.33
225.6 , 527.27
237.21 , 536.19
248.31 , 543.43
259.62 , 550.01
271.53 , 556.34
283.6 , 561.46
297.34 , 565.63
310.19 , 567.45
322.94 , 567.58
337.48 , 567.27
351.07 , 565.38
364.01 , 562.14
375.88 , 556.73
386.4 , 547.99
393.89 , 536.61
398.86 , 524.87
403.36 , 511.9
408.2 , 499.02
412.82 , 486.52
417.35 , 474.08
420.53 , 461.05
423.8 , 448.24
427.54 , 434.18
430.35 , 421.33
432.34 , 407.98
434.22 , 394.86
435.68 , 381.54
437.5 , 368.14
440.1 , 354.52
442.26 , 340.95
282.75 , 383.4
277.62 , 393.13
273.9 , 404.25
272.01 , 416.3
274.82 , 428.07
283.18 , 437.06
294.27 , 441.61
305.79 , 442.26
317.71 , 443.42
328.79 , 440.78
339.77 , 434.2
349.11 , 426.99
356.79 , 417.8
356.14 , 406.75
350.45 , 395.6
344.18 , 385.12
339.92 , 373.81
279 , 498.4
284.68 , 491.47
291.6 , 485.8
298.68 , 480.48
305.75 , 475.15
312.93 , 470.22
321.5 , 468.65
330.48 , 469.4
337.8 , 464.86
345.48 , 461.17
354.3 , 460.15
363.02 , 461.4
371.18 , 463.83
379.52 , 465.91
380.12 , 474.52
375.87 , 482
371.84 , 489.52
367.09 , 496.8
360.5 , 503.4
353.23 , 508.17
345.43 , 511.4
336.82 , 512.9
327.98 , 513.9
318.75 , 513.65
310.02 , 512.4
301.52 , 510.66
293.57 , 507.88
285.95 , 504.1
285 , 496.9
291.68 , 494.88
298.18 , 492.38
304.68 , 489.88
311.77 , 488.65
318.65 , 486.88
325.65 , 485.41
332.75 , 484.15
339.62 , 482.43
346.02 , 479.66
352.38 , 476.62
358.88 , 474.12
365.75 , 472.4
372.48 , 470.4
379.69 , 469.66
372.57 , 470.9
365.7 , 472.63
359.2 , 475.13
352.7 , 477.63
346.3 , 480.42
339.8 , 482.92
333.2 , 485.15
326.1 , 486.39
318.75 , 487.15
311.88 , 488.87
305.15 , 490.87
298.43 , 492.88
291.7 , 494.88
343.24 , 321.1
342.74 , 314.62
345.05 , 309.05
348.86 , 303.99
353.81 , 299.87
359.29 , 297.11
364.84 , 294.63
371.06 , 293.62
377.64 , 293.38
383.56 , 294.94
388.98 , 297.84
390.51 , 303.82
387.61 , 309.22
383.99 , 314.37
378.99 , 318.37
373.51 , 321.11
367.89 , 323.37
361.56 , 324.12
354.99 , 324.37
348.44 , 324.08
245.95 , 346.48
240.75 , 342.82
235.32 , 339.89
229.6 , 337.8
223.57 , 336.3
217.07 , 335.82
211.05 , 337.31
205.6 , 340.2
201.19 , 345.12
197.74 , 350.34
195 , 355.82
200.28 , 359.1
205.6 , 362.33
211.2 , 364.83
217.93 , 364.82
224.07 , 363.58
229.95 , 361.8
235.62 , 359.6
241.08 , 356.72
246.25 , 353.07
321.87 , 286.28
326.97 , 278.9
334.27 , 273.4
341.55 , 267.87
349.05 , 263.09
357.19 , 260
366.27 , 258.88
375.35 , 257.78
384.85 , 257.53
393.14 , 260.29
400.69 , 265.04
396.3 , 270
387.27 , 268.78
377.77 , 269.03
369.12 , 271.03
361.3 , 275.1
353.55 , 279.28
345.75 , 283.41
337.87 , 287.28
329.69 , 290.3
264.31 , 308.05
254.64 , 304.47
243.86 , 303.2
232.84 , 302.45
221.69 , 302.95
211.14 , 304.7
200.24 , 305.69
190.04 , 308.17
180.74 , 312.92
172.68 , 320.97
167.96 , 330.2
178.64 , 328.69
188.71 , 325.95
198.76 , 323.18
209.16 , 321.19
219.96 , 319.95
230.99 , 319.2
242.24 , 319.45
253.64 , 319.45
264.26 , 317.91
