216195276_1
350.74 , 381.85
351.29 , 397.16
352.24 , 411.33
353.78 , 427.09
354.52 , 442.46
354.79 , 457.63
355.88 , 474.06
358.13 , 489.48
362.31 , 504.46
367.99 , 518.85
374.31 , 532.65
381.43 , 545.78
390.53 , 559.22
399.44 , 572.15
406.61 , 584.52
414.43 , 598.82
422.47 , 611.38
433.21 , 622.8
445.77 , 631.09
459.98 , 638.74
474.65 , 644.54
489.98 , 646.36
505.35 , 648.46
519.74 , 648.77
534.41 , 644.54
547.42 , 635.88
559.39 , 626.56
570.32 , 615.59
581.99 , 604.01
595.14 , 595.88
607.4 , 586.57
619.19 , 576.8
630.27 , 565.84
639.59 , 554.39
648.59 , 541.2
656.31 , 528.13
664.14 , 513.83
671.02 , 501.5
678.45 , 486.72
684.12 , 473.04
690 , 457.6
515.32 , 470.75
506.86 , 480.44
497.63 , 489.9
490.25 , 500.6
490.25 , 513.1
499.27 , 522.65
510.7 , 530.12
522.59 , 534.38
534.49 , 540.86
547.65 , 543.14
560.3 , 540.67
573.19 , 537.89
585.97 , 536.49
591.77 , 524.19
591.47 , 511
587.93 , 499.05
584.47 , 485.47
454.05 , 551.72
465.65 , 550.72
477.15 , 551.97
488.9 , 552.72
500.53 , 553.72
512.15 , 554.73
523.05 , 557.22
533.55 , 560.47
544.92 , 561.97
556.3 , 563.47
566.95 , 566.49
578.55 , 567.47
590.35 , 567.08
586.29 , 577.25
578.83 , 586.2
569.75 , 593.28
560.53 , 600
550.9 , 605.63
540.98 , 610.45
530.33 , 613.47
518.7 , 612.49
508.35 , 608.95
498.25 , 604.7
489.32 , 597.25
481.85 , 588.27
474.22 , 579.39
466.41 , 570.57
459.49 , 561.42
459.8 , 552.47
468 , 555.93
476.07 , 559.98
484.2 , 563.97
492.45 , 567.38
500.83 , 570.49
509.08 , 573.96
517.75 , 576.45
526.73 , 578.4
536.23 , 579.23
545.75 , 579.97
555.27 , 579.72
564.33 , 577.95
572.73 , 574.75
575.75 , 573.97
567.75 , 578.23
559.58 , 581.96
551.17 , 585.2
542.25 , 587.26
532.95 , 588.47
523.23 , 588.15
514.27 , 586.2
506.02 , 582.69
498.25 , 577.91
490.68 , 572.47
482.77 , 567.95
474.77 , 563.71
467.2 , 558.37
599.82 , 429.41
603.26 , 423.22
609.25 , 419.22
615.62 , 416.18
621.97 , 413
628.57 , 410.66
635.82 , 409.66
643.22 , 410.42
649.97 , 412.44
656.51 , 414.9
660.53 , 420.86
660.44 , 428.55
654.65 , 433.15
648.02 , 435.39
641.25 , 437.41
634.22 , 438.91
626.72 , 438.4
619.7 , 436.91
612.2 , 436.43
605.57 , 434.16
514.94 , 412.62
511.5 , 405.18
505.45 , 398.63
498.58 , 393.53
491.38 , 389.31
483.75 , 386.26
475.28 , 385
466.23 , 385
457.62 , 386
449.4 , 387.72
442.05 , 391.5
445.68 , 398.9
451.75 , 405.44
458.7 , 410.41
466.12 , 413.98
473.85 , 416.75
481.98 , 418.75
490.68 , 419.5
499.5 , 419
508.33 , 418.49
594.5 , 394.55
603.55 , 389.79
612.75 , 385.3
622.35 , 382.02
632.7 , 380.29
643.42 , 379.3
654.17 , 378.3
664.77 , 377.05
675.88 , 377.3
686.6 , 378.3
695.25 , 384.3
687.62 , 390.18
677.52 , 392.55
666.8 , 393.55
655.58 , 393.55
644.98 , 394.8
634.12 , 395.52
623.88 , 397.56
613.85 , 400.04
603.1 , 400.64
542.5 , 382.95
534.51 , 371.72
522.5 , 365.21
510.33 , 359.27
497.45 , 355.21
484.13 , 352.01
470.48 , 349.44
457.03 , 346.48
443.7 , 343.23
429.18 , 342.46
416.03 , 345.98
428.18 , 352.01
441.08 , 356
453.9 , 360.11
466.83 , 364.02
480.2 , 367.16
493.53 , 370.48
506.1 , 375.24
518.28 , 381.23
530.7 , 386.42
