2163071133_1
785.67 , 1153.12
788.16 , 1189.61
791.94 , 1226.13
797.08 , 1259.05
805.33 , 1295.18
815.49 , 1330.7
828.81 , 1367.36
841.76 , 1400.13
858.51 , 1434.7
875.65 , 1464.71
894.4 , 1497.24
915.75 , 1527.55
940.66 , 1554.16
967.33 , 1576.66
997.06 , 1597.41
1028.69 , 1616.92
1061.61 , 1634.22
1095.92 , 1647.86
1131.16 , 1660.27
1164.76 , 1670.58
1202.51 , 1675.89
1236.97 , 1675.45
1276.75 , 1670.09
1313.2 , 1667.32
1345.86 , 1654.91
1374.2 , 1630.29
1399.52 , 1606.52
1423.15 , 1577.97
1446.14 , 1547.93
1473.28 , 1524.8
1500.53 , 1502.46
1525.54 , 1471.19
1542.62 , 1438.7
1555.2 , 1405.43
1563.7 , 1372.23
1570.05 , 1333.95
1574.4 , 1298
1575.88 , 1260.82
1576.27 , 1224.14
1577.54 , 1189.21
1579.25 , 1149.39
1219.64 , 1171.35
1212.7 , 1197.62
1197.62 , 1218.17
1195.84 , 1248.47
1207.86 , 1272.05
1229.45 , 1288.81
1257.15 , 1301.96
1281.78 , 1309.35
1310.72 , 1314.25
1338.48 , 1313.81
1367.04 , 1312.1
1386.86 , 1290.51
1407.91 , 1275.13
1429.55 , 1256.06
1431.02 , 1229.67
1415.09 , 1204.19
1398.2 , 1181.1
1117.8 , 1396.67
1141.6 , 1389.9
1168.4 , 1389.17
1194.7 , 1390.92
1220.4 , 1393.91
1246.95 , 1392.67
1272.62 , 1389.6
1298.42 , 1386.8
1324.65 , 1384.92
1351.58 , 1385.42
1378.5 , 1385.92
1404.67 , 1383.95
1429.77 , 1379.67
1430.81 , 1404.32
1419.52 , 1426.47
1404.55 , 1447.17
1386.95 , 1466.78
1366.72 , 1483.15
1343.88 , 1492.19
1318.3 , 1495.42
1291.62 , 1495.9
1266.07 , 1492.68
1242.57 , 1485.19
1221.07 , 1472.43
1200.67 , 1456.52
1180.28 , 1440.66
1159.05 , 1427.17
1138.2 , 1412.57
1124.8 , 1399.92
1148.42 , 1401.17
1170.95 , 1404.69
1193 , 1409.18
1215.3 , 1413.17
1237.95 , 1416.42
1260.38 , 1420.16
1282.8 , 1423.92
1305.42 , 1427.14
1329.17 , 1427.17
1352.15 , 1424.57
1374.38 , 1420.39
1395.65 , 1414.39
1414.88 , 1403.12
1426.85 , 1394.86
1408.65 , 1409.04
1389.08 , 1419.43
1367.92 , 1425.67
1346.3 , 1431.17
1324.35 , 1435.9
1300.85 , 1436.42
1278.55 , 1432.42
1256.72 , 1427.4
1235 , 1422.15
1213.82 , 1415.94
1193 , 1409.18
1170.6 , 1405.42
1146.97 , 1404.19
1375.95 , 1041.11
1390.17 , 1035.61
1405.33 , 1031.87
1421.05 , 1029.36
1437.15 , 1027.61
1453.85 , 1027.11
1469.48 , 1029.86
1483.83 , 1035.11
1497.3 , 1042.93
1508.71 , 1055.13
1512.68 , 1070.13
1502.15 , 1082.62
1487.78 , 1087.86
1471.43 , 1089.11
1455.83 , 1086.38
1441.38 , 1081.38
1427.25 , 1075.34
1413.28 , 1068.84
1399.4 , 1062.07
1386.11 , 1053.75
1187.24 , 1041.18
1174.77 , 1026.69
1159.12 , 1017.06
1142.34 , 1010.71
1124.37 , 1006.68
1105.46 , 1004.68
1086.07 , 1005.68
1067.66 , 1008.75
1050.49 , 1014.18
1034.16 , 1021.99
1018.49 , 1031.43
1033.22 , 1043.65
1048.54 , 1054.22
1065.12 , 1061.21
1082.84 , 1065.71
1101.62 , 1067.93
1120.79 , 1066.43
1139.69 , 1064.43
1158.12 , 1061.44
1175.12 , 1055.55
1339.5 , 968.64
1360.88 , 938.72
1395.83 , 929.86
1434.12 , 928.14
1472.42 , 929.89
1508.67 , 935.82
1542.75 , 946.14
1575.78 , 958.66
1606.88 , 976.8
1635.05 , 1003.19
1651.94 , 1034.82
1646.2 , 1068.57
1615.42 , 1049.56
1586.03 , 1026.65
1554.25 , 1010.14
1519.85 , 1000.37
1484.55 , 992.41
1447.97 , 987.12
1412.08 , 980.38
1375.38 , 975.38
1243.98 , 966.24
1221.58 , 941.55
1193.61 , 926.02
1163.13 , 917.14
1130.48 , 912.54
1095.83 , 913.04
1063.25 , 917.79
1031.28 , 923.79
1000.38 , 932.07
970.25 , 941.56
940.53 , 951.79
966.98 , 971.53
1001.5 , 972.29
1033.13 , 965.54
1066.18 , 961.78
1100.11 , 963.29
1132.13 , 969.14
1164.03 , 975.29
1195.45 , 982.47
1226.93 , 989.55
