2164052578_1
311.9 , 895.09
314.56 , 945.85
319.43 , 995.08
326.12 , 1050.47
333.16 , 1101.21
343.99 , 1155.39
359.75 , 1201.09
383.01 , 1247.81
408.93 , 1293.8
431.6 , 1341.09
459.95 , 1386.4
493.95 , 1426.23
534.94 , 1464.17
573.12 , 1494.2
619.77 , 1526.95
658.66 , 1557.03
705.46 , 1583.27
751.39 , 1609.48
799.27 , 1626.22
852.8 , 1642.77
900.99 , 1654.5
953.75 , 1666.01
1007.31 , 1657.16
1051.09 , 1638.06
1088.87 , 1596.77
1126.59 , 1559.2
1159.75 , 1520
1189.75 , 1479
1229.06 , 1440.31
1263.37 , 1399.66
1292.35 , 1355.49
1318.96 , 1315.94
1352.98 , 1270.96
1375.7 , 1222.5
1392.4 , 1175.6
1411.66 , 1123.81
1425.57 , 1077.82
1434.01 , 1022.02
1441.65 , 971.45
1446.5 , 920.89
1447.32 , 864.3
1007.55 , 959.05
981.41 , 982.61
960.34 , 1011.3
959.49 , 1048.24
985.69 , 1074.63
1016.45 , 1093.25
1053.02 , 1101.88
1088.69 , 1102.61
1125.08 , 1106.77
1162.6 , 1105.19
1198.47 , 1099.33
1233.94 , 1096.6
1264.74 , 1074.99
1272.85 , 1040.55
1261.68 , 1006.51
1240.53 , 973.8
1223.45 , 941.1
831.45 , 1255.56
861.8 , 1237.53
897.62 , 1232.31
933.83 , 1227.81
971 , 1225.31
1007.43 , 1221.31
1042.28 , 1214.07
1079.2 , 1217.06
1117.45 , 1217.31
1152.1 , 1209.57
1190.1 , 1210.28
1220.29 , 1228.86
1221.94 , 1266.46
1213.97 , 1300.98
1202.21 , 1333.59
1186.55 , 1364.96
1166.79 , 1394.71
1140.8 , 1422.24
1110.6 , 1440.84
1075.75 , 1448.06
1038.1 , 1446.58
1004.38 , 1436.99
973.23 , 1420.84
944.23 , 1398.83
916.82 , 1372.43
892.63 , 1344.23
869.53 , 1315.63
848.67 , 1286.28
853.2 , 1242.56
877.68 , 1239.31
903.5 , 1238.81
929.45 , 1239.06
955.05 , 1238.06
980.4 , 1239.56
1006.23 , 1240.06
1032.05 , 1240.56
1056.8 , 1243.31
1082.38 , 1244.31
1107.85 , 1245.56
1132.83 , 1243.31
1158.18 , 1244.81
1157.33 , 1269.68
1144.61 , 1290.13
1128.35 , 1309.31
1108.9 , 1324.85
1087.6 , 1335.59
1065.03 , 1342.53
1040.9 , 1346.56
1016.4 , 1343.29
993.78 , 1336.38
971.55 , 1328.65
950.12 , 1318.3
929.58 , 1305.81
909.38 , 1292.47
889.73 , 1277.34
870.35 , 1261.46
1221.5 , 749.22
1227.22 , 728.5
1241.8 , 711.16
1259.9 , 698.72
1280.15 , 692.23
1302.9 , 690.72
1325.65 , 692.23
1347.17 , 696.22
1366.55 , 705.26
1384.67 , 717.63
1397.21 , 735.67
1398.31 , 758.42
1383.28 , 775.46
1364.05 , 784.97
1341.78 , 787.47
1319.03 , 785.97
1296.88 , 783.25
1275.2 , 779.48
1254.1 , 774.57
1234.24 , 767.16
948.42 , 754.46
944.09 , 729.43
928.26 , 708.11
909.62 , 687.95
887.87 , 673.46
863.37 , 666.23
835.39 , 665.98
809.47 , 670.41
784.94 , 677.69
762.31 , 690.06
741.66 , 707.7
724.39 , 728.48
744.59 , 747.42
766.99 , 760.32
791.04 , 768.39
816.91 , 772.99
844.64 , 772.23
870.79 , 768.24
896.82 , 763.96
922.97 , 759.95
1224.5 , 518.68
1257.2 , 513.93
1291.25 , 511.93
1325.8 , 512.93
1358.75 , 517.18
1388.58 , 527.69
1415.95 , 545.12
1441.3 , 568.23
1462.23 , 594.38
1475.53 , 623.31
1480.67 , 655.62
1458.88 , 629.81
1433.45 , 606.87
1406.25 , 588.93
1377.53 , 574.92
1346.92 , 565.9
1312.03 , 565.68
1281.42 , 574.71
1248.13 , 578.1
1230.23 , 550.9
1066.75 , 552.1
1040.94 , 522.16
1001.69 , 517.68
963.37 , 511.32
926.29 , 502.2
886.04 , 500.16
848.94 , 509.22
812.89 , 520.05
776.64 , 530.55
741.09 , 542.36
708.49 , 562.2
745.62 , 571.19
783.37 , 578.69
822.74 , 574.45
862.84 , 571.7
902.32 , 575.7
939.99 , 583.45
978.99 , 588.45
1017.99 , 593.45
1056.99 , 588.45
