1115234911_1
572.97 , 534.08
570.99 , 556.4
568.39 , 578.74
566.5 , 601.24
566.45 , 623.73
569.55 , 645.67
576.18 , 666.8
587.18 , 686.47
602.07 , 704.11
617.67 , 718.24
635.62 , 732.74
653.2 , 746.56
672.78 , 760.73
691.71 , 771.78
711.62 , 780.79
733.14 , 791.18
752.71 , 800.39
772.62 , 808.79
795.62 , 815.9
817.34 , 819.43
839.44 , 819.13
861.32 , 815.27
882.6 , 809.25
905.15 , 800.78
925.42 , 792.86
944.9 , 782.87
964.65 , 768.59
982.69 , 755.58
1002.7 , 744.3
1022.81 , 735.46
1044.17 , 726.78
1062.6 , 717.57
1082.35 , 702.95
1096.91 , 687.32
1108.66 , 667.94
1116.62 , 647.16
1122.86 , 625.9
1127.7 , 602.17
1129.5 , 580.17
1126.9 , 557.66
1122.3 , 535.14
763.25 , 526.34
755.74 , 540.97
751.01 , 558.85
753.4 , 576.09
763.24 , 589.67
778.42 , 600.91
792.84 , 608.53
810.91 , 612.53
827.69 , 611.51
845.34 , 610.25
863.61 , 607.08
881.37 , 601.88
895.1 , 593.45
905.8 , 578.66
904.53 , 561.08
895.78 , 545.14
885.39 , 530.65
746.35 , 672.88
757.7 , 667.29
769.25 , 662.23
782.27 , 660.38
796.05 , 660.13
809.38 , 661.38
821.7 , 664.61
835.38 , 664.63
849.3 , 664.63
862.85 , 665.38
875.9 , 667.15
888.5 , 669.85
900.28 , 674.32
912.08 , 678.61
909.9 , 689.84
898.73 , 695.97
887.7 , 702.54
876.33 , 708.15
864.58 , 712.63
852.1 , 715.63
838.42 , 716.12
825.23 , 714.61
812.75 , 711.6
800.7 , 707.89
789.2 , 702.64
777.95 , 696.63
767.1 , 689.63
756.88 , 680.9
752.85 , 677.88
763.9 , 680.12
775.1 , 682.13
786.43 , 683.87
797.38 , 686.4
808.25 , 689.13
819.23 , 691.63
831.15 , 692.13
842.7 , 690.87
854.28 , 689.62
865.83 , 688.38
877.28 , 686.88
888.83 , 685.63
900.53 , 684.63
911.98 , 684.03
900.58 , 685.63
889.12 , 687.12
877.92 , 689.13
866.48 , 690.62
854.8 , 691.63
842.88 , 692.13
830.95 , 692.63
819.03 , 692.13
807.35 , 691.13
796.05 , 689.34
785.15 , 686.65
773.95 , 684.66
762.9 , 682.4
908.05 , 444.19
911.1 , 439.35
916.2 , 436.91
921.72 , 435.51
927.4 , 434.41
933.35 , 433.94
939.42 , 434.19
945.5 , 434.44
951.57 , 434.69
957.52 , 435.19
963.25 , 436.2
961.42 , 439.19
955.4 , 439.59
949.6 , 440.4
943.8 , 441.19
937.95 , 441.95
932.12 , 442.69
926.17 , 443.19
919.97 , 443.19
914.02 , 443.69
745.32 , 444.27
740.25 , 440.69
734.89 , 437.83
729.27 , 435.73
723.2 , 434.56
716.92 , 433.82
710.29 , 433.82
703.92 , 434.32
697.77 , 435.32
691.62 , 436.32
685.37 , 437.07
691.64 , 437.82
697.42 , 439.59
703.57 , 440.57
709.82 , 441.32
716.35 , 441.57
722.5 , 442.6
728.64 , 443.58
734.8 , 444.5
741 , 445.44
859.8 , 389.89
878.2 , 381.74
896.9 , 374.38
915.2 , 365.73
934.1 , 358.86
954.8 , 355.64
976.8 , 355.14
998.32 , 356.64
1017.32 , 363.38
1034.38 , 375.44
1051.3 , 387.89
1038.17 , 392.76
1020 , 383.66
1001.22 , 376.14
980.07 , 373.89
958.15 , 373.54
936.88 , 375.66
918.2 , 382.98
899.95 , 391.99
879.42 , 395.26
789.58 , 394.56
769.93 , 380.16
748.45 , 370.93
726.03 , 364.15
701.9 , 360.66
676.45 , 359.91
651.36 , 361.39
626.75 , 363.92
603.7 , 369.65
583.18 , 381.66
565.68 , 400.16
587.25 , 408.94
610.88 , 404.4
633.36 , 397.69
657.95 , 395.16
682.93 , 396.91
706.93 , 400.66
730.11 , 406.17
753.73 , 410.68
778.71 , 412.42
