2165347834_1
236.38 , 511.31
240.15 , 527.61
245.27 , 544.16
250.52 , 562.69
255.51 , 579.94
260.03 , 595.78
265.48 , 612.93
272.58 , 629.67
280.93 , 645.99
289.78 , 662
297.88 , 676.54
307.75 , 692.15
318.66 , 707.27
329.72 , 719.54
343.43 , 730.88
359.07 , 741.2
375.03 , 749.61
391.57 , 756.95
408.76 , 762.78
424.88 , 766.41
443.65 , 768.61
460.97 , 769.73
479.33 , 769.63
496.2 , 767.98
513.93 , 764.57
531.34 , 758.29
546.1 , 749.78
562.25 , 739.31
575.54 , 729.37
588.44 , 716.85
599.97 , 703.45
610.42 , 687.68
618.46 , 672.07
625.21 , 655.95
630.69 , 639.26
634.99 , 622.22
639.67 , 603.34
643.76 , 586.37
648.43 , 569.41
653.13 , 552.56
657.41 , 533.87
436.65 , 511
430.55 , 523.36
425.31 , 536.56
423.4 , 550.45
427.68 , 563.28
440.99 , 568.76
455.12 , 567.91
469.21 , 569.48
480.32 , 577.62
494.26 , 577.19
507.95 , 570.74
520.86 , 571.85
535.97 , 569.92
541.66 , 558.11
540.79 , 543.22
534.7 , 530.86
531.3 , 516.6
379.5 , 612.01
394.23 , 612.01
407.75 , 614.51
421.65 , 616.26
435.8 , 617.51
450.3 , 618.01
464.68 , 618.76
479.05 , 618.01
493.8 , 618.01
507.45 , 620.27
521.23 , 622.26
535.48 , 623.26
549.85 , 624.01
548.4 , 637.09
540 , 648.26
529.6 , 658.69
518.48 , 667.28
506.88 , 674.38
494.07 , 678.26
479.48 , 677.99
466.05 , 675.25
452.75 , 672.26
440.18 , 667.94
428.12 , 661.89
416.85 , 653.85
405.95 , 644.71
395.4 , 634.66
385.88 , 623.91
382.5 , 612.26
393.75 , 615.51
405.57 , 617.76
418.35 , 618.01
430.77 , 617.01
443.32 , 617.76
455.98 , 618.26
468.27 , 619.51
480.95 , 619.01
493.35 , 618.01
505.3 , 620
517.35 , 621.76
529.77 , 622.76
542.32 , 623.5
536.27 , 633.48
526.58 , 640.99
516.02 , 646.25
504.7 , 649.5
492.52 , 651.01
480.23 , 652.26
467.68 , 651.51
455.88 , 649.28
444.4 , 646.29
433.25 , 642.76
422.4 , 638.54
411.65 , 633.92
401.2 , 628.44
391.28 , 621.54
550.5 , 445.41
553.88 , 437.98
561.12 , 433.91
568.73 , 430.91
576.9 , 429.16
585.45 , 428.16
594.5 , 428.16
602.67 , 429.88
610.03 , 433.69
615.51 , 440.39
617.28 , 448.56
613.9 , 456.04
608.05 , 462.63
600.73 , 466.4
592.65 , 468.41
583.73 , 468.66
575.45 , 467.12
568 , 463.66
561.03 , 458.93
554.82 , 452.51
413.28 , 434.07
408.18 , 428.25
401.91 , 424.41
395.24 , 421.65
387.86 , 420.4
380.36 , 419.4
372.61 , 418.9
364.88 , 419.4
357.76 , 421.19
351.39 , 424.81
346.31 , 430.65
352.36 , 435.2
358.31 , 439.9
364.91 , 442.93
372.16 , 444.39
380.01 , 444.65
387.88 , 444.9
395.61 , 444.4
403.11 , 443.4
409.73 , 440.4
550.53 , 389.05
559.11 , 381.21
569.9 , 378.92
581.38 , 378.05
592.9 , 378.79
604.45 , 379.48
615.83 , 380.55
626.53 , 383.05
636.21 , 388.05
644.08 , 396.1
649.54 , 405.62
646.68 , 411.45
637.8 , 404.32
627.65 , 400.55
616.25 , 399.55
604.61 , 399.05
592.95 , 399.55
581.3 , 400.06
570.11 , 398.62
559.48 , 395.99
432.32 , 378.92
420.67 , 372.01
406.72 , 370.52
392.65 , 369.24
378.55 , 367.99
364.2 , 367.24
349.8 , 366.84
336.38 , 369.5
324.57 , 376.06
314.12 , 386.26
303.15 , 394.99
315.97 , 398.76
328.22 , 393.46
340.47 , 388.18
353.8 , 385.34
367.95 , 384.24
382.17 , 385.24
396.12 , 386.73
410 , 388.47
424.33 , 388.24
