2165528796_2
186.9 , 401
190.8 , 413.97
194.91 , 428.59
198.93 , 443.09
203.19 , 456.98
208.63 , 471.1
215.77 , 484.15
224.37 , 495.13
235.44 , 505.15
247.25 , 513.51
260.63 , 521.77
272.21 , 529.97
283.91 , 539.76
294.13 , 548.91
306.03 , 558.98
317.97 , 566.48
331.16 , 572.91
345.21 , 577.44
360.46 , 580.72
375.06 , 582.82
389.34 , 584.92
403.19 , 582.88
418.18 , 578.76
431.72 , 576.24
446.78 , 573.8
460.88 , 568.84
471.26 , 558.19
476.56 , 545.67
480.1 , 530.13
483.24 , 516.73
489.14 , 502.31
495.76 , 489.83
502.9 , 476.14
509.12 , 463.4
514.34 , 449.82
518.47 , 435.14
520.46 , 420.96
522.08 , 406.29
523.47 , 392
522.96 , 377.38
520.35 , 361.44
407.6 , 409
401.93 , 417.81
395.88 , 427.56
391.75 , 437.73
392.48 , 447.88
398.93 , 456.47
409.59 , 458.54
420.88 , 456.93
431.34 , 458.32
442.94 , 460.39
453.22 , 458.6
463.59 , 454.09
471.61 , 446.95
474.95 , 436.54
473.01 , 426.04
466.74 , 416.29
459.94 , 407.44
363.17 , 498.75
372.05 , 495.73
382.12 , 495
392.05 , 494
401.62 , 492.25
410.97 , 490.01
420.32 , 487.76
429.8 , 485.75
438.62 , 482.53
447.1 , 478.1
455.17 , 472.75
463.92 , 469.25
474.22 , 468.99
478.62 , 477.3
475.85 , 486.32
473.45 , 495.6
469.87 , 504.32
463.22 , 511.97
454.8 , 516.5
445.72 , 519.25
436.02 , 520.75
425.85 , 521.25
416.02 , 519.99
406.45 , 518.25
397.1 , 516.02
388.35 , 512.52
379.82 , 508.24
371.35 , 503.9
375.42 , 501.75
382.87 , 500.25
390.82 , 500.75
398.9 , 500.5
406.97 , 500.25
414.7 , 499.25
422.27 , 498.01
429.64 , 496.24
437 , 494.48
444.3 , 492.63
451.2 , 489.98
457.85 , 486.5
464.07 , 481.87
470.47 , 477.73
476.9 , 473.76
470.95 , 478.49
464.67 , 483
458.25 , 486.98
451.7 , 490.74
445.02 , 494.15
437.87 , 496.25
430.14 , 497.25
422.45 , 498.25
414.97 , 499.75
407.27 , 500.75
399.07 , 500.75
391.47 , 502
383.39 , 502.25
441.35 , 334.96
442.85 , 328.96
445.84 , 323.56
449.62 , 318.43
454.73 , 314.58
460.23 , 311.84
465.95 , 309.73
472.08 , 308.46
478.58 , 308.96
484.53 , 310.62
489.1 , 315.16
488.47 , 321.58
486.63 , 327.44
482.6 , 332.46
477.3 , 335.75
471.68 , 338.19
465.55 , 339.46
459.05 , 339.96
452.33 , 339.96
446.18 , 338.77
373.81 , 345.52
368.79 , 339.78
362.89 , 335.17
356.26 , 332.67
348.64 , 332.17
340.79 , 332.18
333.79 , 333.89
327.31 , 336.92
321.06 , 340.55
315.38 , 345.72
310.94 , 351.67
317.09 , 355.54
323.24 , 359.43
330.12 , 361.44
337.72 , 361.92
344.97 , 360.67
352.22 , 359.42
359.09 , 357.39
365.94 , 355.42
372.44 , 352.42
456.6 , 302
461.72 , 298.12
465.23 , 292.85
469.3 , 287.81
474.53 , 284.09
479.58 , 280.02
484.53 , 275.58
488.95 , 270.66
494.45 , 267.66
500.43 , 265.96
505.6 , 269.75
505.77 , 275.98
499.8 , 277.76
494.62 , 281.48
489.75 , 286.12
484.55 , 289.8
479.48 , 293.87
474.33 , 297.78
468.85 , 300.75
463.05 , 302.74
381.11 , 302.01
370.44 , 296.14
358.69 , 293.01
346.38 , 291.01
333.24 , 291.26
321.26 , 294.01
309.59 , 297.25
298.61 , 302.23
287.79 , 307.76
277.38 , 314.22
266.81 , 320.26
278.41 , 323.4
289.21 , 317.85
300.09 , 312.5
311.91 , 309.41
324.61 , 308.26
337.16 , 309.79
349.76 , 311.22
362.76 , 311.76
375.41 , 310.53
