2165593916_1
258.6 , 605.8
263.31 , 626.12
268.68 , 646.34
274.62 , 666.25
281.75 , 688.08
287.45 , 707.22
295.8 , 728.31
306.25 , 746.03
319.1 , 763.52
332.48 , 779.47
347.63 , 794.4
365.49 , 807.23
381.03 , 823.37
396.09 , 837.16
413.89 , 850.59
432.82 , 860.6
452.6 , 867.02
473.23 , 869.97
494.27 , 870.04
516.76 , 867.1
536.87 , 863.08
559.44 , 860.15
578.88 , 855.39
598.88 , 846.08
615.64 , 831.93
630 , 817.91
646.41 , 803.01
663.3 , 788.74
678.12 , 775.21
693 , 760
707.91 , 742.26
719.64 , 724.59
729.25 , 706.18
736.78 , 686.75
742.53 , 664.41
747.02 , 644
753.44 , 623.75
759.76 , 603.47
763.94 , 582.87
767.71 , 562.29
771.8 , 539.35
413.55 , 531.35
405.78 , 552.77
398.22 , 572.52
393.32 , 595.79
398.9 , 617.15
421.09 , 624.34
441.83 , 619.75
461 , 634.89
481.77 , 636.47
496.01 , 619.18
514.51 , 605.65
537.66 , 610.82
553.18 , 596.83
557.53 , 573.39
543.39 , 557.76
533.08 , 537.04
521.64 , 515.6
383.07 , 703.5
398.19 , 698.22
413.62 , 693.48
429.05 , 688.77
445.5 , 685.98
462.44 , 684.26
479.25 , 682.23
495.1 , 678.25
511.07 , 674.5
528.02 , 672.74
545.67 , 672.5
563.22 , 672
580.52 , 671
597.7 , 669.78
595.89 , 683.92
583.25 , 696.26
569.62 , 705.93
555.62 , 714.49
541.02 , 721.54
525.69 , 726.5
509.82 , 730.5
493.12 , 732.75
475.59 , 733.25
458.72 , 731.4
442.64 , 727.82
427.3 , 722.98
412 , 718.02
396.89 , 712.57
388.82 , 706.75
404.5 , 707.5
419.32 , 705
434.97 , 704.25
450.75 , 704.75
466.17 , 703.5
481.12 , 701.23
495.89 , 698.68
510.27 , 695.27
524.85 , 692.26
539.89 , 690.27
554.35 , 687
568.69 , 683.48
582.97 , 679.85
597.5 , 676.73
583.6 , 678.75
568.89 , 681.5
554.22 , 684.25
539.52 , 687
525.17 , 690.5
511.1 , 694.5
496.62 , 697.73
481.44 , 699.5
466.02 , 700.75
450.37 , 701.5
434.94 , 702.75
419.77 , 704.5
404.72 , 706.5
529.77 , 465.2
534.43 , 456.3
542.35 , 448.86
551.35 , 444.39
560.69 , 441.02
570.85 , 439.17
581.62 , 438.7
592.02 , 439.95
602.04 , 441.97
611.62 , 444.98
621.17 , 447.85
623.14 , 455.72
613.5 , 458.45
603.14 , 459.83
592.69 , 461.02
582.27 , 462.2
571.85 , 463.45
561.1 , 462.95
550.19 , 462.7
539.54 , 463.44
400.52 , 481.93
398.88 , 473.44
390.98 , 468.77
382.32 , 466.13
373.18 , 464.5
363.57 , 463.76
354.38 , 465.32
346 , 468.71
337.9 , 472.82
330.18 , 478.03
322.8 , 484.15
315.7 , 491
325.42 , 491.5
334.45 , 489.5
343.67 , 488
353.65 , 488
363.38 , 487.5
372.98 , 486.75
382.2 , 485.25
391.7 , 484.25
485.9 , 417.56
494.43 , 401.26
510.2 , 391.27
527.73 , 385.99
546.23 , 382.53
564.83 , 379.38
582.98 , 375.24
601.45 , 371.82
620.88 , 370.31
638.4 , 375.56
654.35 , 385.06
650.03 , 401.44
630.92 , 403.56
611.33 , 404.63
592.47 , 407.28
573.58 , 409.88
555.12 , 413.33
537.2 , 418.02
519.85 , 423.55
501.72 , 427.37
405.61 , 433.45
395.75 , 419.63
379.55 , 414.85
361.62 , 413.6
343.8 , 415.1
326.22 , 417.1
307.67 , 417.1
290.1 , 415.09
274.7 , 421.85
264.13 , 435.83
258.91 , 451.8
255.87 , 468.85
273.55 , 468.61
288.64 , 460.85
303.62 , 452.85
320.14 , 448.6
337.85 , 446.85
356.14 , 446.35
373.85 , 444.6
392.39 , 444.6
