2166384323_1
334.83 , 305.68
334.02 , 320.19
335.71 , 336.44
338.76 , 351.81
342.18 , 366.65
345.23 , 381.5
348.87 , 397.49
353.14 , 413.23
358.3 , 427.52
363.99 , 441.31
369.68 , 456.43
376.08 , 470.21
385.63 , 483.18
398.09 , 493.83
411.34 , 502.2
425.75 , 508.37
439.81 , 514.45
454.04 , 520.13
468.46 , 526.02
483.01 , 532.2
497.81 , 537.3
512.69 , 541.21
529.13 , 543.37
544.2 , 543.83
560.3 , 542.68
575.42 , 538.09
589.02 , 532.65
603.4 , 524.98
617.73 , 517.86
630.15 , 508.27
642.03 , 499.24
653.62 , 488.73
663.41 , 477.07
672.34 , 462.85
679.27 , 449.15
686.11 , 435.38
692.45 , 421.43
698.46 , 405.53
702.59 , 391.07
704.61 , 376.12
705 , 359.19
514.6 , 316.94
508.63 , 326.98
502.51 , 337.09
498.95 , 349.5
500.57 , 361.17
509.05 , 369.72
521.35 , 373.65
532.57 , 372.07
545.19 , 375.3
557.47 , 376.89
569.87 , 377.61
581.94 , 378.35
592.94 , 373.92
601.38 , 364.91
601.86 , 353.71
595.85 , 341.99
592.35 , 330.15
458.81 , 430.93
469.21 , 426.9
479.61 , 422.68
490.81 , 420.18
501.38 , 416.4
511.79 , 412.17
523.34 , 410.43
534.16 , 413.7
545.26 , 416.44
557.31 , 417.18
567.91 , 420.78
577.09 , 428.45
586.18 , 436.31
595.83 , 442.69
589.61 , 451.88
582.13 , 461.11
574.26 , 470.19
564.51 , 476.22
553.99 , 480.19
542.43 , 481.93
530.38 , 482.68
518.84 , 480.94
507.86 , 477.96
497.69 , 473.06
487.91 , 467.03
478.66 , 459.53
469.88 , 450.78
463.07 , 441.28
464.06 , 432.43
473.11 , 433.43
481.96 , 434.92
491.04 , 435.93
500.33 , 436.43
509.66 , 436.93
518.49 , 438.43
526.81 , 440.93
535.76 , 442.18
544.96 , 441.43
554.28 , 440.93
563.59 , 441.43
572.53 , 442.68
581.61 , 443.68
590.06 , 444.93
580.61 , 445.18
571.18 , 445.43
561.61 , 445.43
552.31 , 445.93
543.11 , 446.68
533.54 , 446.68
524.46 , 445.67
515.63 , 444.2
507.31 , 441.68
498.49 , 440.18
489.28 , 439.43
480.21 , 438.45
472.03 , 435.69
605.5 , 265.12
611.95 , 259.43
619.15 , 255.71
626.75 , 253.12
634.35 , 250.59
642.6 , 249.37
651.23 , 248.87
659.48 , 250.12
667 , 252.87
673.93 , 257.25
677.02 , 264.67
673.75 , 272.05
667.88 , 278.4
659.98 , 280.37
651.48 , 279.62
643.73 , 277.38
635.98 , 275.13
628.45 , 272.39
620.85 , 269.9
613.08 , 267.6
511.6 , 241.13
507.47 , 233
500.61 , 225.9
492.83 , 220.92
483.93 , 218.68
474.45 , 217.68
464.63 , 217.93
455.5 , 219.66
446.78 , 222.15
438.38 , 225.43
430.88 , 231.18
435.35 , 239.15
442.45 , 246.02
450.58 , 250.14
459.18 , 252.95
468.63 , 253.93
478.13 , 252.93
487.36 , 251.43
496.83 , 250.43
505.83 , 248.41
612.9 , 229.91
617.78 , 220.53
626.35 , 213.42
636.6 , 210.66
647.82 , 209.91
658.55 , 208.16
669.9 , 207.66
680.5 , 209.65
691.23 , 211.41
701.62 , 213.92
709.93 , 221.71
705.15 , 231.16
697.13 , 239.42
686.05 , 240.43
676.38 , 236.42
666.4 , 233.16
655.67 , 231.41
645.2 , 229.16
634.45 , 227.41
623.85 , 229.4
524.3 , 203.29
511.57 , 192.92
497.17 , 187.16
482.12 , 182.9
467.05 , 178.62
451.27 , 175.9
434.75 , 175.17
419.5 , 179.06
405.27 , 185.28
391.22 , 192.12
377.15 , 198.65
394.17 , 198.4
408.65 , 192.9
423.17 , 187.63
439.7 , 188.4
455.3 , 191.55
470.7 , 195.19
485.38 , 200.13
499.72 , 205.88
514 , 211.94
