2167059698_1
492.35 , 664.94
498.25 , 678.78
504.65 , 692.14
511.32 , 706.62
517.8 , 721.22
524.4 , 734.58
532.61 , 748.53
540.95 , 761.13
550.38 , 773.36
560.82 , 785.29
571.45 , 796.02
582.69 , 806.7
592.78 , 818.57
603.57 , 830.52
614.91 , 840.71
626.15 , 850.86
640.93 , 858.65
655.53 , 864.6
669.37 , 870.01
684.17 , 871.71
700.17 , 870.29
714.8 , 865.96
728.84 , 858.7
741.72 , 850.73
753.59 , 840.58
762.72 , 828.24
772.06 , 815.99
785.23 , 806.58
798.72 , 800.03
812.31 , 792.69
823.75 , 780.89
830.29 , 766.56
835.12 , 751.44
838.42 , 736.57
840.09 , 721.22
841.9 , 705.43
842.66 , 689.84
841.97 , 674.23
841.48 , 658.64
841.28 , 644.48
840.26 , 627.49
600.19 , 636.19
598.92 , 648.09
597.36 , 660.08
601.6 , 670.45
610.96 , 678.88
622.39 , 680.93
634.49 , 679.71
646.22 , 678.77
657.65 , 674.06
669.72 , 669.44
681.16 , 666.54
692.63 , 662.97
699.09 , 653.8
699.43 , 641.04
693.68 , 631.13
686.18 , 621.18
677 , 612.1
612.44 , 748.79
616.94 , 741.04
624.47 , 735.76
632.14 , 730.86
640.07 , 726.67
649.44 , 725.79
658.99 , 726.29
668.07 , 724.8
676.92 , 722.79
686.22 , 721.79
695.67 , 722.54
704.97 , 723.54
714.42 , 724.29
722.75 , 727.3
721.54 , 736.21
715.72 , 743.51
708.34 , 749.3
700.74 , 754.26
693.29 , 759.72
685.42 , 764.06
677.39 , 768.07
668.94 , 770.79
659.99 , 772.54
650.32 , 772.29
641.24 , 770.81
633.07 , 767.42
625.47 , 762.32
618.26 , 756.12
622.19 , 742.29
628.77 , 743.04
634.99 , 741.55
641.47 , 742.54
647.82 , 743.78
654.77 , 743.79
661.59 , 743.54
667.82 , 742.02
673.82 , 740.17
679.89 , 738.33
686.44 , 737.54
692.92 , 736.54
699.49 , 735.79
705.72 , 734.27
710.69 , 732.79
704.84 , 735.13
698.44 , 736.29
691.97 , 737.28
685.64 , 738.58
679.77 , 740.73
673.89 , 743.03
667.57 , 744.26
661.32 , 745.8
654.87 , 746.79
647.92 , 746.79
641.44 , 745.79
634.74 , 745.29
627.84 , 745.19
667.54 , 535.38
673.51 , 533.88
679.51 , 532.38
685.84 , 531.63
692.06 , 530.63
698.19 , 529.38
704.04 , 527.63
709.89 , 525.86
715.89 , 524.35
722.21 , 523.63
728.2 , 523.7
722.69 , 526.35
716.84 , 528.1
711.26 , 530.63
705.29 , 532.13
699.16 , 533.38
692.59 , 533.63
686.12 , 534.14
680.12 , 535.63
673.79 , 536.38
570.37 , 566.33
563.79 , 565.59
557.92 , 568.54
552.12 , 571.58
546.22 , 574.48
540.12 , 576.58
534.07 , 578.88
528.14 , 581.56
522.32 , 584.65
516.47 , 587.57
510.62 , 590.33
517.79 , 590.33
524.25 , 588.83
530.25 , 586.3
536.35 , 584.1
542.27 , 581.42
548.17 , 578.54
554 , 575.57
559.72 , 572.32
565.57 , 569.37
633.05 , 497.09
636.24 , 482.39
648.12 , 472
661.32 , 465.08
674.72 , 458.82
688.2 , 452.81
701.55 , 446.34
714.88 , 439.83
730.65 , 438.84
745.25 , 442.32
758.9 , 447.69
761.47 , 461.4
748.05 , 467.59
733.12 , 470.31
718 , 472.63
703.2 , 475.69
688.92 , 479.72
675.25 , 485.07
661.45 , 490.06
647.82 , 495.6
574.52 , 521.52
569.11 , 510.49
557.86 , 505.49
545.01 , 503.99
531.91 , 504.99
519.44 , 507.26
505.96 , 507.49
493.74 , 510.36
482.89 , 516.47
474.33 , 526.26
468.86 , 537.39
466.86 , 549.99
478.86 , 548.99
489.99 , 543.61
501.09 , 538.01
512.91 , 534.5
525.16 , 531.75
537.41 , 529
549.79 , 526.48
562.26 , 524.23
