111714273_1
75.54 , 364.9
74.52 , 385.32
79.15 , 407.94
82.78 , 431.01
90.06 , 450.67
98.04 , 474.02
105.4 , 495.2
113.21 , 515.89
122.34 , 535.98
133.92 , 554.66
148.54 , 573.84
161.57 , 591.72
175.34 , 609.77
189.52 , 627.93
202.74 , 646.26
217.47 , 663.32
234.9 , 674.86
256.77 , 682.63
279.56 , 687.2
301.59 , 688.91
323.71 , 690
346.08 , 688.96
369.64 , 683.14
390.42 , 674.52
409.94 , 663.25
428.8 , 653
448.69 , 641.1
466.35 , 628.87
484.47 , 615.28
502 , 599
517.22 , 582.48
531.1 , 565.02
542.89 , 546.42
553.46 , 525.69
563.89 , 506.08
568.53 , 484.91
573.84 , 461.05
577.51 , 439.9
582.12 , 418.25
588.39 , 396.05
591.05 , 372.55
216 , 358.04
207.4 , 370.69
199.24 , 386.38
199.02 , 403.85
208.05 , 417.6
224.2 , 420.72
239.12 , 428.18
253.12 , 436.61
269.73 , 440.21
285.61 , 436.18
303.72 , 437.04
320.37 , 433.36
336.27 , 427.34
348.26 , 415.68
348.52 , 399.78
343.45 , 383.54
336.1 , 367.25
177.59 , 479.88
193.19 , 466.52
212.34 , 462.13
233.24 , 462.88
252.81 , 466.38
273.81 , 465.88
294.84 , 466.38
314.17 , 470.41
333.59 , 474.13
353.19 , 477.48
373.07 , 480.36
393.97 , 481.13
413.14 , 485.42
407.68 , 503.03
392.84 , 518.13
378.71 , 533.51
363.17 , 547.12
346.82 , 558.4
329.32 , 566.65
310.59 , 571.88
289.82 , 572.88
269.76 , 570.4
250.57 , 566.11
232.79 , 558.84
216.31 , 547.86
204.22 , 531.78
195.57 , 514.36
186.74 , 497.06
189.34 , 481.13
205.41 , 484.87
222.24 , 487.13
239.44 , 488.63
256.24 , 490.87
272.59 , 494.13
289.17 , 496.91
306.59 , 497.88
324.49 , 497.88
342.17 , 497.38
359.01 , 495.2
375.12 , 491.38
392.17 , 489.6
409.84 , 490.13
400.84 , 502.13
386.67 , 510.56
371.57 , 516.38
355.84 , 520.88
339.74 , 524.61
322.79 , 526.62
305.84 , 528.63
288.54 , 529.88
270.76 , 529.63
254.19 , 526.91
238.24 , 522.78
222.97 , 517.51
209.16 , 507.97
196.33 , 495.83
346 , 276.62
355.98 , 272.13
365.75 , 266.87
375.23 , 260.89
385.18 , 256.1
395.82 , 253.09
407.2 , 251.62
418.45 , 253.37
429.48 , 255.6
439.82 , 259.19
449.23 , 265.36
448.85 , 276.52
438.52 , 280.12
427.25 , 281.87
415.38 , 282.37
403.65 , 281.62
392.15 , 280.36
381.12 , 278.12
369.88 , 276.37
358 , 276.87
225.77 , 268.47
217.18 , 261.11
207.8 , 255.84
198.03 , 251.72
187.9 , 248.6
176.93 , 247.1
165.48 , 247.61
154.75 , 249.57
145.05 , 253.94
136.12 , 260.38
128.4 , 268.85
136.8 , 276.78
146.38 , 281.58
157.08 , 283.62
168.65 , 283.85
180.12 , 283.35
191.22 , 282.1
202.43 , 281.1
213.78 , 280.35
224.88 , 279.1
319.5 , 226.66
322.47 , 206.67
339.75 , 197.41
357.98 , 190.92
377.35 , 186.68
397.07 , 183.16
417.4 , 180.91
438.35 , 181.41
457.02 , 186.92
474.7 , 195.15
491.12 , 206.79
492.92 , 219.9
475.02 , 212.43
456.2 , 207.17
436.12 , 204.41
415.38 , 205.78
397 , 211.91
378.95 , 218.95
358.57 , 221.16
338.12 , 223.17
227.65 , 219.81
216.12 , 209.57
203.62 , 202.16
190.3 , 196.95
176.07 , 193.66
161.32 , 191.48
146.3 , 189.91
130.82 , 190.59
117.5 , 195.66
106.5 , 206.91
100.5 , 219.91
112.05 , 210.84
125.6 , 206.31
140.6 , 207.66
154.43 , 211.66
168.43 , 215.42
182.55 , 218.93
196.9 , 221.93
210.88 , 225.69
224.32 , 230.39
