2167180876_1
451.59 , 611.47
454.06 , 631.34
458.15 , 653.62
462.46 , 673.51
467.37 , 695.78
470.89 , 715.74
473.56 , 738.33
475.39 , 758.84
477.38 , 781.9
480.01 , 802.67
483.16 , 823.55
492.48 , 844.27
506.33 , 859.29
524.96 , 870.67
546.81 , 876.23
566.14 , 881.59
588.17 , 886.02
609.76 , 886.91
630.44 , 887.47
653.21 , 890.01
674.28 , 894.16
695.38 , 898.05
716.66 , 894.68
736.87 , 885.25
756.62 , 882.56
778.98 , 881.37
798.73 , 872.85
815.31 , 860.16
828.54 , 842.07
839.12 , 824.33
846.92 , 803.32
853.06 , 782.01
862.75 , 763.23
872.19 , 743.72
880.88 , 724.83
885.28 , 703.83
888.81 , 682.53
893.07 , 661.71
897.36 , 639.13
900.15 , 618.55
901.25 , 595.42
669.75 , 581.69
658.38 , 598.15
645.96 , 614.38
634.5 , 630.96
630.95 , 650.98
636.94 , 669.69
656.35 , 676.34
675.7 , 680.08
696.38 , 682.45
715.22 , 684.4
737.17 , 683.45
755.6 , 680.12
771.73 , 668.35
771.84 , 647.74
761.12 , 629.56
749.54 , 613.87
742.1 , 593.85
618.55 , 751.59
625.55 , 742.09
634.82 , 734.31
644.97 , 728.9
655.45 , 724.56
666.4 , 721.31
678.35 , 720.09
690.15 , 721.58
702.1 , 722.84
714.27 , 723.59
726.22 , 724.84
736.75 , 729.05
746.82 , 734.61
756.72 , 740.57
766.6 , 746.63
772.9 , 755.09
760.85 , 754.13
749.45 , 751.74
738.07 , 749.35
726.35 , 747.59
714.3 , 746.59
702.25 , 745.59
690.05 , 744.84
677.75 , 744.34
665.22 , 744.34
652.67 , 744.34
640.72 , 745.57
629.77 , 748.84
628.05 , 745.09
636.6 , 737.53
646.02 , 732.36
655.7 , 727.81
666.1 , 725.07
677.82 , 725.09
688.82 , 726.59
700.07 , 727.59
711.55 , 728.09
722.32 , 730.1
732.45 , 733.24
742.45 , 736.74
752.15 , 741.18
761.6 , 746.36
770.89 , 751.85
762.15 , 747.68
752.45 , 743.24
742.57 , 739.36
732.65 , 735.69
722.67 , 732.11
711.9 , 730.12
701.27 , 727.84
689.9 , 727.09
678.3 , 726.84
666.92 , 727.56
656.67 , 730.56
647.07 , 735.35
637.32 , 739.58
751.82 , 553.48
758.8 , 547.5
765.92 , 541.88
773.45 , 537.39
781.17 , 533.39
789.37 , 530.71
798.15 , 529.2
806.82 , 530.98
814.75 , 534.42
822.05 , 539.47
828.46 , 546.13
829.21 , 554.82
820.9 , 557.21
812.37 , 559.21
803.8 , 561.23
794.9 , 562.48
785.52 , 562.23
776.75 , 560.72
768.2 , 558.75
760.07 , 555.98
636.25 , 551.14
628.88 , 544.49
620.4 , 540.92
611.6 , 538.12
601.92 , 537.14
592.35 , 538.4
583.77 , 541.65
575.38 , 545.51
567.25 , 550.14
560.08 , 557.31
554.75 , 565.14
563.3 , 568.37
572.1 , 571.11
581.05 , 573.63
590.85 , 574.39
600.52 , 573.39
609.98 , 571.89
618.77 , 569.15
627.45 , 566.15
635.27 , 560.83
736.32 , 487.52
739.68 , 473.93
752.85 , 469.52
767.72 , 468.52
782.85 , 468.02
797.37 , 466.27
812.25 , 465.28
825.9 , 468.84
838.3 , 475.49
850.02 , 483.96
860.56 , 494.94
864.17 , 507.52
849.22 , 507.68
836.32 , 502.52
823.27 , 497.75
809.37 , 494.79
795.1 , 492.52
780.2 , 491.52
764.97 , 491.27
750.1 , 490.27
652.55 , 493.19
652.25 , 480.62
639.12 , 473.19
624.4 , 469.7
608.62 , 468.41
592.82 , 469.68
578.3 , 473.69
564.95 , 480.51
552.77 , 490.46
540.78 , 500.97
529.55 , 512.69
522.55 , 525.94
537.12 , 522.16
550.92 , 516.81
564.15 , 509.6
577.45 , 502.7
591.12 , 496.88
605.7 , 493.04
621.07 , 490.94
637.12 , 491.19
