2168442441_1
333.76 , 657.89
334.9 , 683.16
337.37 , 708.24
341.46 , 733.03
347.5 , 760.41
354.06 , 784.85
361.06 , 808.88
371.44 , 834.4
382.2 , 856.82
393.71 , 880.17
404.95 , 904.11
418.9 , 926.85
434.24 , 945.33
453.94 , 963.2
474.6 , 978.45
496.48 , 991.45
521.16 , 1004.61
544.77 , 1014.23
568.11 , 1020.62
595.84 , 1025.26
620.13 , 1027.94
646.3 , 1029.94
672.48 , 1025.8
697.15 , 1016.62
720.91 , 1006.1
745.37 , 996.6
768.21 , 988.45
790.82 , 974.62
811.53 , 958.83
829 , 939.71
843.8 , 919.12
859.57 , 896.82
872.62 , 874.93
883.65 , 851.79
893.56 , 828.24
901.36 , 804.1
907.22 , 776.72
911.8 , 751.77
917.39 , 727.28
924.78 , 700.57
929.14 , 674.89
553.89 , 626.15
546.34 , 649.51
536.73 , 671.64
527.55 , 695.76
529.58 , 720.75
547.89 , 736
572.81 , 742.67
597.99 , 744.02
623.25 , 745.28
647.53 , 744.5
671.97 , 746.65
697.64 , 746.39
719.94 , 734.26
728.85 , 711.51
724.48 , 686.15
716.44 , 664.54
707.5 , 638.7
498.92 , 831.92
508.02 , 816.05
523.32 , 805.26
540.02 , 798.39
557.1 , 792.66
575.37 , 789.17
594.82 , 790.17
614.55 , 790.67
633.64 , 788.92
653.37 , 789.42
671.17 , 793.92
688.27 , 799.7
704.97 , 806.44
720.01 , 818
727.79 , 834.32
716.25 , 849.37
701.07 , 860.55
684.72 , 868.66
668.14 , 875.91
650.64 , 880.92
632.52 , 884.67
613.14 , 885.92
594.42 , 883.42
576.39 , 879.42
558.47 , 875.17
542.07 , 867.33
525.8 , 859.04
511.02 , 846.77
510.92 , 832.67
523.64 , 826.44
537.7 , 823.16
552.57 , 821.68
567.7 , 820.67
583.3 , 820.67
598.27 , 822.02
613.2 , 823.43
628.8 , 823.42
644.05 , 822.67
659.52 , 822.92
674.42 , 824.42
688.92 , 826.67
703.82 , 828.17
717.87 , 831.43
709.37 , 836.92
694 , 836.92
679 , 835.65
663.75 , 834.92
648.5 , 834.17
633.25 , 834.92
618.02 , 835.67
602.39 , 835.67
587.39 , 834.42
572.52 , 832.92
557.02 , 832.67
541.55 , 832.92
526.17 , 833.42
735.25 , 553.86
745.15 , 549.34
756.1 , 547.12
767.4 , 545.61
778.6 , 543.86
790.52 , 544.11
801.83 , 545.62
812.55 , 548.38
822.52 , 552.87
832.33 , 557.91
839.36 , 566.93
831.28 , 575.35
820.55 , 578.11
809 , 577.11
797.8 , 575.35
786.73 , 573.36
775.77 , 571.11
764.73 , 569.11
753.77 , 566.86
743.9 , 562.04
541.38 , 547.29
530.48 , 541.19
518.9 , 536.95
506.28 , 534.95
493.35 , 533.47
480.1 , 532.72
467.08 , 533.96
454.7 , 536.57
442.68 , 539.85
431.48 , 545.28
420.55 , 551.22
432.08 , 555.48
444.12 , 558.75
457.12 , 559.97
470.75 , 559.97
484.38 , 559.97
497.65 , 559.22
510.9 , 558.47
524.3 , 557.97
537.42 , 556.94
693.58 , 470.44
708.73 , 455.55
726.83 , 448.94
746.11 , 444.69
766.58 , 442.94
786.48 , 445.44
805.06 , 450.93
822.78 , 458.71
840.66 , 465.97
858.38 , 473.67
874.7 , 485.34
872.15 , 498.7
854.78 , 489.89
836.88 , 482.48
817.01 , 479.44
796.88 , 476.94
776.76 , 474.44
756.03 , 473.19
734.81 , 473.44
713.48 , 473.43
578.59 , 451.7
561.07 , 440.69
542.32 , 432.91
522.22 , 428.2
499.97 , 428.44
479.07 , 431.44
458.62 , 435.45
438.67 , 440.47
419.72 , 447.44
401.52 , 456.81
387.37 , 473.2
405.67 , 482.24
426.22 , 478.95
445.17 , 471.91
465.6 , 467.96
486.89 , 465.7
509.12 , 465.95
530.57 , 467.91
552.07 , 469.66
574.17 , 469.2
