2168442533_1
303.55 , 393.35
303.26 , 405.03
303.26 , 417.76
302.97 , 429.56
306.3 , 441.43
308.51 , 453.6
309.71 , 466.32
311.28 , 477.7
314.73 , 490.17
320.05 , 500.93
326.12 , 511.49
333.74 , 522.13
341.64 , 530.91
349.74 , 539.67
358.95 , 549.18
367.68 , 557.58
376.81 , 564.87
387.48 , 570.75
399.26 , 575.09
411.46 , 578.13
423.77 , 580.6
435.35 , 582.37
447.93 , 582.7
460.36 , 580.4
471.56 , 575.81
482.25 , 569.14
492.11 , 562.47
503.24 , 555.99
514.5 , 550.36
525.65 , 545.15
535.88 , 538.95
544.57 , 530.07
551.62 , 519.7
557.41 , 508.59
562.48 , 498.29
567.8 , 486.76
572.4 , 474.9
576.19 , 464.11
580.18 , 452.05
583.82 , 439.87
586.8 , 427.6
415.35 , 399.05
409.83 , 407.46
402.9 , 416.25
398.41 , 425.83
401.97 , 435.82
410.44 , 441.51
420.25 , 443.83
431.86 , 445.84
441.69 , 449.57
451.75 , 447.9
462.99 , 448.19
473.07 , 449.44
483.65 , 447.4
490.1 , 438.74
489.15 , 428.6
482.94 , 420
480.1 , 409.3
368.9 , 487.82
377.2 , 481.05
388.27 , 481.32
399.2 , 480.82
409.8 , 479.57
420.85 , 479.32
431.2 , 481.07
441.65 , 482.57
452.47 , 483.32
462.92 , 484.82
473.52 , 486.08
482.9 , 489.82
492.05 , 494.45
499.39 , 502.54
497.42 , 512.75
489.02 , 519.23
479.65 , 523.07
469.45 , 525.07
458.97 , 526.57
448.65 , 528.32
437.57 , 528.07
427.38 , 526.07
417.67 , 523.06
408.3 , 519.29
398.97 , 515.33
389.9 , 510.57
381.2 , 504.88
374.23 , 496.64
374.9 , 491.07
381.88 , 492.57
389.3 , 492.07
396.62 , 492.82
403.5 , 494.57
410.35 , 496.33
417.3 , 497.81
424.4 , 499.07
432.07 , 499.07
439.65 , 498.82
446.85 , 499.83
453.55 , 501.84
460.52 , 503.32
467.72 , 504.32
475.06 , 505.06
468.4 , 503.32
461.55 , 501.58
454.22 , 500.82
447.15 , 499.57
439.92 , 498.57
432.25 , 498.57
424.55 , 498.56
417.47 , 497.32
410.77 , 495.29
404.2 , 493.05
397.35 , 491.33
390.02 , 490.57
382.57 , 491.07
495.85 , 371.27
500.98 , 369.27
505.75 , 366.15
510.65 , 363.26
515.68 , 360.76
520.88 , 358.77
526.9 , 358.52
532.58 , 359.52
537.6 , 362.02
542.09 , 366
544.61 , 371.05
543.8 , 376.77
538.78 , 379.3
533.12 , 380.27
527.08 , 380.52
521.18 , 380.01
515.5 , 379.02
509.73 , 378.27
503.8 , 377.78
498.36 , 376.28
412.28 , 353.76
411.28 , 347.53
408.53 , 342.01
404.51 , 336.99
399.45 , 333.01
393.58 , 331.25
386.95 , 330.99
381.08 , 332.78
375.5 , 335.28
370.05 , 338.23
364.78 , 341.51
360.03 , 346.26
365.08 , 350.26
370.58 , 353.02
376.33 , 354.99
382.2 , 356.77
388.33 , 358.01
394.83 , 358.51
401.2 , 359.26
407.33 , 357.97
486.13 , 321.44
492.81 , 313
503.08 , 310.94
513.75 , 312.19
523.96 , 314.43
534.25 , 316.43
544.33 , 318.95
553.83 , 322.65
562.36 , 329.16
569.78 , 337.34
576.25 , 345.84
572.63 , 354.94
563.21 , 351
554.18 , 345.97
545.4 , 340.2
536.45 , 334.95
526.88 , 331.44
516.58 , 329.44
505.28 , 329.44
494.38 , 328.69
443.31 , 316.92
440.91 , 306.29
430.96 , 298.13
419.61 , 293.96
406.96 , 292.42
393.81 , 291.92
381.04 , 293.17
368.71 , 295.43
357.49 , 299.94
347.03 , 306.69
339.31 , 316.77
333.81 , 327.67
344.86 , 322.63
355.74 , 316.99
367.11 , 312.9
379.66 , 311.17
392.81 , 310.67
405.96 , 311.17
418.74 , 312.42
431.54 , 313.67
