2168477255_1
362.09 , 424.5
363.15 , 443.05
364.16 , 461.27
365.47 , 481.65
368.21 , 500.12
372.61 , 518.69
377.94 , 536.48
385.26 , 555.05
394.87 , 572.15
403.84 , 587.71
411 , 605.4
418.58 , 622.58
429.37 , 639.41
441.38 , 653.78
455.37 , 668.38
469.06 , 679.9
485.03 , 691.39
502.39 , 700.32
519.33 , 707.07
538.21 , 712.82
556.81 , 716.85
576.83 , 717.65
594.27 , 714.82
612.67 , 708.64
630.34 , 699.84
647.8 , 690.43
662.77 , 681.37
678.18 , 667.83
692.92 , 655.79
703.19 , 640.92
710.91 , 622.59
719.99 , 604.86
726.86 , 588.01
734.46 , 571.41
744.06 , 553.23
753.61 , 537.06
762.44 , 520.8
770.45 , 502.73
776.8 , 483.76
779.74 , 465.87
781.25 , 445.65
536.25 , 422.55
520.93 , 431.4
508.06 , 443.62
508.09 , 459.58
525.35 , 464.73
540.77 , 474.79
555.9 , 482.9
569.67 , 493.11
580.39 , 508.78
597.94 , 509.68
609.72 , 497.54
627.4 , 491.15
642.63 , 485.13
658.09 , 474.46
672.1 , 463.45
667.69 , 447.82
650.4 , 441.5
480.56 , 539.23
495.58 , 538.23
510.61 , 537.23
525.74 , 536.48
540.78 , 537.48
555.18 , 539.76
569.43 , 542.36
583.78 , 544.71
599.06 , 544.23
614.21 , 544.98
629.46 , 545.48
644.99 , 545.48
660.13 , 546.23
662.49 , 559.58
652.99 , 571.08
643.46 , 582.48
631.99 , 592.04
618.91 , 597.13
604.54 , 599.48
589.38 , 600.22
574.76 , 598.44
560.63 , 595.55
546.93 , 591.86
533.81 , 586.98
521.46 , 579.87
510.01 , 570.18
498.31 , 561.23
486.81 , 551.91
486.81 , 543.73
499.54 , 544.98
512.54 , 544.23
525.38 , 545.23
538.26 , 546.23
551.13 , 547.22
563.03 , 550.21
575.41 , 552.24
588.16 , 551.45
600.66 , 549.73
613.54 , 548.73
626.88 , 548.73
640.24 , 548.73
653.46 , 548.98
650.78 , 556.75
639.51 , 561.02
628.18 , 565.1
616.61 , 568.73
604.74 , 571.71
592.34 , 573.73
579.24 , 573.73
567.01 , 571.44
555.18 , 568.25
543.59 , 564.74
532.21 , 560.76
520.84 , 556.75
508.99 , 553.66
497.29 , 550.22
636.85 , 385.41
643.78 , 376.71
653.45 , 372.38
664.02 , 370.14
675.08 , 368.91
686.6 , 369.16
697.77 , 370.16
708.35 , 372.41
718.4 , 375.68
728.15 , 379.67
737.73 , 384.28
733.63 , 392.42
722.95 , 394.38
711.88 , 395.66
700.42 , 395.73
689.78 , 393.64
679.33 , 391.14
668.62 , 389.16
657.7 , 390.66
646.42 , 389.94
507.29 , 365.86
500.45 , 359.75
492.68 , 356.16
483.78 , 355.16
474.62 , 354.66
465.48 , 355.17
456.68 , 356.42
448.12 , 358.16
439.7 , 360.17
431.25 , 362.17
422.85 , 364.16
431.53 , 365.65
440.18 , 367.15
448.85 , 368.66
457.4 , 370.4
465.95 , 372.19
474.73 , 373.4
483.78 , 374.16
492.93 , 373.66
501.7 , 372.41
630.3 , 335.6
637.36 , 326.09
647.77 , 321.34
658.42 , 317.33
670.05 , 315.35
682.52 , 315.6
694.05 , 317.85
705.17 , 320.82
715.38 , 326.16
725.27 , 332.32
735.17 , 338.44
736 , 349.34
724.12 , 350.35
713.12 , 347.09
701.6 , 344.85
689.5 , 343.85
677.38 , 342.85
665.27 , 341.85
652.77 , 341.6
640.55 , 340.85
558.52 , 307.25
545.4 , 300.16
531.08 , 296.27
516.27 , 293.25
500.52 , 292.25
484.52 , 292.75
468.75 , 293.75
453.73 , 296.26
439.45 , 300.3
425.75 , 305.5
412.5 , 312
426.18 , 317.27
441.2 , 319.75
457.45 , 319.75
472.85 , 318.01
488.6 , 317
504.25 , 318.25
519.75 , 319.75
535.9 , 320
551.17 , 317.99
