2170402460_1
495.75 , 1396.35
512.41 , 1426.16
532.68 , 1457.92
551.96 , 1486.04
573.06 , 1517.66
592.17 , 1546.49
614.82 , 1576.1
639.68 , 1601.92
668.16 , 1626.91
699.67 , 1646.5
728.66 , 1663.28
760.56 , 1682.71
793.31 , 1699.35
827.7 , 1714.57
860.15 , 1722.19
896.51 , 1724.65
932.41 , 1725.44
970.39 , 1717.93
1003.58 , 1703.58
1035.17 , 1688.85
1069.04 , 1670.63
1093.83 , 1647.7
1118.17 , 1621.99
1144.32 , 1592.27
1167.24 , 1565.47
1190.71 , 1538.17
1213.91 , 1511.64
1234.35 , 1479.85
1253.04 , 1450.89
1271.82 , 1420.2
1283.65 , 1386.05
1291.3 , 1348.21
1292.34 , 1312.77
1289.88 , 1276.22
1288.57 , 1239.95
1288.09 , 1204.26
1284.83 , 1165.98
1282.84 , 1132.23
1280.68 , 1095.72
1275.42 , 1060.36
1265.87 , 1022.3
704.45 , 1194.8
705.41 , 1225.94
708.29 , 1259.15
703.11 , 1295.47
704.26 , 1326.35
723.91 , 1353.93
754.81 , 1361.69
784.21 , 1343.19
803.74 , 1315.68
832.42 , 1302.69
868.05 , 1300.13
897.52 , 1286.25
905.31 , 1255
892 , 1221.8
871.89 , 1195.8
849.17 , 1171.14
828.6 , 1142.55
786.12 , 1527.25
791.62 , 1509.62
794.85 , 1490.85
800.37 , 1473.25
807.74 , 1456.35
819.97 , 1441.25
836.67 , 1433.21
853.15 , 1424.47
866.59 , 1409.76
883.7 , 1402.97
902.85 , 1405.5
921.47 , 1408.99
939.8 , 1413.27
958.2 , 1417.24
976.71 , 1420.98
981.62 , 1438.6
972.12 , 1454.75
962.63 , 1470.88
952.94 , 1486.92
939.1 , 1501.53
924.3 , 1514.75
907.85 , 1523.52
890.77 , 1530.35
873.37 , 1536.25
855.17 , 1540.76
836.39 , 1544
817.75 , 1547.53
800.39 , 1541.51
803.37 , 1508.25
806.87 , 1496.88
813.78 , 1485.85
823.85 , 1476.26
835.92 , 1472.26
848.64 , 1469.5
860.62 , 1465.25
871.67 , 1458.43
882.55 , 1451.1
893.47 , 1443.9
905.44 , 1439.72
919.27 , 1439.25
933.1 , 1439.75
946.92 , 1439.25
958.69 , 1436.26
945.6 , 1438.25
931.77 , 1438.75
917.82 , 1438.5
904.37 , 1439.75
892.05 , 1443.31
880.97 , 1450.15
870.57 , 1458.81
859.27 , 1465.01
847.2 , 1469.01
834.47 , 1471.75
822.72 , 1476.66
811.84 , 1484.01
806.11 , 1495.53
840.11 , 1052.5
842.61 , 1035.4
849.6 , 1020.3
860.14 , 1006.47
873.96 , 996
888.91 , 988.47
904.61 , 983.25
922.44 , 982.25
939.63 , 984.5
956.04 , 988.5
972.33 , 992.73
974.24 , 1009.38
961.38 , 1022.22
947.16 , 1031.46
932.76 , 1040.35
917.96 , 1048.24
902.71 , 1054.65
887.09 , 1060.02
871.09 , 1064.75
853.13 , 1064.03
642.19 , 1161.84
636.96 , 1147.84
624.8 , 1137.41
608.45 , 1136.56
593.18 , 1139.57
578.93 , 1144.58
565.62 , 1152.32
553.27 , 1162.74
542.9 , 1175.11
535.46 , 1188.51
530.96 , 1203.03
527.95 , 1218.31
542.7 , 1221.81
558.7 , 1220.31
573.88 , 1217.05
588.4 , 1212.6
602.35 , 1206.65
616.03 , 1199.79
628.22 , 1189.03
637.67 , 1176.36
720.57 , 954.12
714.8 , 919.22
740.87 , 892.39
770.82 , 874.95
801.05 , 858.22
831.8 , 842.72
863.12 , 829.16
898.45 , 824.32
933.75 , 828.48
965.75 , 840.24
995.62 , 857.76
1013.65 , 879.81
980.17 , 871.25
943.95 , 868.22
906.65 , 868.98
872.1 , 875.46
841.22 , 890.48
813.02 , 912.75
785.72 , 937.57
756.52 , 956.97
561.43 , 1015.89
550.68 , 998.45
531.08 , 993.75
513.7 , 1004.66
497.07 , 1017.7
480.22 , 1030.14
462.9 , 1041.19
446.43 , 1054.67
436.78 , 1072.57
433.41 , 1093.09
429.65 , 1113.44
433.99 , 1133.54
446.39 , 1117.99
454.9 , 1099.69
464.2 , 1081.64
478.2 , 1065.38
495.47 , 1054.18
514.55 , 1047.92
534.45 , 1043.21
552.49 , 1033.93
