21710996_1
1011.6 , 1110.8
1015.8 , 1151.6
1023.3 , 1192.4
1032.64 , 1232.89
1041.72 , 1269.67
1053.53 , 1309.62
1066.79 , 1349.27
1081.64 , 1388.07
1097.86 , 1425.89
1116.37 , 1462.48
1135.98 , 1498.75
1156.92 , 1535.22
1179.78 , 1570.09
1206.74 , 1603.08
1237.31 , 1630.47
1270.45 , 1653.02
1309.99 , 1671.62
1348.56 , 1682.13
1389.14 , 1688.34
1430.62 , 1693.44
1472.5 , 1698.85
1514.77 , 1703.15
1552.85 , 1704.04
1593.8 , 1698.44
1634.8 , 1681.26
1668.38 , 1659.06
1701.46 , 1637.07
1737.78 , 1611.6
1768.34 , 1583.92
1791.09 , 1553.49
1811.86 , 1516.4
1831.75 , 1479.9
1851.59 , 1443.89
1872.13 , 1407.48
1889.49 , 1369.26
1903.53 , 1329.55
1913.78 , 1288.85
1921.32 , 1247.64
1927.26 , 1206.32
1930.97 , 1165.25
1931.76 , 1123.61
1284.13 , 1054.7
1269.46 , 1080.68
1261.05 , 1109.43
1262.75 , 1141.6
1280.31 , 1167.38
1306.69 , 1181.92
1337.52 , 1189.5
1370.75 , 1189.88
1400.07 , 1186.56
1431.03 , 1181.65
1464.19 , 1184.44
1493.74 , 1185.27
1523.37 , 1173
1537.5 , 1144.54
1536.74 , 1114.14
1528.49 , 1084.17
1511.5 , 1055.4
1224.5 , 1344.61
1246.72 , 1323.88
1269.97 , 1305.89
1295.42 , 1293.93
1321.7 , 1284.63
1350.3 , 1279.84
1378.2 , 1286.07
1408.47 , 1284.86
1438.9 , 1285.86
1466.12 , 1293.34
1492.1 , 1303.46
1517.9 , 1314.27
1543.6 , 1325.36
1568.1 , 1339.74
1565.13 , 1367.48
1540.42 , 1381.43
1516.3 , 1396.84
1492.1 , 1412.02
1467.03 , 1425.1
1441.5 , 1436.86
1415.2 , 1446.15
1386.08 , 1449.85
1356.53 , 1447.11
1329.33 , 1439.42
1304.15 , 1426.61
1280.17 , 1410.77
1257.16 , 1392.26
1239.13 , 1369.01
1241.5 , 1346.11
1265.12 , 1346.36
1288.15 , 1347.86
1310.83 , 1350.11
1333.25 , 1352.86
1355.2 , 1356.62
1376.67 , 1361.38
1399.7 , 1359.86
1420.97 , 1354.63
1443.03 , 1351.11
1465.92 , 1349.36
1488.72 , 1347.36
1511.62 , 1345.61
1535.15 , 1346.11
1554 , 1353.11
1530.38 , 1353.36
1507.2 , 1354.61
1484.42 , 1356.61
1461.92 , 1359.18
1439.95 , 1362.9
1418 , 1366.61
1396.03 , 1370.36
1372.4 , 1370.11
1349.97 , 1367.36
1327.05 , 1365.61
1304.62 , 1362.85
1283.28 , 1357.87
1262.15 , 1352.39
1560.35 , 934.06
1572.4 , 919.25
1587.62 , 908.3
1604.4 , 901.79
1622.3 , 897.56
1641.62 , 896.31
1660.45 , 898.56
1678.35 , 902.81
1695.82 , 907.82
1712.45 , 914.82
1727.96 , 924.88
1722.1 , 941.81
1705.88 , 950.07
1687.88 , 954.06
1669.15 , 956.56
1649.6 , 955.81
1630.88 , 953.31
1612.65 , 949.81
1594.75 , 945.55
1576.88 , 941.31
1291.74 , 917.16
1279.5 , 903.64
1264.72 , 894.88
1249.08 , 888.62
1231.72 , 885.89
1213.2 , 886.14
1195.62 , 888.36
1178.97 , 892.63
1163.22 , 898.66
1148.38 , 907.27
1135.75 , 920.64
1146.93 , 934.56
1161.92 , 942.82
1178.53 , 947.14
1196.35 , 948.89
1215 , 948.89
1232.83 , 947.14
1249.67 , 943.39
1266.17 , 938.87
1281.47 , 931.4
1502.32 , 806.57
1506.59 , 768.31
1537.89 , 747.29
1574.99 , 740.39
1614.72 , 741.82
1654.1 , 744.07
1694.47 , 743.82
1733.37 , 747.07
1767.87 , 759.35
1799.62 , 779.1
1829.5 , 804.24
1834.35 , 833.07
1797.27 , 826.03
1760.87 , 817.59
1723.8 , 810.57
1685.02 , 807.59
1645.52 , 809.59
1608.07 , 815.82
1571.19 , 823.2
1533.07 , 827.07
1306.07 , 801.11
1296.19 , 773.99
1272.88 , 753.3
1245.95 , 742.79
1216.38 , 737.79
1186.55 , 733.29
1157.9 , 726.29
1128.08 , 730.8
1101.9 , 743.8
1078.11 , 763.2
1060.62 , 787.66
1048.5 , 814.04
1080.1 , 814.56
1106.28 , 801.55
1133.3 , 791.27
1164.92 , 792.05
1192.12 , 801.82
1218.9 , 812.69
1249.53 , 815.54
1278.4 , 809.04
