2172479811_1
788.1 , 1057.3
795.03 , 1091.18
804.1 , 1122.44
813.83 , 1159.57
819.44 , 1193.17
826.59 , 1226.39
838.96 , 1259.17
854.04 , 1294.01
866.49 , 1324.95
885.16 , 1357.58
905.8 , 1384.44
930.79 , 1409.77
956.83 , 1433.82
987.09 , 1454.33
1016.58 , 1470.39
1049.24 , 1486.59
1080.53 , 1503.93
1108.02 , 1521.23
1139.88 , 1537
1173.12 , 1548.48
1208.77 , 1553.25
1246.19 , 1550.89
1278.69 , 1541.96
1310.78 , 1525.17
1342.12 , 1507.35
1371.96 , 1491.4
1398.82 , 1471.4
1427.58 , 1449.11
1456.55 , 1425.83
1480.93 , 1403.26
1505.8 , 1375.5
1525.86 , 1347.47
1543.18 , 1316.9
1556.68 , 1285.66
1566.77 , 1249.34
1572.49 , 1216.77
1577.03 , 1179.45
1577.8 , 1144.61
1580.81 , 1109.2
1587.2 , 1073.67
1589.7 , 1038.45
1130.25 , 1062.7
1126.86 , 1092.52
1114.55 , 1124.8
1103.75 , 1153.5
1095.97 , 1187.92
1105.4 , 1215.42
1136.75 , 1229.2
1167.46 , 1226.58
1201.74 , 1225.89
1235.68 , 1227.37
1266.55 , 1228.14
1295.94 , 1214.02
1308.28 , 1185.52
1301.04 , 1153.38
1286.34 , 1122.19
1272.55 , 1093.73
1262.2 , 1060.45
1080.14 , 1361.16
1098.32 , 1355.15
1117.82 , 1351.66
1136.49 , 1346.38
1154.04 , 1338.39
1174.04 , 1335.91
1193.32 , 1339.93
1214.42 , 1340.16
1233.79 , 1336.39
1254.54 , 1337.41
1273.19 , 1342.68
1292.82 , 1345.91
1313.92 , 1346.16
1334.54 , 1347.41
1329.37 , 1365.17
1313.64 , 1378.16
1297.77 , 1390.75
1281.19 , 1401.36
1263.04 , 1407.5
1243.59 , 1411.15
1223.94 , 1414.41
1203.47 , 1415.91
1182.62 , 1416.66
1161.99 , 1415.44
1142.72 , 1411.44
1125.19 , 1403.48
1109.27 , 1391.04
1094.06 , 1376.59
1105.64 , 1365.16
1118.57 , 1362.42
1131.37 , 1359.41
1145.24 , 1360.16
1159.27 , 1359.66
1173.02 , 1358.66
1186.54 , 1357.14
1200.02 , 1355.54
1213.59 , 1354.15
1227.37 , 1353.16
1240.77 , 1351.44
1253.69 , 1348.67
1267.44 , 1347.66
1281.57 , 1347.91
1291.91 , 1345.91
1278.52 , 1344.16
1265.37 , 1342.41
1251.87 , 1343.93
1239.14 , 1347.16
1225.99 , 1349.39
1213.57 , 1353.15
1200.32 , 1355.23
1186.77 , 1356.63
1173.24 , 1358.16
1159.12 , 1358.41
1144.99 , 1358.16
1131.22 , 1359.16
1117.47 , 1360.13
1299.1 , 969.06
1304.61 , 955.03
1316.7 , 943.94
1329.85 , 935.81
1343.55 , 929.04
1357.95 , 924.46
1374.6 , 924.31
1390.72 , 925.56
1406.85 , 926.81
1422.47 , 929.09
1436.73 , 934.03
1436.77 , 949.66
1423.75 , 958.15
1409.62 , 963.54
1394.15 , 966.06
1378.15 , 967.56
1361.55 , 967.81
1345.67 , 966.06
1329.8 , 964.31
1313.07 , 964.31
1072.86 , 973.4
1059.63 , 962.71
1044.84 , 956.4
1028.48 , 953.58
1010.99 , 953.08
993.51 , 952.58
976.01 , 953.08
958.88 , 954.3
943.11 , 958.49
929.13 , 966.96
917.51 , 979.83
932.53 , 985.32
947.93 , 990.01
963.86 , 993.82
980.86 , 995.33
998.49 , 995.58
1015.61 , 994.33
1032.51 , 992.58
1049.01 , 990.08
1065.19 , 986.86
1250.86 , 873.19
1269.18 , 857.35
1293.68 , 856.19
1318.08 , 854.94
1342.03 , 852.69
1365.83 , 850.19
1388.88 , 846.17
1411.03 , 840.19
1433.98 , 835.96
1458.66 , 836.19
1476.69 , 849.12
1458.84 , 866.45
1438.71 , 877.41
1416.98 , 884.07
1393.48 , 887.19
1368.46 , 887.19
1344.28 , 885.44
1319.61 , 886.19
1294.84 , 886.69
1270.66 , 884.96
1106.15 , 913.78
1076.33 , 904.97
1046.45 , 896.24
1016.05 , 888.45
983.68 , 884.74
950.6 , 882.49
917.65 , 879.99
884.1 , 878.74
850.4 , 879.75
819.33 , 886.01
791.85 , 900.99
818.7 , 917.58
847.75 , 927.9
881.4 , 928.99
915.42 , 928.74
949.12 , 927.74
982.55 , 929.24
1016.6 , 928.99
1050.78 , 928.99
1082.88 , 933.24
