2173271902_1
1046.34 , 1224.85
1050.32 , 1309.48
1059.03 , 1393.78
1076.18 , 1482.94
1095.07 , 1567.72
1110.41 , 1650.6
1126.06 , 1738.64
1145.36 , 1824.37
1168.79 , 1908.73
1196.89 , 1984.07
1238.16 , 2059.89
1294.96 , 2135.79
1347.65 , 2203.6
1402.99 , 2265.61
1462.93 , 2334.38
1539.6 , 2363.02
1627.72 , 2366.99
1713.65 , 2367.6
1802.3 , 2374.28
1891.36 , 2378.65
1971.8 , 2366.68
2060.2 , 2351.85
2146.64 , 2338.53
2233.53 , 2324.38
2314.46 , 2306.29
2401.42 , 2278.88
2478.74 , 2240.59
2549.95 , 2189.97
2613.33 , 2136.47
2677.75 , 2076.02
2736.94 , 2004.85
2780.74 , 1933.45
2816.68 , 1850.53
2840.32 , 1770.18
2863.83 , 1688.99
2894.05 , 1602.08
2915.94 , 1521.19
2919.54 , 1431.65
2920.96 , 1342.19
2922.11 , 1258.94
2919.81 , 1167.65
1515.85 , 1290.5
1498.74 , 1345.74
1473.76 , 1400.73
1451.61 , 1462.67
1485.35 , 1511.18
1536.74 , 1541.7
1592.63 , 1567.51
1650.59 , 1582.94
1714.62 , 1567.95
1771.9 , 1546.5
1829.29 , 1548.32
1891.55 , 1554.85
1943.13 , 1516.99
1977.43 , 1467.24
1996.4 , 1409.81
1961.33 , 1359.29
1922.2 , 1309.95
1345.56 , 1818.53
1407.61 , 1809.29
1468.66 , 1797.93
1525.18 , 1777.5
1584.68 , 1762.78
1649.43 , 1759.03
1714.66 , 1761.78
1780.48 , 1763.28
1846.81 , 1763.78
1910.96 , 1768.78
1973.74 , 1776.5
2038.96 , 1779.25
2104.81 , 1780.78
2167.01 , 1789.76
2148.88 , 1841.18
2096.66 , 1873.81
2041.68 , 1899.06
1984.74 , 1918.31
1926.26 , 1934.77
1866.74 , 1949.52
1804.66 , 1958.78
1740.63 , 1964.03
1676.26 , 1968.53
1610.06 , 1967.78
1547.86 , 1958.76
1491.76 , 1937.25
1442.06 , 1897.53
1398.46 , 1849.28
1381.06 , 1831.28
1436.63 , 1835.78
1490.68 , 1843.41
1545.98 , 1838.6
1602.73 , 1840.53
1660.38 , 1840.28
1716.68 , 1837.31
1773.01 , 1834.32
1828.93 , 1830.53
1885.11 , 1827.28
1941.53 , 1829.53
1998.09 , 1827.53
2055.71 , 1827.28
2109.66 , 1819.43
2156.81 , 1815.53
2106.84 , 1831.02
2050.03 , 1832.53
1993.84 , 1829.78
1937.41 , 1832.53
1879.91 , 1833.03
1823.23 , 1835.28
1767.53 , 1839.53
1710.98 , 1842.03
1653.71 , 1843.03
1596.21 , 1842.53
1539.53 , 1840.78
1486.78 , 1851.03
1430.26 , 1848.49
2032.6 , 903.08
2063.07 , 880.36
2095.38 , 862.57
2128.3 , 846.31
2162.38 , 833.82
2199.3 , 827.08
2239.15 , 826.33
2277.17 , 830.83
2312.82 , 840.32
2345.65 , 856.86
2371.34 , 886.28
2353.79 , 918.64
2322.42 , 938.82
2287.68 , 949.83
2249.4 , 953.83
2210.18 , 951.83
2172.02 , 947.58
2135.88 , 939.09
2100.27 , 929.6
2065.93 , 917.81
1534.12 , 898.71
1502.94 , 881.42
1470.62 , 867.43
1438.17 , 853.77
1403.22 , 845.67
1364.47 , 845.93
1328.52 , 851.96
1295.54 , 863.93
1264.27 , 880.99
1234.29 , 901.45
1209.57 , 929.92
1242.52 , 941.91
1274.12 , 958.21
1306.92 , 970.7
1343.84 , 974.67
1382.47 , 974.17
1418.07 , 967.42
1451.84 , 957.18
1484.82 , 945.17
1516.42 , 928.83
1961.42 , 667.87
1997.45 , 622.34
2045.64 , 594.14
2099.02 , 578.6
2153.14 , 564.64
2208.2 , 552.6
2265.92 , 546.12
2325.92 , 544.37
2384.49 , 548.62
2437.12 , 565.57
2483.49 , 599.19
2453.24 , 609.15
2401.85 , 588.86
2345.49 , 580.09
2286.22 , 583.37
2229.72 , 592.38
2175.22 , 605.61
2124.32 , 626.46
2073.77 , 648.53
2022.17 , 667.62
1438.64 , 655.01
1401.71 , 634.85
1362.44 , 621.28
1322.34 , 609.42
1280.37 , 601.16
1237.04 , 595.63
1192.87 , 592.88
1150.09 , 599.59
1112.46 , 618.2
1080.04 , 650.25
1064.04 , 688.63
1097.91 , 660.88
1132.46 , 633.97
1172.44 , 621.63
1218.07 , 620.88
1260.96 , 627.31
1301.82 , 637.88
1341.66 , 650.25
1380.64 , 664.6
1420.01 , 677.88
