2175042512_1
428.2 , 284.4
423.11 , 303.74
423.13 , 324.1
427.34 , 343.33
431.5 , 362.46
434.83 , 383.87
439.82 , 401.72
448.42 , 421.29
455.29 , 440.78
461.22 , 459.48
471.55 , 476.58
482.45 , 492.71
497.85 , 508.03
512.86 , 519.36
527.9 , 535.38
543.46 , 547.51
560.76 , 558.9
576.16 , 569.84
593.16 , 581.74
611.9 , 590.4
631.11 , 594.7
652.53 , 597.08
671.53 , 599.63
691.62 , 599.33
712.04 , 599.39
732.66 , 593.4
747.61 , 580.73
760.1 , 565.85
763.76 , 544.68
770.15 , 525.95
781.89 , 509.69
793.51 , 493.47
799.61 , 473.25
805.29 , 454.85
811.16 , 435.28
816.97 , 414.99
822.26 , 396.89
826.53 , 376.18
829.27 , 356.6
831.76 , 336.86
833.34 , 314.87
705.69 , 344.25
701 , 358.27
688.02 , 368.14
678.01 , 380.55
677.37 , 395.34
687.75 , 409.12
701.47 , 414.14
718.23 , 417.43
733.43 , 417.57
750.46 , 415.65
766.51 , 412.4
781.28 , 407.09
795.59 , 400.87
800.68 , 385
796.45 , 370.63
789.49 , 355.21
785.6 , 339.19
648.94 , 484.67
658.29 , 478.08
669.14 , 475.21
680.09 , 472.52
691.07 , 469.89
702.57 , 468.43
714.07 , 466.89
725.69 , 465.67
737.92 , 465.67
749.24 , 463.88
761.27 , 463.42
772.74 , 464.96
782.92 , 469.41
776.2 , 477.37
770.44 , 487.07
770.19 , 499.17
765.62 , 509.25
757.44 , 517.92
747.67 , 523.43
736.64 , 525.91
725.02 , 527.17
713.34 , 526.07
702.39 , 523.4
691.74 , 520.2
681.62 , 515.66
672.02 , 509.71
662.64 , 503.11
653.93 , 494.64
650.69 , 484.92
658.92 , 481.67
668.14 , 482.92
677.62 , 483.67
687.09 , 484.42
696.59 , 485.17
705.57 , 486.92
714.34 , 489.19
724.07 , 489.42
732.94 , 487.42
741.44 , 484.67
750.19 , 482.42
759.19 , 480.67
767.67 , 477.94
776.26 , 475.4
768.32 , 478.64
759.72 , 481.15
751.44 , 484.42
742.82 , 486.92
733.94 , 488.92
724.69 , 490.17
714.84 , 490.17
705.49 , 489.17
696.37 , 487.67
687.39 , 485.92
678.02 , 484.92
668.79 , 483.67
659.44 , 482.67
772.55 , 260.51
776.49 , 252.81
783.45 , 246.83
791.3 , 243.26
799.35 , 240.26
807.97 , 238.51
817.35 , 238.76
826.7 , 239.01
835.35 , 240.74
842.83 , 245.27
846.8 , 253.01
843.8 , 261.01
837.65 , 267.9
830.2 , 272.61
822.32 , 276.02
812.82 , 276.01
804.42 , 273.73
796.02 , 271.5
787.62 , 269.25
779.1 , 267.28
682.1 , 258.65
674.75 , 251.56
666.65 , 246.61
658 , 243.06
648.67 , 241.09
638.97 , 239.85
629.17 , 240.82
619.85 , 242.83
611.17 , 246.23
602.82 , 250.57
595.05 , 256.35
603.32 , 260.88
611.52 , 265.58
619.95 , 269.76
628.92 , 272.47
638.52 , 273.85
648.35 , 272.85
657.55 , 270.6
666.6 , 268.06
675.55 , 265.35
785 , 221.07
791.98 , 214.59
799.02 , 208.31
807.17 , 205.05
815.62 , 202.54
823.92 , 199.8
832.4 , 197.3
841.48 , 196.07
850.8 , 196.82
859.25 , 199.32
862.99 , 207.17
861.15 , 215.94
855.5 , 223.07
847.38 , 219.83
837.8 , 219.58
829.08 , 221.57
819.88 , 222.57
810.55 , 223.33
801.83 , 225.32
792.5 , 226.07
719.93 , 215.81
716.69 , 200.46
700.18 , 196.2
683.11 , 193.18
665.96 , 190.34
648.76 , 187.65
631.31 , 185.44
613.61 , 187.15
597.66 , 192.35
582.83 , 200.67
570.63 , 214.09
563.06 , 229.19
580.38 , 226.69
596.98 , 222.67
613.83 , 219.18
631.73 , 217.94
650.01 , 218.44
667.81 , 219.94
685.61 , 221.43
704.13 , 221.44
