2175629058_1
545.45 , 717.59
542.99 , 740.18
542.73 , 762.33
544.83 , 784.67
549.31 , 806.92
555.18 , 828.54
560.5 , 851.11
567.46 , 873.49
575.18 , 895.53
580.57 , 916.9
590.39 , 937.33
605.23 , 954.9
624.23 , 970.25
640.14 , 983.74
658.16 , 999.98
678.45 , 1010.15
699.31 , 1019.42
721.58 , 1027.56
743.66 , 1033.68
765.66 , 1037.07
788.42 , 1037.88
811.11 , 1037.38
833.55 , 1039.99
856.38 , 1046.09
878.21 , 1047.52
900.41 , 1040.71
922.06 , 1031.48
942.34 , 1021.96
960.07 , 1006.92
974.66 , 990.77
987.79 , 971.49
1000.27 , 952.12
1013.91 , 934.47
1029.29 , 916.35
1038.76 , 896.03
1046.75 , 874.27
1055.43 , 853.05
1063.63 , 831.71
1069.88 , 809.66
1073.57 , 786.95
1075.27 , 763.48
757.75 , 714.85
745.32 , 726.62
737 , 741.79
734.06 , 760.08
739.19 , 775.43
754.67 , 785.85
768.09 , 796.34
784.18 , 805.7
799.64 , 811.85
818.69 , 810.97
834.09 , 803.98
849.35 , 794.45
864.34 , 783.16
879 , 773.73
881.65 , 757.29
877.64 , 738.9
874.05 , 721.44
684.18 , 851.5
699.73 , 844.25
716.15 , 849.25
733.15 , 853.25
750.73 , 855.99
767.93 , 859.5
785.4 , 862.48
804.15 , 862.25
822.36 , 860.75
840.4 , 859
858.58 , 857.51
876.88 , 856.25
895.8 , 856.25
909.15 , 866.27
899.45 , 880.98
886.56 , 894.35
872.2 , 904.98
856.68 , 912.5
840.15 , 917.27
822.55 , 920.03
804.61 , 918.02
786.75 , 915.82
769.33 , 912.72
753.18 , 907.25
737.83 , 899.25
723.48 , 888.55
709.18 , 877.75
695.36 , 865.68
697.43 , 853.5
709.63 , 857.21
721.88 , 860.96
734.2 , 864.52
746.2 , 868.74
758.43 , 872.5
771.03 , 875.6
784.23 , 877.5
797.83 , 878.47
811.55 , 879.25
825.4 , 878.75
838.3 , 876.23
850.8 , 873.02
863.45 , 869.98
870.38 , 872.78
858.55 , 877.47
846.45 , 881.48
833.93 , 884.75
821.05 , 887.25
807.7 , 888.75
793.73 , 888.49
780.23 , 887.27
767.7 , 884.02
755.48 , 880.27
743.55 , 875.88
731.7 , 871.26
719.83 , 866.65
708.3 , 860.88
876.64 , 641.97
884.69 , 635.65
893.51 , 631.19
902.99 , 628.63
912.99 , 626.94
923.76 , 626.97
933.94 , 628.24
943.99 , 629.7
953.41 , 632.47
962.44 , 636.26
970.91 , 641.48
968.54 , 649.47
957.76 , 649.47
947.24 , 649.97
936.94 , 649.01
927.07 , 647.15
917.44 , 644.76
907.89 , 642.22
897.71 , 640.97
887.19 , 641.47
731.68 , 630.21
731.7 , 621.43
724.81 , 615.97
717.33 , 612.06
709.5 , 609.21
700.9 , 607.96
692.18 , 606.96
683.46 , 607.98
675.58 , 610.68
668.11 , 614.62
661.11 , 619.83
654.98 , 626.46
662.93 , 628.98
670.78 , 631.73
679.15 , 633.46
687.75 , 634.71
696.98 , 634.71
705.71 , 633.71
714.33 , 632.47
723.06 , 631.46
856.8 , 600.98
873.55 , 585.23
893.95 , 579.21
916.55 , 577.73
938.67 , 580.23
960.17 , 583.97
981.7 , 587.73
1002.1 , 593.74
1020.93 , 603.83
1035.21 , 621.11
1040.82 , 641.78
1037.36 , 663.05
1022.13 , 646.06
1005.38 , 630.28
986.3 , 620.73
965.05 , 616.48
942.45 , 614.98
919.35 , 614.48
896.5 , 615.48
873.7 , 616.4
762.76 , 582.28
748.11 , 570.56
731.41 , 564.5
713.49 , 561.02
695.31 , 558.03
676.41 , 556.53
657.51 , 558.03
639.71 , 561.82
623.28 , 568.51
608.21 , 579.09
595.26 , 593.28
610.13 , 604.43
629.11 , 605.78
646.71 , 601.52
664.01 , 596.78
681.59 , 592.46
700.16 , 590.26
719.53 , 590.78
737.59 , 594.01
755.89 , 596.75
