111836119_1
210.9 , 269.6
211.79 , 277.98
212.34 , 287.68
213.41 , 296.44
215.55 , 305.32
217.64 , 314.66
219.65 , 323
222.65 , 331.66
226.7 , 340.48
230.98 , 348.46
236.53 , 355.78
242.58 , 362.37
248.59 , 369.24
254.33 , 376.03
262.13 , 381.94
269.1 , 387.33
275.43 , 394.35
281.69 , 400.44
289.09 , 405.67
296.44 , 411.36
305.88 , 413.52
314.94 , 415.02
323.4 , 414.65
332.82 , 414.75
340.83 , 410.86
347.17 , 404.11
352.77 , 396.77
357.38 , 389.05
362.45 , 381.2
367.25 , 373.17
372.97 , 366.6
378.53 , 359.18
385.18 , 352.82
391.19 , 345.42
396.7 , 338.45
401.67 , 331.01
406.12 , 323.01
410.77 , 314.78
412.45 , 305.9
413.69 , 296.41
415.64 , 287.41
315.25 , 277.2
310.78 , 283.8
307.3 , 291.75
307.19 , 300
311.3 , 307.15
317.5 , 313.57
324.33 , 318.27
331.74 , 321.93
339.9 , 324.79
348.05 , 324.07
356.15 , 320.82
363.97 , 318.1
370.66 , 312.51
372.74 , 304.58
370.94 , 296.64
368.12 , 288.33
363.6 , 280.8
267.72 , 326.73
277.9 , 325.98
288.32 , 326.23
298.27 , 327.48
308.47 , 328.23
318.77 , 327.73
328.85 , 328.73
339.27 , 328.48
349.82 , 328.48
360.15 , 328.98
370.45 , 328.48
379.92 , 330.7
374.97 , 338.98
370.25 , 347.46
365.57 , 355.91
360.85 , 364.38
355.39 , 372.56
347.82 , 379.66
339.05 , 383.5
328.62 , 383.73
318.55 , 382.72
309.4 , 379.91
301.07 , 374.85
293.3 , 368.31
286.75 , 360.5
281.5 , 352.25
276.44 , 343.96
272.06 , 335.33
273.47 , 329.23
281.72 , 329.48
289.97 , 329.73
297.65 , 331.24
305.1 , 333.1
312.45 , 335.22
319.97 , 336.98
327.65 , 338.45
335.67 , 339.23
343.8 , 338.73
351.95 , 338.23
359.95 , 337.48
367.49 , 335.72
368.42 , 341.56
363.03 , 347.68
357.64 , 353.81
351.85 , 359.63
345.35 , 363.98
338.42 , 367.22
330.65 , 368.48
322.62 , 367.7
315.1 , 365.98
308.17 , 362.71
301.8 , 358.06
295.62 , 352.89
289.42 , 347.68
283.67 , 341.68
278.3 , 335.56
365.15 , 253.41
368.22 , 250.64
372 , 249.63
375.9 , 248.91
380.02 , 248.66
384.27 , 248.66
388.27 , 249.15
392.17 , 249.92
396.07 , 250.59
399.8 , 251.63
403.28 , 253.28
401.2 , 255.37
397.32 , 256.16
393.32 , 256.66
389.32 , 256.16
385.2 , 255.91
381.05 , 255.66
377.05 , 255.16
373.05 , 254.66
369.02 , 254.15
310.24 , 247.46
305.84 , 244.02
301.01 , 241.75
295.76 , 240.49
290.36 , 239.51
284.76 , 239.01
279.14 , 238.51
273.51 , 239.01
268.14 , 240.02
262.86 , 241.24
257.79 , 242.76
263.06 , 244.01
268.06 , 245.77
273.31 , 247.01
278.81 , 247.76
284.31 , 248.51
289.81 , 249.26
295.44 , 249.76
301.16 , 250.01
306.79 , 250.51
362.45 , 236.51
366.38 , 232.31
371.25 , 230.24
376.47 , 229.01
381.95 , 228.26
387.55 , 227.76
393.25 , 228.01
398.85 , 228.51
404.57 , 228.26
409.8 , 229.54
413.48 , 233.53
411.34 , 238
405.75 , 238.51
399.9 , 238.51
394.2 , 238.26
388.35 , 238.26
382.52 , 238.26
377.05 , 239.01
371.57 , 239.77
366.22 , 240.77
321.66 , 233.82
321.99 , 225.83
314.99 , 221.61
307.49 , 218.84
299.97 , 216.07
291.97 , 214.32
283.71 , 213.07
275.21 , 213.82
267.31 , 215.79
259.89 , 218.86
253.1 , 223.65
249.44 , 230.82
257.81 , 229.81
265.34 , 227.05
273.24 , 225.05
281.87 , 224.57
290.34 , 225.32
298.24 , 227.34
305.76 , 230.1
313.19 , 233.07
