2182024730_1
171.38 , 487.56
174.7 , 505.2
178.09 , 522.67
182.97 , 541.73
188.47 , 558.9
194.72 , 577.66
200.19 , 594.63
206.19 , 613.23
213.95 , 630.77
223.49 , 646.49
233.12 , 661.06
244.47 , 678.18
254.68 , 692.28
266.48 , 706.67
280.15 , 719.64
295.78 , 730.71
312.8 , 739.51
330.04 , 745.4
349.57 , 748.66
367.67 , 750.65
385.63 , 750.93
405.54 , 750.68
423.8 , 747.07
440.45 , 738.61
453.82 , 727.33
466.94 , 712.77
479.15 , 697.72
489.85 , 684
500.64 , 667.38
509.51 , 651.55
517.3 , 635.43
524.9 , 618.03
532.22 , 600.36
538.47 , 581.89
542.1 , 564.55
544.41 , 546.33
546.94 , 526.67
549.91 , 508.45
554.01 , 490.54
558.94 , 472.82
564.14 , 453
332.55 , 473.85
325.1 , 485.5
318.6 , 499.44
317.3 , 515.6
318.3 , 530.19
327.69 , 542.15
342.19 , 543.75
356.63 , 543.72
372.23 , 543.48
387.13 , 544.12
402.35 , 543.8
418.55 , 542.8
430.83 , 535.6
436.65 , 522.27
434.95 , 506
429.63 , 491.68
422.15 , 478.4
306.44 , 624.12
315.94 , 617.37
325.44 , 610.37
335.56 , 605.12
346.06 , 601.09
357.81 , 599.62
369.29 , 601.61
381.64 , 601.37
393.14 , 599.37
405.24 , 598.62
416.87 , 600.38
427.56 , 603.87
437.09 , 610.75
446.43 , 618.1
446.16 , 630.42
438.62 , 639.7
429.76 , 648.32
420.29 , 655.3
410.06 , 660.4
398.92 , 663.12
386.69 , 663.62
374.59 , 662.87
362.62 , 661.89
351.64 , 658.83
341.64 , 653.3
331.62 , 647.77
321.94 , 641.37
312.66 , 633.85
310.44 , 627.87
319.71 , 626.37
329.01 , 624.87
338.56 , 623.87
348.46 , 623.62
358.37 , 623.37
368.29 , 623.12
378.19 , 623.37
388.22 , 623.37
397.74 , 622.37
407.17 , 621.12
416.72 , 620.12
426.74 , 620.12
436.26 , 621.11
445.44 , 622.87
437.76 , 624.62
428.09 , 625.37
418.31 , 625.88
408.76 , 626.84
399.34 , 628.12
389.69 , 628.87
379.67 , 628.87
369.64 , 628.87
359.62 , 628.87
349.72 , 629.12
339.69 , 629.12
329.76 , 629.37
319.74 , 629.37
437.96 , 398.12
443.38 , 394.47
448.86 , 390.88
454.71 , 388.37
461.03 , 386.87
467.71 , 386.12
474.51 , 386.62
480.83 , 388.1
486.76 , 390.41
492.27 , 393.93
496.14 , 399.27
492.58 , 404.61
486.78 , 407.39
480.46 , 408.87
473.53 , 409.12
466.49 , 409.12
459.71 , 408.62
453.26 , 407.37
447.08 , 405.59
440.9 , 403.84
307.6 , 396.85
301.66 , 393.1
295.71 , 389.36
289.48 , 386.36
282.71 , 384.6
275.61 , 383.6
268.25 , 384.07
261.5 , 385.82
255.18 , 388.6
249.56 , 393.22
244.93 , 398.85
250.1 , 404.3
256.5 , 406.88
263.36 , 408.35
270.83 , 408.6
278.31 , 408.35
285.56 , 407.6
292.53 , 406.32
299.65 , 405.35
306.27 , 403.34
400.66 , 348.22
413.29 , 339.1
428.49 , 336.19
444.71 , 336.97
460.56 , 338.47
476.79 , 339.22
493.36 , 339.22
508.49 , 342.23
522.31 , 348.21
534.46 , 358.78
542.4 , 371.87
532.11 , 381.21
518.31 , 375.19
504.31 , 369.87
488.89 , 367.47
472.41 , 367.72
456.31 , 368.72
439.88 , 368.95
424.64 , 366.2
410.74 , 360.56
331.95 , 358.64
326.04 , 345.59
313.57 , 337.81
299.14 , 334.84
284 , 333.34
268.72 , 332.09
253.69 , 330.34
238.42 , 331.59
225.07 , 336.85
213.33 , 346.69
205.23 , 359.01
199.17 , 372.09
213.94 , 370.59
227.72 , 366.35
243.47 , 366.09
258.75 , 367.34
274.02 , 368.59
289.54 , 369.34
305.07 , 370.09
320.69 , 369.59
