2189567066_1
511.73 , 956.55
512.72 , 995.19
515.94 , 1031.15
519.99 , 1069.87
524.36 , 1108.64
528.8 , 1150.27
533.95 , 1189.09
542.22 , 1223.54
557.43 , 1261.4
574.74 , 1297.52
590.23 , 1330.81
609.24 , 1367.67
627.84 , 1401.57
645.29 , 1434.32
665.34 , 1467.45
690.42 , 1497.02
722.84 , 1519.13
761.82 , 1532.14
799.26 , 1538.72
836.62 , 1541.55
875.58 , 1535.98
913.28 , 1524.66
950.15 , 1509.67
985.61 , 1491.86
1017.24 , 1474.53
1051.75 , 1455.08
1085.7 , 1434.94
1117.61 , 1412.49
1151.03 , 1389.33
1180.05 , 1367.8
1207.37 , 1336.3
1227.58 , 1305.36
1248.5 , 1270.66
1270.16 , 1236.9
1285.44 , 1203.46
1300.92 , 1168.18
1317.33 , 1132.49
1332.57 , 1093.87
1343.53 , 1059.47
1353.7 , 1020.04
1362.04 , 980.64
783.25 , 913.85
761.66 , 932.7
747.64 , 962.2
731.89 , 988.56
725.11 , 1018.7
737.98 , 1046.16
766.42 , 1064.35
795.18 , 1073.71
825.09 , 1082.27
856.1 , 1086.75
888.93 , 1085.62
918.1 , 1077.71
947.65 , 1062.88
958.1 , 1036.6
947.65 , 1005.62
936.72 , 975.18
930.88 , 943.57
669.48 , 1217.88
679.3 , 1193.53
697.1 , 1171.98
719.38 , 1156.14
743.36 , 1144.89
770.28 , 1140.38
796.46 , 1146.36
820.21 , 1158.36
845.28 , 1150.38
870.68 , 1157.9
894.86 , 1168.41
919.03 , 1178.86
942.83 , 1190.7
965.43 , 1205.57
986.7 , 1224.1
1002.87 , 1246.26
981.4 , 1263.7
956.96 , 1273.4
930.96 , 1279.88
902.61 , 1281.38
874.36 , 1279.63
845.88 , 1278.38
818.13 , 1275.62
790.98 , 1271.63
763.46 , 1268.38
737.13 , 1262.78
714.33 , 1248.47
692.96 , 1230.1
671.98 , 1215.38
693.08 , 1208.6
715.88 , 1205.13
738.93 , 1202.13
763.21 , 1202.63
786.36 , 1205.38
809.78 , 1207.63
832.71 , 1210.88
856.25 , 1212.88
879.31 , 1215.89
901.03 , 1221.65
923.36 , 1226.15
945.23 , 1231.63
966.68 , 1237.84
986.7 , 1247.87
966.56 , 1240.66
944.71 , 1235.11
923.25 , 1228.89
902.13 , 1222.15
879.68 , 1217.89
857.38 , 1213.38
833.96 , 1211.13
809.71 , 1210.63
787.48 , 1205.88
764.21 , 1203.38
740.78 , 1205.63
716.5 , 1206.13
694.4 , 1211.14
971.39 , 784.08
982.39 , 768.33
997.31 , 754.88
1014.31 , 747.06
1033.76 , 744.83
1053.24 , 747.09
1070.79 , 753.07
1087.59 , 761.51
1104.12 , 770.55
1119.58 , 782.53
1128.62 , 799.06
1120.67 , 815.82
1103.32 , 822.31
1085.32 , 827.57
1065.26 , 828.58
1044.94 , 829.08
1026.32 , 825.07
1007.34 , 821.84
989.87 , 815.57
974.63 , 803.06
771.46 , 788.64
761.71 , 773.89
750.29 , 759.72
736.59 , 747
721.63 , 737.83
705.93 , 730.58
689.11 , 726.1
670.46 , 726.85
654.21 , 732.33
639.84 , 743.17
629.7 , 757.79
623.66 , 773.84
633.19 , 788.65
648.96 , 795.61
666.38 , 798.82
684.06 , 801.61
702.93 , 801.34
721.59 , 800.59
740.34 , 801.09
758.99 , 801.84
889.75 , 670.6
917.35 , 641.25
956.08 , 636.78
995.9 , 638.6
1035.2 , 641.85
1073.53 , 647.1
1109.62 , 656.83
1143.3 , 672.89
1173.4 , 698.48
1202.35 , 727.2
1231.45 , 755.55
1209.97 , 776.09
1177.35 , 757.48
1145.78 , 736.12
1113.45 , 716.87
1077.8 , 706.37
1038.97 , 702.1
999.58 , 699.09
959.85 , 696.7
921.38 , 691.76
773.04 , 681.2
774.06 , 654.78
757.65 , 634.41
736.14 , 620.67
712.22 , 613.45
685.8 , 611.2
658.75 , 612.2
633.14 , 616.18
608.07 , 621.17
585.2 , 631.21
565 , 648.67
545.22 , 667.2
565.42 , 684.67
591.47 , 681.7
616.35 , 676.17
642.55 , 673.45
669.1 , 671.45
695.89 , 669.95
721.62 , 673.72
746.12 , 679.92
