100591971_1
214.4 , 459.78
210.94 , 476.51
207.96 , 493.11
205.11 , 509.72
201.9 , 527.9
198.43 , 543.38
193.78 , 560.44
194.35 , 577.71
197.2 , 595.1
199.18 , 612.54
201.93 , 629.82
205.4 , 646.8
208.08 , 663.74
210.9 , 680.16
215.97 , 696.98
220.55 , 714.34
229.79 , 728.32
245 , 736.77
259.98 , 744.93
276.08 , 750.67
291.62 , 759.33
309.32 , 759.7
326.78 , 758.26
342.54 , 753.02
358.72 , 746.27
374.75 , 738.81
389.56 , 730.75
405.16 , 724.31
422.16 , 721.58
439.9 , 717.48
455.69 , 712.15
471.88 , 704.3
481.51 , 689.92
490.05 , 674.79
497.51 , 659.88
503.94 , 643.41
509.38 , 627.09
515.75 , 610.03
523.04 , 596.02
533.9 , 581.41
544.85 , 567.04
330.19 , 460.9
320.6 , 474.02
311.68 , 487.74
298.12 , 497.68
288.9 , 511.59
294.42 , 526.02
305.55 , 538
321.04 , 544.98
335.77 , 550.92
352.84 , 554.11
369.11 , 554.88
385.79 , 553.05
398.31 , 541.71
400.68 , 526.11
397.42 , 509.13
394.69 , 492.23
390.44 , 475.94
253.47 , 578.87
264.37 , 566.86
279.82 , 564.37
296.12 , 565.12
311.8 , 567.1
325.8 , 572.68
339.39 , 579.55
355.77 , 580.12
372.32 , 580.35
386.6 , 585.15
400.32 , 591.66
414.24 , 597.38
423.74 , 610.02
425.34 , 625.77
413.55 , 637.54
401.12 , 647.47
387.22 , 653.37
372.62 , 657.6
357.3 , 660.37
341.5 , 662.12
325.42 , 663.37
309.62 , 661.64
294.92 , 657.58
282.03 , 648.93
273.21 , 636.07
266.72 , 622.37
261.7 , 608.17
256.47 , 594.07
256.72 , 584.62
267.85 , 581.59
279.62 , 579.87
292.14 , 580.12
303.47 , 582.87
314.75 , 585.64
325.64 , 589.09
336.42 , 592.85
347.1 , 596.84
358.42 , 599.6
369.32 , 603.15
380.62 , 605.84
392.6 , 607.24
403.97 , 609.87
405.4 , 619.94
394.64 , 623.86
383.47 , 626.87
372.57 , 630.39
360.92 , 632.37
348.64 , 633.12
336.27 , 632.62
324.14 , 631.55
312.44 , 629.61
301.54 , 626.13
291.62 , 620.02
282.42 , 611.82
273.5 , 602.89
265.3 , 593.69
423.8 , 451.66
428.9 , 446.04
436.03 , 444.68
443.2 , 445.81
450.3 , 447.16
456.88 , 449.67
463.28 , 452.64
469.58 , 455.92
475.37 , 460.5
480.39 , 465.99
484.05 , 472.16
480.15 , 476.42
473.75 , 473.4
467.35 , 470.45
461.35 , 466.44
455.68 , 461.51
449.9 , 456.75
443.52 , 453.65
436.62 , 451.94
430.23 , 448.9
322.16 , 428.43
317.75 , 424.67
313.08 , 421.66
308.11 , 419.4
302.93 , 417.71
297.33 , 416.92
291.58 , 416.42
285.73 , 416.64
280.33 , 417.96
275.2 , 419.64
270.38 , 422.17
276.13 , 422.67
281.65 , 423.67
287.28 , 424.41
292.9 , 425.17
298.65 , 425.67
304.31 , 426.35
309.78 , 427.39
315.06 , 428.93
320.13 , 430.92
408.18 , 413.65
415.81 , 401.76
428.03 , 394.87
441.83 , 391.91
456.48 , 393.14
470.08 , 396.68
482.71 , 402.42
494.36 , 410.81
505.61 , 420.32
515.49 , 431.45
522.19 , 443.72
525.57 , 457.04
513.88 , 448.84
502.61 , 439.33
491.16 , 430.37
478.75 , 423.97
465.73 , 419.39
451.93 , 416.4
437.75 , 414.15
423.08 , 412.9
349.62 , 399.27
350.09 , 387.03
345.79 , 376.44
335.59 , 371.03
324.87 , 367.29
314.12 , 363.53
302.84 , 360.78
290.59 , 360.03
278.47 , 361.04
267.47 , 364.28
257.39 , 369.97
249.59 , 379.28
260.56 , 382.53
273.04 , 382.78
285.29 , 382.03
297.41 , 383.03
308.06 , 387.02
318.19 , 392.59
328.37 , 398.05
338.79 , 402.74
