112117768_1
243.7 , 509.05
242.19 , 530.02
240.82 , 553.59
240.99 , 574.81
243.14 , 598.75
247.46 , 620.8
252.55 , 642.25
253.4 , 665.26
255.28 , 685.83
258.41 , 710.05
264.51 , 730.83
277.64 , 750.26
297.16 , 760.75
317.79 , 769.84
338.33 , 778.75
358.68 , 787.59
378.43 , 799.45
397.13 , 811.78
414.74 , 824.37
432.79 , 838.56
451.28 , 850.02
471.8 , 861.24
492.59 , 871.45
514.41 , 874.9
536.76 , 871.91
556.69 , 862.94
575.08 , 850.69
593.7 , 837.87
611.81 , 824.37
628.55 , 809.81
645.99 , 793.71
661.66 , 776.94
675.62 , 759.02
688.35 , 740.28
699.67 , 720.69
709.24 , 702.19
719.73 , 681.76
726.98 , 659.48
731.23 , 637.22
734.82 , 614.79
737.55 , 592.25
540.79 , 583.25
528.64 , 591.84
516.29 , 602.58
510.37 , 617.28
515.49 , 632.89
526.55 , 644.29
541.27 , 650.32
557.6 , 651.77
574.8 , 653.1
590.78 , 654.53
606.1 , 659.74
621.21 , 658.83
631.42 , 645.73
632.77 , 630.06
626.7 , 614.85
620.62 , 600.49
613.8 , 584.24
454.1 , 702.84
463.4 , 695.81
474.28 , 698.86
484.83 , 702.34
496.18 , 704.33
508.25 , 704.84
519.38 , 702.34
531.08 , 703.59
542.55 , 705.34
554.25 , 706.6
564.73 , 710.36
575.73 , 713.11
586.85 , 715.59
597 , 720.44
600.37 , 731.12
591.8 , 739.85
581.4 , 743.84
569.67 , 745.09
557.5 , 745.34
546.05 , 743.55
535.33 , 740.32
525.17 , 735.62
515.1 , 730.59
504.73 , 726.62
494.25 , 722.87
483.88 , 718.83
473.4 , 715.07
463.25 , 710.27
469.1 , 705.59
478.18 , 707.59
486.78 , 710.6
495.9 , 712.58
505.25 , 714.09
514.83 , 715.09
524.43 , 714.09
534.38 , 713.84
543.6 , 715.59
552.73 , 717.58
562.2 , 718.83
572.03 , 719.34
581.85 , 719.84
591.7 , 720.34
598.63 , 726.35
589.17 , 727.59
579.23 , 727.34
569.62 , 726.34
560.28 , 724.86
551.17 , 722.83
542.05 , 720.85
532.95 , 718.84
523.6 , 717.34
514.48 , 715.34
504.53 , 715.59
495.43 , 713.61
486.7 , 710.84
477.48 , 709.12
627.85 , 542.83
630.6 , 534.58
636.07 , 527.34
643.68 , 522.82
651.83 , 519.83
661.27 , 519.58
670.5 , 520.33
679.5 , 521.55
687.52 , 524.76
694.9 , 529.89
700.37 , 537.16
700.91 , 546.27
693.73 , 551.96
685.75 , 555.56
677.03 , 557.33
667.55 , 557.58
658.45 , 556.57
649.48 , 555.36
640.85 , 553.33
632.73 , 550.26
513.81 , 512.44
509.8 , 503.37
503.36 , 495.19
495.19 , 488.74
486.31 , 484.14
476.56 , 481.64
465.76 , 481.39
455.58 , 482.89
446.01 , 485.62
436.94 , 489.64
428.06 , 494.14
434.89 , 502.22
442.81 , 509.39
451.41 , 514.65
460.31 , 519.14
469.91 , 521.92
479.76 , 524.14
490.06 , 525.39
500.38 , 524.14
510.06 , 521.59
648.35 , 477.44
660.23 , 475.93
671.25 , 472.66
681.9 , 468.65
693.25 , 466.04
705.48 , 465.19
716.88 , 467.71
726.98 , 473.31
736.88 , 479.47
746.72 , 485.78
754.96 , 494.79
749.43 , 503.26
738.8 , 499.16
728.2 , 494.94
717.17 , 491.68
705.88 , 488.94
694.03 , 487.37
682.35 , 485.44
669.85 , 485.19
659.35 , 480.69
542.04 , 446.13
529.96 , 433.62
515.07 , 426.65
499.24 , 422.13
482.77 , 418.88
464.94 , 418.36
447.82 , 420.36
431.22 , 423.41
415.72 , 428.45
400.47 , 434.2
385.04 , 439.38
398.87 , 449.19
416.24 , 450.63
432.59 , 447.09
448.64 , 442.88
465.87 , 441.1
482.84 , 443.37
499.57 , 446.13
515.26 , 450.89
530.54 , 456.63
