2190903226_1
1187.95 , 1149.1
1197.63 , 1196.25
1208.8 , 1242.89
1220.5 , 1289.44
1232.38 , 1336.38
1244.55 , 1383.23
1260.31 , 1431.71
1280.49 , 1478.43
1302.95 , 1518.14
1333.25 , 1558.03
1366.99 , 1594.58
1405.38 , 1626.82
1442.94 , 1654.51
1477.84 , 1688.07
1511.74 , 1724.63
1550.17 , 1757.13
1593.27 , 1777
1636.86 , 1797
1686.7 , 1813.68
1732.47 , 1822.21
1781.4 , 1823.99
1829.01 , 1815.37
1879.63 , 1797.7
1922.38 , 1777.82
1965.14 , 1758.85
2010.95 , 1734.29
2050.99 , 1711.19
2093.46 , 1683.23
2132.22 , 1651.68
2168.29 , 1617.73
2203.05 , 1582.77
2230.39 , 1545.08
2259.17 , 1501.35
2281.26 , 1460.08
2300.26 , 1416.93
2317.93 , 1368.55
2332.59 , 1320.33
2346.76 , 1275.53
2360.97 , 1225.74
2369.84 , 1180.62
2381.15 , 1129.64
1635 , 1138.45
1616.96 , 1171.96
1596.2 , 1208.69
1584.96 , 1247.15
1587.62 , 1287.08
1618.27 , 1316.96
1655.85 , 1327.84
1698.66 , 1334.16
1739.36 , 1335.7
1779.31 , 1334.46
1822.26 , 1336.66
1859.67 , 1324.13
1876.09 , 1286.99
1874.5 , 1248.01
1854.54 , 1210.9
1836.55 , 1172.92
1817.2 , 1135.39
1593.17 , 1496.36
1611.1 , 1479.44
1629.1 , 1462.66
1650 , 1454.08
1671.64 , 1447.36
1694 , 1441.87
1717.77 , 1444.36
1741.7 , 1442.11
1764.62 , 1437.86
1788.02 , 1441.12
1809.14 , 1449.09
1830.1 , 1457.54
1851.07 , 1465.85
1871.04 , 1477.18
1877.47 , 1498.81
1862 , 1517.28
1847.45 , 1536.1
1828.37 , 1549.9
1806.57 , 1556.36
1782.55 , 1558.36
1758.52 , 1560.36
1734.5 , 1562.36
1710.47 , 1564.36
1686.27 , 1562.71
1664.05 , 1556.98
1643.67 , 1546.61
1625.08 , 1531.54
1611.45 , 1512.38
1621.17 , 1493.86
1636.77 , 1491.36
1653.07 , 1490.36
1669.87 , 1490.36
1686.57 , 1490.61
1703 , 1491.36
1719.07 , 1489.86
1735.37 , 1488.86
1752.05 , 1488.61
1768.75 , 1488.36
1785.52 , 1488.36
1801.85 , 1489.36
1817.92 , 1490.86
1834.47 , 1491.36
1849.14 , 1494.61
1834.02 , 1491.11
1818.45 , 1488.61
1802.25 , 1487.36
1785.57 , 1487.61
1768.89 , 1487.86
1752.22 , 1488.11
1735.77 , 1488.86
1719.1 , 1489.11
1702.3 , 1489.11
1685.5 , 1489.11
1668.95 , 1488.61
1652.14 , 1488.61
1635.85 , 1489.59
1901.96 , 1031.83
1909.53 , 1008.73
1928.68 , 990.09
1950.24 , 978.07
1973.16 , 970.08
1998.09 , 966.08
2024.74 , 965.58
2050.53 , 967.83
2074.96 , 972.83
2096.41 , 985.02
2112.14 , 1005.23
2117.8 , 1029.26
2098.06 , 1046.23
2074.99 , 1053.83
2049.81 , 1057.33
2023.88 , 1059.33
1997.49 , 1058.33
1972.43 , 1054.58
1946.51 , 1052.57
1921.71 , 1048.33
1589.6 , 1028.34
1586.3 , 1005.61
1569.97 , 987.07
1550.22 , 973.6
1528.72 , 965.04
1505.75 , 959.61
1481.5 , 956.86
1456.02 , 956.61
1432.12 , 960.08
1410.55 , 968.36
1391.71 , 984.43
1382.3 , 1005.61
1401.17 , 1021.02
1422.2 , 1031.26
1445.07 , 1036.88
1469.12 , 1040.1
1493.85 , 1041.86
1518.72 , 1040.36
1543.22 , 1038.11
1567.72 , 1035.86
1861.16 , 963.98
1895.74 , 937.94
1934.38 , 923.5
1972.84 , 908.55
2011.38 , 893.75
2051.28 , 881.96
2094.18 , 876.23
2137.84 , 879.5
2179.89 , 886.98
2217.21 , 905.74
2247.66 , 937.48
2217.28 , 955.11
2179.64 , 937.46
2140.99 , 922.73
2097.71 , 918.23
2053.84 , 922.05
2013.01 , 932.22
1974.84 , 948.04
1937.18 , 965.71
1898.96 , 981.02
1607.47 , 945.01
1574.9 , 917.28
1540.65 , 894.2
1504.35 , 876.51
1465.53 , 865.55
1425.05 , 857.79
1382.35 , 855.05
1340.53 , 860.02
1303.7 , 875.82
1271.4 , 903.92
1246.75 , 937.54
1285.15 , 925.76
1327.47 , 921.8
1370.03 , 918.29
1413.92 , 917.54
1455.35 , 923.39
1494.08 , 934.53
1531.42 , 948.78
1568.58 , 963.57
1606.62 , 976.01
