2191423425_1
370.33 , 391.05
367.37 , 405.56
364.3 , 421.59
361.78 , 437.95
360.38 , 453.87
360.91 , 469.82
361.64 , 485.38
360.75 , 500.22
361.11 , 516.36
364.33 , 532.02
371.29 , 546.9
378 , 561.86
387.54 , 573.97
397.78 , 585
412.28 , 592.91
427 , 597.79
443.61 , 601.34
458.91 , 603.48
473.9 , 605.7
490.06 , 607.62
506.38 , 608.78
522.95 , 608.49
537.9 , 607.6
553.56 , 606.95
569.47 , 605.21
584.9 , 601.62
598.87 , 594.43
609.96 , 582.24
621.9 , 572.69
635.33 , 561.89
644.45 , 549.67
653.28 , 536.59
662.46 , 523.66
668.45 , 508.21
673.12 , 492.96
679.28 , 478.16
684.85 , 463.16
689.12 , 449.31
692.34 , 433.76
694.25 , 418.01
694.6 , 400.5
475.8 , 378.65
468.45 , 387.98
462.35 , 397.67
456.9 , 407.95
458.18 , 419.72
465.56 , 428.99
476.99 , 432.94
489.42 , 433.79
501.26 , 434.38
513.54 , 433.62
524.84 , 432.85
536.92 , 431.62
548.32 , 427.21
555.97 , 418.02
557.44 , 406.33
556.77 , 394.43
553.75 , 382.05
436.55 , 482.52
443.6 , 479.54
450.57 , 476
457.78 , 473.29
465.82 , 472.27
473.12 , 474.8
480.33 , 477.53
488.73 , 477.77
496.2 , 475.61
504.1 , 474.28
511.9 , 475.8
518.98 , 478.96
525.83 , 482.78
532.95 , 485.76
534.47 , 493.09
528.4 , 499.01
521.62 , 502.95
514.35 , 505.48
506.83 , 507.51
499.12 , 509.27
491.08 , 510.27
482.77 , 509.77
475.08 , 508.03
467.65 , 505.8
460.55 , 502.77
453.65 , 499.08
446.8 , 495.27
442.05 , 488.77
448.55 , 480.02
454.43 , 480.52
460.45 , 480.27
466.45 , 480.53
471.85 , 482
477.12 , 483.77
482.78 , 484.77
488.78 , 485.02
494.43 , 484.03
500.45 , 484.27
506.33 , 483.77
512.23 , 484.27
518.12 , 484.77
524.12 , 485.02
529.96 , 485.27
523.95 , 485.52
518.05 , 485.02
512.15 , 484.52
506.27 , 484.02
500.5 , 484.77
494.6 , 485.27
488.6 , 485.02
482.7 , 485.54
477.3 , 484.02
471.62 , 483.02
465.88 , 482.27
460.1 , 481.52
454.08 , 481.27
568.75 , 330.94
572.23 , 326.46
576.05 , 322.13
580.75 , 319.19
585.67 , 316.92
591.15 , 315.94
596.88 , 316.41
601.8 , 318.72
606.07 , 322.76
609.92 , 327.12
613.01 , 331.74
614.48 , 336.97
609.72 , 339.7
604.8 , 341.95
599.2 , 342.69
593.35 , 342.43
588.25 , 340.69
583.15 , 338.92
577.8 , 337.72
573.05 , 335
474.69 , 333.83
473.2 , 328.17
468.49 , 324.33
463.63 , 320.7
458.51 , 317.84
452.83 , 316.27
446.81 , 317.06
441.26 , 318.82
435.98 , 321.29
431.24 , 325.27
427.61 , 330.12
424.96 , 335.3
429.76 , 339.11
434.96 , 341.8
440.66 , 343.31
447.06 , 343.32
452.61 , 341.52
458.28 , 340.07
463.99 , 338.55
469.76 , 337.26
549.8 , 293.78
552.96 , 283.05
563.12 , 278.03
574.55 , 276.03
586.7 , 275.53
599.07 , 275.53
611.47 , 275.53
623.12 , 277.02
633.85 , 280.33
643.72 , 286.03
651.2 , 295.2
650.45 , 306.44
639.25 , 303.99
629.3 , 298.53
618.9 , 294.31
607.82 , 291.53
595.67 , 291.03
584.15 , 292.78
572.6 , 294.53
561.2 , 292.54
504.55 , 273.42
495.74 , 262.3
481.27 , 259.33
465.44 , 260.08
450.22 , 262.05
435.24 , 264.61
420.82 , 268.31
407.82 , 275.54
397.02 , 287.22
394.29 , 302.07
396.44 , 317.22
399.04 , 332.17
409.27 , 324.49
413.69 , 310.42
421.62 , 298.03
434.42 , 290.44
449.22 , 287.56
464.44 , 285.57
480.62 , 285.57
496.56 , 285.07
