2191845292_1
684.3 , 1248.7
699.57 , 1304.73
721.08 , 1366.42
746.94 , 1421.43
776.19 , 1475.07
806.1 , 1528.19
838.22 , 1580.7
871.32 , 1632.46
908.47 , 1681.16
933.48 , 1736.88
963.24 , 1791.87
1008.04 , 1833.82
1056.09 , 1874.27
1103.92 , 1909.05
1150.14 , 1954.43
1194.11 , 1995.87
1247.63 , 2030.13
1307 , 2052.68
1363.35 , 2070.03
1421.15 , 2088.35
1480.08 , 2102.58
1544.44 , 2114.07
1604.57 , 2119.04
1666.12 , 2118.99
1727.19 , 2118.36
1786.61 , 2106.58
1831.6 , 2066.27
1864.05 , 2013.42
1895.7 , 1954.74
1928.77 , 1904.52
1957.97 , 1853.7
1987.2 , 1798.24
2017.13 , 1740.14
2034.57 , 1681.87
2053.41 , 1627.18
2070 , 1566.17
2078.48 , 1502.9
2085.72 , 1439.6
2091.8 , 1382.13
2088.76 , 1318.04
2091.13 , 1254.75
1347.45 , 1272.79
1325.85 , 1325.85
1304.68 , 1376.61
1292.97 , 1436.55
1306.21 , 1492
1360.54 , 1513.54
1414.63 , 1510.07
1471.54 , 1526.95
1528.2 , 1546.25
1582.24 , 1540.59
1630.79 , 1508.87
1691.65 , 1495.03
1737.66 , 1467.24
1761.72 , 1410.83
1745.04 , 1355.9
1704.63 , 1314.89
1686 , 1260.7
1293.7 , 1733.64
1335.75 , 1723.9
1375.75 , 1710.35
1412.78 , 1688.36
1456.03 , 1681.14
1502.3 , 1682.12
1541.05 , 1699.41
1581.62 , 1686.9
1619.1 , 1665.99
1665.8 , 1665.89
1709.05 , 1673.13
1752.9 , 1679.14
1796.15 , 1686.36
1833.18 , 1708.36
1817.46 , 1747.54
1792.76 , 1783.59
1758.43 , 1813.17
1722.23 , 1837.36
1684.83 , 1858.39
1645.78 , 1874.66
1602.28 , 1881.39
1556.85 , 1878.63
1514.22 , 1870.14
1474.6 , 1855.55
1436.78 , 1835.49
1400.68 , 1811.11
1364.7 , 1786.14
1328.03 , 1763.23
1309.7 , 1729.89
1344.6 , 1739.16
1382.65 , 1741.89
1420.98 , 1744.14
1457.58 , 1749.88
1492.83 , 1758.67
1529.3 , 1764.63
1568.23 , 1763.64
1604.85 , 1757.87
1638.7 , 1746.89
1671.75 , 1733.6
1709.23 , 1729.64
1747.05 , 1726.4
1785 , 1723.39
1818.48 , 1714.63
1785.05 , 1726.9
1747.23 , 1730.14
1708.18 , 1730.9
1673.98 , 1741.37
1639.85 , 1751.99
1604.25 , 1759.9
1567.28 , 1764.89
1528.38 , 1765.89
1490.78 , 1762.17
1455.55 , 1753.39
1419.05 , 1747.39
1379.78 , 1747.64
1343.15 , 1741.9
1670.57 , 978.95
1683.82 , 949.45
1698.8 , 920.48
1721.99 , 894.5
1749.35 , 875.18
1779.27 , 863.2
1812.62 , 858.45
1847.57 , 859.95
1879.74 , 867.2
1909.22 , 880.7
1935.58 , 902.73
1933.75 , 937.53
1920.29 , 966.98
1893.27 , 987.24
1863.27 , 998.99
1831.52 , 1007.2
1797.55 , 1010.7
1762.97 , 1008.44
1731.02 , 1000.71
1700.64 , 989.98
1245 , 1028.13
1221.83 , 999.05
1192.12 , 976.86
1161.42 , 957.65
1129.2 , 942.41
1094.65 , 932.89
1056 , 931.86
1022.92 , 944.38
991.27 , 961.27
962.4 , 985.64
939.68 , 1015.12
921.4 , 1046.14
955.6 , 1056.15
990.92 , 1064.14
1029.7 , 1064.89
1068.38 , 1065.89
1107.3 , 1066.39
1143.55 , 1060.38
1177.5 , 1049.86
1210.92 , 1038.38
1651.36 , 809.03
1656.6 , 761.08
1686.34 , 723.53
1726.28 , 699.78
1770.96 , 687.75
1817.18 , 679
1860.73 , 665.16
1906.76 , 656.03
1957.09 , 656.27
1999.01 , 674.66
2033.85 , 710.65
2050.83 , 751.01
2006.01 , 739.25
1958.93 , 732.28
1910.26 , 736
1866.34 , 749.29
1824.03 , 766.31
1781.36 , 782.28
1739.41 , 800.5
1697.09 , 817.53
1299.9 , 788.87
1247.55 , 754.07
1188.64 , 736.64
1124.07 , 730.57
1058 , 727.57
990.6 , 727.32
925.85 , 733.05
865.75 , 748.58
811.12 , 777.52
768.14 , 826.97
742.07 , 882.57
799.12 , 862.05
854.42 , 834.73
913.92 , 818.34
980.37 , 816.07
1047.17 , 817.57
1111.27 , 824.55
1175.55 , 831.32
1237.47 , 842.81
1300.02 , 853.07
