2195120494_1
225.25 , 670.75
230.39 , 688.93
235.65 , 707.14
241.04 , 725.67
244.81 , 744.52
249.3 , 764.23
255.34 , 781.75
263.26 , 798.56
273.6 , 816.49
284.06 , 832.24
296.06 , 847.16
308 , 861.78
321.69 , 877.83
334.75 , 891.98
348.75 , 904.99
363.44 , 916.73
380.22 , 925.33
400.08 , 931.36
419.14 , 934.9
437.74 , 938.24
456.15 , 941.08
475.34 , 943.21
495.65 , 942.29
513.91 , 937.56
530.67 , 928.12
546.4 , 916.89
562.36 , 907.33
579.52 , 896.66
596.46 , 885.87
610.27 , 874.22
624.44 , 860.13
637.02 , 844.4
646.2 , 829.02
655.58 , 811.29
664.37 , 793.49
674.84 , 778.32
684.23 , 761.22
691.59 , 743.69
698.28 , 724.28
704.4 , 706.74
711.96 , 687.65
392.69 , 664.85
379.34 , 676.04
367.89 , 690.2
364.86 , 706.68
369.97 , 725.31
385.38 , 733.98
401.95 , 735.27
420.04 , 739.69
438.76 , 740.21
456.5 , 739.35
474.08 , 739.68
492.9 , 737.37
506.53 , 727.66
509.2 , 710.28
501.35 , 693.67
487.35 , 683.5
474.9 , 668.44
343.65 , 816.92
355.15 , 805.17
366.88 , 793.45
379.55 , 784.51
393.22 , 778.18
408.57 , 775.67
425.02 , 775.92
441.45 , 776.17
457.77 , 775.68
472.85 , 778.67
487.17 , 783.16
501.48 , 787.73
514.42 , 795.95
509.92 , 810.25
504.39 , 824.14
498.61 , 837.97
491.12 , 851.19
481.42 , 863.65
469.02 , 873.33
454.95 , 878.43
439.22 , 880.17
423.15 , 881.17
407.1 , 880.18
393.1 , 874.88
380.22 , 866.51
368.13 , 855.9
358.65 , 843.37
352.16 , 829.77
351.9 , 815.67
361.42 , 811.43
371.65 , 808.67
382.72 , 807.67
393.8 , 808.67
404.75 , 809.91
416.2 , 810.17
427.27 , 809.18
438.72 , 808.92
449.8 , 809.94
460.88 , 810.92
472.3 , 811.17
483.5 , 810.43
494.82 , 810.92
500.67 , 817.41
491.35 , 822.4
481.57 , 826.18
470.97 , 828.17
459.8 , 828.92
448.22 , 828.92
436.67 , 828.92
425.35 , 829.42
414.17 , 830.18
403.42 , 828.44
393.55 , 825.07
383.75 , 821.51
373.57 , 818.68
363.1 , 816.42
501.18 , 598.6
509.53 , 591.48
519.03 , 587.32
529.21 , 584.85
539.88 , 583.35
551.28 , 583.35
561.93 , 584.85
572.13 , 587.36
581.9 , 590.59
591.13 , 595.51
595.09 , 604.97
586.08 , 610.44
576.28 , 613.6
565.98 , 615.85
555.43 , 617.6
544.15 , 617.85
533.13 , 617.1
522.58 , 615.35
512.03 , 613.63
502.66 , 609.28
373.12 , 598.11
366.37 , 589.89
357.69 , 584.48
348.64 , 579.99
338.29 , 578.48
327.22 , 578.48
316.74 , 579.74
306.54 , 581.46
296.94 , 584.48
287.89 , 589.03
279.69 , 595.73
288.24 , 601.49
297.39 , 605.75
306.97 , 608.73
316.84 , 611.25
327.06 , 612.97
338.01 , 612.73
348.37 , 611.23
358.69 , 609.73
368.34 , 606.82
469.94 , 541.22
484.49 , 532.69
501.29 , 529.44
519.39 , 529.97
537.64 , 530.22
555.89 , 529.97
573.39 , 531.73
589.32 , 536.6
604.51 , 543.48
619.34 , 551.38
633.47 , 561.23
620.14 , 566.43
602.72 , 564.47
586.26 , 560.47
570.14 , 555.93
552.97 , 553.47
534.84 , 552.95
517.44 , 554.97
499.94 , 556.72
482.74 , 554.28
381.46 , 535.77
369.34 , 527.93
355.64 , 524.18
340.47 , 523.44
325.64 , 524.93
310.44 , 525.68
295.01 , 525.91
280.56 , 528.2
267.39 , 533.11
255.66 , 542.08
247.09 , 553.93
261.82 , 552.18
277.24 , 551.93
291.81 , 549.93
306.29 , 547.67
320.76 , 545.41
336.32 , 545.43
350.79 , 547.64
365.09 , 550.18
379.94 , 549.19
