2195120626_1
298.5 , 414.94
302.12 , 426.53
306.16 , 438.11
310.03 , 448.63
314.64 , 459.8
319.65 , 471.41
324.97 , 482.07
331.62 , 493.37
338.28 , 503.72
345.82 , 513.46
353.65 , 522.55
361.85 , 531.1
371.7 , 539.46
380.48 , 546.43
389.8 , 554.34
398.84 , 563.82
407.01 , 572.67
415.85 , 580.56
426.24 , 587.91
436.86 , 593.15
448.11 , 597.14
460.69 , 597.49
472.95 , 595.5
484.76 , 591.43
494.79 , 586.19
505.09 , 578.62
513.2 , 570.29
521.69 , 560.25
529.22 , 551.61
538.45 , 542.98
547.31 , 535.45
556.56 , 526.69
565.13 , 518.1
572.55 , 508.04
579.5 , 498.98
587.04 , 488.55
593.26 , 477.73
598.24 , 467.48
603.19 , 456.25
608.83 , 444.69
613.3 , 432.9
467.69 , 448.35
463.35 , 456.31
458.13 , 464.88
454.39 , 474.09
455.21 , 484.14
463.5 , 488.7
472.79 , 491.58
483.02 , 492.35
492.7 , 493.71
502.08 , 494.57
512.58 , 493.86
522.04 , 491.08
530.21 , 486.55
535.6 , 477.89
536.58 , 468.15
533.49 , 459.11
528.4 , 450.15
429.18 , 531.78
437.31 , 531.28
445.33 , 530.53
452.88 , 528.78
459.95 , 526.04
466.93 , 523.03
473.91 , 520.05
481.68 , 518.78
489.71 , 519.53
497.61 , 520.53
505.16 , 522.28
512.71 , 524.03
520.49 , 525.27
522.19 , 532.5
518.45 , 539.23
514.73 , 545.98
509.91 , 552.3
503.66 , 557.31
496.81 , 560.78
489.38 , 562.77
481.11 , 563.03
472.96 , 562.53
465.18 , 561.28
458.13 , 558.49
451.48 , 554.59
445.13 , 549.73
439 , 544.35
433.09 , 538.45
438.18 , 533.53
443.81 , 533.03
449.56 , 532.78
455.33 , 533.03
460.83 , 532.29
466.48 , 531.78
472.23 , 532.03
477.88 , 532.53
483.75 , 532.53
489.5 , 532.78
495.25 , 532.53
500.9 , 532.03
506.25 , 530.96
511.53 , 529.68
515.33 , 530.12
510.43 , 532.28
505.58 , 534.55
500.33 , 535.78
494.68 , 536.28
489.06 , 536.78
483.4 , 537.28
477.53 , 537.27
472 , 536.52
466.5 , 535.78
460.86 , 535.28
455.36 , 534.53
449.71 , 534.03
443.83 , 534.03
532.81 , 384.52
536.19 , 377.87
542.23 , 372.82
548.98 , 369.5
556.33 , 367.77
564.03 , 366.77
572.23 , 366.77
579.58 , 368.52
586.56 , 371.02
593.23 , 374.42
599.51 , 378.9
594.96 , 385.12
589.03 , 390.55
582.76 , 395.03
575.78 , 397.52
567.71 , 397.77
560.13 , 396.52
552.78 , 394.77
545.98 , 391.71
539.48 , 387.92
445.27 , 389.99
441.63 , 383.59
435.9 , 378.09
429.38 , 374.83
422.1 , 373.31
414.35 , 373.81
406.83 , 374.81
399.65 , 376.56
393.03 , 379.62
386.85 , 383.81
383.6 , 390.31
387.6 , 396.56
393.68 , 401.06
400.58 , 403.32
407.6 , 405.31
415.35 , 405.81
423 , 405.06
430.28 , 403.56
437.05 , 401.07
443.28 , 396.93
534.75 , 362.68
542.17 , 356.01
550.48 , 351.7
558.95 , 347.91
567.6 , 344.71
576.48 , 341.93
585.62 , 339.69
595.35 , 338.68
605.58 , 338.68
615.33 , 339.66
623.73 , 343.67
620.97 , 352.49
613.15 , 358.21
603.17 , 357.68
593.33 , 356.93
583.45 , 357.68
573.85 , 358.93
564.1 , 359.93
554.73 , 361.68
544.88 , 362.43
467.59 , 358.13
457.34 , 352.13
445.59 , 349.63
433.14 , 348.63
420.56 , 347.88
407.87 , 347.38
395.06 , 347.63
383.09 , 349.63
372.11 , 353.64
361.56 , 358.91
351.09 , 364.38
363.79 , 364.88
376.24 , 365.88
388.59 , 367.13
401.04 , 368.13
413.84 , 368.38
426.66 , 368.13
439.37 , 368.63
451.81 , 369.63
464.14 , 368.39
