1124465440_1
454.75 , 667
458.02 , 684.21
463.44 , 702.39
470.07 , 718.16
479.12 , 734.87
487.94 , 749.59
496.72 , 766.49
506.48 , 782.89
514.58 , 797.55
523.53 , 813.28
536.42 , 828.15
550.79 , 838.19
567.46 , 843.93
587.2 , 846.34
604.87 , 846.91
622.68 , 848.65
640.44 , 851.16
658.48 , 853.51
677.12 , 854.36
696.18 , 852.78
713.11 , 849.42
730.3 , 844.58
746.96 , 836.67
762.81 , 825.7
776.65 , 814.89
790.82 , 802.13
802.12 , 788.32
812.97 , 773.46
822.54 , 757.81
829.41 , 741.72
832.56 , 723.94
833.23 , 705.62
831.78 , 687.21
828.46 , 668.97
825.01 , 650.96
822.09 , 632.75
818.96 , 614.53
815.02 , 596.45
810.71 , 578.45
805.68 , 560.65
799.25 , 543.35
589.35 , 557.15
590.1 , 569.69
592 , 583.75
593.55 , 596.69
596.09 , 609.9
605.7 , 620.57
617.3 , 624.52
631.15 , 619.9
643.49 , 616.93
656.92 , 613.06
669.48 , 609.2
680 , 600.42
681.28 , 586.61
680.86 , 572.96
675 , 561.79
667.09 , 551
659.3 , 538.5
606.96 , 704.78
609.45 , 693.3
614.71 , 682.93
621.33 , 673.13
630.94 , 665.79
640.84 , 659.41
651.74 , 655.76
662.54 , 651.96
673.84 , 649.03
686.54 , 649.01
698.01 , 651.57
708.81 , 655.38
719.21 , 660.53
728.23 , 669.05
733.98 , 679.2
731.7 , 690.83
726.18 , 701.05
718.66 , 710.58
710.06 , 719.71
700.38 , 726.79
689.94 , 731.79
678.56 , 734.54
666.46 , 735.78
654.06 , 735.13
642.84 , 732.15
632.19 , 727.77
621.88 , 722.44
612.46 , 715.03
618.71 , 708.53
624.63 , 702.11
629.06 , 695.15
635.36 , 688.85
642.69 , 685.27
650.24 , 682.54
657.88 , 680.01
665.21 , 676.53
672.54 , 673
680.71 , 671.53
689.38 , 671.03
697.69 , 669.78
706.46 , 669.53
714.74 , 670.8
721.63 , 675.41
720.88 , 683.9
714.11 , 688.91
706.81 , 692.52
699.49 , 696.01
692.01 , 699.01
684.21 , 701.28
676.54 , 703.78
668.59 , 705.78
660.54 , 707.53
651.86 , 708.03
642.96 , 708.03
634.66 , 709.28
626.49 , 710.78
660.94 , 521.77
665.49 , 516.22
670.87 , 511.1
676.64 , 507.06
682.82 , 504.15
689.57 , 502.49
696.94 , 502.27
703.97 , 503.27
710.77 , 504.79
717.52 , 506.34
723.84 , 508.76
723.49 , 515.23
717.27 , 517.95
710.49 , 519.5
703.72 , 521.01
696.79 , 522.27
689.64 , 523.02
682.39 , 523.52
674.99 , 523.77
667.72 , 523.27
561.35 , 548.21
552.27 , 547.71
543.42 , 548.74
534.98 , 550.49
527.1 , 553.46
519.9 , 558.35
513.05 , 564.21
507.18 , 571.06
501.71 , 578.04
496.37 , 585.11
492.05 , 592.46
499.8 , 589.21
507.43 , 585.37
514.98 , 581.46
522.52 , 577.46
529.85 , 572.95
537.5 , 569.22
544.98 , 565.03
552.08 , 559.93
559.18 , 554.71
617.76 , 461.94
624.12 , 449.6
635.36 , 440.31
648.18 , 435.26
662.18 , 432.76
676.99 , 431.94
691.31 , 433.73
704.76 , 437.44
718.09 , 441.26
730.28 , 447.96
738.42 , 459.31
727.41 , 457.35
714.91 , 451.34
701.63 , 447.44
686.78 , 447.2
673.01 , 450.19
661.09 , 457.64
649.61 , 466.44
637.86 , 474.43
623.19 , 474.61
566.49 , 481.69
552.26 , 474.79
535.29 , 475.54
518.49 , 476.64
504.14 , 483
490.62 , 491.76
478.17 , 503.47
469.61 , 517.01
463.06 , 531.34
457.25 , 545.89
454.34 , 561.79
463.34 , 549.39
469.07 , 534.82
476.39 , 520.74
489.04 , 509.55
502.69 , 501.2
517.69 , 496.52
533.24 , 500.3
549.09 , 503.29
563.43 , 496.77
