2195220502_1
517.62 , 732.72
521.75 , 754.75
524.43 , 776.87
527.91 , 798.58
531.99 , 820.06
538.03 , 843.16
543.69 , 864.11
550.42 , 886.51
559.07 , 906.15
569.05 , 928.07
580.76 , 946.29
595.13 , 964.94
606.85 , 982.73
622.02 , 1000.05
639.88 , 1015.27
656.43 , 1027.46
678 , 1037.48
700.58 , 1042.12
723.44 , 1044.16
745.62 , 1044.74
766.52 , 1044.06
789.8 , 1043.95
812.66 , 1040.9
833.86 , 1034.57
856.87 , 1029.11
875.72 , 1019.64
894.45 , 1006.03
910.76 , 991.45
926.71 , 973.93
940.83 , 955.28
954.36 , 938.21
966.28 , 919.94
977.44 , 900.82
988.19 , 879.11
997.36 , 859.16
1003.29 , 837.05
1006.5 , 815.14
1010.28 , 792.95
1012.25 , 769.59
1014.19 , 748.46
1013.85 , 724.1
677.79 , 696.3
672.39 , 712.9
666.89 , 729.99
666.06 , 748.31
674.48 , 765.15
689.47 , 774.74
707.04 , 781.3
725.3 , 783.03
743.79 , 783.77
760.14 , 780.33
777.74 , 774.84
794.77 , 766.39
805.98 , 752.3
809.77 , 734.84
807.6 , 715.75
799.06 , 699.36
789.85 , 683.3
642.13 , 848.65
656.83 , 834.46
672.48 , 822.8
689.38 , 814.4
708.18 , 810.66
728.81 , 810.65
749.18 , 810.15
768.48 , 807.41
788.5 , 808.65
808.53 , 809.9
827.81 , 812.67
847.36 , 814.9
867.26 , 816.4
869.37 , 835.42
858.85 , 851.45
847.01 , 867.02
834.26 , 882.27
819.15 , 895.39
803.21 , 906.13
786.38 , 914.65
768.48 , 920.15
748.58 , 921.65
728.68 , 920.14
710.2 , 915.71
693.38 , 907.15
677.78 , 895.3
664.32 , 880.35
654.53 , 864.05
646.88 , 844.15
661.8 , 838.88
678.88 , 837.9
696.08 , 838.65
712.68 , 840.64
729.5 , 842.14
746.48 , 843.4
763.21 , 841.62
779.08 , 838.15
795.65 , 836.13
812.53 , 834.63
828.4 , 831.14
843.73 , 826.67
860.1 , 824.15
855.48 , 836.28
842.23 , 846.39
828.21 , 854.39
813.73 , 861.15
799.11 , 867.42
784.31 , 873.18
769.13 , 877.9
753.03 , 880.9
735.68 , 880.39
719.58 , 877.4
704.08 , 873.13
688.98 , 868.24
674.56 , 861.33
660.25 , 853.99
787.91 , 608.42
794.46 , 600.87
801.93 , 594.14
810.31 , 589.76
818.86 , 585.91
828.11 , 583.67
838.31 , 583.42
848.01 , 584.67
857.26 , 586.92
865.91 , 590.42
874.41 , 594.42
870.03 , 602.79
863.99 , 610.4
855.56 , 614.7
845.86 , 615.92
835.66 , 616.17
825.46 , 615.92
815.51 , 615.17
805.93 , 613.67
796.98 , 610.9
665.08 , 619.24
657.29 , 612.59
648.72 , 608.1
639.62 , 605.09
629.99 , 603.08
619.54 , 602.8
609.92 , 604.85
600.84 , 607.92
592.37 , 612.66
584.61 , 619.41
577.69 , 627.08
586.34 , 631.36
595.32 , 634.6
604.94 , 636.58
615.29 , 637.08
625.52 , 636.33
635.37 , 634.83
644.89 , 632.57
654.49 , 630.56
664.24 , 628.81
778.97 , 537.76
781.63 , 526.56
791.77 , 521.25
802.39 , 517.49
814.27 , 516.26
826.75 , 516.26
839.12 , 516.01
851.35 , 515.51
863.35 , 516.51
873.57 , 521.6
881.35 , 530.66
879.75 , 540.77
868.72 , 537.76
857.55 , 535
845.55 , 534.01
833.55 , 535.02
822.52 , 537.97
811.39 , 540.83
800.2 , 543.51
788.3 , 544.32
634.06 , 543.7
623.36 , 537.19
610.66 , 535.44
597.46 , 534.69
584.13 , 535.19
571.06 , 536.2
558.96 , 539.24
547.88 , 544.81
537.03 , 550.91
526.46 , 557.75
516.76 , 566.94
528.71 , 570.2
541.78 , 569.19
553.03 , 564.17
564.61 , 560.16
577.68 , 559.19
590.76 , 558.19
603.61 , 556.69
617.03 , 556.44
629.63 , 554.44
