2196749951_1
967.87 , 929.56
967.36 , 967.59
969 , 1005.69
971.72 , 1047.61
974.12 , 1085.08
975.64 , 1126.6
981.8 , 1162.73
989.6 , 1203.58
998.68 , 1242.14
1009.21 , 1278.27
1024.02 , 1313.26
1047.13 , 1347.54
1071.69 , 1379.51
1093.52 , 1411.87
1115.7 , 1442.99
1141.24 , 1472
1172.82 , 1500.11
1202.42 , 1523.38
1237.05 , 1546.18
1271.21 , 1564.78
1305.87 , 1581.98
1345.75 , 1592.97
1383.22 , 1594.89
1422.72 , 1589.7
1460.03 , 1573.33
1488.91 , 1551.22
1515.69 , 1522.26
1540.1 , 1487.58
1560.85 , 1455.3
1578.35 , 1420.69
1603.3 , 1388.29
1622.16 , 1357.07
1639 , 1321.46
1656.09 , 1282.98
1668.44 , 1248.32
1685.18 , 1212.47
1698.36 , 1175.33
1707.13 , 1136.74
1720.33 , 1096.22
1733.88 , 1058.99
1742.86 , 1020.5
1421.64 , 1021
1411.04 , 1049.18
1397.25 , 1074.05
1383.84 , 1100.74
1377.79 , 1132.77
1390.25 , 1159.57
1413.76 , 1175.91
1443.84 , 1181.7
1474.82 , 1186.66
1504.21 , 1189.44
1532.08 , 1180.54
1557.17 , 1161.22
1579.54 , 1140.28
1585.65 , 1110.85
1579.17 , 1081.19
1571.75 , 1051.93
1564.04 , 1022.1
1295.45 , 1302.19
1314.48 , 1297.44
1334.55 , 1294.94
1355.25 , 1293.69
1376.45 , 1293.44
1397.62 , 1293.19
1418.2 , 1291.69
1438.9 , 1292.94
1456.93 , 1299.67
1478.1 , 1299.43
1496.3 , 1293.16
1515.45 , 1297.69
1533.65 , 1303.9
1549.94 , 1312.74
1537.44 , 1328.74
1524.57 , 1344.57
1509.68 , 1359.7
1493.5 , 1371.65
1475.2 , 1377.69
1454 , 1377.94
1433.8 , 1375.69
1413.35 , 1373.96
1394.35 , 1369.09
1376.78 , 1361
1359.5 , 1351.97
1342.78 , 1341.52
1326.65 , 1329.39
1310.85 , 1316.34
1324.2 , 1298.69
1339.73 , 1300.94
1355.12 , 1303.44
1370.9 , 1305.19
1387.15 , 1305.94
1403.15 , 1307.19
1418.2 , 1310.44
1433 , 1314.23
1447.95 , 1317.69
1463.85 , 1319.19
1479.73 , 1317.69
1494.68 , 1314.21
1509.85 , 1311.29
1525.6 , 1309.45
1540.7 , 1309.44
1525.05 , 1311.41
1509.73 , 1314.17
1494.58 , 1317.17
1479.05 , 1319.44
1463.05 , 1320.69
1447.03 , 1319.47
1431.75 , 1316.71
1416.7 , 1313.44
1401.05 , 1311.43
1385.65 , 1308.94
1370.12 , 1306.69
1354.1 , 1305.44
1338.7 , 1302.94
1567.29 , 885.25
1579.04 , 874.5
1591.44 , 865.59
1605.57 , 861.25
1621.69 , 861
1637.34 , 862.25
1652.51 , 864.5
1666.66 , 868.78
1680.06 , 875.01
1691.23 , 886.45
1698.52 , 899.48
1692.16 , 912.74
1678.69 , 918.74
1663.04 , 920
1647.04 , 919.5
1631.51 , 918
1616.62 , 915.24
1602.04 , 911.75
1588.49 , 905.96
1575.82 , 897.78
1355.2 , 858.33
1346.13 , 846.75
1334.1 , 838.69
1321.35 , 832.43
1308.17 , 827.52
1294.35 , 823.9
1279.5 , 822.4
1264.3 , 823.15
1250.08 , 825.89
1236.85 , 830.64
1225.05 , 839.4
1234.97 , 850.82
1246.45 , 860.54
1258.85 , 867.69
1271.83 , 873.16
1286.4 , 875.14
1301.5 , 874.15
1316.33 , 872.65
1331.17 , 871.16
1345.8 , 869.15
1547.98 , 821.06
1554.28 , 798.72
1574.68 , 787.35
1595.7 , 777.8
1617.95 , 771.33
1640.95 , 766.3
1664.08 , 761.53
1687.36 , 757.18
1711.51 , 754.56
1736.58 , 755.31
1758.13 , 763.22
1759.65 , 786.62
1738.18 , 794.81
1712.88 , 795.06
1688.56 , 797.31
1664.23 , 799.56
1640.61 , 803.32
1617.01 , 807.06
1594.11 , 812.29
1572.15 , 819.3
1454.43 , 785.25
1454.14 , 750.58
1426.01 , 729.74
1395.38 , 715.82
1364.11 , 703.98
1332.34 , 693.5
1298.71 , 686.5
1262.53 , 685.25
1228.66 , 691.75
1197.53 , 704.01
1169.36 , 724.68
1152.06 , 754
1178.78 , 777.74
1211.41 , 768.75
1245.88 , 763.5
1282.78 , 763.75
1318.84 , 765.77
1353.16 , 771.35
1386.13 , 779.82
1418.96 , 788.52
