2200760295_1
250.2 , 463.74
247.03 , 482.41
244.84 , 500.56
241.77 , 521.07
238.73 , 539.68
237.68 , 558.63
238.95 , 577.65
239.89 , 597.75
244.58 , 617.56
250.7 , 634.76
257.93 , 653.61
266.51 , 669.71
279.64 , 685.16
294.31 , 697.01
310.39 , 707.23
328.4 , 717.58
344.99 , 726.97
361.29 , 735.64
379.89 , 744.15
398.22 , 751.55
416.34 , 758.23
433.69 , 764.33
452.64 , 770.6
471.15 , 775.39
490.06 , 777.85
510.83 , 777.61
528.98 , 774.57
546.78 , 766.63
562.36 , 753.81
574.93 , 738.96
584.6 , 723.95
594.3 , 707.18
604.25 , 688.63
612.72 , 672.13
622.25 , 654.7
632.25 , 637.81
642.46 , 621.27
653 , 604.7
663.4 , 588.44
670.29 , 570.08
670.85 , 550.65
524.64 , 519.35
511.45 , 521.81
502.02 , 532.22
498.46 , 546.73
504.41 , 558.69
516.98 , 566.26
530.16 , 571.41
545 , 575.69
558.45 , 578.35
574.14 , 578.35
587.73 , 581.32
601.67 , 576.82
612.94 , 568.42
618.38 , 554.23
619.67 , 540.77
615.79 , 527.29
607.95 , 513.44
444.63 , 619.17
457.23 , 617.92
470.36 , 617.67
483.33 , 617.17
496.2 , 616.42
509.2 , 615.92
521.93 , 614.92
534.56 , 616.17
546.58 , 618.68
559.68 , 618.92
572.2 , 617.42
585.18 , 617.92
597.11 , 620.66
601.04 , 631.5
593.34 , 641.47
587.87 , 652.27
580.6 , 662.19
569.23 , 665.92
556.23 , 665.42
543.38 , 664.67
530.88 , 663.17
518.63 , 661.17
507.13 , 657.67
496.25 , 652.55
485.7 , 646.46
475.23 , 640.23
464.61 , 634.39
454.45 , 627.26
465.63 , 624.67
474.48 , 625.65
482.61 , 628.17
491 , 630.16
499.65 , 631.67
508.15 , 633.42
516.65 , 635.17
525.15 , 636.92
533.9 , 638.17
542.78 , 639.17
551.53 , 640.42
560.4 , 641.42
569.65 , 641.17
578.06 , 643.18
585.95 , 646.19
577.43 , 645.17
568.56 , 644.19
560.06 , 642.42
551.06 , 641.67
542.06 , 640.92
533.18 , 639.92
524.2 , 639.17
515.45 , 637.91
506.93 , 636.16
498.53 , 634.16
490.03 , 632.41
481.53 , 630.69
473.25 , 628.45
589.45 , 446.95
594.95 , 444.7
600.98 , 443.45
607.38 , 442.95
613.88 , 442.7
620.28 , 443.2
626.3 , 444.45
631.8 , 446.96
636.92 , 450.42
641.44 , 455.18
643.97 , 460.67
638.7 , 463.7
632.68 , 464.95
626.4 , 464.2
620.12 , 463.45
614.23 , 461.94
608.45 , 460.2
602.9 , 457.97
597.48 , 455.23
592.2 , 452.34
484.24 , 423.72
478.7 , 418.16
472.38 , 414.34
465.61 , 411.83
458.43 , 410.08
451.03 , 408.84
443.38 , 408.09
435.63 , 408.59
428.45 , 410.35
421.28 , 412.1
414.13 , 413.84
420.38 , 417.84
426.93 , 421.12
433.95 , 423.12
440.86 , 425.32
448.13 , 426.84
455.65 , 427.84
463.28 , 428.59
471.18 , 428.84
479.08 , 428.59
604.37 , 408.63
610.9 , 401.61
618.25 , 395.97
626.27 , 392.11
635.29 , 390.63
644.45 , 391.86
652.64 , 395.12
660.82 , 398.37
668.27 , 403.76
673.87 , 411.15
677.13 , 419.36
675.12 , 428.13
667.7 , 433.56
658.6 , 432.39
650.47 , 428.89
642.5 , 424.85
633.6 , 423.13
624.57 , 421.63
615.77 , 419.65
607.37 , 416.88
541.8 , 401.88
540.61 , 384.07
526.23 , 374.15
510.73 , 367.13
493.93 , 363.11
476.93 , 359.61
459.31 , 357.36
441.36 , 358.93
425.71 , 365.34
411.18 , 374.86
396.83 , 384.96
382.68 , 395.61
400.81 , 396.86
419.5 , 396.86
437.36 , 395.11
454.73 , 392.36
473.46 , 392.36
490.71 , 395.37
507.41 , 399.59
524.11 , 403.79
