1125456779_1
345.5 , 415.6
343.74 , 429.9
343.13 , 444.04
343.62 , 459.38
345.67 , 472.87
349.96 , 487.32
355.09 , 500.36
360.85 , 514.14
369.91 , 526.69
377.82 , 538.75
386.39 , 551.1
396.29 , 561.98
408.3 , 570.28
420.34 , 576.2
434.87 , 581.27
449.61 , 585.3
462.73 , 588.53
477.3 , 591.38
491.78 , 593.9
506.22 , 595.93
520.53 , 597.3
535.33 , 596.74
550.83 , 593.25
563.14 , 587.99
576.29 , 580.92
589.54 , 573.51
602.22 , 565.92
614.11 , 557.79
625.9 , 548.21
634.86 , 537.97
642.42 , 524.97
648.01 , 511.87
652.69 , 496.92
656 , 483.06
658.33 , 468.93
660.38 , 454.71
661.87 , 440.14
661.48 , 424.33
661.44 , 410.23
660.61 , 396.05
658.35 , 380.3
450.9 , 378.3
447.33 , 388.12
444.99 , 398.61
444 , 409.79
447.16 , 420.38
454.77 , 428.65
463.56 , 434.09
474.47 , 437.26
484.9 , 437.55
496.54 , 437.2
505.89 , 433.06
514.57 , 426.05
523.38 , 419.36
528.9 , 409.8
528.9 , 398.44
524.4 , 388.26
517.87 , 379.29
436.89 , 483.34
441.07 , 475.61
449.14 , 471.84
458.29 , 470.59
467.46 , 469.34
476.74 , 468.34
486.26 , 467.84
495.19 , 466.1
504.24 , 464.6
513.76 , 464.09
523.41 , 464.34
532.69 , 465.34
541.62 , 467.07
550.29 , 469.31
554.34 , 476.64
547.19 , 482.8
539.32 , 487.1
531.26 , 490.84
522.99 , 493.99
514.12 , 495.84
504.96 , 497.1
495.79 , 498.32
486.64 , 499.59
477.21 , 500.34
467.46 , 500.34
458.29 , 499.11
449.89 , 496.34
442.52 , 490.72
437.14 , 483.59
445.59 , 483.11
453.44 , 481.34
461.64 , 480.34
469.94 , 479.59
478.26 , 478.83
486.34 , 477.59
494.54 , 476.59
502.74 , 475.59
510.94 , 474.59
519.26 , 473.84
527.84 , 473.59
536.14 , 474.34
544.84 , 474.34
551.87 , 473.09
543.79 , 471.84
535.47 , 471.09
526.79 , 471.09
518.59 , 472.08
510.64 , 473.59
502.79 , 475.34
494.59 , 476.34
486.04 , 476.59
477.34 , 476.59
468.66 , 476.59
460.09 , 476.84
451.89 , 477.84
443.84 , 479.13
528.6 , 338.53
533.2 , 335.96
537.7 , 332.96
542.38 , 330.51
547.25 , 328.63
552.25 , 327.06
557.55 , 326.05
562.98 , 325.29
568.65 , 325.53
573.93 , 326.6
578.87 , 328.29
576.95 , 331.28
571.27 , 331.53
565.62 , 331.78
560.08 , 332.28
554.4 , 332.03
548.85 , 332.53
543.43 , 333.25
538.27 , 334.6
533.33 , 336.27
434.99 , 341.09
432.36 , 338.36
428.46 , 336.01
424.41 , 333.94
420.24 , 332.36
415.76 , 331.35
411.19 , 330.61
406.61 , 331.33
402.63 , 333.56
398.81 , 336.1
395.11 , 339.05
391.56 , 342.35
396.16 , 341.6
400.99 , 341.85
405.81 , 342.1
410.63 , 341.85
415.56 , 341.85
420.51 , 341.85
425.46 , 341.85
430.41 , 341.85
505.25 , 298.06
509.6 , 286.19
519.98 , 277.57
531.9 , 273.28
544.4 , 270.16
557.3 , 267.79
570.7 , 266.56
583.73 , 268.55
595.67 , 272.74
607.27 , 278.08
617.98 , 285.78
621.2 , 295.77
609.02 , 292.06
596.73 , 288.55
583.55 , 286.81
569.9 , 287.56
556.38 , 288.56
542.6 , 289.06
529.33 , 290.57
516.73 , 293.56
442.37 , 304.26
432.36 , 298.57
420.83 , 296.6
409.16 , 294.85
397 , 294.1
385.36 , 295.83
374.58 , 299.32
364.28 , 304.25
354.51 , 310.51
345.86 , 319.43
338.68 , 328.85
349.43 , 325.35
359.63 , 320.17
369.38 , 313.89
380.28 , 310.57
392.43 , 309.85
404.71 , 309.35
416.61 , 310.61
426.88 , 315.61
439.15 , 315.12
