2201943712_2
156.55 , 411.2
155.75 , 424.01
155.14 , 438.69
157.18 , 452.62
159.65 , 465.71
162.43 , 479.95
166.6 , 492.58
171.59 , 505.32
177.62 , 517.87
185.56 , 530.24
193.33 , 540.46
202.75 , 550.48
213.81 , 559.09
225 , 567.7
236.52 , 576.84
247.46 , 583.97
259.69 , 590.9
271.57 , 598.47
284.14 , 605.18
297.72 , 608.81
310.4 , 611.41
325.31 , 613.16
338.42 , 612.32
350.83 , 606.48
364.07 , 599.94
375.78 , 592.55
386.3 , 583.81
397.69 , 575.5
408.8 , 567.71
419.53 , 560.22
430.72 , 551.62
442.75 , 542.98
452.14 , 534.5
458.04 , 520.53
463.39 , 508.27
468.19 , 494.71
470.82 , 481.13
472.47 , 468.37
473.78 , 454.63
474.72 , 440.59
475.19 , 425.5
301.5 , 459.55
292.65 , 464.05
285.35 , 471
282.69 , 480.44
286.04 , 489.81
295.12 , 494.59
305.03 , 494.97
314.91 , 492.73
324.69 , 492.68
334.66 , 495.37
344.21 , 493.98
354.77 , 492.16
364.15 , 491.29
373.31 , 487.41
375.01 , 477.69
372.94 , 467.5
366.6 , 459.25
281.36 , 542.06
287.38 , 536.55
294.21 , 533.22
301.19 , 530.28
308.91 , 529.06
316.88 , 529.81
324.74 , 528.81
332.84 , 528.31
341.04 , 528.06
349.13 , 527.56
357.36 , 527.31
365.46 , 527.81
373.19 , 529.05
380.67 , 530.8
382.58 , 537.84
376.34 , 542.82
369.74 , 546.72
362.88 , 550.05
355.66 , 552.31
348.16 , 554.07
340.66 , 555.81
332.81 , 556.81
324.49 , 556.81
316.63 , 555.81
309.01 , 554.33
301.81 , 552.08
294.86 , 549.06
287.99 , 545.94
287.36 , 539.31
294.36 , 538.81
301.36 , 539.31
308.34 , 539.81
314.96 , 541.05
321.71 , 542.05
328.59 , 542.81
335.44 , 542.06
341.94 , 540.49
348.01 , 538.16
354.51 , 536.66
361.59 , 536.81
368.56 , 536.31
375.56 , 535.81
381.68 , 535.31
374.56 , 535.06
367.34 , 535.06
360.24 , 535.32
353.44 , 536.24
347.21 , 538.21
341.04 , 540.38
334.63 , 542.06
327.38 , 542.06
320.76 , 540.8
314.04 , 539.83
307.41 , 538.56
300.54 , 537.81
293.54 , 537.29
371.93 , 406.8
374.2 , 400.78
377.24 , 394.99
382.7 , 391.04
388.88 , 389.04
395.91 , 388.8
402.93 , 389.05
409.83 , 389.55
416.25 , 391.05
422.58 , 392.7
428.45 , 395.56
431.2 , 400.78
424.93 , 402.55
418.28 , 403.52
411.81 , 404.92
405.58 , 406.8
398.81 , 407.55
391.9 , 408.05
385.11 , 408.8
378.08 , 408.54
287.19 , 402.27
283.63 , 396.71
278.12 , 392.96
271.85 , 391.22
265.1 , 390.47
258.23 , 390.97
251.6 , 391.97
244.97 , 392.98
238.58 , 394.46
232.55 , 396.81
226.9 , 399.97
231.95 , 404.98
238.07 , 406.98
244.48 , 408.46
251.48 , 408.72
258.48 , 408.47
265.48 , 408.72
272.23 , 407.97
279.35 , 407.97
286.22 , 408.47
364.49 , 363.24
371.81 , 356.15
382.01 , 355.99
391.81 , 356.99
401.99 , 356.74
412.14 , 356.99
421.81 , 358.23
431.37 , 359.73
440.62 , 361.87
449.29 , 365.25
455.39 , 372.66
446.94 , 370.95
437.59 , 368.99
427.29 , 369
417.67 , 370.31
408.19 , 371.98
398.76 , 373.74
388.84 , 374.49
378.81 , 374.02
369.9 , 371.19
305.01 , 371.73
300.86 , 361.08
289.64 , 356.85
277.94 , 353.6
265.62 , 351.6
253.31 , 349.6
240.39 , 348.85
227.46 , 349.6
214.81 , 350.85
202.49 , 352.86
191.64 , 358.1
191.87 , 371.27
204.34 , 372.85
217.39 , 372.35
230.06 , 371.1
242.84 , 372.1
255.29 , 373.85
267.59 , 375.85
280.74 , 376.1
293.91 , 376.35
