2203694817_1
533.15 , 1011.6
528.74 , 1049.53
523.86 , 1085.15
528.53 , 1124.2
535.01 , 1162.01
540.03 , 1199.63
548.06 , 1237.66
559.47 , 1274.36
572.56 , 1310.53
588.46 , 1345.6
605.61 , 1380.2
621.8 , 1415.66
647.7 , 1442.84
676.65 , 1467.4
705.14 , 1493.27
735.39 , 1517.86
767.5 , 1540.96
797 , 1560.98
831.12 , 1582.4
863.43 , 1599.88
900.75 , 1614.31
936.17 , 1622.58
977.31 , 1627.25
1013.63 , 1627.5
1051.24 , 1623.23
1088.88 , 1614.9
1124.43 , 1600.51
1157.25 , 1580.46
1186.23 , 1555.19
1212.26 , 1526.67
1236.38 , 1496.97
1260.45 , 1467.63
1285.28 , 1437.65
1306.18 , 1402.99
1322.73 , 1371.64
1336.6 , 1336.12
1347.73 , 1298.92
1355.4 , 1260.54
1359.63 , 1221.15
1363.33 , 1182.13
1369.79 , 1143.6
1015.1 , 1106.39
1013.4 , 1133.41
990.86 , 1156.07
978.92 , 1184.29
979.3 , 1213.36
999.3 , 1237.74
1029.06 , 1249.66
1058.76 , 1253.48
1088.1 , 1262.44
1116.54 , 1277.89
1143.36 , 1264.31
1172.04 , 1256.32
1196.42 , 1233.58
1205.39 , 1206.6
1199.66 , 1174.37
1181.9 , 1148.24
1176.7 , 1118.25
926.14 , 1352.1
943.06 , 1343.67
961.62 , 1339.09
980.41 , 1335.09
999.81 , 1332.33
1018.49 , 1328
1038.32 , 1326.1
1058.94 , 1325.85
1079.34 , 1325.1
1099.84 , 1324.6
1120.34 , 1325.1
1140.96 , 1324.85
1161.04 , 1326.25
1179.49 , 1330.95
1178.64 , 1349.35
1162.84 , 1360.88
1146.79 , 1371.69
1129.99 , 1380.5
1112.26 , 1386.63
1093.22 , 1390.1
1072.97 , 1391.13
1053.41 , 1388.6
1035.39 , 1383.1
1017.71 , 1376.92
999.96 , 1370.92
981.39 , 1366.35
962.59 , 1362.36
943.76 , 1358.37
931.14 , 1349.6
948.91 , 1350.85
966.94 , 1351.6
985.24 , 1351.35
1003.51 , 1351.6
1021.04 , 1353.35
1038.49 , 1355.35
1055.91 , 1357.35
1074.32 , 1357.35
1091.24 , 1354.36
1109.64 , 1354.35
1126.71 , 1351.6
1143.89 , 1349.1
1161.32 , 1347.1
1178.17 , 1344.85
1161.34 , 1348.09
1144.39 , 1351.1
1127.22 , 1353.6
1109.41 , 1354.85
1091.89 , 1356.6
1074.09 , 1357.85
1055.82 , 1358.1
1038.14 , 1356.6
1021.07 , 1353.85
1002.91 , 1353.35
984.64 , 1353.1
966.62 , 1352.35
948.82 , 1351.1
1180.06 , 997.59
1185.59 , 986.81
1196.06 , 980.34
1208.01 , 977.59
1220.96 , 976.84
1234.01 , 977.34
1246.81 , 978.34
1259.16 , 980.37
1271.23 , 982.82
1282.48 , 987.03
1293.21 , 992.83
1294.21 , 1003.62
1281.51 , 1004.83
1268.71 , 1005.84
1255.53 , 1005.59
1242.34 , 1005.84
1229.06 , 1005.84
1215.76 , 1005.84
1203.23 , 1004.27
1191.16 , 1001.69
989.76 , 1003.46
976.76 , 993.46
962.61 , 986.49
947.24 , 982.46
931.53 , 979.21
915.21 , 977.21
897.93 , 977.21
881.49 , 978.96
865.53 , 981.71
850.93 , 987.27
837.51 , 995.96
851.13 , 1004.21
865.66 , 1009.98
881.13 , 1013.7
897.21 , 1016.21
914.13 , 1016.96
931.18 , 1016.46
947.61 , 1018.21
964.28 , 1019.46
979.98 , 1016.2
1173.25 , 954.33
1186.88 , 937.43
1206.35 , 930.98
1227.75 , 928.33
1249.35 , 926.09
1270.72 , 923.35
1291.88 , 920.21
1313.28 , 917.56
1334.03 , 921.1
1352.62 , 930.2
1368.8 , 945.88
1370.15 , 966.33
1347.95 , 965.34
1327.08 , 961.58
1304.5 , 961.33
1282.3 , 962.33
1259.97 , 961.58
1237.78 , 960.58
1215.33 , 961.08
1193.25 , 959.83
1004.34 , 937.46
978.81 , 921.82
950.63 , 913.29
919.86 , 909.79
888.38 , 907.79
856.31 , 907.54
825.66 , 911.29
797.83 , 920.59
772.74 , 937.46
751.42 , 960.99
735.91 , 986.54
763.41 , 976.54
789.74 , 962.78
816.76 , 951.19
846.53 , 945.67
878.81 , 945.29
910.28 , 947.29
941.01 , 950.89
971.56 , 954.79
1001.46 , 960.03
