112655203_1
745.6 , 704.45
748.3 , 732.6
751.8 , 763.26
754.78 , 794.28
763 , 823.51
773.75 , 851.81
784.83 , 881.3
798.77 , 910.84
812.27 , 938.2
830.71 , 963.1
853.26 , 984.04
874.78 , 1004.51
898.34 , 1024.97
920.27 , 1046.41
942.83 , 1065.78
970.42 , 1083.47
995.62 , 1097.08
1024.45 , 1109.29
1054.97 , 1116.4
1085.12 , 1126.08
1115.79 , 1127.63
1145.88 , 1122.2
1176.2 , 1116.4
1201.3 , 1102.57
1222.34 , 1078.37
1241.76 , 1054.79
1259.75 , 1031.68
1273.8 , 1001.95
1285.2 , 975.15
1299.16 , 947.68
1309.96 , 917.8
1320.57 , 888.63
1336.04 , 863.65
1347.04 , 832.87
1352.36 , 805.34
1362.54 , 773.51
1369.09 , 744.84
1371.37 , 712.88
1373.58 , 684.43
1373.37 , 651.1
1370.25 , 620.45
1051.55 , 632.89
1042.02 , 650.48
1034.39 , 669
1025.76 , 687.68
1028.3 , 707.16
1042.85 , 720.92
1061.47 , 723.93
1080.95 , 721.29
1102.07 , 718.87
1123.19 , 717.29
1141.9 , 715.98
1162.77 , 711.57
1180.89 , 703.1
1188.03 , 684.84
1183.84 , 665.46
1172.83 , 648.1
1158.2 , 632.89
987.13 , 848.83
1002.6 , 830.61
1020.83 , 815.13
1039.31 , 800.41
1058.65 , 788.06
1081.18 , 783.58
1104.48 , 780.58
1128.13 , 778.33
1152.76 , 778.59
1174.76 , 784.36
1195.16 , 793.84
1210.63 , 812.08
1212.63 , 835.86
1208.14 , 858.4
1201.66 , 879.93
1193.61 , 900.78
1184.36 , 921.28
1174.22 , 941.48
1156.06 , 957.08
1135.7 , 966.82
1112.53 , 970.08
1089.01 , 967.61
1067.15 , 961.59
1049.19 , 945.38
1035.56 , 926.53
1023.03 , 907.25
1009.41 , 888.36
996.37 , 869.28
997.13 , 849.33
1008.41 , 833.55
1024.96 , 824.32
1041.83 , 815.87
1059.01 , 808.36
1077.38 , 803.58
1096.01 , 799.32
1114.63 , 795.08
1134.31 , 793.08
1154.61 , 793.83
1173.81 , 796.8
1190.58 , 805.52
1205.33 , 819.76
1204.84 , 840.13
1194.66 , 856.31
1183.91 , 872.31
1174.28 , 888.65
1164.28 , 904.93
1151.88 , 920.33
1136.61 , 933.09
1118.11 , 937.58
1097.68 , 938.1
1080.56 , 930.52
1064.23 , 920.68
1048.83 , 908.28
1033.95 , 894.4
1018.83 , 881.28
1006.04 , 866.01
1161.1 , 553.08
1170.6 , 545.58
1180.8 , 539.9
1191.15 , 534.57
1201.82 , 530.32
1213.07 , 527.33
1224.82 , 525.33
1237.55 , 525.33
1249.3 , 527.33
1260.15 , 531.1
1269.74 , 538.46
1265.03 , 548.92
1255.55 , 556.58
1244.42 , 559.85
1232.07 , 560.58
1219.72 , 561.33
1207.97 , 559.34
1196.47 , 556.84
1185.07 , 554.08
1172.85 , 555.08
1016.17 , 557.7
1006.22 , 550.04
995.65 , 544.14
984.6 , 539.59
972.6 , 537.04
960.12 , 535.55
947.38 , 536.48
936.05 , 540.3
925.52 , 546.33
915.65 , 554.17
908.55 , 564.3
917.7 , 573.73
928.52 , 579.03
940.4 , 581.79
952.65 , 579.81
965 , 578.05
977.1 , 575.78
989.02 , 573.07
1000.75 , 570.07
1012.92 , 567.92
1168 , 457.55
1180.01 , 439.03
1199.92 , 431.28
1221.42 , 426.54
1244.15 , 424.33
1267.35 , 425.05
1289.1 , 429.31
1308.08 , 440.15
1322.25 , 457.3
1332.25 , 476.68
1339.03 , 497.18
1335.47 , 514.28
1323.8 , 495.62
1311.4 , 477.2
1294.47 , 461.03
1274.2 , 454.8
1253.17 , 460.58
1232.5 , 466.8
1210.03 , 469.56
1187.62 , 466.67
1048.12 , 480.28
1039.59 , 457.2
1017.95 , 443.39
993.83 , 436.15
968.33 , 431.65
941.95 , 428.9
914.62 , 429.66
890.92 , 437.66
869.37 , 451.75
852.38 , 472.27
841 , 494.9
832.5 , 518.4
853.7 , 504.47
874.73 , 488.92
897.6 , 478.37
922.3 , 472.13
949.88 , 472.4
974.73 , 478.4
999.42 , 484.66
1024.83 , 489.39
