2208472833_1
29.44 , 764.3
30.52 , 802.84
34.12 , 845.65
39.28 , 888.14
43.37 , 930.49
46.64 , 971.92
57.94 , 1012.3
68.4 , 1051.99
93.11 , 1085.85
126.63 , 1111.88
156.98 , 1138
185.97 , 1171
216.64 , 1201.33
247.86 , 1225.54
289.28 , 1242.77
325.02 , 1262.53
359.9 , 1283.59
397.84 , 1303.86
434.2 , 1321.51
471.66 , 1341.32
515.21 , 1352.61
555.15 , 1352.86
597.81 , 1350.88
640.45 , 1344
679.09 , 1332.71
719.98 , 1320.48
753.82 , 1299.38
778.1 , 1262.23
790.65 , 1224.94
797 , 1183.4
803.56 , 1139.89
821.44 , 1101.46
838.85 , 1062.17
855.2 , 1024.29
864.29 , 983.82
871.24 , 942.45
876.25 , 902.14
879.42 , 859.08
882.49 , 817.69
886.39 , 774.58
887.45 , 731.25
609.75 , 820.05
593.52 , 845.11
577.79 , 867.61
564.89 , 897.21
566.82 , 925.29
585.13 , 949.22
613.09 , 953.86
643.52 , 949.4
671.7 , 957.71
688.6 , 981.36
716.94 , 981.07
743.56 , 966.33
767.03 , 947.21
776.6 , 918.6
770.24 , 889.59
760.57 , 860.35
749.1 , 831.64
464.9 , 1068.72
484.67 , 1060.22
507.02 , 1057.22
530.6 , 1056.72
554.3 , 1056.47
577.02 , 1054.22
599.77 , 1051.97
622.62 , 1053.97
644.25 , 1058.46
666.73 , 1055.72
687.9 , 1050.22
709.42 , 1045.47
731.08 , 1040.97
752.37 , 1046.23
741.66 , 1064.87
731.82 , 1084.3
716.37 , 1101.49
696.4 , 1109.47
675.35 , 1115.21
653.6 , 1119.47
630.62 , 1121.22
607.05 , 1121.72
584.08 , 1119.99
562.9 , 1114.47
542.48 , 1107.75
522.05 , 1101
502.3 , 1092.25
482.67 , 1082.97
483.15 , 1065.22
500.3 , 1067.73
516.35 , 1072.48
534 , 1073.97
552.4 , 1073.97
570.52 , 1074.47
588.42 , 1075.47
606.45 , 1076.22
624.35 , 1077.22
642 , 1078.72
660.02 , 1079.47
677.58 , 1077.72
693.8 , 1073.32
709.48 , 1067.9
724.8 , 1064.5
708.9 , 1069.47
693.15 , 1074.72
676.67 , 1078.72
659 , 1080.22
641 , 1079.47
623.45 , 1077.72
605.42 , 1076.97
587.4 , 1077.72
570.25 , 1075.22
552.1 , 1074.72
533.83 , 1074.47
516.42 , 1072.47
499.95 , 1068.47
732.31 , 692.86
742.56 , 682.11
753.83 , 673.33
765.91 , 666.6
778.53 , 661.61
792.21 , 658.87
806.28 , 656.86
820.93 , 656.12
834.36 , 659.41
845.78 , 667.83
853.29 , 679.56
846.4 , 691.53
834.86 , 699.57
822.38 , 705.13
808.56 , 707.61
794.88 , 710.36
780.58 , 711.86
765.91 , 711.1
752.86 , 707.1
738.92 , 704.88
538.67 , 715.1
537.67 , 699.48
527.94 , 686.77
515.16 , 677.02
500.89 , 671.53
484.72 , 670.03
468.54 , 671.51
453.31 , 675.01
438.39 , 679.13
424.26 , 685.01
411.06 , 693.46
398.99 , 705.03
412.76 , 712.04
427.76 , 716.04
442.99 , 719.53
458.56 , 722.31
474.99 , 723.28
491.76 , 723.03
507.84 , 721.29
523.37 , 718.4
736.38 , 657.69
754.08 , 650.67
771.93 , 643.91
789.8 , 637.26
807.61 , 630.46
825.31 , 623.26
844.11 , 618.45
863.68 , 615.17
883.86 , 613.19
904.48 , 614.19
920.43 , 626.47
906.15 , 640.68
887.08 , 644.98
867.63 , 648.44
847.36 , 650.19
827.06 , 651.94
807.5 , 655.2
788.63 , 659.94
770.7 , 666.46
751.86 , 671.17
603.2 , 639.1
577.42 , 627.33
549.87 , 620.09
522.14 , 613.09
493.62 , 607.84
463.14 , 607.09
433.3 , 609.59
405.55 , 616.57
379.07 , 625.87
353.05 , 636.4
327.87 , 649.59
352.5 , 664.09
382.62 , 662.59
411.27 , 657.59
440.89 , 654.59
471.37 , 653.34
501.35 , 655.59
531.47 , 657.59
562.3 , 657.59
593.27 , 657.84
