2209809995_1
303.55 , 423.2
305.17 , 435.36
307.71 , 449.36
310.29 , 461.62
312.32 , 475.17
313.11 , 488.6
315.57 , 502.36
319.13 , 514.45
323.05 , 527.98
327.74 , 539.58
334.43 , 551.4
343.02 , 561.59
353.34 , 570.49
363.77 , 578.24
374.94 , 586.41
386.12 , 593.2
398.64 , 598.05
411.29 , 601.26
425.25 , 603.03
438.66 , 602.5
450.72 , 599.66
464.16 , 596.93
477.36 , 594.85
489.76 , 590.87
503.53 , 587.22
516.36 , 585.3
528.76 , 580.51
541.55 , 574.68
553.62 , 568.8
564.18 , 561.84
574.36 , 552.22
583.15 , 543.16
590.59 , 532.03
594.85 , 519.03
598.34 , 505.75
600.51 , 493.01
601.9 , 480.1
602.42 , 465.72
602.81 , 452.67
603.13 , 439.69
603.91 , 425.47
392.9 , 408.09
387.7 , 416.62
382.37 , 425.74
379.43 , 435.93
381.79 , 446.29
391.62 , 449.84
402.42 , 451.59
413.5 , 450.51
424 , 450.69
433.97 , 449.04
445.3 , 446.85
455.89 , 446.8
464.99 , 442.73
469.59 , 433.01
467.6 , 422.11
461.69 , 413.95
455.94 , 404.05
372.09 , 501.43
377.37 , 493.66
384.32 , 486.46
392.14 , 481.17
400.86 , 478.42
410.74 , 477.93
420.12 , 479.43
429.37 , 477.68
439.09 , 476.93
448.24 , 478.93
457.12 , 481.44
465.87 , 484.19
474.71 , 486.71
483.16 , 490.2
488.31 , 497.71
480.96 , 504.3
473.44 , 510.36
465.71 , 515.84
457.44 , 519.93
448.81 , 522.93
439.69 , 524.93
430.31 , 526.43
420.44 , 526.93
410.34 , 526.93
401.21 , 524.96
392.91 , 520.94
385.04 , 515.87
377.75 , 509.1
375.34 , 503.68
381.84 , 500.18
388.49 , 496.9
395.26 , 494.16
402.39 , 492.16
409.76 , 490.75
417.74 , 490.43
425.46 , 489.68
433.44 , 489.43
441.54 , 489.43
449.26 , 490.2
456.94 , 491.03
464.37 , 492.42
471.87 , 493.68
479.34 , 494.93
476.71 , 499.67
469.24 , 500.93
461.49 , 501.71
453.76 , 502.41
446.04 , 503.18
438.29 , 503.93
430.31 , 504.18
422.34 , 504.43
414.37 , 504.68
406.51 , 505.18
398.54 , 505.43
390.56 , 505.68
382.84 , 504.93
461.18 , 369.9
464.5 , 363.6
468.34 , 357.47
473.71 , 351.87
479.98 , 348.39
486.58 , 345.88
494.16 , 345.4
501.98 , 345.4
509.08 , 346.9
516.06 , 348.62
522.43 , 351.9
525.63 , 358.24
519.83 , 363.02
513.48 , 366.36
506.65 , 368.4
499.33 , 369.4
491.88 , 370.15
484.18 , 370.4
476.71 , 369.65
468.88 , 369.65
388.62 , 366.56
384.08 , 362.13
379.08 , 359
373.86 , 356.53
368.31 , 354.88
362.31 , 354.13
356.19 , 353.63
349.83 , 353.6
344.19 , 355.15
339.08 , 358.01
334.46 , 362.13
338.04 , 366.96
342.66 , 371.1
347.96 , 373.38
354.31 , 373.38
360.31 , 372.63
366.31 , 371.89
372.43 , 371.38
378.56 , 370.88
384.81 , 370.63
438.17 , 337.9
443.72 , 326.81
454.82 , 321.24
466.67 , 317.65
478.92 , 314.9
491.07 , 311.93
503.02 , 308.56
516.05 , 307.39
528.5 , 309.22
539.77 , 314.41
550.12 , 321.87
545.6 , 326.62
533.37 , 323.91
520.14 , 323.65
507.4 , 325.39
495.25 , 328.33
483.27 , 331.62
471.67 , 335.65
460.42 , 340.65
448.85 , 344.08
388.35 , 343.14
386.8 , 334.11
379.68 , 326.39
370.93 , 321.73
361.53 , 318.88
351.31 , 317.63
341.23 , 316.13
330.78 , 315.42
321.45 , 318.5
313.11 , 324.1
307.64 , 332.56
305.08 , 342.13
313.58 , 337.88
321.28 , 330.41
330.75 , 327.61
341.08 , 328.63
351.18 , 330.13
361.15 , 331.9
370.63 , 334.65
379.78 , 338.09
