2210601282_1
311.7 , 440.1
312.84 , 452.81
315.46 , 466.25
318.8 , 480.97
321.8 , 493.87
324.4 , 507
328.31 , 521.01
331.4 , 534.55
336.98 , 547.69
341.33 , 560.8
346.71 , 573.62
354.5 , 584.53
364.05 , 593.92
376.1 , 602.59
387.69 , 608.65
400.46 , 613.56
414.24 , 617.11
428.29 , 618.51
442.07 , 616.86
455.36 , 612.76
468.83 , 611.82
482.25 , 611.96
496.21 , 610.68
509.25 , 606.35
521.97 , 599.83
535.99 , 596.98
548.45 , 593.42
562.47 , 588.62
574.9 , 584.75
584.96 , 575.03
596.32 , 565.64
602.41 , 553.17
609.29 , 541.36
612.1 , 528.31
614.4 , 514.82
616.81 , 501.3
619.18 , 487.35
620.66 , 473.49
620.55 , 459.83
619.9 , 445.9
618.91 , 431.18
393.84 , 412.05
388.47 , 421.42
383.08 , 432.09
377.69 , 443.02
376.71 , 454.06
383.28 , 463.72
395.45 , 465.26
406.77 , 464.87
418.05 , 464.53
430.38 , 463.13
442 , 462.68
454.03 , 461.93
462.1 , 454.5
460.93 , 443
456.83 , 431.35
451.82 , 420.46
447.44 , 409.34
375.28 , 518.89
381.28 , 512.39
385.47 , 505.19
391.68 , 498.75
398.53 , 493.64
406.95 , 492.39
415.75 , 492.89
424.43 , 492.14
433.2 , 491.64
441.63 , 492.88
449.73 , 494.85
457.33 , 497.92
464.85 , 501.2
472.8 , 503.41
480.48 , 506.11
478.37 , 513.3
470.8 , 516.37
462.95 , 518.71
455.45 , 521.96
447.98 , 525.43
440.3 , 528.13
432.35 , 530.39
423.8 , 531.39
414.78 , 531.39
406.23 , 530.39
398.03 , 528.64
389.6 , 527.42
382.15 , 524.02
377.78 , 520.14
384.15 , 517.17
390.8 , 514.9
397.3 , 512.15
404.13 , 510.11
411.8 , 509.89
419.6 , 509.89
426.9 , 508.89
434.2 , 507.89
441.53 , 506.89
449.2 , 506.64
456.88 , 506.89
464.43 , 507.39
471.85 , 508.14
479.17 , 509.13
472.35 , 508.64
464.78 , 508.14
457.23 , 507.64
449.55 , 507.39
442 , 507.89
434.7 , 508.89
427.5 , 510.14
420.2 , 511.14
412.53 , 511.39
405.1 , 512.14
397.8 , 513.14
391.2 , 515.62
384.7 , 518.39
465.44 , 377.09
467.57 , 371.19
472.31 , 366.19
477.84 , 362.85
483.74 , 360.59
490.34 , 359.84
497.06 , 360.35
503.44 , 361.59
509.67 , 363.08
515.37 , 365.99
520.44 , 370.09
518.94 , 376.34
513.69 , 380.34
507.97 , 383.08
501.84 , 384.82
495.47 , 386.09
488.74 , 386.59
481.89 , 386.34
475.49 , 385.13
469.82 , 382.21
386.77 , 387.09
383.7 , 382.31
379.28 , 378.13
374.33 , 375.42
369.24 , 373.18
363.96 , 371.41
358.29 , 370.41
352.74 , 371.65
347.46 , 373.5
342.58 , 376.38
338.81 , 380.91
341.1 , 385.98
344.74 , 390.58
349.48 , 393.85
354.88 , 395.44
360.91 , 395.66
366.69 , 394.91
372.74 , 394.66
378.29 , 393.41
383.56 , 391.66
432.32 , 350.9
438.09 , 339.57
449.19 , 333.4
460.89 , 328.83
472.97 , 325
485 , 321.13
497.67 , 318.55
511.17 , 317.65
523.89 , 320.22
535.5 , 325.39
546.45 , 332.25
545.97 , 340.62
533.35 , 337.9
520.12 , 336.4
506.42 , 336.9
493.22 , 338.4
480.12 , 340.15
467.62 , 343.14
456.25 , 348.91
444.72 , 354.06
386.12 , 356.56
382.75 , 348.94
377.85 , 342.06
370.85 , 336.91
362.85 , 334.54
354.45 , 332.9
346.18 , 330.94
337.07 , 331.12
329.32 , 334.12
322.23 , 338.97
316.79 , 345.87
314.5 , 353.94
322.95 , 353.2
330.35 , 349.1
338.48 , 346.94
347.07 , 345.69
355.65 , 346.95
363.68 , 349.37
371.3 , 352.7
378.82 , 356.45
