221068652_2
630.45 , 888
633.72 , 915.02
637.25 , 940.46
643.66 , 967.26
651.36 , 992.38
658.34 , 1020.83
663.94 , 1046.95
670.25 , 1073.02
679.35 , 1098.49
694.3 , 1121.09
714.87 , 1140.02
737.05 , 1157.06
756.5 , 1173.7
776.63 , 1192.6
799.35 , 1208.85
825.23 , 1219.82
850.68 , 1224.46
879.94 , 1224.13
906.51 , 1223.17
932.91 , 1223.39
961.95 , 1224.5
988.11 , 1225.05
1016.09 , 1221.44
1040.45 , 1214.16
1066.75 , 1205.03
1093.65 , 1196.85
1119.47 , 1190.1
1145.86 , 1182.14
1172.27 , 1172.43
1196.66 , 1159.45
1216.76 , 1143.1
1232.98 , 1120.03
1242.74 , 1094.83
1247.63 , 1068.85
1249.55 , 1042.29
1249.6 , 1012.78
1249.44 , 986.39
1250.48 , 960.11
1252.64 , 931.16
1255.13 , 905.13
1257.5 , 876.35
789.85 , 868.55
782.46 , 885.97
776.01 , 905.61
778.24 , 924.87
792.88 , 938.37
812.29 , 945.01
831.4 , 947.94
852.72 , 947.37
871.01 , 945.19
892.79 , 942.93
911.58 , 943.05
931.96 , 937.03
947.44 , 925.21
953.06 , 905.88
946.67 , 886.43
938.5 , 869.07
927.29 , 851.2
750 , 1033.24
760.53 , 1015.96
777.65 , 1004.83
796.2 , 997.73
817.95 , 997.24
837.88 , 1001.52
859 , 1003.24
879.02 , 999.23
899.55 , 996.25
920.83 , 997.74
940.75 , 1001.99
960.38 , 1006.87
980.05 , 1011.76
998.9 , 1017.96
1004.45 , 1036.54
989.38 , 1052.09
972.6 , 1064.15
955.08 , 1074.23
936.83 , 1082.17
917.58 , 1087.72
897.42 , 1091.49
876.4 , 1093.49
854.55 , 1093.74
833.67 , 1091.42
814.35 , 1086.02
796.33 , 1077.31
779.62 , 1064.86
764.27 , 1049.26
782.5 , 1042.24
794.38 , 1034.86
806.95 , 1029.22
820.45 , 1025.73
834.9 , 1024.24
849.73 , 1024.99
864.4 , 1025.99
879.48 , 1026.24
894.27 , 1025.49
908.85 , 1024.24
923.9 , 1023.99
938.23 , 1025.74
952.2 , 1028.25
966.9 , 1029.24
981.13 , 1030.63
969.88 , 1039.99
956.67 , 1043.99
942 , 1044.99
927.3 , 1045.99
912.85 , 1047.49
898.15 , 1048.49
883.58 , 1049.74
868.9 , 1050.74
853.95 , 1051.24
839.15 , 1050.49
824.1 , 1050.24
809.15 , 1050.74
794.15 , 1050.39
956.4 , 774.65
962.87 , 764.92
972.35 , 757.67
982.67 , 752.63
993.32 , 748.72
1004.57 , 745.88
1017.02 , 745.65
1028.65 , 747.65
1039.9 , 750.4
1050.47 , 754.71
1060.02 , 761.75
1058.45 , 773.11
1048.03 , 777.78
1037.12 , 781.17
1025.97 , 784.15
1014.12 , 785.65
1001.67 , 785.4
989.33 , 784.9
977.25 , 783.93
966.52 , 780.15
791.64 , 770.87
782.74 , 764.37
773.26 , 759.35
763.62 , 754.87
753.12 , 752.37
741.79 , 751.62
731.06 , 753.62
720.99 , 756.91
711.66 , 762.25
702.89 , 769.03
695.54 , 777.62
704.51 , 783.85
714.31 , 787.87
724.91 , 790.11
736.24 , 790.87
747.69 , 790.37
758.66 , 788.87
769.26 , 786.62
780.12 , 784.86
790.01 , 781.14
904.7 , 692.36
921.68 , 675.89
941.95 , 668.61
964.08 , 665.1
987.8 , 664.86
1010.8 , 666.62
1033.55 , 668.86
1056.83 , 669.98
1079.4 , 672.62
1100.23 , 678.63
1118.93 , 690.35
1106.93 , 699.61
1085.15 , 695.37
1061.78 , 694.79
1038.43 , 695.86
1015.93 , 698.61
993.78 , 702.08
970.68 , 703.61
947.78 , 701.68
925.35 , 698.77
820.27 , 702.06
807.18 , 689.21
792.73 , 680.25
776.55 , 675.73
758.62 , 674.73
740.8 , 675.98
723.25 , 677.73
706.05 , 680.24
689.23 , 683.47
673.8 , 689.73
660.7 , 702.48
675.6 , 710.38
693.33 , 709.23
710.53 , 706.73
728.1 , 708.48
744.83 , 712
761.2 , 716.23
777.8 , 720.01
795.85 , 720.73
812.1 , 716.32
