1129801707_1
145.2 , 261.64
140.21 , 287.05
136.76 , 312.47
133.45 , 337.73
127.51 , 362.59
124.77 , 388.8
126.31 , 414.57
130.53 , 442.12
138.24 , 466.96
148.33 , 491.04
160.01 , 515.41
171.8 , 537.07
186.55 , 560.2
199.91 , 581.49
215.44 , 603.97
233.1 , 623.03
253.58 , 638.65
276.09 , 650.9
299.58 , 660.72
326.36 , 669.23
351.17 , 673.05
378.53 , 671.41
403.25 , 670.31
429.96 , 669.78
455.73 , 666.09
480.75 , 659.35
504.46 , 647.89
527.55 , 635.87
550.34 , 623.04
574.21 , 608.5
587.99 , 586.79
596.77 , 563
609.76 , 538.85
621.22 , 517.16
633.21 , 492.26
643.47 , 470.16
655.15 , 445.06
664.21 , 420.08
669.61 , 394.27
675.16 , 368.52
680.85 , 342.75
351.94 , 308.5
335.85 , 323.69
318.76 , 338.45
303.21 , 355.22
301.78 , 376.19
311.93 , 396.99
324.98 , 413.73
342.25 , 430.25
361.95 , 442.2
383.53 , 442.22
405.9 , 439.57
427.37 , 436.73
450.27 , 432.76
460.66 , 413.3
459.99 , 390.04
457.83 , 368.07
455.55 , 344.65
219.5 , 431.85
238.97 , 425.35
261.27 , 426.35
282.48 , 429.6
302.45 , 435.31
320.62 , 445.69
338.38 , 457.23
358.62 , 462.47
379.1 , 467.38
399.12 , 472.97
417.85 , 481.94
436.33 , 491.62
454.35 , 502.36
471.73 , 514.84
461.1 , 532.09
442.35 , 541.07
421.25 , 544.6
398.98 , 545.6
376.43 , 545.1
354.12 , 544.1
332.62 , 541.47
312.75 , 535.6
293.5 , 528.35
275.05 , 518.65
257.8 , 505.65
243.16 , 489.03
233.76 , 470.43
227.23 , 450.9
231.5 , 436.85
245.43 , 447.27
259.38 , 457.73
273.35 , 468.17
287.38 , 478.25
302.77 , 484.61
319.4 , 488.32
336.85 , 490.38
354.27 , 492.35
371.6 , 494.61
389.05 , 496.59
406 , 499.6
422.58 , 503.42
440.18 , 505.11
452.48 , 509.35
435.65 , 512.58
417.73 , 513.6
399.77 , 512.6
381.98 , 511.34
364.3 , 509.84
347.48 , 506.58
331.43 , 501.79
315.98 , 495.59
301.1 , 487.69
286.27 , 479.61
271.73 , 470.84
257.6 , 460.94
245.33 , 447.68
481.54 , 249.29
489.01 , 238.57
499.94 , 231.63
511.64 , 226.76
524.07 , 223.53
537.07 , 221.54
550.82 , 222.04
563.26 , 225.28
574.34 , 231.82
584.48 , 240.99
591.6 , 251.87
589.48 , 264.63
577.99 , 270.32
565.99 , 274.29
553.09 , 276.54
539.37 , 276.03
526.69 , 273.31
514.94 , 268.7
503.57 , 262.82
492.34 , 256.61
344.39 , 221.44
345.99 , 210.05
338.4 , 200.72
329.12 , 192.95
319.32 , 186.66
309.02 , 181.6
298.17 , 178.2
286.22 , 176.95
274.14 , 177.94
263.22 , 181.35
253.42 , 187.64
245.12 , 196.7
254.07 , 205.39
263.69 , 212.27
273.92 , 217.48
284.72 , 220.97
296.19 , 223.19
308.27 , 224.2
320.69 , 223.95
333.14 , 224.2
476.38 , 180.96
488.88 , 165.96
506 , 159.34
525.05 , 156.78
544.86 , 155.71
565.18 , 155.71
585.48 , 155.71
604.71 , 157.96
621.11 , 166.69
635.3 , 180.64
644.14 , 197.04
633.58 , 210.2
616.9 , 202.23
599.33 , 196.71
580.95 , 192.78
561.88 , 190.21
542.18 , 191.44
523.43 , 194.71
504.58 , 197.71
484.39 , 197.6
377.24 , 174.77
375.24 , 152.6
362.15 , 135.12
344.43 , 122.56
325.52 , 113.13
306.12 , 105.37
284.95 , 101.37
262.55 , 99.85
241.95 , 105.16
223.32 , 115.3
206.76 , 130.77
197.25 , 149.62
218.1 , 144.88
240.25 , 142.87
262.77 , 141.62
284.32 , 144.88
303.73 , 152.6
322.5 , 162.37
340.38 , 174.37
358.95 , 184.58
