2214566485_1
114.15 , 240.25
116.74 , 251.49
120.02 , 264.57
124.21 , 276.87
128.89 , 287.4
134.32 , 299.24
140.81 , 311.12
147.11 , 321.86
153.31 , 333.05
160.34 , 343.57
167.59 , 353.44
175.74 , 363.72
183.47 , 373.78
190.61 , 383.45
197.61 , 393.5
206.67 , 403.92
214.75 , 413.81
223.51 , 421.54
235.75 , 426.98
248.01 , 429.09
260.74 , 429.09
272.28 , 425.47
284.32 , 419.05
294.44 , 412.47
304.12 , 404.24
314.02 , 396.33
324.42 , 389.13
335.53 , 382.76
346.82 , 376.49
357.63 , 369.56
367.12 , 361.86
376.14 , 353.75
382.92 , 341.95
385.17 , 329.43
387.92 , 318.28
391.7 , 304.99
394.3 , 293.19
396.48 , 280.37
396.78 , 267.36
396.13 , 254.72
395.65 , 241.95
194.3 , 258.84
187.74 , 269.25
182.11 , 279.21
178.7 , 292.1
181.4 , 303.86
188.23 , 314.63
196.21 , 323.01
207.39 , 329.6
219.97 , 330.44
230.86 , 324.42
241.44 , 318.5
251.95 , 312.65
261.5 , 304.73
268.76 , 294.39
269.56 , 281.97
266.93 , 269.89
263.64 , 257.4
185.75 , 324.4
195.45 , 327.67
205.35 , 330.64
216.12 , 331.9
227.03 , 332.9
238.15 , 332.4
248.93 , 331.15
260.07 , 330.65
271.2 , 330.15
281.82 , 331.7
290.39 , 338.31
295.5 , 347.4
293.99 , 358.05
291.02 , 367.95
287.72 , 377.7
280.6 , 386.08
271.2 , 390.38
261.12 , 393.18
249.75 , 393.15
239.1 , 391.65
228.7 , 389.66
218.68 , 386.83
209.5 , 381.9
202.35 , 373.52
197.73 , 364.2
193.27 , 354.85
190.24 , 344.95
188.5 , 334.42
200.75 , 331.15
207.4 , 333.18
214.25 , 334.9
221.22 , 336.4
228.07 , 338.14
235.3 , 339.16
241.78 , 336.65
249.1 , 335.9
256.32 , 334.9
263.88 , 334.65
271.23 , 335.4
277.7 , 337.89
283.7 , 341.81
283.37 , 349.27
279.19 , 355.2
273.77 , 360.62
267.52 , 363.89
260.8 , 365.9
253.48 , 366.65
245.9 , 366.9
238.57 , 366.14
231.72 , 364.4
224.62 , 363.17
217.93 , 361.11
212.16 , 356.58
208.75 , 350.4
205.97 , 344
203.47 , 337.52
281.44 , 204.59
287.76 , 199.5
294.44 , 195.34
301.09 , 191.18
308.06 , 187.72
315.56 , 185.56
323.56 , 184.59
331.47 , 185.83
338.74 , 188.35
345.34 , 192.72
351.15 , 198.79
348.89 , 206.16
342.66 , 211.6
335.41 , 214.09
327.39 , 215.09
318.89 , 215.09
311.12 , 213.58
303.44 , 211.84
296.26 , 209.07
288.49 , 207.59
192.25 , 195.13
187.87 , 189.75
182.7 , 184.83
177.45 , 180.12
171.78 , 176.64
165.72 , 174.13
159.1 , 172.88
151.88 , 172.89
145.28 , 174.11
139.43 , 177.21
135.25 , 182.63
137.75 , 188.63
141.38 , 194.27
147.22 , 197.36
153.47 , 199.36
160.32 , 200.13
167.3 , 200.63
174.4 , 200.38
181.62 , 200.38
188.85 , 200.38
270.34 , 179.27
278.66 , 170.68
288.84 , 166.77
299.44 , 163.74
310.51 , 161.75
321.96 , 160.53
333.44 , 159.28
345.24 , 158.77
356.81 , 159.77
367.14 , 163.32
376.46 , 169.64
368.34 , 174.52
356.99 , 176.02
344.94 , 176.02
332.87 , 176.02
321.04 , 176.52
309.34 , 177.27
298.14 , 179.02
287.94 , 182.92
278.01 , 187.58
178.83 , 168.81
172.85 , 162.57
166.5 , 156.96
159.98 , 151.72
153.33 , 146.9
146.21 , 143.4
138.71 , 140.93
130.86 , 139.16
122.31 , 139.04
115.01 , 142.07
109.43 , 148.41
118.03 , 148.66
126.38 , 149.41
134.25 , 151.18
141.73 , 153.71
148.61 , 157.84
155.31 , 162.56
161.98 , 167.22
168.81 , 171.57
176.08 , 174.57
