2214772465_1
178.05 , 513.44
181.03 , 527.06
184.62 , 540.62
188.09 , 554.19
191.9 , 567.56
196.53 , 580.6
202.09 , 593.11
209.37 , 606.48
217.33 , 617.66
228.13 , 626.39
239.08 , 635.4
249.91 , 644.32
261.96 , 651.73
274.57 , 658.25
285.71 , 667.34
297.43 , 674.56
311.04 , 679.28
324.81 , 681.49
338.74 , 680.68
352.57 , 677.09
365.8 , 671.49
376.92 , 664.79
388.21 , 656.09
399.61 , 647.28
411.79 , 639.69
424.24 , 632.1
435.75 , 624.98
447.93 , 617.92
460.26 , 610.31
471.1 , 601.03
479.05 , 589.75
487.11 , 578.98
493.9 , 566.16
497.68 , 552.7
500.06 , 538.97
501.69 , 525.33
504.43 , 510.34
506.56 , 496.5
506.81 , 482.32
508.04 , 468.06
508.4 , 453.8
261.75 , 479.69
255.94 , 488.14
251.43 , 497.26
250.05 , 507.22
254.65 , 516.67
265.34 , 519.66
275.11 , 520.63
285.44 , 522.3
296.12 , 522.2
306.56 , 520.24
316.7 , 517.56
326.14 , 513.5
334.89 , 507.39
340.21 , 498.29
339.94 , 487.81
333.13 , 479.21
324.85 , 472.6
255.15 , 576.89
254.62 , 565.09
261.09 , 555.87
270.75 , 550.47
281.5 , 547.85
293.3 , 548.34
304.25 , 546.09
314.57 , 542.63
325.75 , 540.84
337.42 , 541.59
348.72 , 543.08
360.17 , 544.34
371.25 , 546.36
381.15 , 551.1
384.51 , 561.22
376.9 , 570.07
370.02 , 579.19
361.9 , 587.81
352.92 , 595.06
343.32 , 600.6
333.35 , 605.11
323.05 , 608.58
311.72 , 610.09
299.69 , 610.08
288.8 , 607.77
279 , 602.74
270.35 , 594.57
263.12 , 585.59
259.12 , 574.09
263.48 , 565.72
271.75 , 561.06
281.1 , 559.09
291.07 , 559.84
301.05 , 560.59
310.52 , 558.84
319.52 , 556.07
329 , 554.35
338.47 , 552.6
348.19 , 551.34
358.05 , 550.34
368.14 , 550.84
377.62 , 552.59
376.47 , 562.02
368.62 , 567.84
360.5 , 572.84
352.44 , 578.07
344.32 , 583.09
335.97 , 587.5
327.32 , 591.13
318.32 , 593.83
309.07 , 596.09
299.35 , 597.34
289.87 , 595.59
280.94 , 592.66
273 , 587.18
264.98 , 581.93
331.5 , 426.81
334.41 , 421.38
338.45 , 416.36
343.43 , 412.14
348.8 , 409.05
354.3 , 406.29
360.45 , 405.06
367.2 , 405.06
373.7 , 405.56
379.95 , 406.57
385.53 , 409.07
384.56 , 415.03
379.35 , 418.55
373.75 , 421.06
368.15 , 423.53
362.4 , 425.56
356.38 , 427.06
350.23 , 428.31
343.85 , 429.06
337.23 , 428.81
259.77 , 440.44
254.41 , 437.51
248.86 , 435
242.78 , 433.75
236.59 , 432.75
230.03 , 432.5
223.96 , 433.73
218.36 , 435.99
212.96 , 438.88
207.76 , 442.31
203.06 , 447
208.56 , 449.5
214.36 , 451.24
220.69 , 452
227.11 , 452.5
233.44 , 451.75
239.38 , 450.23
245.46 , 449.01
251.66 , 447.99
257.31 , 445.95
296.37 , 384.7
299.2 , 372.63
310.32 , 367
322.57 , 364.19
334.85 , 361.47
347.19 , 358.88
359.77 , 356.73
371.94 , 353.7
385.07 , 352.7
397.35 , 355.44
408.75 , 360.17
408.12 , 370.95
395.27 , 372.35
382.35 , 370.95
369.69 , 368.95
356.22 , 369.2
344.32 , 372.71
333 , 377.58
321.07 , 380.99
309 , 384.19
240.11 , 391.84
233.24 , 387.56
224.71 , 387.09
216.46 , 388.1
208.44 , 389.6
200.64 , 391.6
192.84 , 393.59
184.91 , 395.34
177.74 , 398.85
173.7 , 405.74
170.11 , 412.84
178.11 , 414.09
185.19 , 410.3
192.24 , 406.47
199.74 , 403.96
207.59 , 402.09
215.51 , 403.86
224.14 , 403.59
232.64 , 403.09
240.03 , 400.16
