2215829570_1
598.35 , 626.48
588.31 , 648.88
578.45 , 674.44
572.38 , 701.06
570.24 , 728.31
568.47 , 753.56
567.78 , 781.81
567.75 , 806.85
567.03 , 834.25
565.18 , 861.41
565 , 888.43
567.61 , 914.57
578.3 , 939.01
591 , 963.08
602.93 , 987.06
613.2 , 1009.12
624.82 , 1033.97
639.13 , 1056.92
657.1 , 1076.35
678.59 , 1092.46
701.73 , 1107.36
727.42 , 1115.46
751.89 , 1118.26
779.02 , 1118.5
805.16 , 1116.49
833.29 , 1111.56
857.94 , 1105.73
885.03 , 1098.95
909.35 , 1091.99
933.38 , 1078.05
954.11 , 1061.5
973.87 , 1044.32
994.31 , 1025.08
1011.8 , 1006.66
1028.63 , 986.05
1044.11 , 964.78
1061.8 , 942.06
1076.09 , 920.21
1089.49 , 897.79
1101.68 , 874.79
1113.44 , 848.56
817.89 , 781.4
801.99 , 792.81
786.52 , 805.7
772.58 , 821.6
767.65 , 840.3
775.5 , 859.75
790.76 , 872.09
810.03 , 878.7
827.47 , 891.49
844.34 , 901.35
863.5 , 907.12
884.73 , 911.84
904.8 , 911.57
915.35 , 896.1
916.83 , 875.07
915.87 , 855.53
916.64 , 833.35
682.72 , 935.08
699 , 937.58
715.14 , 940.32
731.32 , 943.07
747.02 , 946.82
763.42 , 949.08
778.3 , 954.4
792.39 , 962.02
807.52 , 966.87
822.82 , 971.31
837.39 , 977.52
851.72 , 984.58
865.35 , 993.42
878.34 , 1003.98
875.57 , 1018.8
860.57 , 1023.8
845.55 , 1028.76
829.55 , 1031.83
812.75 , 1030.35
796.72 , 1027.33
781.27 , 1023.11
766.57 , 1017.34
752.87 , 1008.71
739.9 , 998
728.44 , 985.31
718.09 , 972.21
706.99 , 959.36
695.37 , 946.73
715.47 , 945.58
726.35 , 950.8
737.39 , 955.57
748.25 , 961.09
759.25 , 966.07
770.3 , 970.89
781.02 , 976.65
791.39 , 983.27
802.55 , 987.81
814.12 , 991.36
825.97 , 994.33
837.39 , 998.1
848.8 , 1001.81
860.22 , 1005.58
871.22 , 1010.58
859.92 , 1006.6
848.6 , 1002.61
837.27 , 998.56
825.87 , 994.83
814 , 991.82
802.45 , 988.34
791.37 , 983.61
780.25 , 979.07
769.25 , 974.09
758.5 , 968.36
747.75 , 962.61
736.95 , 957.05
726.27 , 951.15
968.64 , 745.65
976.19 , 753.45
984.12 , 760.62
992.64 , 766.15
1001.31 , 771.3
1010.04 , 776.27
1018.84 , 781.11
1027.84 , 785.42
1036.91 , 789.41
1046.89 , 791.4
1057.46 , 791.4
1046.49 , 791.39
1036.41 , 789.66
1027.21 , 785.96
1018.34 , 781.33
1009.46 , 776.69
1000.66 , 771.93
992.19 , 766.22
983.46 , 761.24
975.67 , 753.68
845.39 , 697.55
833.02 , 698.8
820.07 , 697.05
807.62 , 694.32
795.52 , 690.81
783.82 , 686.56
772.47 , 681.24
761.3 , 675.3
750.3 , 669.05
739.87 , 661.12
731.8 , 650.8
738.96 , 661.47
749.47 , 669.2
760.62 , 675.09
771.75 , 681.04
783.12 , 686.31
794.75 , 690.75
806.8 , 694.3
819.27 , 697.05
832.2 , 698.79
971.01 , 694.89
984.11 , 685.14
1000.46 , 683.18
1017.76 , 683.14
1034.71 , 683.89
1051.04 , 685.89
1066.68 , 689.32
1081.84 , 693.71
1095.91 , 700.88
1107.76 , 712.39
1116.3 , 725.97
1109.58 , 732.71
1096.91 , 721.63
1083.38 , 713.01
1068.66 , 707.63
1052.81 , 704.63
1036.49 , 702.62
1019.66 , 701.66
1002.99 , 700.37
986.63 , 698.42
866.19 , 642.56
867.89 , 628.48
855.37 , 614.96
842.74 , 601.59
828.54 , 590.9
813.17 , 583.3
797.19 , 577.56
779.74 , 574.81
761.22 , 574.3
743.64 , 576.82
727.99 , 583.47
717.69 , 597.81
736.37 , 598.06
755.14 , 598.06
773.44 , 597.06
791.62 , 598.31
808.37 , 602.49
822.99 , 612.09
836.67 , 624.28
850.74 , 635.32
