2216045499_1
1091.55 , 1039.59
1083.37 , 1080.39
1076.84 , 1125.36
1065.34 , 1172.62
1060.29 , 1215.2
1064.31 , 1262.69
1067.72 , 1304.7
1071.65 , 1349.18
1077.77 , 1393.72
1098.79 , 1434.97
1123.27 , 1474.8
1149.55 , 1510.01
1175.15 , 1546.62
1197.2 , 1586.65
1225.27 , 1623.84
1254.47 , 1655.34
1289.44 , 1685.54
1326.11 , 1713.73
1362.17 , 1737.05
1403.15 , 1757.77
1445.82 , 1777.67
1488.02 , 1793.01
1531.11 , 1793.87
1579.94 , 1791.91
1622.81 , 1786.29
1666.22 , 1778.05
1711.53 , 1770.22
1757.53 , 1760.8
1801.46 , 1747.43
1840.91 , 1730.85
1879.24 , 1705.81
1911.62 , 1675.06
1941.05 , 1639.16
1965.73 , 1602.67
1987.27 , 1564.02
2009 , 1520.19
2028.6 , 1480.22
2047.64 , 1439.92
2067.54 , 1399.99
2086.47 , 1359.66
2105.81 , 1314.63
1621.54 , 1228.7
1596.29 , 1244.7
1558.04 , 1247.75
1529.22 , 1267.51
1512.1 , 1296.38
1519.31 , 1332.37
1544.5 , 1355
1579.5 , 1369.45
1611.7 , 1381.54
1643.74 , 1395.17
1678.25 , 1411.1
1713.4 , 1414.79
1743 , 1400.54
1761.5 , 1370.4
1755.95 , 1333.4
1743.25 , 1300.04
1739.29 , 1264.35
1423.95 , 1486.97
1448.12 , 1475.2
1473.05 , 1465.69
1498.25 , 1456.99
1524.58 , 1450.2
1551.7 , 1445.22
1580.62 , 1443.97
1607.18 , 1450.22
1632.2 , 1459.47
1656.88 , 1469.72
1674.13 , 1491.87
1685.72 , 1516.17
1696.18 , 1540.8
1706.72 , 1565.39
1714.2 , 1591.22
1699.76 , 1614.41
1676.53 , 1628.65
1651.33 , 1637.46
1623.72 , 1641.47
1594.78 , 1640.22
1568.33 , 1633.75
1543.4 , 1624.24
1519.03 , 1612.98
1495.4 , 1599.65
1472.9 , 1583.16
1455.33 , 1561.12
1441.97 , 1537.49
1431.21 , 1512.95
1442.45 , 1494.22
1458.78 , 1488.44
1476.65 , 1485.72
1495.53 , 1486.47
1514.03 , 1487.97
1531.42 , 1491.72
1547.78 , 1497.54
1563.8 , 1504.31
1580.45 , 1509.47
1597.83 , 1513.35
1613.85 , 1520.21
1628.48 , 1530.98
1642.58 , 1543.1
1656.25 , 1556.52
1668.19 , 1570.69
1653.5 , 1576.97
1634.75 , 1577.45
1618.28 , 1571.95
1602 , 1565.98
1585.97 , 1559.23
1570.15 , 1551.68
1552.6 , 1548.24
1535.35 , 1544.13
1518.88 , 1538.65
1502.8 , 1532.06
1487.43 , 1523.44
1471.95 , 1514.97
1456.85 , 1505.62
1816.45 , 1160.26
1829.33 , 1145.02
1846.3 , 1136.48
1865.05 , 1132.27
1885.83 , 1132.26
1904.67 , 1136.24
1922.17 , 1143
1938.55 , 1153.02
1954.23 , 1165.02
1968.35 , 1179.91
1980.46 , 1195.54
1971.05 , 1211.42
1952.25 , 1215.49
1932.8 , 1218.26
1912.83 , 1216.63
1894.43 , 1211.74
1876.93 , 1204.99
1859.83 , 1196.89
1843.2 , 1187.51
1827.25 , 1176.33
1575.97 , 1059.1
1569.45 , 1039.52
1554.63 , 1022.95
1537.42 , 1009.74
1518.95 , 1000.02
1499.92 , 992.03
1480.1 , 986.03
1457.78 , 985.02
1436.92 , 989.02
1417.73 , 996.51
1399.2 , 1006.02
1413.67 , 1022.75
1429.8 , 1038.89
1447.5 , 1050.59
1465.83 , 1060.65
1484.72 , 1069.01
1504.72 , 1074.77
1525.7 , 1078.52
1546.83 , 1082.02
1567.67 , 1078.04
1793.25 , 1057.99
1808.26 , 1026.37
1840.6 , 1013.9
1876.2 , 1007.98
1913.83 , 1006.24
1950.33 , 1010.31
1984.58 , 1019.06
2016.58 , 1033
2045.95 , 1054.19
2069.05 , 1082.57
2085.31 , 1113.82
2090.87 , 1149.61
2061.1 , 1141.87
2030.88 , 1123.12
1999.8 , 1106.5
1968.38 , 1090.77
1935.95 , 1078.24
1901.2 , 1070.49
1862.72 , 1070.49
1825.08 , 1071.8
1671.71 , 961.5
1642.36 , 928.64
1609.7 , 898.73
1576.58 , 870.11
1540.01 , 850.8
1501.65 , 836.95
1459.95 , 829.82
1416.75 , 833.84
1377.23 , 845.3
1338.86 , 859.04
1301.53 , 875.82
1336.2 , 900
1380.98 , 900.82
1424.9 , 903.32
1467.15 , 909.31
1505.28 , 923.82
1540.95 , 945.25
1576.63 , 966.66
1613.23 , 985.81
1653.1 , 996.85
