221629697_1
1021.25 , 895.55
1028.38 , 937.23
1036.09 , 979.1
1047.34 , 1018.8
1061.59 , 1061.29
1080.32 , 1098.8
1092.49 , 1137.98
1102.67 , 1181.38
1117.99 , 1218.88
1139.32 , 1258.53
1161.29 , 1296.73
1182.93 , 1330.05
1210.67 , 1366.68
1238.29 , 1398.15
1269.01 , 1427.39
1302.56 , 1455.37
1338.37 , 1480.84
1373.7 , 1499.4
1415.57 , 1516.21
1457.56 , 1526.78
1499.96 , 1533.59
1540.14 , 1537.25
1583.43 , 1538.89
1626.84 , 1538.44
1669.99 , 1533.78
1710.99 , 1521.49
1747.54 , 1496.84
1776.36 , 1465.39
1802.5 , 1434.82
1831.53 , 1400.88
1858.4 , 1367.85
1882.65 , 1334.1
1902.5 , 1293.95
1919.23 , 1257.95
1936.84 , 1216.42
1948.87 , 1174.63
1956.31 , 1133.24
1962.58 , 1089.94
1970.59 , 1047.5
1976.49 , 1007.73
1985 , 962.14
1510.4 , 842.7
1488.12 , 875.24
1465.63 , 908.62
1448.75 , 946.6
1448.75 , 987.35
1477.54 , 1012.7
1518.98 , 1025.43
1556.62 , 1029.29
1600.21 , 1031.26
1639.89 , 1027.75
1680.31 , 1021.2
1717.11 , 1007.88
1748.54 , 978.89
1754.82 , 941.22
1734.15 , 904.85
1709.29 , 873.6
1689.4 , 834.25
1423.4 , 1201.17
1447.23 , 1191.64
1471.85 , 1183.96
1496.7 , 1176.63
1521.45 , 1169.13
1545.38 , 1159.68
1572.88 , 1157.67
1596.83 , 1167.11
1624.9 , 1166.92
1649.1 , 1158.19
1676.35 , 1155.67
1702.15 , 1161.17
1726.43 , 1169.68
1750.22 , 1179.49
1755.6 , 1203.98
1735.08 , 1222.99
1714.98 , 1242.83
1693.03 , 1257.79
1669.35 , 1268.21
1643.95 , 1274.63
1616.83 , 1277.42
1588.7 , 1276.71
1562.08 , 1272.9
1536.48 , 1266.93
1512.5 , 1257.68
1490 , 1244.18
1468.28 , 1228.54
1446.95 , 1211.69
1451.15 , 1201.67
1472.38 , 1198.92
1493.85 , 1196.67
1516.05 , 1195.92
1538.48 , 1195.67
1560.33 , 1197.17
1581.83 , 1199.35
1603.15 , 1201.92
1625.48 , 1201.92
1646.2 , 1198.15
1666.6 , 1193.69
1687.73 , 1190.67
1709.3 , 1188.67
1731.15 , 1189.67
1753.59 , 1189.89
1732.28 , 1191.92
1709.85 , 1191.67
1687.53 , 1192.17
1666.15 , 1194.67
1645.68 , 1198.91
1625.25 , 1203.42
1603.18 , 1202.42
1581.33 , 1200.94
1559.75 , 1198.92
1537.78 , 1197.67
1516.08 , 1195.92
1494.1 , 1197.17
1472.75 , 1199.67
1698.85 , 686.25
1705.95 , 668.13
1721.4 , 653.44
1738.57 , 643.52
1756.52 , 635.73
1775.38 , 630.25
1795.85 , 628
1815.85 , 631.25
1834.2 , 637.78
1851.85 , 646.5
1867.36 , 661.03
1868.94 , 681.67
1853.15 , 695.49
1835.12 , 703
1815.82 , 707.75
1795.22 , 709.75
1774 , 708.99
1754.27 , 705.26
1735.4 , 699.77
1716.52 , 694.27
1443.98 , 666.33
1427.78 , 648.15
1408.6 , 634.21
1387.95 , 624.29
1365.48 , 618.75
1340.78 , 618.12
1317.8 , 622.6
1296.75 , 631.16
1277.03 , 643.38
1258.9 , 660.25
1245.4 , 679.5
1264.38 , 693.97
1284.7 , 704.79
1306.3 , 711.91
1329.95 , 714.99
1354.73 , 714.25
1378.33 , 711.07
1400.33 , 704.75
1421.85 , 697.48
1443.35 , 690.23
1687.35 , 567.84
1693.13 , 534.08
1722.47 , 517.81
1756.5 , 512.59
1792.82 , 513.09
1829.15 , 512.59
1864.88 , 510.84
1899.85 , 514.09
1930.38 , 527.1
1955.95 , 552.44
1968.33 , 583.06
1975.25 , 616.24
1947.05 , 628.06
1919.7 , 606.44
1891.72 , 586.37
1859.45 , 577.59
1823.82 , 579.6
1788.85 , 582.84
1752.65 , 583.59
1717.22 , 581.21
1510.6 , 595.58
1506.95 , 550.23
1471.1 , 523.48
1430.47 , 510.24
1385.62 , 505.23
1338.7 , 504.48
1292.05 , 505.77
1247.3 , 511.02
1208.6 , 529.98
1173.1 , 557.73
1143.15 , 592.4
1120.1 , 629.48
1163 , 620.48
1202.8 , 605.03
1243.95 , 592.63
1286.67 , 583.16
1331.77 , 578.71
1378.82 , 578.23
1425.25 , 579.98
1467.62 , 590.24
