2216370944_1
-50.45 , 240.85
-45.1 , 263.36
-38.8 , 288.37
-33.15 , 313.64
-28.3 , 335.83
-22.31 , 361.02
-16.42 , 386.12
-9.37 , 410
0.32 , 431.64
14.13 , 452.3
29.21 , 472.61
46.03 , 489.84
63.87 , 508.49
82.84 , 523.76
104.63 , 535.04
125.93 , 550.81
146.85 , 564.82
169.56 , 574.21
192.55 , 580.74
216.88 , 584.51
241.62 , 584.63
268.04 , 583.9
291.61 , 583.12
317.58 , 578.8
340.53 , 568.37
361.14 , 553.93
378.41 , 537.18
394.74 , 519.94
411.68 , 499.97
427.94 , 480.48
442.85 , 461.88
454.76 , 439.87
466.18 , 417.82
477.11 , 394.27
486.1 , 370.63
492.44 , 346.84
496.83 , 322.21
502.08 , 298
507.79 , 274.6
509.24 , 249.94
513.95 , 223.75
200.8 , 228.55
195.34 , 246.46
185.87 , 262.88
177.67 , 279.66
176.29 , 298.98
193.88 , 307.53
212.01 , 308.05
227.14 , 320.38
245 , 326.04
265.29 , 322.39
281.95 , 314.38
301.88 , 316.68
314.75 , 305.25
317.8 , 285.85
311.61 , 266.4
301.13 , 250.75
298.5 , 231.59
142.31 , 393.24
154.69 , 386.87
168.09 , 383
181.71 , 379.47
195.88 , 377.24
211.04 , 377.49
223.74 , 382.98
236.04 , 389.72
250.94 , 390.49
264.76 , 387.48
280.03 , 387.49
293.63 , 391.02
306.94 , 395.02
319.87 , 399.75
317.13 , 413.41
306.06 , 423.49
294.69 , 432.61
282.53 , 439.76
269.51 , 444.28
255.41 , 446.74
240.38 , 447.24
225.49 , 446.49
210.81 , 445.24
197.31 , 441.49
184.96 , 434.89
173.51 , 425.94
162.63 , 415.31
153.14 , 404.06
147.56 , 395.99
159.71 , 394.99
172.34 , 394.99
184.26 , 396.49
196.28 , 397.74
208.09 , 399.49
219.63 , 401.77
231.41 , 403.52
243.59 , 404.49
256.21 , 404.49
268.49 , 403.74
281.01 , 403.49
293.66 , 403.49
306.29 , 403.49
318.69 , 403.99
307.29 , 403.99
294.76 , 404.24
282.13 , 404.24
269.49 , 404.24
257.09 , 404.74
244.46 , 404.74
232.29 , 403.74
220.13 , 402.77
208.36 , 400.98
196.56 , 399.24
184.54 , 397.99
172.13 , 397.49
159.61 , 397.24
308.87 , 122.77
316.54 , 113.6
326.1 , 107.04
336.27 , 102.02
346.97 , 98.5
358.27 , 96.28
370.44 , 95.77
381.77 , 98.02
392.35 , 101.76
402.27 , 107.4
411.04 , 116.17
408.37 , 127.27
398.69 , 133.45
387.5 , 136.02
375.82 , 137.52
363.89 , 138.52
351.94 , 137.52
340.85 , 134.77
329.75 , 132.03
318 , 130.66
175.37 , 124.54
167.15 , 116.08
157.97 , 109.38
148.07 , 104.5
137.42 , 101.59
126.22 , 99.84
114.27 , 100.1
103.2 , 102.08
93.02 , 106
83.22 , 111.03
74.17 , 118.09
82.77 , 126.43
92.37 , 132.05
102.47 , 136.11
113.57 , 138.11
125.14 , 139.09
137.07 , 138.84
148.77 , 138.09
160.22 , 136.84
171.04 , 134.21
276.5 , 87.42
281.11 , 65.3
298.48 , 48.43
318.75 , 39.67
341.43 , 36.17
365.68 , 35.92
389.33 , 37.42
412.48 , 39.92
434.4 , 45.07
454.25 , 55.17
470.62 , 72.55
470.2 , 95.96
447.43 , 98.6
426.38 , 91.92
404.75 , 86.17
382.45 , 81.92
358.7 , 80.67
335.6 , 83.33
315.05 , 91.14
295.02 , 100.18
199.38 , 88.45
198.39 , 65.9
187.76 , 47.71
168.21 , 40.55
146.13 , 38.55
123.34 , 39.05
100.54 , 39.55
78.23 , 41.05
56.89 , 44.54
37.96 , 53.68
21.14 , 68.53
9.86 , 86.55
28.56 , 96.26
49.88 , 92.8
72.21 , 91.3
94.88 , 92.05
116.84 , 89.8
138.91 , 87.8
160.01 , 91.82
180.46 , 97.15
