2216480518_1
322.72 , 412.15
324.33 , 425.76
326.37 , 440.73
328.71 , 455.56
330.74 , 470.44
332.37 , 485.37
333.71 , 498.87
336.84 , 514.62
341.75 , 528.17
347.62 , 541.68
354.5 , 554.75
361.71 , 567.53
369.7 , 579.93
378.67 , 591.81
389.06 , 602.67
400.75 , 612.22
413.02 , 620.85
424.5 , 628.06
437.59 , 635.06
450.87 , 641.43
465.92 , 646.35
479.98 , 647.54
495.26 , 646.41
508.98 , 643.05
523.39 , 636.74
534.63 , 629
545.3 , 618.62
557.01 , 608.28
570.09 , 601.26
580.56 , 591.85
592.32 , 581.41
601.15 , 569.6
607.05 , 556.4
611.57 , 543.2
615.55 , 529.27
620.12 , 513.85
625.15 , 500.74
630.62 , 487.42
635.78 , 472.37
638.93 , 458.53
641.43 , 442.98
456.6 , 431.9
449.11 , 438.71
442.99 , 446.44
440.35 , 456.4
445.22 , 464.53
454.29 , 470.12
462.97 , 474.91
470.99 , 481.54
481.14 , 484.69
491.21 , 483.49
501.06 , 479.91
509.84 , 476.29
519.74 , 472.15
526.58 , 464.69
525.16 , 455.22
519 , 446.71
512.14 , 438.44
408.55 , 509.19
418.25 , 505.43
429.73 , 505.69
440.82 , 504.69
452.18 , 504.19
462.93 , 505.94
473.65 , 507.68
484.65 , 508.94
495.75 , 509.94
506.5 , 511.69
516.67 , 514.56
526.65 , 517.79
536.4 , 521.53
536.04 , 532.47
529.12 , 541.11
520.53 , 548.2
511.62 , 554.42
502.35 , 559.65
492.65 , 563.6
482.3 , 566.19
470.93 , 565.82
460.95 , 562.59
451.52 , 557.68
442.62 , 551.52
433.95 , 544.59
426.13 , 536.26
419.4 , 527.57
413.98 , 518.39
414.55 , 511.94
423.7 , 512.94
433 , 513.69
442.05 , 512.44
451.48 , 512.94
460.4 , 514.43
469.48 , 515.69
479.12 , 515.69
488.18 , 516.94
497.23 , 518.19
506.65 , 518.69
516.05 , 519.19
525.6 , 519.43
533.44 , 523.51
529.08 , 531.16
521.33 , 535.42
513.23 , 538.67
504.62 , 540.94
495.93 , 542.94
486.65 , 543.69
477.35 , 542.94
468.55 , 541.19
459.85 , 539.19
451.55 , 536.44
443.45 , 533.22
435.5 , 529.4
427.75 , 525.13
420.65 , 519.04
530.05 , 390.56
534.82 , 384.78
541.17 , 381.44
547.67 , 378.53
554.38 , 376.31
561.47 , 374.81
569.05 , 374.31
576.65 , 374.82
583.17 , 377.56
589.28 , 381.53
594.08 , 387.34
594.92 , 394.55
588.38 , 397.31
580.8 , 397.81
573.1 , 398.06
565.38 , 398.31
557.92 , 397.55
550.82 , 396.06
543.82 , 394.31
536.72 , 392.82
442.97 , 382.81
440.57 , 376.42
435.6 , 370.95
429.8 , 366.83
423.62 , 363.84
417.05 , 361.83
409.75 , 361.32
402.93 , 362.82
396.5 , 365.09
390.35 , 368.2
384.52 , 372.23
378.95 , 376.82
385.25 , 379.3
391.6 , 381.84
398.42 , 383.32
405.73 , 383.82
413.27 , 383.82
420.82 , 383.82
428.25 , 383.57
435.42 , 382.82
525.65 , 354.06
531.68 , 345.25
541.17 , 341.05
551.42 , 338.54
562.23 , 337.24
573.23 , 337.8
584.2 , 338.8
594.57 , 340.99
604.33 , 344.55
613.5 , 349.65
622.1 , 356.3
619.25 , 361.88
610.23 , 356.32
600.85 , 351.77
590.45 , 349.56
579.25 , 349.55
568.72 , 351.49
558.05 , 353.04
547.22 , 354.31
536.38 , 355.56
454.77 , 340.96
446.48 , 333.68
436.8 , 330.21
426.27 , 328.44
415.5 , 327.19
404.75 , 325.94
393.85 , 324.94
383.15 , 326.28
373.48 , 329.71
364.23 , 334.47
355 , 339.19
365.4 , 341.18
375.05 , 337.67
385.15 , 335.04
396.32 , 334.69
406.65 , 336.84
416.48 , 339.93
426.2 , 343.17
436.25 , 345.94
447 , 347.19
