2220706683_1
104.59 , 489.24
106.99 , 510.02
111.79 , 530.49
117.67 , 551.03
124.54 , 571.04
131.77 , 592.96
139.21 , 612.45
147.83 , 631.14
159.61 , 650.93
172.2 , 667.61
187.17 , 685.16
200.72 , 700.99
215.2 , 715.98
231.89 , 731.64
247.33 , 745.76
263.31 , 759.49
282.28 , 772.07
301.91 , 780.46
322.95 , 785.33
344.78 , 787.23
365.87 , 784.41
386.62 , 778.16
407.13 , 770.14
424.66 , 759.95
442.28 , 745.95
457.11 , 732.44
473.26 , 717.94
490.78 , 703.37
507.83 , 690.71
526.14 , 677.91
542.84 , 663.98
556.11 , 647.53
567.12 , 628.67
576.43 , 608.91
584.69 , 590.45
592.98 , 569.87
600.32 , 548.68
606.54 , 529.28
612.55 , 507.81
617.18 , 486.2
620.8 , 464.69
299.3 , 474.6
290.68 , 490.82
280.9 , 508.05
269.42 , 521.49
268.51 , 540.97
284.88 , 550.17
302.79 , 557.05
317.27 , 568.89
336.87 , 572.12
354.92 , 568.21
373.31 , 562.45
391.44 , 558.59
409.31 , 551.26
413.23 , 533.04
408.91 , 513.27
397.87 , 497.64
389.1 , 480.4
250.46 , 641.52
264.06 , 637.49
277.71 , 633.52
290.99 , 628.76
305.06 , 625.53
319.81 , 623.77
334.59 , 625.52
349.96 , 625.02
364.99 , 623.77
380.24 , 624.52
395.26 , 625.77
409.66 , 628.23
423.71 , 631.52
437.84 , 634.64
434.29 , 647.7
423.13 , 658.36
411.56 , 667.93
398.86 , 674.55
385.41 , 678.81
370.96 , 681.27
355.71 , 682.02
340.46 , 682.77
324.96 , 682.52
310.61 , 679.92
297.41 , 674.97
284.38 , 669.46
271.81 , 662.62
260.24 , 653.04
269.21 , 647.27
280.74 , 646.02
292.54 , 645.27
304.31 , 644.52
316.21 , 644.02
328.01 , 643.27
339.79 , 642.52
351.56 , 641.77
363.59 , 641.52
375.61 , 641.27
387.76 , 641.27
399.91 , 641.27
411.71 , 642.02
423.49 , 641.27
432.89 , 640.52
421.96 , 643.02
410.38 , 644.27
398.36 , 644.52
386.46 , 644.02
374.69 , 643.27
362.76 , 642.77
350.99 , 643.52
339.44 , 644.77
327.66 , 645.52
315.99 , 646.52
304.21 , 647.27
292.56 , 648.27
280.63 , 648.77
438.74 , 367.57
447.19 , 358.12
456.81 , 350.23
466.87 , 343.44
477.49 , 338.07
489.04 , 335.08
501.92 , 334.82
514.32 , 336.07
525.34 , 340.07
535.37 , 346.92
544.36 , 356.17
543.61 , 368.71
533.76 , 376.06
522.19 , 379.06
509.92 , 380.57
497.17 , 381.07
485.01 , 379.32
473.47 , 376.32
461.19 , 374.83
449.64 , 371.85
263.38 , 363.13
253.77 , 353.79
243.65 , 345.96
233.02 , 339.53
221.72 , 334.98
209.38 , 332.71
196.52 , 333.93
184.32 , 336.58
172.77 , 340.4
161.9 , 346.27
152.95 , 355.96
161.01 , 366.01
171.72 , 372.23
183.47 , 375.73
195.97 , 377.72
209.42 , 377.71
222.18 , 376.23
234.32 , 373.46
247.18 , 372.21
260.18 , 373.19
392.8 , 319.25
403.9 , 300.38
423.23 , 290.26
443.85 , 283.77
466.18 , 280.63
489.33 , 279.25
512.33 , 277.49
534.92 , 275.03
556 , 280.21
575.67 , 289.37
593.7 , 302.99
590.23 , 321.93
568.4 , 317.85
548.12 , 310.5
525.98 , 307
502.53 , 307.75
481.07 , 312.73
459.32 , 317
436.7 , 319.48
414.7 , 323.27
287.65 , 317.56
286.5 , 299.57
268.9 , 290.06
250.6 , 282.54
231.03 , 277.82
210.4 , 275.31
189.15 , 274.56
169.12 , 278.31
149.83 , 283.59
131.18 , 290.04
113.92 , 300.01
104.9 , 317.81
125.42 , 320.56
145.05 , 315.91
164.67 , 311.29
185.35 , 308.85
206.7 , 309.81
226.7 , 313.55
246.5 , 317.84
267.25 , 320.06
