1142136696_1
196.07 , 304.34
195.89 , 311.77
196.51 , 319.87
197.31 , 327.92
198.04 , 335.3
199.26 , 343.68
200.04 , 351.46
201.19 , 359.32
202.02 , 366.97
204.62 , 374.6
207.29 , 381.5
210.81 , 388.88
216.41 , 394.26
223.8 , 396.55
232.07 , 396.33
240.06 , 396.23
247.88 , 394.92
255.55 , 394.1
263.42 , 393.38
271.18 , 392.76
279.11 , 392.29
286.73 , 391.95
295.07 , 391.22
302.51 , 390.08
310.04 , 388.67
317.9 , 386.94
325.75 , 384.89
333.36 , 382.79
340.66 , 380.06
348.14 , 376.82
354.87 , 373.41
361.86 , 369.4
368.5 , 365.24
374.59 , 359.94
379.4 , 353.79
383 , 346.75
386.25 , 339.77
389.74 , 332.09
392.52 , 325.03
394.96 , 317.19
396.65 , 309.3
234 , 267.65
231.98 , 273.64
231.83 , 280.38
231.23 , 287.28
234.11 , 293.17
239.57 , 297.53
245.74 , 295.11
252.35 , 295.17
259.22 , 296.08
266.07 , 296.46
272.6 , 296.61
279.15 , 296.2
284.33 , 291.64
283.05 , 285.29
282.26 , 278.59
280.35 , 271.72
281 , 265.05
219.79 , 331.59
223.49 , 326.64
227.4 , 321.74
231.69 , 316.95
236.87 , 313.78
242.84 , 312.6
249.06 , 313.34
254.76 , 311.61
260.84 , 310.6
266.81 , 311.84
272.51 , 313.58
277.87 , 316.35
283.21 , 319.02
288.84 , 320.88
294.41 , 322.97
298.78 , 327.54
294.99 , 332.13
288.99 , 333.34
282.66 , 333.84
276.34 , 334.34
270.01 , 334.84
263.69 , 335.34
257.24 , 335.09
250.91 , 334.59
244.47 , 334.34
238.26 , 333.59
232.06 , 332.84
225.61 , 333.08
224.79 , 332.59
229.16 , 329.49
233.39 , 325.96
238.24 , 324.08
243.61 , 323.34
249.09 , 322.84
254.84 , 322.84
260.44 , 323.09
266.06 , 323.34
271.66 , 323.59
277.04 , 324.34
282.29 , 325.34
287.41 , 326.57
292.41 , 328.06
297.73 , 328.99
292.31 , 328.86
286.97 , 328.02
281.89 , 326.69
276.72 , 325.52
271.54 , 324.34
266.16 , 323.59
260.41 , 323.59
254.81 , 323.34
249.19 , 323.09
243.69 , 323.6
238.47 , 324.57
233.69 , 326.66
229.47 , 330.18
297.9 , 248.84
299.25 , 245.71
302.1 , 243.36
305.2 , 241.8
308.42 , 240.57
311.77 , 239.6
315.42 , 239.86
318.65 , 241.09
321.85 , 242.31
324.98 , 243.9
327.99 , 245.67
329.89 , 248.65
326.83 , 250.37
323.15 , 250.59
319.35 , 250.59
315.65 , 250.84
311.85 , 250.84
308.15 , 251.09
304.35 , 251.09
300.75 , 250.68
246.89 , 247.74
245.21 , 245.05
242.35 , 243.78
239.15 , 243.27
235.95 , 242.77
232.62 , 243.01
229.78 , 244.39
227.1 , 246.09
224.45 , 247.96
222.4 , 250.52
220.9 , 253.27
221.9 , 256.2
224.7 , 257.52
227.65 , 256.52
230.43 , 255.01
233.38 , 254.01
236.57 , 253.51
239.53 , 252.49
242.45 , 251.5
245.4 , 250.52
290.8 , 218.52
294.35 , 211.93
301.62 , 209.95
309.3 , 208.77
317.28 , 209.27
325 , 210.25
332.28 , 212.25
339.2 , 214.93
345.95 , 218.18
352.1 , 223.08
357.05 , 229.02
353.8 , 232.02
347.6 , 227.32
341.25 , 222.98
334.48 , 219.79
327.38 , 217.52
319.62 , 217.46
312.95 , 220.87
305.45 , 222.18
298.43 , 219.78
253.35 , 226.83
252.61 , 223.29
249.63 , 221.07
246.45 , 219.39
242.58 , 219.32
239 , 220.07
235.56 , 221.09
232 , 221.82
228.68 , 223.06
225.55 , 224.9
222.96 , 227.74
221.13 , 230.82
224.7 , 231.57
228.25 , 230.82
232.06 , 230.57
235.75 , 231.07
239.68 , 231.08
243.1 , 230.07
246.68 , 229.33
250.1 , 228.31
