2222444403_1
414 , 346.8
415.24 , 363.13
418.34 , 379.44
420.03 , 396.33
422.1 , 413.7
426.23 , 430.13
431.8 , 446.78
437.97 , 461.71
446.52 , 476.03
457.93 , 489.61
468.7 , 501.75
481.13 , 513.54
493.72 , 525.37
507.7 , 536.71
521.02 , 545.31
536.28 , 554.14
551.02 , 561.84
566.59 , 567.49
583.49 , 571.71
600.48 , 574.49
617.06 , 573.98
634.61 , 571.57
651.26 , 567.33
668.11 , 562.46
684.17 , 557.57
699.58 , 550.67
714.6 , 543.7
730.01 , 536.89
745.61 , 527.98
758.74 , 519.17
772.43 , 507.99
784.91 , 497.47
796.28 , 483.31
804.15 , 468.93
812.6 , 453.15
819.83 , 439.29
823.63 , 422.67
827.32 , 405.82
828.37 , 388.58
829.37 , 372.36
827.64 , 353.8
580.78 , 335.18
573.49 , 345.81
566.6 , 358.69
561.56 , 372.04
562.94 , 385.41
574.18 , 394.19
588.25 , 395.54
601.16 , 391.66
615.14 , 391.41
629.78 , 390.74
641.96 , 396.37
655.85 , 398.8
669.26 , 394.07
673.25 , 381.65
669.78 , 367.9
663.1 , 355
656.69 , 341.85
557.5 , 466.18
562.22 , 457.23
567.66 , 448.53
574.95 , 440.49
583.33 , 434.11
592.42 , 429.68
602.67 , 427.93
613.52 , 428.43
624.25 , 429.18
634.15 , 431.59
643 , 436.68
651.17 , 443.61
659.1 , 451.28
666.75 , 459.18
674.01 , 467.23
676.89 , 476.78
672.17 , 485.77
663.45 , 491.21
653.98 , 494.43
643.73 , 496.18
632.75 , 496.43
622.27 , 495.18
611.77 , 493.93
601.3 , 492.67
591.23 , 490.66
582.23 , 485.9
573.67 , 480.1
565.7 , 472.63
580.5 , 460.93
584.9 , 458.52
589.4 , 456.28
594.38 , 455.15
599.65 , 454.68
605.02 , 454.93
610.3 , 455.43
615.67 , 455.68
621.08 , 455.43
626.35 , 455.96
631.48 , 456.68
636.35 , 458.02
640.95 , 459.92
645.58 , 461.74
650.37 , 463.16
648.23 , 463.93
643.12 , 463.06
637.88 , 462.55
632.55 , 462.2
627.27 , 461.68
622 , 461.18
616.62 , 460.94
611.35 , 461.4
606.2 , 462.18
600.83 , 461.93
595.42 , 462.16
590.4 , 463.2
585.38 , 462.17
676.39 , 281.94
680.25 , 274.6
687.14 , 269.44
694.91 , 266.69
703.19 , 264.94
711.81 , 263.94
720.79 , 264.2
728.94 , 266.18
736.39 , 269.94
742.91 , 275.71
746.2 , 283.14
739.62 , 289.2
732.39 , 293.44
724.87 , 296.96
716.99 , 299.43
708.37 , 300.44
699.39 , 300.19
690.76 , 299.21
682.89 , 296.69
676.4 , 291.06
564.27 , 281.44
561.07 , 273.87
555.95 , 266.98
548.75 , 262.79
540.77 , 260.54
531.83 , 260.29
523 , 260.79
514.65 , 262.29
506.68 , 264.52
499.05 , 267.56
491.5 , 270.54
498.38 , 275.67
505.45 , 280.22
512.73 , 284.26
520 , 288.29
527.55 , 291.53
536.15 , 292.54
545.1 , 292.29
553.8 , 291.55
561.76 , 289.26
665.8 , 224.15
676.47 , 214.48
689.2 , 210.43
703.32 , 209.15
717.4 , 210.5
730.82 , 213.15
743.85 , 216.63
756.2 , 221.68
767.18 , 230.53
775.8 , 241.4
783.08 , 252.93
776.45 , 260.83
766.05 , 250.9
756.85 , 240.18
745.57 , 232.17
733.12 , 227.41
719.67 , 225.02
705.67 , 226.53
692.12 , 228.9
677.88 , 229.93
589.7 , 231.87
577.65 , 224.16
563.45 , 221.69
548.15 , 221.92
533.67 , 223.92
519.35 , 226.16
505.18 , 228.76
491.77 , 232.92
479.18 , 239.27
467.65 , 248.54
457.5 , 259.69
469.73 , 252.47
481.82 , 244.87
494.95 , 240.23
509.48 , 238.44
524.8 , 238.69
540.1 , 238.44
554.8 , 239.93
568.92 , 242.62
583.95 , 243.44
