2224610174_1
458.59 , 578.3
454.53 , 596.16
453.88 , 615.64
456.16 , 635.36
460.46 , 654.27
466.69 , 674
475.47 , 691.43
485.18 , 708.25
494.49 , 725.01
505.49 , 741.89
516.31 , 757.13
529.36 , 773.42
540.83 , 787.56
552.07 , 805.04
563.88 , 820.2
578.11 , 833.74
593.26 , 844.6
612.1 , 852.91
630.16 , 857.78
649.49 , 860.53
669.45 , 858.85
688.5 , 850.7
704.65 , 842.27
722.18 , 831
737.66 , 820.18
753.6 , 807.69
767.64 , 794.17
782.49 , 780.92
795.5 , 766.61
806.5 , 750.84
816.11 , 734.88
825.39 , 717.3
834.3 , 699.19
843.07 , 682.24
849.25 , 663.37
853.49 , 644.3
858.8 , 624.06
863.63 , 606.12
868.69 , 587.61
872.88 , 567.32
874.6 , 547.25
536.19 , 598.55
534.85 , 611.16
532.69 , 625.15
531.83 , 638.02
531.69 , 652.05
542.58 , 658.32
556.69 , 662.33
569.63 , 661.86
583.74 , 659.87
597.33 , 660.87
610.1 , 659.35
622.83 , 653.34
628.85 , 642.08
624.78 , 629.39
614.9 , 619.4
608.13 , 607.94
602.3 , 595
532.2 , 708.19
542.23 , 702.68
552.5 , 697.67
564.4 , 696.44
576.33 , 697.69
587.75 , 695.42
599.78 , 694.44
611.8 , 695.44
624.08 , 694.94
636 , 696.18
648.03 , 697.19
660.18 , 696.44
672.45 , 695.94
681.3 , 698.84
671.33 , 704.53
661.58 , 710.85
651.93 , 717.47
642.18 , 723.72
632.38 , 729.95
622.3 , 735.44
611.78 , 739.62
600.28 , 741.7
588.48 , 743.19
576.3 , 742.54
565.23 , 739.46
555.53 , 733.01
547.96 , 723.72
542.26 , 713.75
550.95 , 710.44
559.08 , 712.43
567.48 , 713.94
576.23 , 714.69
585.1 , 714.19
593.85 , 713.44
602.48 , 712.44
611.23 , 711.69
619.98 , 710.94
628.38 , 709.42
637 , 708.44
645.4 , 706.98
653.6 , 705.04
661.78 , 703.12
669.02 , 701.37
661.03 , 703.71
653.08 , 706.07
644.88 , 707.92
636.35 , 709.19
627.73 , 710.19
619.1 , 711.19
610.35 , 711.94
601.6 , 712.7
593.08 , 713.94
584.45 , 714.94
575.7 , 715.69
567.3 , 714.19
558.8 , 712.97
615.87 , 531.79
619.84 , 524.82
625.5 , 518.42
632.17 , 513.51
639.22 , 509.7
646.54 , 506.61
654.45 , 504.76
663.2 , 504.79
671.62 , 505.54
679.5 , 507.41
686.8 , 510.53
687.29 , 518.55
680.47 , 522.95
673.25 , 526.42
665.87 , 529.29
658.05 , 531.3
649.87 , 532.54
641.47 , 533.29
632.94 , 532.79
624.3 , 532.54
532.16 , 537.5
529.91 , 530.98
524.63 , 525.57
518.65 , 521.77
512.18 , 519.34
505.13 , 518.08
497.73 , 518.58
490.91 , 520.31
484.58 , 523.23
478.78 , 527.53
474.08 , 533.21
470.73 , 539.33
476.21 , 544.56
483.03 , 546.35
490.56 , 546.58
498.21 , 546.58
505.73 , 546.33
512.56 , 544.56
519.48 , 543.08
527 , 542.83
593.2 , 477.48
596.95 , 463.59
608.98 , 455.21
622.45 , 450.73
636.7 , 447.73
651.3 , 445.38
666.12 , 446.91
679.75 , 451.02
691.6 , 460.12
699.96 , 472.06
704.19 , 485.71
703.57 , 498.36
698.45 , 485.11
691.5 , 472.74
678.7 , 466.23
664.2 , 463.73
648.85 , 462.98
634 , 464.71
620.1 , 468.45
607.28 , 474.91
513.49 , 494.34
509.51 , 486.21
501.41 , 481.45
492.44 , 479
482.81 , 477.72
472.96 , 476.97
462.86 , 476.72
454.26 , 480.04
447.96 , 487.6
444.43 , 496.15
442.61 , 505.47
444.29 , 514.9
448.1 , 507.57
451.77 , 499.08
459.38 , 492.95
468.24 , 490.23
478.11 , 489.47
487.71 , 490.73
496.44 , 493.75
505.31 , 496.43
