2228100915_2
323 , 432.94
323.3 , 446.5
324.67 , 461.48
326.82 , 474.9
329.48 , 489.6
332.21 , 504.28
334.95 , 517.44
338.07 , 532
342.82 , 546.03
348.58 , 557.95
356.26 , 570.52
365.43 , 582.3
375.23 , 593.23
385.29 , 602.79
397.06 , 611.95
409.06 , 619.45
421.53 , 626.4
434.13 , 633.15
447.33 , 638.58
461.24 , 641.86
475.47 , 643.91
489.78 , 643.74
504.02 , 642.15
518.16 , 640.3
533.17 , 637.23
546.39 , 633.27
559.51 , 627.24
571.98 , 619.02
583.22 , 611.29
595.21 , 602.97
606.39 , 593.96
616.11 , 583.26
623.51 , 570.99
629.21 , 556.68
632.96 , 542.99
636.18 , 529.1
639.69 , 515.4
643.49 , 501.61
647.21 , 487.82
649.7 , 473.76
650.69 , 458.15
470.75 , 427.55
465.18 , 437.83
459.76 , 448.95
455.96 , 460.49
454.18 , 472.48
459.85 , 482.84
471.43 , 485.03
484.37 , 483.3
496.96 , 482.6
508.8 , 485.23
519.4 , 489.48
531.92 , 491.85
540.52 , 483.89
542.3 , 471.5
541.2 , 460.07
536.02 , 448.88
530.5 , 436.94
430.44 , 547.98
436.32 , 539.83
443.92 , 532.26
451.64 , 525.03
459.62 , 518.56
467.99 , 513.22
477.37 , 510.46
487.84 , 510.99
497.22 , 513.73
507.09 , 511.99
516.94 , 513.73
525.37 , 518.88
533.54 , 524.84
541.38 , 531.68
547.32 , 539.86
550.42 , 549
542.39 , 555.29
533.64 , 559.74
524.76 , 563.75
515.54 , 566.75
505.79 , 568.72
495.44 , 569.48
485.09 , 568.73
475.44 , 566.48
465.81 , 564.23
456.99 , 559.96
448.04 , 556.2
438.94 , 552.98
443.44 , 546.48
449.69 , 543.98
456.19 , 541.98
462.74 , 539.96
469.42 , 538.25
476.54 , 537.48
483.69 , 538.23
490.84 , 538.98
498.24 , 539.23
505.49 , 538.73
513.01 , 538.73
520.04 , 539.72
526.94 , 540.98
533.72 , 542.5
540.01 , 545.04
534.16 , 543.71
527.39 , 542.19
520.47 , 540.98
513.19 , 540.48
505.79 , 540.23
498.66 , 539.48
491.26 , 539.23
483.99 , 538.73
476.84 , 537.98
469.72 , 538.72
463.16 , 540.72
456.87 , 543.21
450.34 , 545.23
542.44 , 393.37
546.34 , 390.19
550.89 , 388.61
555.82 , 387.87
560.74 , 387.12
566.04 , 387.12
571.09 , 387.62
576.14 , 388.12
580.94 , 389.12
585.31 , 391.19
587.93 , 395.35
584.04 , 398.55
579.62 , 400.4
574.69 , 401.12
569.52 , 401.37
564.34 , 401.62
559.42 , 400.87
554.24 , 400.62
549.37 , 399.8
545.07 , 397.51
444.56 , 389.39
441.64 , 385.38
437.47 , 382.82
432.74 , 381.57
427.94 , 380.58
422.86 , 380.07
417.69 , 379.82
412.49 , 380.07
407.56 , 380.81
403.16 , 382.82
399.34 , 386.32
402.54 , 390.26
406.76 , 392.76
411.41 , 394.06
416.37 , 394.82
421.31 , 395.57
426.49 , 395.82
431.79 , 395.82
436.62 , 394.82
441.17 , 393.27
533.18 , 352.6
536.46 , 346.57
542.35 , 342.92
549.63 , 342.35
556.65 , 343.35
563.93 , 343.85
570.35 , 341.58
577.5 , 340.85
583.93 , 343.1
588.59 , 348.48
591.46 , 354.73
592.45 , 361.74
586.8 , 365.75
581.05 , 361.69
575 , 358.33
567.83 , 357.6
560.68 , 358.35
553.28 , 358.1
545.88 , 357.85
538.95 , 356.62
459.75 , 350.9
459.35 , 341.08
451.07 , 335.12
441.75 , 332.14
431.65 , 330.65
420.8 , 330.65
410.1 , 330.9
399.8 , 332.05
390.5 , 335.11
381.68 , 339.68
373.56 , 346.05
367.2 , 354.15
377.8 , 354.64
387.3 , 351.87
397.05 , 349.66
407.4 , 348.65
417.98 , 349.15
428.57 , 349.65
439.05 , 350.4
449.27 , 351.65
