2228100915_3
291.8 , 422.2
294.5 , 433.8
297 , 445.3
299.5 , 456.8
303.3 , 467.9
308.82 , 479.75
314.43 , 490.41
320.55 , 500.38
327.3 , 509.86
335.78 , 519.46
344.23 , 527.49
352.95 , 535.13
363.2 , 542.65
372.88 , 549.36
382.52 , 556.68
392.95 , 562.97
403.62 , 567.98
415.08 , 572.02
426.94 , 574.7
438.68 , 575.53
451.55 , 574.19
462.82 , 570.64
473.84 , 565.68
483.83 , 559.87
494.06 , 553.01
503.61 , 545.52
511.69 , 537.18
520.48 , 527.93
528.78 , 519.38
536.24 , 509.63
542.17 , 500.03
548.44 , 489.17
554.35 , 479.35
561.14 , 468.22
566.59 , 458.1
571.25 , 446.22
574.08 , 435.28
575.95 , 423.08
576.81 , 410.77
576.6 , 398.5
576.1 , 386.34
394.7 , 402.5
388.17 , 411.43
382.24 , 420.56
379.96 , 432.38
383.25 , 442.69
393.05 , 447.6
404.58 , 447.32
415.94 , 449.55
426.4 , 452.06
437.5 , 447.9
447.82 , 442.59
458.55 , 440.5
468.06 , 435.07
468.28 , 424
463.99 , 412.53
456.3 , 405.43
446.94 , 397.25
372.84 , 480.63
382.66 , 478.39
391.99 , 475.1
401.41 , 472.14
411.62 , 470.63
422.29 , 471.13
432.62 , 469.88
441.94 , 466.6
452.14 , 465.13
462.94 , 464.88
473.87 , 464.88
484.66 , 464.63
493.66 , 467.79
488.49 , 476.46
482.99 , 484.95
477.1 , 493.36
471.96 , 502
464.79 , 509.94
456.41 , 515.87
447.49 , 520.41
437.66 , 522.63
426.84 , 522.88
416.29 , 522.14
406.99 , 518.79
398.62 , 512.91
391.62 , 504.9
386.12 , 496.4
380.78 , 487.83
378.09 , 481.63
386.71 , 481.88
395.36 , 481.63
403.76 , 482.38
411.94 , 483.62
420.21 , 484.62
428.74 , 485.13
436.87 , 483.86
444.56 , 481.63
451.89 , 478.59
459.14 , 475.34
466.41 , 472.12
474.12 , 469.87
482.16 , 468.38
482.17 , 474.55
475.56 , 479.66
468.96 , 484.78
462.16 , 489.28
455.19 , 493.28
447.69 , 495.9
439.76 , 497.63
431.37 , 498.38
422.96 , 497.66
414.89 , 496.17
407.39 , 493.66
400.01 , 490.81
392.64 , 487.91
385.39 , 484.66
460.2 , 349.58
462.23 , 345.81
465.52 , 342.49
469.2 , 340.08
473.07 , 338.21
477.12 , 336.82
481.47 , 336.08
485.93 , 335.58
490.52 , 335.33
494.98 , 335.85
498.65 , 338.24
497.73 , 342.32
493.93 , 344.36
490.1 , 346.34
486.12 , 347.83
481.88 , 348.83
477.55 , 349.57
473.07 , 350.08
468.6 , 350.58
464.15 , 351.09
373.33 , 357.43
369.61 , 355.54
365.84 , 353.82
361.89 , 352.55
357.69 , 351.8
353.12 , 351.8
348.56 , 351.8
344.12 , 352.05
339.79 , 352.53
335.84 , 353.83
332.64 , 357.05
336.21 , 359.31
339.99 , 361.05
344.06 , 362.05
348.39 , 362.55
352.84 , 362.3
357.04 , 361.56
361.37 , 361.05
365.81 , 360.8
370.11 , 360.31
436.92 , 313.9
443.53 , 305.78
452.8 , 302.38
462.57 , 300
471.85 , 296.72
481.5 , 294.08
491.55 , 292.28
501.92 , 293.15
511.47 , 295.88
520.62 , 299.62
529.62 , 303.86
524.02 , 310.93
513.77 , 309.5
503.62 , 307.9
493.07 , 307.13
482.97 , 308.86
473.35 , 311.47
464.12 , 314.95
454.95 , 318.65
445.05 , 320.55
374.61 , 321.04
367.22 , 317.36
359.65 , 314.3
351.6 , 312.31
342.8 , 311.8
334.02 , 312.3
325.6 , 313.54
318.1 , 316.84
311.07 , 321.4
304.09 , 326.11
299.4 , 333.05
306.52 , 337.35
313.95 , 333.76
321.3 , 330.05
329.1 , 327.54
337.65 , 326.55
346.55 , 326.8
355.2 , 327.55
363.5 , 329.05
372.39 , 328.92
