2229166768_1
264.56 , 393.97
265.12 , 408.01
266.03 , 423.68
267.14 , 437.86
267.93 , 453.56
268.78 , 467.61
270.97 , 483.02
274.01 , 496.95
278.48 , 511.54
283.75 , 525.51
292.32 , 536.71
304 , 547.05
315.3 , 556.31
326.28 , 566.69
336.97 , 576.61
349.6 , 585.96
361.9 , 593.35
375.6 , 600.55
388.27 , 606.42
402.71 , 613.28
416.06 , 618.63
429.88 , 623.57
445.36 , 626.54
459.36 , 626.06
474.93 , 622.69
488.48 , 617.71
501.07 , 611.11
513.75 , 601.51
524 , 591.12
533.36 , 579.65
541.89 , 567.51
549.49 , 554.92
556.24 , 542.05
563.37 , 527.53
568.65 , 513.91
573.41 , 499.88
577.27 , 486.22
581.43 , 471.12
585.57 , 457.65
590.31 , 442.71
594.3 , 427.69
433.63 , 402.73
426.34 , 412
420.14 , 422.93
417.81 , 434.37
418.25 , 446.57
425.4 , 456.23
436.78 , 460.95
447.95 , 463.74
460.1 , 465.56
472.88 , 466.45
484.96 , 466.94
496.49 , 463.08
503.21 , 453.48
504.21 , 441.64
502.52 , 428.46
499.94 , 416.51
496.12 , 404.82
381.75 , 511.75
390.32 , 505.49
399.73 , 501.49
409.38 , 498.22
419.05 , 495
429.12 , 492.51
440.05 , 491.75
450.85 , 492.75
462 , 492.5
473.05 , 492
483.48 , 493.75
493.05 , 497.26
501.68 , 503.41
508.26 , 511.93
507.62 , 522.9
500.18 , 531.08
493.68 , 539.58
485.5 , 547
476.07 , 550.99
465.52 , 552.5
454.5 , 552
443.7 , 551
433.6 , 548.5
424.2 , 544.46
415.45 , 538.69
407.12 , 531.63
398.75 , 524.75
390.45 , 517.69
385.25 , 510.5
393.23 , 507.75
402.12 , 506.75
411.18 , 506
420.55 , 506
429.82 , 506.25
438.62 , 507.5
447.15 , 509.27
455.95 , 510.5
464.85 , 511.5
473.88 , 510.75
482.9 , 510
492.05 , 510.5
500.5 , 512.5
508.03 , 516.43
499.62 , 518.5
490.73 , 519.5
481.93 , 520.75
473.02 , 521.75
463.75 , 522
454.35 , 522
445.57 , 520.74
436.9 , 519.24
428.48 , 517.25
420.02 , 515.25
411.12 , 514.25
401.98 , 514.75
393.07 , 513.74
500.1 , 363.19
506.75 , 358.95
513.7 , 355.41
521 , 352.91
528.55 , 350.93
536.85 , 350.44
544.9 , 351.44
552.83 , 352.69
560.38 , 354.71
567.23 , 358.54
573.24 , 364.54
569.27 , 371.19
561.98 , 373.68
553.93 , 374.69
545.62 , 375.19
537.48 , 374.44
529.55 , 373.2
521.98 , 371.19
514.28 , 369.45
506.85 , 367.19
417.51 , 359.12
416.94 , 351.69
410.26 , 346.32
403.39 , 341.63
395.99 , 338.27
387.99 , 336.37
379.34 , 335.87
371.19 , 337.52
363.46 , 339.84
355.94 , 342.78
348.69 , 346.53
342.34 , 352.62
349.12 , 357.63
356.66 , 360.4
365.21 , 361.12
373.89 , 360.62
382.44 , 359.87
391.37 , 359.87
399.91 , 359.12
408.71 , 358.87
504.75 , 324.94
511.07 , 315.85
520.65 , 310.69
531.6 , 308.84
542.92 , 307.76
554.5 , 307.19
566.35 , 307.19
577.4 , 308.84
587.28 , 313.21
595.56 , 320.99
600.53 , 330.59
596.25 , 335.69
589.72 , 326.67
580.92 , 319.38
570.8 , 315.73
559.35 , 315.46
547.98 , 316.44
537.25 , 318.69
526.98 , 321.95
516.62 , 324.94
438.13 , 307.38
427.36 , 298.6
415.21 , 293.7
402.54 , 290.11
389.01 , 288.1
374.79 , 287.6
360.44 , 287.86
347.46 , 291.01
335.98 , 297.72
326.11 , 308.1
317.36 , 318.85
329.13 , 312.84
340.34 , 305.36
352.44 , 300.34
366.06 , 298.59
379.76 , 300.25
393.06 , 302.61
405.71 , 306.37
418.09 , 310.59
430.34 , 315.09
