2229763779_2
263.1 , 408.85
267.33 , 419.19
272.1 , 429.43
277.42 , 439.32
283.42 , 449.1
289.82 , 458.66
298.39 , 466.53
306.77 , 474.25
314.29 , 482.23
324.06 , 488.96
333.69 , 496.08
343.25 , 501.59
354.14 , 504.66
364.58 , 509.99
374.63 , 514.94
384.22 , 521.33
394.36 , 526.67
405.17 , 527.82
416.65 , 528.95
428.1 , 529.92
439.72 , 530.12
450.78 , 529.14
462.48 , 526.09
472.5 , 521.47
482.46 , 515.7
490.73 , 507.61
496.09 , 497.14
501.14 , 487.3
505.7 , 477.14
509.61 , 465.51
512.16 , 454.71
514.39 , 443.22
515.46 , 432.46
516.03 , 420.38
517.69 , 409.21
519.05 , 398.36
520 , 386.56
521.08 , 374.79
522.04 , 363.17
522.85 , 351.64
523.7 , 340.15
409.95 , 390.4
407.99 , 398.41
405.41 , 406.56
406.26 , 415
412.46 , 421.53
420.01 , 424
428.79 , 422.88
436.42 , 419.32
444.74 , 415.88
453.21 , 414.41
461.1 , 412.08
469.48 , 408.87
476.52 , 403.38
479.93 , 395.89
478.09 , 387.85
471.25 , 382.2
465.2 , 375.65
397.3 , 467.02
403.75 , 463.81
410.28 , 460.54
417.65 , 459.28
424.78 , 457.51
432.03 , 456.01
439.28 , 454.54
446.45 , 452.87
453.2 , 450.28
459.8 , 447.27
466.25 , 443.81
472.62 , 440.21
479.05 , 436.77
485.67 , 433.89
489.72 , 438.59
485.39 , 444.69
480.65 , 450.67
475.3 , 456.27
469.35 , 461.01
462.75 , 464.04
456 , 466.54
448.88 , 468.24
441.5 , 469.51
434.02 , 470.52
426.65 , 471.77
418.8 , 472.02
411.3 , 471.02
403.93 , 469.8
402.8 , 467.52
409.35 , 466.28
415.8 , 464.77
422.5 , 463.77
429.18 , 462.78
435.65 , 461.24
442.23 , 460.09
448.7 , 458.62
454.98 , 456.8
460.95 , 454.27
466.88 , 451.51
472.7 , 448.53
478.08 , 444.26
483.55 , 440.27
488.37 , 435.96
483.95 , 441.09
478.55 , 445.27
472.83 , 448.5
467.08 , 451.76
461.25 , 454.78
455.25 , 457.29
448.98 , 459.09
442.5 , 460.51
435.8 , 461.52
429.35 , 463
422.77 , 464.27
415.95 , 465.03
409.5 , 466.52
451.65 , 328.06
453.42 , 323.29
455.4 , 318.56
457.93 , 314.03
461.75 , 309.96
466.02 , 306.69
470.5 , 303.97
475.38 , 302.33
480.42 , 301.05
485.72 , 300.28
491.25 , 300.56
491.88 , 305.08
487.75 , 308.71
483.85 , 312.59
479.57 , 315.81
474.92 , 318.05
470.27 , 320.28
465.47 , 322.03
460.67 , 323.8
456.13 , 326.32
383.29 , 350.82
378.58 , 349.34
373.6 , 348.41
368.27 , 348.16
363.1 , 348.66
358.05 , 349.51
353.52 , 351.38
349.12 , 353.69
344.75 , 356.09
340.42 , 358.63
336.4 , 361.91
341.47 , 362.66
346.55 , 363.41
351.88 , 363.66
356.95 , 362.91
361.77 , 361.63
366.32 , 359.73
370.82 , 357.73
375.32 , 355.73
379.9 , 353.91
444.7 , 311.89
447.54 , 305.79
451.51 , 300.08
457.18 , 295.92
462.75 , 291.59
468.15 , 286.69
473.68 , 282.17
479.45 , 278.39
485.55 , 275.38
492.15 , 273.64
498.59 , 275.64
498.48 , 282.88
492.4 , 285.93
486.3 , 288.8
480.23 , 291.86
474.5 , 295.82
468.77 , 299.79
462.88 , 303.24
457.07 , 306.99
451.57 , 311.54
404 , 323.99
392.99 , 323.49
382.56 , 325.24
372.01 , 326.74
361.11 , 327.5
350.81 , 329.49
341.04 , 332.48
331.58 , 336.25
322.26 , 340.5
313.09 , 345.21
306.06 , 353.49
317.21 , 353.24
327.41 , 350.99
336.74 , 346.72
346.03 , 342.51
355.81 , 339.49
365.99 , 337.22
377.26 , 337.24
387.81 , 335.74
397.24 , 331.81
