2229778733_4
583.44 , 821.45
588.17 , 844.08
593.79 , 864.47
602.44 , 886.95
605.83 , 910.45
611.64 , 933.46
619.39 , 953.98
630.82 , 975.54
643.72 , 993.74
658.9 , 1010.23
677.11 , 1027.03
693.35 , 1041.98
710.95 , 1058.03
728.18 , 1073.34
744.88 , 1088.78
761.13 , 1104.64
779.98 , 1120.51
798.83 , 1132.01
819.51 , 1140.23
844.07 , 1146.14
865.37 , 1148.57
890.01 , 1149.26
911.5 , 1147.71
934 , 1140.87
953.63 , 1129.69
972.77 , 1113.61
988.37 , 1097.5
1003.46 , 1081.19
1020.99 , 1064.32
1038.3 , 1050.07
1055.5 , 1034.5
1072.36 , 1018.63
1086.59 , 1000.86
1100.5 , 980.17
1111.83 , 960.65
1121.81 , 940.29
1129.62 , 917.81
1138.41 , 895.58
1146.76 , 875.63
1155.95 , 853.25
1163.22 , 830.58
874.95 , 813.39
868.25 , 833.04
854.39 , 847.3
842.3 , 865.75
844.87 , 885.86
860.73 , 902.12
880.14 , 905.89
901.75 , 910.95
923.37 , 913.56
944.05 , 913.89
965.84 , 913.56
986.73 , 911.21
1005.42 , 899.58
1008.83 , 879.49
1002.54 , 858.67
989.64 , 841.85
985.05 , 820.5
794.57 , 997.84
810.5 , 993.57
828.02 , 992.59
844.35 , 989.09
860.32 , 984.84
876.65 , 981.34
894.2 , 980.35
909.05 , 987.35
924.57 , 992.34
940.9 , 988.84
958.42 , 989.82
973.42 , 996.33
990.35 , 998.58
1005.06 , 1005.87
994.5 , 1019.41
981.5 , 1031.41
968.1 , 1042.31
954.25 , 1051.94
939.62 , 1059.55
923.65 , 1063.86
906.12 , 1064.84
889.32 , 1062.34
873.2 , 1058.37
858.07 , 1052.34
843.52 , 1044.52
829.64 , 1034.93
816.27 , 1024.04
803.26 , 1012.04
824.82 , 997.59
835.72 , 1002.99
847.95 , 1005.34
859.6 , 1008.83
870.9 , 1013.12
882.12 , 1017.61
894.4 , 1019.83
907.42 , 1020.59
920.67 , 1020.34
933.1 , 1018.34
945.37 , 1016.1
958.27 , 1015.09
971.4 , 1014.59
983.35 , 1011.58
994.21 , 1008.18
982.85 , 1012.34
970.8 , 1015.09
958.15 , 1016.59
945.72 , 1018.6
933.45 , 1020.84
920.55 , 1021.84
907.3 , 1021.59
894.62 , 1020.08
882.35 , 1017.84
870.3 , 1015.09
858.64 , 1011.6
846.27 , 1009.55
835.47 , 1003.71
994.3 , 721.65
999.83 , 710.88
1009.27 , 701.68
1019.7 , 695.24
1030.9 , 690.9
1043.08 , 688.65
1056.35 , 688.65
1068.65 , 690.63
1079.7 , 695.39
1089.78 , 702.88
1098.99 , 712.33
1097.27 , 724.7
1088.38 , 734.13
1077.33 , 738.91
1064.92 , 740.65
1051.65 , 740.65
1039.33 , 738.65
1026.8 , 737.15
1014.72 , 734.66
1003.17 , 731.14
836.41 , 711.12
827.66 , 700.11
816.69 , 691.39
804.59 , 685.66
791.09 , 683.14
776.89 , 682.14
762.69 , 683.14
749.44 , 686.14
736.72 , 690.13
724.87 , 696.49
713.69 , 704.64
725.42 , 711.36
736.97 , 718.4
749.22 , 723.64
762.34 , 726.88
776.44 , 728.14
790.89 , 728.64
805.22 , 727.89
819.07 , 726.15
832.41 , 723.38
969.24 , 649.55
979.62 , 633.37
997.84 , 628.02
1018.24 , 627.3
1038.89 , 627.05
1058.69 , 625.05
1077.41 , 620.78
1096.84 , 618.06
1116.64 , 620.05
1133.79 , 628.09
1145.78 , 643.57
1130.12 , 654.3
1110.54 , 656.8
1090.39 , 658.05
1069.84 , 658.56
1050.64 , 661.81
1031.47 , 665.05
1012.51 , 668.8
992.47 , 670.3
972.47 , 668.75
909.86 , 667.88
899.58 , 644.32
877.29 , 628.87
852.61 , 620.13
825.79 , 615.64
799.19 , 610.7
772.71 , 605.48
744.26 , 604.38
717.59 , 609.15
694.36 , 622.13
679.86 , 644.46
676.61 , 671.88
698.13 , 658.87
722.13 , 647.88
749.56 , 644.63
778.56 , 644.64
805.26 , 649.37
831.16 , 655.9
857.09 , 662.36
882.16 , 670.17
