2230569196_4
421.59 , 527.75
424.49 , 545.45
425.9 , 565.51
430.04 , 583.74
434.25 , 602.94
438.84 , 622.07
442.81 , 642.03
446.47 , 661.54
453.18 , 678.5
463.51 , 695.12
476.1 , 711.4
487.42 , 726.98
497.28 , 742.31
510.84 , 758.25
525.65 , 770.52
537.06 , 786.26
548.26 , 800.78
564.49 , 813.17
582.01 , 822.54
600.04 , 829.4
617.22 , 836.72
636.37 , 837.33
656.76 , 836.77
675.05 , 830.31
692.55 , 821.2
707.5 , 808.6
720.28 , 793.82
729.48 , 778.1
742.74 , 764.26
759.71 , 754.59
774.05 , 739.98
785.94 , 724.31
796.4 , 709.65
806.47 , 692.19
814.08 , 674.07
820.29 , 656.5
828.66 , 637.76
832.11 , 618.4
837.56 , 599.57
844 , 581.03
848.95 , 562
635.25 , 567.05
628.01 , 581.37
619.33 , 593.37
613.17 , 609.52
616.27 , 625.02
628.69 , 635.48
642.57 , 643.72
657.04 , 651.54
671.81 , 656
688.8 , 655.59
704.51 , 652.38
720.73 , 650.22
731.55 , 640.86
734.18 , 624.08
730.27 , 609.08
724.15 , 593.41
718.19 , 577.65
559.94 , 688.81
573.42 , 682.55
588.74 , 680.31
603.82 , 677.57
620.09 , 677.31
634.82 , 680.81
648.32 , 687.34
662.47 , 691.81
678.39 , 690.81
693.32 , 693.81
706.79 , 700.35
720.34 , 706.55
733.16 , 714.75
729.75 , 729.51
717.82 , 740.18
705.62 , 750.13
693.32 , 759.71
680.54 , 768.05
666.77 , 773.56
651.22 , 775.31
635.29 , 774.34
621.12 , 769.83
607.62 , 763.5
594.89 , 755
583.1 , 743.98
573.93 , 731.48
567.46 , 718.01
563.44 , 703.53
570.19 , 693.56
581.57 , 694.56
592.82 , 693.31
604.57 , 693.56
615.34 , 695.83
626.02 , 698.34
636.69 , 700.81
647.34 , 703.33
658.62 , 704.56
670.24 , 705.06
681.49 , 706.3
692.49 , 708.1
702.92 , 711.06
712.86 , 715
707.36 , 723.34
697.12 , 726.54
687.09 , 730.34
677.04 , 734.08
666.54 , 736.81
655.04 , 737.59
643.99 , 735.85
633.34 , 733.28
623.22 , 729.82
613.32 , 725.68
603.54 , 721.07
593.99 , 715.84
584.84 , 709.56
575.82 , 702.95
723.31 , 539.87
730.38 , 532.54
737.81 , 525.62
746.31 , 521.62
755.23 , 518.85
764.93 , 517.62
774.73 , 518.62
783.96 , 520.87
792.53 , 524.61
799.95 , 531.52
805.21 , 539.52
803.83 , 549.04
795.71 , 553.9
786.51 , 556.12
776.93 , 557.62
766.88 , 557.12
757.66 , 554.88
748.43 , 552.62
739.61 , 549.6
731.06 , 545.87
628.93 , 519.93
623.82 , 511.83
616.45 , 504.68
608.32 , 499.58
599.65 , 496.08
590.25 , 494.08
580.37 , 493.08
570.27 , 493.58
560.9 , 495.55
552.3 , 499.35
544.07 , 504.08
549.38 , 512.14
557.2 , 517.99
565.72 , 522.11
574.57 , 525.08
584.07 , 526.83
593.95 , 527.83
604.17 , 528.08
614.17 , 528.83
624.02 , 527.82
732.39 , 488.28
742.01 , 478.89
755.06 , 477.78
768.26 , 477.03
781.69 , 476.78
794.89 , 477.53
807.76 , 478.9
819.97 , 481.78
831.34 , 486.5
841.71 , 493.86
848.61 , 504.25
841.14 , 512.53
829.82 , 507.71
817.94 , 504.27
805.09 , 502.78
792.01 , 501.78
778.59 , 502.03
765.51 , 503.03
752.34 , 502.24
740.7 , 498.34
642.92 , 480.3
644.35 , 463.29
629.21 , 457.78
613.73 , 453.02
597.81 , 449.04
581.4 , 446.04
563.93 , 445.29
546.83 , 446.8
530.58 , 450.02
515.9 , 457.05
503.21 , 469.49
495.93 , 484.04
510.7 , 477.55
525.65 , 471.53
542.18 , 468.79
559.65 , 468.04
576.65 , 469.79
592.9 , 473.04
609.06 , 476.53
625.81 , 478.79
