1144216773_1
526.45 , 581.64
528.4 , 601.48
531.76 , 622.91
534.7 , 644.51
536.47 , 666.47
541.54 , 687.82
547.24 , 709.14
555.05 , 730.63
564.2 , 749.2
574.08 , 768.31
585.05 , 786.7
599.8 , 804.02
613.55 , 820.28
625.36 , 838.64
637.03 , 855.8
652.34 , 873.72
668.3 , 887.16
687.35 , 897.45
708.73 , 904.24
729.97 , 907.58
752.03 , 908.95
773.13 , 907.53
794.87 , 901.71
814.21 , 893.45
831.21 , 881.03
848.45 , 866.08
864.42 , 852.62
882.33 , 840.69
901.22 , 826.49
917.47 , 811.75
930.84 , 796.4
945.79 , 779.92
959.97 , 763.52
970 , 744.27
979.69 , 725.04
988.49 , 704.13
995.96 , 683.65
1002.62 , 663.34
1007.75 , 642.7
1010.02 , 621.71
1010.89 , 597.95
714.6 , 600.8
705.86 , 619.19
694.62 , 638.28
685.85 , 658.41
682.77 , 679.61
695.32 , 696.79
714.81 , 707.65
731.68 , 718.33
752.97 , 725.45
774.66 , 721.46
793.63 , 711.98
812.11 , 702.38
827.26 , 685.25
826.12 , 664.16
823.55 , 643.37
814.96 , 623.82
806.39 , 601.64
650.1 , 773.07
665.1 , 771.07
678.98 , 775.35
693.85 , 777.57
709.58 , 778.07
723.75 , 781.85
736.83 , 788.3
752.3 , 787.32
767.33 , 785.32
782.93 , 784.57
797.8 , 786.82
813.3 , 787.82
827.83 , 784.82
841.85 , 788.81
831.3 , 800.38
819.23 , 809.47
806.53 , 816.88
793.3 , 822.86
779.65 , 827.57
765.25 , 830.82
749.88 , 832.07
734.5 , 830.81
720.1 , 827.57
706.48 , 822.85
693.4 , 816.36
681.12 , 807.85
669.75 , 796.72
659.58 , 785.05
665.85 , 776.82
676.4 , 780.05
687 , 783.35
697.6 , 786.57
708.5 , 789.34
719.5 , 791.81
730.85 , 793.57
742.48 , 794.82
754.55 , 795.07
766.4 , 794.32
778.48 , 794.07
790.45 , 793.57
802.55 , 793.32
814.62 , 793.07
825.98 , 791.82
814.48 , 793.32
802.4 , 793.57
790.3 , 793.82
778.35 , 794.32
766.25 , 794.57
754.4 , 795.32
742.33 , 795.07
730.85 , 793.57
719.48 , 791.81
708.38 , 789.57
697.62 , 786.56
686.88 , 783.56
676.42 , 780.05
820.8 , 509.12
828.6 , 500.57
836.95 , 492.23
846.07 , 486.09
855.7 , 481.12
866.07 , 478.11
877.52 , 477.37
888.88 , 478.37
899.35 , 481.1
909.1 , 485.66
918.14 , 492.17
917.27 , 503.43
908.3 , 510.12
898.3 , 513.87
887.45 , 515.87
876.12 , 516.87
864.65 , 516.12
853.7 , 514.39
843.47 , 511.12
832.62 , 509.12
699.09 , 503.96
691.29 , 496.37
682.62 , 490.74
673.69 , 485.82
664.16 , 482.58
653.89 , 480.86
643.14 , 480.11
632.41 , 480.93
622.34 , 483.08
613.29 , 487.81
605.99 , 495.86
612.96 , 504.08
621.62 , 509.74
630.87 , 513.73
640.69 , 516.34
651.22 , 517.61
661.62 , 516.14
671.26 , 513.1
680.94 , 510.15
691.54 , 509.12
801.89 , 421.74
813.89 , 403.61
832.54 , 393.08
854.06 , 389.24
877.22 , 389.24
900.24 , 389.99
922.29 , 387.27
944.62 , 384.99
964.84 , 390.94
978.65 , 406.84
983.39 , 427.99
984.39 , 450.92
968.06 , 455.17
953.04 , 438.9
934.14 , 428.74
912.34 , 425.49
889.19 , 426
866.64 , 427.74
844.09 , 429.49
821.26 , 430.36
723.4 , 439.07
724.29 , 416.82
705.35 , 403.25
683.67 , 397.07
660.89 , 393.07
638.29 , 388.7
615.22 , 385.32
590.69 , 385.8
569.69 , 393.29
551.14 , 407.84
537.14 , 426.59
531.42 , 448.57
548.35 , 466.29
568.55 , 456.22
584.79 , 438.45
606.07 , 431.58
630.19 , 430.32
654.19 , 431.82
676.97 , 435.84
699.5 , 440.39
