2233368704_1
161.9 , 486.05
165.12 , 502.37
166.87 , 520.32
171 , 536.06
174.96 , 553.33
177.96 , 570.45
181.85 , 588.07
186.43 , 603.46
193.85 , 620.75
200.31 , 635.79
207.28 , 651.62
216.41 , 667.39
226.14 , 680.16
239.75 , 692.86
252.95 , 702.99
267.08 , 713.07
281.2 , 722.77
295.44 , 732.21
311.36 , 740.97
326.92 , 747.59
343.9 , 753.07
360.61 , 756.91
377.45 , 760.01
395.93 , 760.5
412.24 , 756.77
427.94 , 747.98
440.79 , 737.25
454.06 , 725.15
467.57 , 713.79
479.9 , 702.59
489.57 , 688.6
498.05 , 672.35
505.38 , 657.68
512.68 , 641.46
519.77 , 625.01
524.75 , 608.27
529.33 , 592.1
534.1 , 575.65
539.27 , 558
544.18 , 541.26
549.04 , 524.5
379.8 , 536.25
371.62 , 545.48
363.61 , 555.05
360.41 , 567.17
367.35 , 576.44
379.55 , 576.19
391.25 , 580.8
401 , 589.8
411.6 , 596.3
423.53 , 596.05
436.54 , 596.43
446.98 , 588.79
458.6 , 586.25
467 , 577.53
463.96 , 564.88
457.39 , 555.01
453.5 , 542.25
325.69 , 627.37
334.19 , 625.12
343.69 , 624.87
353.09 , 624.37
362.49 , 624.87
371.51 , 626.11
380.92 , 626.62
389.94 , 627.87
398.54 , 629.96
407.51 , 631.4
417.14 , 631.37
426.54 , 631.87
435.62 , 633.05
444.36 , 634.85
446.82 , 642.25
439.12 , 646.65
430.62 , 648.87
421.34 , 649.61
412.19 , 648.62
403.17 , 647.37
393.89 , 646.62
384.49 , 646.12
375.09 , 645.62
365.59 , 645.86
356.62 , 644.55
348.62 , 641.06
340.72 , 637.13
332.72 , 633.63
336.94 , 629.62
343.81 , 632.11
351.81 , 632.37
359.94 , 632.37
367.59 , 633.37
374.97 , 634.87
382.49 , 636.12
390.14 , 637.12
398.01 , 637.62
405.89 , 637.12
413.89 , 637.37
421.76 , 637.87
429.54 , 638.62
437.17 , 639.62
445.17 , 639.87
437.31 , 639.37
429.69 , 638.37
422.04 , 637.37
414.17 , 636.87
406.17 , 637.12
398.16 , 637.37
390.29 , 636.87
382.51 , 636.12
375.14 , 634.62
367.84 , 632.87
360.22 , 631.87
352.19 , 631.62
344.56 , 630.62
452.65 , 484.65
458.35 , 482.38
463.97 , 479.64
469.67 , 477.16
475.67 , 475.4
482.05 , 474.4
488.9 , 474.4
495.27 , 475.37
500.95 , 477.94
506.32 , 481.31
510.08 , 486.55
506.87 , 491.91
501.17 , 494.4
495.02 , 495.89
488.3 , 496.15
481.92 , 495.15
475.92 , 493.39
469.92 , 491.64
464.15 , 489.4
458.62 , 486.39
352.9 , 467.27
347.9 , 462
342.27 , 457.89
336.18 , 455.05
329.75 , 453.12
322.88 , 452.12
315.62 , 452.37
308.73 , 453.39
302.35 , 455.34
296.25 , 458.12
290.25 , 461.12
295.65 , 465.8
301.7 , 468.83
307.85 , 471.4
314.62 , 472.65
321.65 , 473.37
328.77 , 472.87
335.9 , 472.37
343.27 , 472.37
350.43 , 472.87
442.72 , 471.7
445.85 , 460.77
456.05 , 455.69
466.55 , 451.7
478.02 , 449.7
490 , 448.7
502.42 , 448.7
514.5 , 449.45
526.22 , 450.95
537.45 , 453.46
546.92 , 460.39
544.82 , 471.2
532.72 , 470.45
522.05 , 466.97
510.9 , 464.2
498.47 , 464.2
486.87 , 465.96
475.65 , 468.44
465.05 , 472.2
453.7 , 474.45
390.92 , 447.77
378.38 , 437.97
364 , 433.27
349.65 , 428.49
335.25 , 423.84
320.25 , 420.27
304.62 , 417.99
288.25 , 417.24
272.02 , 418.24
256.5 , 420.71
242.4 , 425.99
257.02 , 430.27
273.62 , 429.99
290.35 , 429.99
305.98 , 432.23
321.3 , 435.15
336.15 , 438.99
350.4 , 443.99
364.45 , 449.5
379.1 , 453.74
