2233368704_3
282.25 , 419.1
284.06 , 430.24
285.52 , 441.6
287.78 , 453.84
288.88 , 466
290.87 , 476.76
293.86 , 488.69
297.44 , 499.76
303.17 , 511.21
309.98 , 520.68
318.41 , 529.1
328.14 , 536.18
338.06 , 541.41
348.6 , 546.7
359.52 , 551.07
370.88 , 555.03
382.03 , 558.92
394.22 , 562.27
405.64 , 564.38
417.19 , 565.91
428.87 , 566.5
441.87 , 566.45
452.74 , 565.68
465.49 , 564.5
476.84 , 564.21
488.27 , 563.49
500.72 , 560.99
511.8 , 555.99
521.46 , 549.08
529.72 , 540.56
537.99 , 532.54
543.74 , 521.69
547.47 , 511.16
550.22 , 499.63
553.98 , 487.88
555.45 , 476.56
556.75 , 464.8
559.44 , 452.95
560.06 , 441.35
560.85 , 429.18
561.25 , 416.65
401.15 , 379.9
396.51 , 387.77
392.73 , 395.94
391.78 , 405.06
396.03 , 412.92
404.42 , 414.62
413.18 , 411.66
421.78 , 407.74
430.84 , 406.87
439.5 , 409.48
447.59 , 413.26
456.24 , 415.05
465.02 , 411.76
469.34 , 403.61
469.77 , 395.06
467.18 , 386
464.05 , 377
390.2 , 468.58
395.32 , 462.95
399.17 , 456.85
402.79 , 450.7
407.02 , 444.73
411.97 , 439.05
418.6 , 436.67
426.2 , 436.83
433.88 , 437.08
441.52 , 437.33
448.57 , 438.86
454.45 , 443.33
459.95 , 448.83
465.53 , 454.15
470.82 , 459.7
475.8 , 465.4
471.85 , 471.17
465.07 , 473.21
458.23 , 475.07
451.42 , 477.1
444.77 , 479.3
437.98 , 481.33
430.55 , 482.08
422.9 , 482.33
415.6 , 481.35
409.25 , 478.15
402.95 , 474.83
396.52 , 471.84
401.2 , 463.33
404.85 , 459.93
408.57 , 456.71
411.97 , 453.06
415.7 , 449.83
419.68 , 447.34
424 , 445.79
428.88 , 445.33
433.82 , 445.58
438.68 , 446.09
442.88 , 448.01
446.52 , 451.41
450.25 , 454.64
454.1 , 457.58
457.97 , 460.34
461.78 , 463.34
458.75 , 464.34
454.48 , 462.6
449.77 , 461.83
444.8 , 461.58
439.73 , 461.58
434.77 , 461.83
429.7 , 461.83
424.62 , 461.83
419.77 , 462.33
414.82 , 462.56
410.48 , 464.08
405.65 , 464.59
467.62 , 339.63
471.23 , 334.78
475.94 , 330.79
481.19 , 328.12
486.55 , 325.86
492.5 , 324.89
498.92 , 324.87
504.44 , 326.61
509.75 , 329.16
515.02 , 331.63
519.4 , 336.18
517.57 , 341.72
512.34 , 344.39
507.05 , 346.86
501.35 , 348.38
495.17 , 348.88
488.87 , 348.63
482.8 , 347.88
477 , 346.63
471.62 , 344.38
384.92 , 337.07
381.23 , 332.65
376.52 , 329.68
371.57 , 327.25
366.25 , 325.87
360.38 , 325.62
354.85 , 326.59
349.95 , 329.12
345.38 , 332.45
341.14 , 336.67
338.2 , 341.37
342.73 , 344.9
347.62 , 347.36
352.75 , 349.12
358.17 , 350.37
364.05 , 350.62
369.82 , 350.11
375.23 , 348.87
380.2 , 346.62
384.67 , 342.92
470.4 , 300.33
473.5 , 293.59
480.3 , 290.18
487.92 , 288.83
496.1 , 289.08
503.75 , 290.43
510.97 , 292.56
517.88 , 295.56
525.05 , 297.86
532.02 , 300.55
538.33 , 305.25
538.28 , 311.21
531.23 , 308.64
524.33 , 305.56
516.75 , 304.07
508.82 , 303.35
501 , 302.36
493.32 , 301.1
485.75 , 299.58
477.7 , 299.08
386.22 , 313.07
383.99 , 305.36
376.47 , 298.82
367.92 , 295.02
358.62 , 292.98
349.07 , 291.48
338.89 , 291.73
329.69 , 293.95
321.14 , 297.72
313.15 , 302.95
307.88 , 310.93
305.87 , 320.23
314.82 , 319.02
322.69 , 313.42
331.12 , 309.23
339.82 , 305.97
349.25 , 304.24
359.52 , 304.23
369.02 , 305.88
377.8 , 308.95
