2233737284_1
917.07 , 629.44
933.75 , 657.7
952.85 , 685
972.02 , 712.27
990 , 739.96
1008.2 , 767.2
1027.87 , 793.4
1047.26 , 819.24
1068.11 , 844.82
1090.44 , 868.72
1117.81 , 892.09
1140.98 , 911.25
1167.36 , 934.85
1191.65 , 956.68
1216.68 , 976.63
1245.59 , 995.52
1276.69 , 1001.73
1310.64 , 995.93
1339.63 , 984.31
1371.2 , 968.91
1399.66 , 953.99
1429.05 , 935.74
1453.8 , 916.02
1478.95 , 891.26
1500.18 , 868.1
1523.63 , 843.15
1546.2 , 817.93
1565.41 , 793.7
1586.22 , 766
1604.31 , 739.82
1621.61 , 708.95
1632.68 , 679
1637.2 , 647.65
1634.74 , 612.3
1630.33 , 580.58
1625 , 545.64
1621.41 , 513
1617.78 , 482.56
1616.7 , 448.25
1614.61 , 414.99
1604.75 , 381.55
1065.89 , 560.2
1066.8 , 585.11
1069.39 , 612.43
1072.95 , 637.66
1086 , 661.45
1107.56 , 676.85
1130.64 , 687.25
1155.8 , 684.1
1181.61 , 675.6
1201.8 , 659.74
1224.35 , 643.18
1242.22 , 624.47
1250.8 , 600.45
1245.34 , 573.91
1230.64 , 552.64
1205.91 , 542.15
1194.2 , 519.29
1110.36 , 813.76
1118.93 , 794.66
1132.89 , 777.48
1150.33 , 764.27
1170.33 , 758.01
1191.73 , 754.54
1210.71 , 745.42
1229.41 , 735.5
1249.68 , 729.77
1271.84 , 727.76
1294.68 , 727.26
1317.16 , 726.01
1339.41 , 724.26
1359.98 , 728.64
1353.37 , 748.43
1343.12 , 766.96
1330.49 , 784.63
1316.18 , 801.68
1299.76 , 817.76
1282.01 , 830.1
1263.11 , 839.51
1244.03 , 848.33
1224.73 , 856.23
1204.13 , 861.51
1181.53 , 862.53
1161.56 , 856.22
1143.96 , 843.35
1127.23 , 828.13
1129.11 , 812.01
1144.71 , 807.79
1159.51 , 801.73
1174.34 , 795.75
1191.18 , 794.01
1207.06 , 790.26
1221.61 , 783.26
1236.13 , 776.27
1250.93 , 770.28
1266.03 , 764.99
1281.21 , 760.04
1296.38 , 755.02
1311.46 , 749.79
1326.13 , 743.24
1339.84 , 734.28
1325.43 , 741.7
1310.93 , 748.78
1296.21 , 755.04
1281.03 , 759.99
1265.68 , 764.78
1250.61 , 770.01
1235.86 , 776.26
1221.33 , 783.25
1206.58 , 789.51
1190.58 , 793.01
1174.23 , 795.76
1158.76 , 800.23
1143.96 , 806.29
1215.56 , 368.29
1218.57 , 353.77
1227.7 , 341.64
1237.71 , 329.86
1249.88 , 320.94
1262.96 , 314.38
1276.98 , 310.27
1292.13 , 308.54
1307.53 , 309.79
1321.09 , 314.8
1334.4 , 320.56
1338.58 , 333.78
1326.43 , 342.82
1312.78 , 347.55
1299.23 , 352.61
1284.86 , 356
1271.31 , 361.04
1258.23 , 367.6
1244.46 , 372.04
1228.98 , 372.97
1020.85 , 449.66
1014.03 , 436.96
1000.73 , 431.43
987.25 , 426.45
973.13 , 422.69
958.3 , 420.46
942.63 , 420.97
929.05 , 425.7
916.83 , 434.2
907.37 , 446.08
902.78 , 459.71
904.52 , 474.78
914.9 , 486.36
928.9 , 490.33
944.05 , 488.96
957.93 , 484.81
971.61 , 480.39
984.95 , 475.02
997.95 , 468.46
1010.66 , 461.2
1117.78 , 344.26
1123 , 313.56
1141.53 , 288.26
1163.76 , 264.29
1190.18 , 248.89
1218 , 237.5
1245.9 , 226.39
1273.86 , 215.45
1302.58 , 206.24
1334.23 , 203.01
1365.3 , 206.51
1362.23 , 223.26
1329.98 , 225.3
1300.11 , 232.2
1272.33 , 243.74
1246.33 , 260.23
1221.88 , 281.16
1198.18 , 304.11
1174.93 , 327.51
1149.68 , 346.26
989.3 , 381.37
973.42 , 369.74
956.4 , 361.21
938.85 , 354.39
920.27 , 349.62
899.52 , 349.87
879.9 , 352.37
859.9 , 354.12
839.9 , 355.88
822.21 , 362.38
817.05 , 380.62
836.77 , 382.62
856.17 , 379.62
876.3 , 381.12
896.8 , 381.87
916.67 , 383.87
935.97 , 387.05
955.25 , 390.33
974.52 , 393.6
992.77 , 398.87
