224036417_1
303.7 , 389.85
303.99 , 402.1
304.34 , 415.89
307.47 , 429.23
309.05 , 441.66
309.51 , 454.92
313.69 , 468.25
317.26 , 480.34
321.42 , 493.15
327.53 , 505.03
334.93 , 516.32
344.7 , 524.12
357.2 , 529.55
369.62 , 533.56
382.92 , 537.79
395.65 , 542.47
407.19 , 547.09
420.15 , 552.15
431.85 , 556.75
443.79 , 564.3
454.87 , 570.26
467.35 , 575.8
481.02 , 574.88
493.14 , 572.3
505.59 , 565.58
514.31 , 556.99
523.12 , 546.28
532.44 , 536.2
539.99 , 526.32
551.61 , 519.14
562.16 , 511.84
570.22 , 501.38
575.93 , 489.72
581.11 , 476.52
585.6 , 464.73
590.48 , 451.65
594.83 , 439.95
599.23 , 426.82
601.48 , 414.36
602.53 , 400.36
603.14 , 386.5
480 , 372
472.11 , 378.8
465.41 , 388.46
460.46 , 398.2
459.07 , 409.28
465.39 , 418.63
475.75 , 419.8
486.73 , 423.11
494.57 , 430.66
505.34 , 434.43
515.99 , 431.22
524.68 , 424.34
532.97 , 416.54
540.47 , 408.42
540.59 , 397.06
535.14 , 387.43
526.75 , 379.1
436.55 , 466.32
442.83 , 458.81
451.68 , 456.05
460.9 , 454.07
470.5 , 452.82
480.33 , 452.07
490.05 , 451.07
499.5 , 449.57
509.7 , 449.57
519.77 , 449.82
529.6 , 450.56
538 , 454.56
545.77 , 460.26
548.05 , 469.37
545.21 , 478.17
539.67 , 485.96
531.85 , 491.5
523.62 , 495.97
515.48 , 500.58
506.95 , 504.07
497.6 , 505.82
487.52 , 505.57
478.4 , 503.35
470.02 , 499.3
461.98 , 494.47
454.15 , 488.94
446.75 , 482.27
440.83 , 474.6
442.05 , 467.57
449.12 , 466.08
456.35 , 464.83
463.7 , 463.82
470.8 , 462.32
478.62 , 462.32
486.08 , 463.07
493.68 , 463.57
501.12 , 464.32
508.73 , 464.82
516.3 , 464.32
524.12 , 464.32
531.6 , 465.06
538.8 , 466.32
538.33 , 472.8
531.95 , 476.11
525.33 , 478.56
518.67 , 480.94
511.62 , 482.54
504.27 , 483.57
496.8 , 484.32
489.1 , 484.57
481.52 , 484.05
474.43 , 482.6
467.48 , 480.75
460.6 , 478.85
454.12 , 475.88
447.85 , 472.38
523.7 , 335.98
528.38 , 332.54
533.6 , 330.45
538.83 , 328.45
544.05 , 326.45
549.38 , 324.72
555.1 , 323.74
561.3 , 323.73
567 , 324.73
572.33 , 326.48
576.2 , 330.98
573.67 , 336.01
568.75 , 338.97
563.43 , 340.73
557.83 , 341.98
551.75 , 342.23
545.8 , 341.73
539.95 , 340.98
534.23 , 339.98
528.75 , 338.46
457.07 , 332.5
451.2 , 328.93
445.05 , 326.22
438.35 , 324.71
431.65 , 323.22
424.6 , 322.47
417.55 , 323.2
411.12 , 325.19
404.93 , 327.7
398.77 , 330.48
392.75 , 333.47
398.77 , 336.48
404.85 , 339.5
411.43 , 341.24
418.35 , 342.22
425.62 , 342.47
432.7 , 341.72
439.38 , 340.23
446.3 , 339.22
453.13 , 338
531.47 , 299.44
535.32 , 292.54
542.37 , 289.04
550.22 , 287.44
558.25 , 286.19
565.77 , 283.92
573.07 , 281.16
581.32 , 280.44
588.87 , 282.6
595.4 , 287.6
599.22 , 294.54
594.8 , 300.95
587 , 299.19
578.64 , 299.76
571.32 , 302.41
563.97 , 304.94
556.42 , 307.18
548.39 , 308.44
540.12 , 309.18
532.23 , 307.7
462.12 , 302.56
461.09 , 291
451.85 , 284.55
441.1 , 281.81
430.02 , 279.8
418.94 , 277.82
407.87 , 275.81
396.42 , 277.07
385.69 , 279.83
375.57 , 283.85
366.4 , 290.53
361.37 , 300.31
371.92 , 303.3
382.77 , 300.81
393.35 , 297.81
405.27 , 297.56
416.35 , 299.56
427.55 , 301.31
439.25 , 302.06
450.57 , 303.56
