224036417_2
285.2 , 396.17
285.3 , 408.07
286.19 , 419.93
287.19 , 430.74
288.45 , 442.68
290.27 , 454.56
293.05 , 466.22
297.13 , 477.42
302.15 , 488.21
308.21 , 498.39
315.71 , 507.69
323.84 , 516.31
332.95 , 524
342.61 , 530.72
352.6 , 536.82
363.7 , 543.17
374.5 , 547.66
385.8 , 550.73
397.4 , 552.91
409.2 , 554.59
421.2 , 555.32
433.2 , 554.76
445 , 552.97
456.6 , 550.33
467.8 , 546.73
478.8 , 542.66
489.6 , 538.15
501.01 , 532.21
510.74 , 525.42
519.63 , 517.51
527.33 , 508.36
534.23 , 498.69
540.58 , 488.6
545.9 , 479.13
551.4 , 468.34
556.7 , 457.33
561.1 , 446.01
564.5 , 434.43
566.4 , 422.62
566.8 , 410.7
566.5 , 398.72
392.79 , 385.45
386.82 , 392.54
382.6 , 400.46
380.88 , 410.25
384.74 , 418.62
392.67 , 423.47
402.11 , 425.86
411.91 , 427.14
421.3 , 427.47
430.12 , 427.91
440.15 , 429.48
449.04 , 427.77
456.32 , 421.54
459.08 , 412.68
457.19 , 403.02
452.94 , 394.34
447.33 , 386.37
361.79 , 456.84
369.47 , 453.07
378.06 , 451.34
386.89 , 450.09
395.49 , 448.34
404.92 , 448.35
413.27 , 450.59
422.47 , 451.09
431.67 , 450.6
440.37 , 452.08
448.72 , 454.35
457.22 , 456.34
465.57 , 458.61
472.78 , 463.62
467.6 , 470.79
460.79 , 477.09
453.59 , 482.3
445.84 , 486.11
437.49 , 488.34
428.77 , 489.84
419.82 , 490.84
410.51 , 491.09
401.54 , 490.09
393.49 , 487.3
385.82 , 483.37
378.82 , 477.61
372.02 , 471.32
366.62 , 464.16
367.79 , 458.59
374.64 , 458.09
381.74 , 458.09
388.62 , 457.59
395.34 , 456.84
402.22 , 456.34
408.74 , 457.55
415.22 , 458.77
422.19 , 459.09
429.17 , 459.34
436.02 , 459.84
442.64 , 460.82
449.02 , 462.34
455.41 , 463.82
456.81 , 468.58
450.72 , 470.59
444.32 , 472.09
437.72 , 473.07
430.97 , 473.84
424.12 , 474.34
417.12 , 474.09
410.14 , 474.33
403.51 , 473.33
397.19 , 471.74
391.04 , 469.84
384.99 , 467.79
379.04 , 465.34
373.26 , 462.31
465.4 , 346.19
468.45 , 342.63
472.22 , 340.09
476.17 , 337.92
480.57 , 336.94
485.2 , 336.44
490.07 , 336.44
494.72 , 336.94
499.1 , 337.91
502.9 , 340.44
506.4 , 343.69
504.9 , 347.84
501 , 349.85
496.85 , 351.43
492.1 , 351.69
487.22 , 351.69
482.45 , 351.44
477.95 , 350.69
473.42 , 349.94
469.3 , 348.35
384.12 , 342.72
381.19 , 338.49
376.7 , 336.28
372.1 , 334.44
366.98 , 333.69
361.75 , 333.19
356.53 , 333.69
351.53 , 334.68
346.9 , 336.46
342.4 , 338.63
339.1 , 342.69
343.03 , 346.39
347.53 , 348.63
352.15 , 350.44
357.12 , 351.44
362.6 , 351.44
367.73 , 350.69
372.73 , 349.7
377.7 , 348.68
382.59 , 347.45
455.6 , 309.62
460.04 , 302.9
467.38 , 300.11
475.23 , 298.34
483.23 , 297
491.62 , 296.37
499.83 , 297.36
507.18 , 300.19
514.38 , 303.38
521.5 , 306.78
528.47 , 310.71
527.92 , 316.19
520.3 , 314.08
512.55 , 312.12
504.12 , 311.62
495.8 , 310.87
487.48 , 310.12
478.9 , 310.37
470.7 , 311.34
462.75 , 312.89
392.53 , 310.17
385.28 , 305.42
377.35 , 302.49
368.9 , 300.67
359.93 , 299.92
350.95 , 300.67
342.1 , 301.68
333.38 , 302.93
324.9 , 304.64
317.26 , 308.43
311.78 , 315.42
319.45 , 318.93
327.73 , 316.71
336.33 , 315.18
345.18 , 314.17
354.13 , 313.42
362.88 , 314.7
371.5 , 316.15
380.33 , 317.16
389.53 , 316.92
