2244553371_1
371.31 , 1265.19
403.72 , 1348.95
442.4 , 1437.02
481.63 , 1515.43
528.74 , 1600.74
570.36 , 1677.96
614.92 , 1768.51
648.13 , 1847.14
683.78 , 1943.02
712.56 , 2032.14
737.13 , 2113.89
767.9 , 2210.23
798.77 , 2297.96
833.71 , 2380
890.73 , 2459.37
952.71 , 2521.16
1024.22 , 2589.7
1106.2 , 2615.39
1201.62 , 2641.62
1293.25 , 2652.33
1383.1 , 2645.23
1474.23 , 2622.22
1567.77 , 2601.43
1659.18 , 2572.17
1738.55 , 2535.68
1819.11 , 2479.39
1854.97 , 2392.74
1882.43 , 2304.58
1917.42 , 2219.88
1956.3 , 2138.11
2000.48 , 2053.33
2036.55 , 1967.73
2055.68 , 1874.87
2078.12 , 1787.87
2129.29 , 1702.9
2172.2 , 1620.36
2210.96 , 1534.28
2253.56 , 1454.51
2294.69 , 1375.91
2334.37 , 1289.4
2389.45 , 1206.2
1169.75 , 1096.9
1132.87 , 1167.67
1103.42 , 1254.09
1071.82 , 1338.57
1048.85 , 1416.16
1085.36 , 1497.42
1160.44 , 1534.34
1250.27 , 1564.55
1326.79 , 1591.43
1415.57 , 1565.53
1494.88 , 1539.06
1579.01 , 1530.84
1655.91 , 1482.72
1663.29 , 1395.71
1640.68 , 1309.44
1611.13 , 1228.23
1570.2 , 1148.13
928.3 , 1921.84
996.32 , 1907.57
1059.55 , 1883.34
1124.67 , 1863.46
1189.7 , 1843.44
1262.58 , 1839.09
1329.65 , 1855.12
1398.3 , 1844.09
1469.53 , 1850.32
1535.97 , 1867.85
1603.12 , 1884.16
1670.28 , 1900.57
1739.12 , 1913.16
1786.72 , 1945.18
1732.21 , 1991.41
1687.66 , 2047.49
1636.2 , 2099.91
1579.42 , 2142.59
1521.7 , 2182.43
1460 , 2212.13
1390.95 , 2222.84
1320.72 , 2213.06
1257.12 , 2189.85
1196.3 , 2158.09
1138.08 , 2119.85
1081.15 , 2077.69
1026.21 , 2030.49
981.45 , 1974.49
961.3 , 1941.84
1020.35 , 1942.34
1077.1 , 1947.61
1134.58 , 1943.83
1193.62 , 1943.34
1243.67 , 1962.56
1294.85 , 1978.88
1352 , 1983.34
1406.3 , 1973.59
1459.42 , 1960.72
1513.97 , 1950.91
1570.95 , 1946.09
1629.5 , 1944.59
1687.7 , 1942.34
1731.3 , 1940.84
1673.72 , 1944.34
1617.15 , 1949.99
1563.7 , 1962.19
1507.72 , 1969.11
1454.7 , 1982.19
1401.83 , 1995.57
1346.55 , 2003.34
1288.95 , 1999.85
1235.65 , 1987.32
1183.6 , 1972.59
1130.92 , 1958.87
1076.62 , 1948.59
1019.27 , 1944.59
1671.75 , 775.15
1710.68 , 731.97
1756.03 , 699.12
1802.62 , 669.81
1851.55 , 646.61
1905.28 , 634.66
1961.5 , 640.4
2014.5 , 653.9
2064.38 , 674.02
2111.12 , 702.9
2155.05 , 739.71
2165.65 , 790.15
2112.62 , 803.67
2059.65 , 817.13
2004.05 , 825.15
1944.92 , 825.4
1888.85 , 818.43
1834.88 , 807.02
1778.33 , 800.97
1724.85 , 788.5
1092.8 , 791.32
1072.1 , 746.06
1031.38 , 712.59
988.18 , 685.82
942.23 , 666.69
892.38 , 656.08
837.98 , 654.81
786.7 , 662.58
739.65 , 678.53
695.75 , 703.57
657.35 , 742.56
645.35 , 791.81
685.43 , 826.65
733.48 , 840.84
787.15 , 843.56
841.33 , 841.81
893.93 , 836.81
944.7 , 828.03
994.73 , 817.78
1047.93 , 814.06
1514.51 , 530.6
1539.51 , 449.83
1605.16 , 385.45
1681.09 , 346.79
1764.84 , 327.09
1854.99 , 320.85
1946.71 , 317.85
2039.66 , 317.35
2124.21 , 335.36
2201.43 , 370.84
2274.74 , 416.07
2284.71 , 470.83
2199.59 , 454.35
2113.96 , 438.85
2025.76 , 430.1
1936.23 , 437.62
1851.51 , 455.1
1765.76 , 470.35
1681.51 , 488.85
1604.76 , 525.35
1140.91 , 506.48
1120.94 , 448.07
1058.94 , 418.2
994.37 , 396.5
929.39 , 375.49
866.26 , 349.41
798.66 , 333.48
725.26 , 337.76
659.89 , 358.16
601.66 , 397.65
551.24 , 452.08
497.84 , 505.23
571.37 , 509.23
644.01 , 503.46
714.01 , 492.23
783.96 , 480.86
857.41 , 476.73
929.59 , 482.98
999.46 , 494.49
1067.77 , 509.23
