224905605_1
205.04 , 487.55
207.28 , 501.51
209.98 , 517.12
212.65 , 532.63
214.98 , 547.95
217.18 , 564.76
219.15 , 580.06
221.7 , 595.32
225.3 , 610.5
229.98 , 625.5
235.78 , 640.17
243.19 , 653.92
251.73 , 667.08
260.76 , 680.37
269.48 , 692.49
280.28 , 705
291.58 , 714.19
305.95 , 720.44
321.46 , 722.95
337.04 , 724.35
352.52 , 725.89
368.08 , 726.65
383.51 , 725.02
398.59 , 720.7
412.91 , 713.72
426.73 , 705.92
440.31 , 697.96
453.43 , 689.68
465.39 , 680.19
477.18 , 668.44
486.3 , 656.19
493.92 , 642.79
500.07 , 628.61
504.93 , 613.93
509.72 , 597.59
513.64 , 582.58
516.37 , 567.28
517.63 , 551.61
517.81 , 535.79
517.6 , 520.08
517.43 , 504.31
309.67 , 477.68
301.88 , 487.46
292.91 , 498.55
288.2 , 511.21
290.69 , 524.79
300.99 , 533.34
312.67 , 538.37
326.33 , 542.12
340.37 , 543.48
353.16 , 543.6
367.12 , 542.03
380.57 , 537.57
392.1 , 531.78
398.21 , 519.74
395.11 , 506.1
388.44 , 494.61
381.5 , 481.84
274.35 , 589.78
281.32 , 581.56
290.1 , 576.03
300.08 , 573.53
311.03 , 573.03
321.48 , 574.53
331.48 , 577.06
342.53 , 576.78
353.12 , 575.53
364.18 , 575.78
374.53 , 577.54
384.38 , 580.29
393.73 , 584.15
402.24 , 590.41
401.3 , 600.79
392.33 , 605.79
383.65 , 611.51
374.8 , 616.78
365.62 , 621.27
356.3 , 625.27
346.3 , 627.78
335.23 , 627.52
325.25 , 625.06
315.85 , 621.28
306.68 , 616.85
298.05 , 610.98
289.6 , 604.53
281.17 , 598.1
279.6 , 589.53
287.33 , 586.78
296.08 , 586.03
304.83 , 585.28
313.83 , 585.53
322.35 , 586.78
330.75 , 588.3
339.38 , 589.28
348.25 , 588.78
357.12 , 588.28
366.12 , 588.53
374.78 , 589.53
383.3 , 590.74
391.65 , 592.32
399.43 , 595.01
392.25 , 596.28
383.25 , 596.03
374.5 , 595.28
365.62 , 595.78
356.85 , 596.53
348.23 , 597.53
339.23 , 597.77
330.73 , 596.55
322.45 , 594.77
314.28 , 592.78
305.65 , 591.78
296.65 , 592.03
288.12 , 590.78
386 , 418.22
391.48 , 414.24
397.82 , 412.45
404.32 , 410.94
411.3 , 410.47
418.25 , 410.97
424.98 , 411.98
431.32 , 413.7
437.35 , 416.23
443.3 , 418.98
448.83 , 422.81
445.53 , 427.47
438.45 , 427.72
431.48 , 428.22
424.38 , 428.46
417.52 , 427.72
410.82 , 426.75
404.38 , 425.1
397.98 , 423.45
391.85 , 421.25
303.73 , 412.85
299.28 , 409.12
294.6 , 406.06
289.32 , 404.58
283.68 , 403.82
278.15 , 404.86
272.85 , 406.29
267.8 , 408.28
262.85 , 410.54
257.8 , 412.6
252.7 , 414.32
258.1 , 415.57
263.4 , 417.09
268.52 , 418.85
274.17 , 419.57
279.95 , 420.07
285.95 , 420.07
291.73 , 419.57
297.5 , 419.07
303.02 , 418.04
375.4 , 391.51
382.84 , 380.57
394.27 , 374.39
406.72 , 370.73
420.55 , 370.01
433.77 , 372.01
446.75 , 374.54
459.72 , 376.99
471.25 , 383.02
481.65 , 392.01
488.16 , 403.33
490.5 , 416.36
477.4 , 416.51
466.55 , 408.67
454.75 , 403.54
442 , 400.51
428.77 , 398.51
415.3 , 397.01
401.47 , 396.26
387.27 , 396.29
326.58 , 384.47
323.38 , 373.03
312.34 , 369.16
300.14 , 367.4
287.31 , 366.9
274.76 , 365.9
262.06 , 365.15
250.09 , 367.4
239.39 , 372.65
230.27 , 381.77
224.88 , 392.42
222.14 , 404.15
233.86 , 402.91
244.44 , 397.37
255.54 , 393.4
267.51 , 391.15
280.44 , 390.9
292.64 , 392.65
304.74 , 394.65
317.31 , 393.67
