2251139211_1
783.65 , 790.64
793.84 , 818.13
804.59 , 844.4
816.45 , 872.17
827.58 , 899.93
836.95 , 927.44
846.68 , 955.11
857.62 , 982.57
869.4 , 1010.43
880.35 , 1037.62
892.81 , 1062.51
909.89 , 1087.36
929 , 1111.61
948.97 , 1129.88
975.29 , 1147.12
1000.52 , 1162.63
1026.91 , 1171.44
1057.61 , 1177.81
1084.71 , 1178.91
1115.95 , 1172.91
1143.02 , 1162.91
1168.59 , 1151
1195.26 , 1135.1
1218.23 , 1118.82
1241.85 , 1098.41
1262.17 , 1078.44
1283.04 , 1055.18
1300.87 , 1032.41
1317.49 , 1009.24
1333.08 , 984.58
1346.69 , 956.8
1356.22 , 928.33
1363.24 , 900.02
1368.28 , 870.59
1370.65 , 842.55
1374.29 , 811.69
1378.13 , 784.84
1380.9 , 754.38
1381.53 , 725.7
1377.93 , 697.07
1369.03 , 665.9
915.85 , 706.6
913.3 , 729.1
909.54 , 750.49
902.61 , 773.15
909.36 , 795.88
926.63 , 809.59
944.31 , 797.91
964.15 , 784.46
987.78 , 782.22
1009.06 , 782.14
1032.5 , 785.92
1056.24 , 785.01
1071.01 , 768.09
1070.69 , 746.73
1059.18 , 725.11
1044 , 707.38
1030.89 , 688
924.47 , 918.67
934.38 , 902.75
949.27 , 889.86
966.07 , 882.14
985.92 , 883.17
1005.75 , 882.17
1024.02 , 877.93
1043.5 , 876.17
1062.87 , 878.17
1081.72 , 881.17
1100.47 , 884.42
1118.64 , 888.92
1135.42 , 896.63
1143.74 , 912.89
1132.49 , 928.39
1117.99 , 942.41
1102.27 , 952.9
1085.85 , 961.67
1069.22 , 969.92
1052.14 , 976.74
1034.52 , 982.17
1015.77 , 985.42
996.67 , 987.92
976.95 , 989.17
958.6 , 985.06
946.25 , 969.97
942.19 , 951.62
928.95 , 936.85
938.22 , 936.42
951.12 , 930.04
962.64 , 919.75
975.42 , 912.93
989.1 , 908.54
1003.35 , 905.3
1017.55 , 901.85
1031.87 , 898.77
1046.92 , 897.17
1062.62 , 897.42
1078.19 , 897.92
1093.17 , 899.65
1107.8 , 902.17
1122.82 , 903.77
1132.85 , 912.05
1120.82 , 920.83
1107.32 , 925.66
1092.97 , 928.67
1078.6 , 931.64
1064.89 , 935.9
1051.49 , 940.93
1038.07 , 945.82
1023.85 , 949.15
1009.12 , 951.42
994.02 , 952.92
978.55 , 952.17
963.57 , 950.45
950.35 , 945.05
1060.25 , 630.36
1066.06 , 619.06
1075.18 , 608.91
1085.83 , 601.26
1096.85 , 594.6
1108.53 , 589.85
1121.22 , 587.36
1134.83 , 586.61
1148.28 , 587.61
1161.12 , 589.88
1172.82 , 594.67
1172.8 , 608.06
1162.8 , 617.6
1151.42 , 623.37
1139.62 , 627.73
1127.03 , 630.61
1114.05 , 632.61
1100.47 , 633.36
1086.78 , 632.86
1073.2 , 632.11
923.24 , 660.83
921.25 , 649.16
910.39 , 644.14
898.52 , 641.39
886.22 , 639.64
873.52 , 640.61
861.79 , 643.61
851.02 , 649.04
840.94 , 656.14
831.54 , 665.29
823.87 , 675.19
819.94 , 686.39
831.64 , 689.14
844.32 , 690.14
856.89 , 688.89
869.19 , 687.14
881.07 , 684.37
892.32 , 680.52
903.12 , 675.2
913.49 , 668.88
992.87 , 542.44
997.8 , 512.01
1019.57 , 488.46
1046.35 , 474.96
1076.57 , 469.68
1108.39 , 471.69
1139.37 , 475.44
1169.49 , 480.91
1197.44 , 490.72
1223.8 , 505.13
1247.77 , 526.19
1251.55 , 552.96
1223.77 , 542.6
1197.39 , 528.21
1170.2 , 515.92
1138.97 , 513.18
1108.62 , 518.19
1079.55 , 525.92
1051.6 , 535.68
1023.7 , 545.69
928.48 , 580.82
917.72 , 564.05
901.06 , 553.09
883.48 , 544.32
864.83 , 538.66
844.13 , 537.07
824.71 , 541.34
807.25 , 550.3
790.93 , 562.38
776.23 , 577.57
767.07 , 594.97
764.23 , 615.07
780.11 , 605.57
796.86 , 594.83
814 , 585.07
831.15 , 575.35
850.81 , 571.57
870.81 , 574.57
891.21 , 576.82
908.98 , 584.82
