2251201726_1
273.64 , 329.05
276.04 , 342.16
278.64 , 355.27
281.67 , 369.8
284.49 , 382.84
288.55 , 397.03
293.31 , 409.39
299.78 , 422.5
306.39 , 433.94
313.49 , 446.31
322.1 , 456.91
332.07 , 465.95
343 , 476.01
353.4 , 484.33
364.51 , 491.78
377.7 , 498.54
390.66 , 502.82
404.05 , 506.48
418.22 , 509.77
431.94 , 511.71
445.14 , 510.11
459.38 , 507.07
473 , 503.08
485.48 , 499.22
499.15 , 493.71
510.85 , 486.12
520.79 , 477.6
532.82 , 470.18
543.95 , 461.22
553 , 451.76
561.95 , 440.48
570.08 , 428.87
577.13 , 417.91
583.55 , 405.07
588.62 , 391.59
592.26 , 377.78
595.18 , 364.73
597.1 , 351.47
597.58 , 336.75
596.88 , 322.63
595 , 308.65
399.32 , 299.69
399.13 , 310.22
396.07 , 320.48
388.35 , 329
387.7 , 339.65
394.58 , 348.4
405.31 , 350
416.27 , 347.61
427.47 , 347.12
438.33 , 345.21
448.64 , 344.1
460.11 , 340.99
469.36 , 335.39
468.74 , 325.32
462.64 , 315.43
456.19 , 306.8
452.23 , 295.53
384.03 , 404.41
389.8 , 398.38
396.25 , 393.69
402.55 , 388.63
409.08 , 384.12
416.1 , 381.13
423.73 , 379.4
431.58 , 378.16
439.65 , 377.41
447.75 , 378.16
455.6 , 379.4
463.05 , 381.43
470.25 , 383.9
477.3 , 386.92
484.28 , 390.16
486.41 , 396.68
479.05 , 398.89
471.73 , 401.18
464.28 , 403.16
456.65 , 404.92
448.8 , 406.16
440.73 , 406.91
432.4 , 407.16
424.3 , 407.91
415.98 , 408.16
407.88 , 407.41
399.55 , 407.16
391.33 , 406.65
391.53 , 400.91
397.48 , 398.39
403.43 , 395.63
409.78 , 393.91
416.25 , 392.41
422.98 , 391.41
430.05 , 391.16
437.13 , 390.91
444.2 , 391.16
451.28 , 390.91
458.23 , 390.41
465.43 , 390.41
472.4 , 390.91
479.35 , 391.41
485.75 , 392.87
478.93 , 392.06
472.15 , 391.19
465.33 , 390.41
458.25 , 390.66
451.28 , 391.16
444.45 , 391.91
437.6 , 392.66
430.78 , 393.41
423.95 , 394.16
416.85 , 393.91
409.95 , 394.48
403.7 , 396.39
397.6 , 398.63
461.25 , 259.42
463.31 , 251.84
467.53 , 245.14
474.1 , 240.41
481.1 , 236.91
488.7 , 234.92
496.68 , 233.64
504 , 236.17
511.3 , 238.71
518.17 , 242.57
524.67 , 247.33
530.22 , 253.2
523.67 , 257.98
516.38 , 260.55
508.7 , 262.42
500.75 , 263.67
492.65 , 264.67
484.32 , 265.17
475.75 , 265.17
467.45 , 264.64
385.58 , 268.47
382.59 , 261.34
376.65 , 255.22
369.62 , 251.71
362.18 , 249.43
354.33 , 247.93
347.15 , 250.96
339.7 , 253.18
332.7 , 256.82
326.41 , 262.14
321.8 , 268.74
316.85 , 275.19
323.75 , 278.97
331.48 , 280.69
339.93 , 280.94
348.15 , 280.19
356.12 , 278.94
363.85 , 277.19
371.6 , 275.44
378.93 , 272.88
448.65 , 207.12
456.51 , 197
468.82 , 194.69
482.27 , 194.62
495.72 , 194.62
508.95 , 194.12
521.92 , 195.13
533.55 , 198.78
544 , 205.75
553.85 , 214.31
563.25 , 223.72
555.65 , 222.87
544.75 , 217.22
533.17 , 213.37
520.92 , 210.87
508.32 , 209.12
495.02 , 208.99
482.45 , 210.83
470.05 , 212.97
458.38 , 216.09
376.84 , 210.49
367.16 , 206.7
356.76 , 204.48
346.01 , 202.99
334.53 , 203
323.91 , 204.73
313.51 , 206.97
303.51 , 209.96
294.06 , 214.39
285.33 , 220.87
276.71 , 227.49
286.26 , 231.49
296.01 , 228.01
306.01 , 225
317.01 , 223.99
327.63 , 222.25
338.16 , 220.23
349.51 , 219.99
360.86 , 220.24
371.61 , 218.74
