114530171_1
303.55 , 447.45
308.67 , 457.58
314.53 , 468.96
319.05 , 480.39
323.36 , 491.79
327.52 , 503.26
333.94 , 514.1
337.94 , 525.97
343.79 , 536.93
350.87 , 547
359.59 , 556.01
368.91 , 563.34
378.97 , 571.4
388.63 , 578.74
398.51 , 585.91
408.88 , 591.96
420.85 , 597.04
430.98 , 602.57
442.34 , 609.04
452.92 , 612.72
465.59 , 616.36
477.51 , 620.27
489.37 , 622.09
502 , 622.18
513.69 , 620.05
525.61 , 615.26
536.3 , 609.12
544.25 , 600.07
551.32 , 590.74
557.76 , 579.19
562.29 , 567.81
566.83 , 556.21
571.69 , 545.47
576.94 , 533.82
581.18 , 523.2
585.53 , 511.87
589.56 , 499.14
592.07 , 487.3
593.76 , 475.31
596.24 , 463.55
600 , 450.75
472.5 , 435.5
469.82 , 446.06
465.72 , 455.95
463.25 , 466.3
466.03 , 476.99
473.51 , 484.72
483.58 , 488.06
493.5 , 491.48
504.94 , 491.59
515.81 , 491.05
526.04 , 487
534.09 , 479.51
539.68 , 469.96
539.77 , 459.5
535.05 , 449.49
529.86 , 440.34
523.78 , 430.56
434.05 , 522.97
442.93 , 521.48
452.45 , 521.22
461.57 , 520.22
470.85 , 519.47
480.23 , 518.97
489.48 , 518.22
498.75 , 517.47
508 , 516.72
517.02 , 515.47
525.92 , 513.95
534.83 , 512.46
543.75 , 511.01
548.56 , 517.95
545.29 , 526.02
540.68 , 533.6
533.73 , 539.97
525.8 , 543.72
517.1 , 545.73
508.1 , 546.98
499.08 , 548.22
489.7 , 548.71
480.8 , 547.22
472.65 , 544.25
464.5 , 541.17
456.7 , 537.09
449.18 , 532.31
441.73 , 527.37
434.01 , 522.97
441.36 , 521.73
448.99 , 522.47
456.94 , 522.47
464.56 , 521.72
472.28 , 522.22
480.13 , 522.47
487.86 , 522.97
495.74 , 522.72
503.38 , 522.1
511.03 , 521.45
518.31 , 519.95
525.91 , 519.21
533.63 , 518.72
537.26 , 519.47
530.46 , 521.76
523.56 , 523.95
516.59 , 525.94
509.33 , 527.49
501.74 , 528.23
494.08 , 528.9
486.38 , 529.47
478.53 , 529.72
470.81 , 529.22
463.08 , 528.72
455.46 , 527.98
448.08 , 526.71
440.74 , 525.45
510.65 , 382.28
512.9 , 377.03
517.55 , 373.04
522.77 , 370.56
527.98 , 367.97
533.48 , 366.28
539.23 , 365.03
545.2 , 364.28
551.3 , 364.75
556.75 , 366.6
561.37 , 370.73
561.07 , 376.9
556.1 , 380.06
550.6 , 381.78
544.73 , 382.78
538.5 , 383.03
532.27 , 383.28
526.2 , 383.76
520.82 , 385.78
515 , 386.65
443.82 , 387.47
438.29 , 381.48
431.26 , 378.27
423.62 , 376.52
415.51 , 375.77
407.51 , 376.77
399.76 , 378.26
392.24 , 380.24
385.21 , 383.4
378.34 , 387.02
371.84 , 391.52
377.84 , 397.52
384.87 , 400.77
392.49 , 402.51
400.74 , 403.02
408.96 , 402.52
416.74 , 401.02
424.24 , 398.99
431.39 , 396.24
438.56 , 393.54
515.38 , 348.41
517.63 , 340.91
523.83 , 335.22
530.5 , 330.82
537.46 , 327.1
544.48 , 323.57
551.61 , 320.43
559.28 , 318.51
567.13 , 316.91
575.23 , 317.91
581.83 , 322.6
579.96 , 329.66
571.61 , 329.16
563.46 , 330.09
555.98 , 332.32
548.81 , 335.43
542.08 , 339.67
535.5 , 344.41
528.95 , 349.12
521.98 , 352.52
449.31 , 341.6
438.21 , 335.99
425.39 , 334.36
411.89 , 334.11
398.89 , 332.86
385.46 , 332.74
372.94 , 335.02
361.66 , 340.04
351.21 , 347.27
340.71 , 354.49
330.84 , 363.36
342.56 , 359.6
353.91 , 354.83
365.41 , 350.55
377.54 , 347.4
390.64 , 346.36
403.51 , 347.86
416.14 , 349.9
428.81 , 351.84
441.91 , 350.86
