2257099355_1
365.64 , 496.14
365.63 , 511.74
364.21 , 529.1
363.78 , 544.77
364.52 , 562.03
365.41 , 578.84
366.64 , 595.72
372.46 , 611.97
380.4 , 625.25
391.75 , 639.24
404.52 , 650.1
417.38 , 658.6
432.84 , 667.28
447.07 , 675.03
461.78 , 682.36
477.8 , 688.67
493.56 , 692.87
510.91 , 695.82
527.81 , 696.95
544.11 , 698.26
560.78 , 700.13
577.05 , 702.59
593.12 , 704.47
610.82 , 703.2
626.6 , 697.84
641.39 , 689.19
654.38 , 680.67
667.52 , 669.35
677.55 , 656.44
685.95 , 640.99
693.01 , 625.93
699.94 , 611.76
708.06 , 596.03
714.38 , 581.68
720.16 , 564.53
724.28 , 549.26
726.67 , 531.63
728.08 , 514.89
729.09 , 499.58
729.13 , 482.2
728.25 , 464.6
551.65 , 471.9
545.75 , 480.35
540.68 , 489.23
537.46 , 499.88
540.68 , 509.82
547.91 , 516.39
558.82 , 519
569.3 , 518.5
579.18 , 517.89
590.06 , 518.85
600.49 , 521.89
610.58 , 521.18
617.05 , 513.54
618.08 , 502.4
616.22 , 492.63
612.74 , 482.87
607.85 , 472.4
506.35 , 589.02
514.05 , 582.55
522.77 , 578.75
532.02 , 576.25
541.02 , 573.34
550.4 , 571.03
560.75 , 570.77
570.6 , 572.02
580.48 , 570.78
589.68 , 568.2
599.68 , 567.27
609.05 , 569.5
617.7 , 573.53
626.48 , 577.02
635.1 , 581.02
635 , 590.3
626 , 593.27
615.78 , 593.77
605.42 , 594.02
595.45 , 594.99
585.95 , 597.02
575.6 , 597.27
565.88 , 595.77
555.88 , 594.77
545.65 , 594.27
535.55 , 593.52
525.33 , 593.02
515.1 , 592.52
517.85 , 588.52
525.18 , 585.04
533.08 , 582.77
541.33 , 581.27
549.83 , 580.27
558.55 , 579.77
567.4 , 579.52
576.4 , 579.52
585.38 , 579.52
594.1 , 579.02
602.85 , 578.52
611.23 , 579.76
619.48 , 581.3
628.1 , 582.02
635.6 , 585.27
629.03 , 589.52
620.15 , 589.31
612.15 , 587.29
604.03 , 585.52
595.65 , 584.27
586.67 , 584.27
578.17 , 585.27
569.2 , 585.27
560.2 , 585.27
551.35 , 585.02
542.98 , 586.24
535.1 , 588.52
526.48 , 589.27
613.37 , 426.99
616.72 , 421.59
622.52 , 419.34
628.89 , 418.24
635.42 , 418.99
641.7 , 420.26
647.87 , 421.74
653.6 , 424.23
659.29 , 426.73
664.87 , 429.74
670.05 , 433.73
669.26 , 439.48
662.37 , 439.49
656.2 , 438.06
650.07 , 436.45
644.17 , 434.51
638.14 , 432.74
631.97 , 431.23
625.67 , 430.01
619.79 , 428
533.3 , 421.24
528.56 , 417.74
523.44 , 415.44
517.84 , 414.18
511.89 , 413.69
506.29 , 414.91
500.97 , 416.67
495.81 , 418.9
490.49 , 420.68
485.44 , 423.25
480.74 , 426.68
486.04 , 428.41
491.51 , 429.93
497.22 , 430.93
503.29 , 431.18
509.49 , 431.18
515.32 , 430.43
521.04 , 429.44
526.64 , 428.16
531.96 , 426.45
602.25 , 396.05
611.85 , 388.67
622.55 , 384.28
634.23 , 382.05
646.27 , 380.55
658.45 , 379.3
670.75 , 378.3
682.02 , 381.32
691.9 , 388.04
699.32 , 397.6
702.82 , 408.62
703 , 421.33
691.35 , 422.65
681.88 , 414.8
672.1 , 407.9
660.83 , 404.8
648.42 , 404.05
636 , 404.8
623.7 , 405.8
611.35 , 404.92
552.34 , 396.2
547.11 , 384.39
535.45 , 378.58
522.67 , 375.6
509.53 , 373.36
495.53 , 372.86
482.03 , 374.36
469.78 , 378.37
458.1 , 384.1
447.68 , 393.24
441.81 , 404.84
438.8 , 417.61
450.93 , 414.74
462 , 407.62
474.25 , 403.6
487.05 , 400.61
500.2 , 398.37
514.08 , 397.61
527.35 , 399.61
540.62 , 401.6
