2258913498_1
308.3 , 441.9
313.31 , 452.49
318.62 , 463.03
324.4 , 473.34
330.57 , 482.3
337.39 , 492.82
343.27 , 502.7
350.26 , 512.14
357.9 , 521.02
366.46 , 529.09
375.43 , 536.74
383.97 , 544.98
392.68 , 553.32
402.02 , 561.02
411.94 , 567.86
422.39 , 573.62
432.57 , 577.21
445.23 , 578.67
456.58 , 578.06
467.91 , 575.83
478.94 , 572.04
490.22 , 566.64
499.59 , 560.69
508.98 , 552.58
516.43 , 544.12
523.84 , 534
529.98 , 524.35
536.21 , 513.64
541.71 , 503.82
547.39 , 492.92
551.68 , 482.71
555.89 , 471.26
559.34 , 460.62
562.16 , 448.43
564.1 , 437.18
565.31 , 424.84
566.14 , 413.04
567.61 , 401.01
567.55 , 389.45
566.14 , 378.18
564.3 , 365.75
387.4 , 415.39
386.56 , 425.69
383.25 , 435.33
381.49 , 445.29
383.76 , 455.16
393.23 , 460.02
401.68 , 466.15
411.5 , 466.5
421.6 , 462.44
429.84 , 456.66
439.85 , 452.02
449.65 , 448.32
456.98 , 441.99
456.05 , 431.38
450.52 , 423.3
440.8 , 418.82
435.6 , 409.75
386.93 , 499.69
394.06 , 496.44
400.7 , 491.68
407.95 , 488.69
416.41 , 488.19
424.48 , 489.44
432.06 , 487.19
438.83 , 482.79
446.98 , 481.69
454.93 , 480.19
462.38 , 477.68
470.46 , 476.44
478.66 , 475.44
486.22 , 477.6
482.47 , 484.62
477.62 , 491.24
471.48 , 497.39
465.53 , 503.59
459.33 , 509.56
452.56 , 513.94
445.31 , 516.91
437.86 , 519.43
429.78 , 520.69
421.36 , 520.21
413.78 , 517.97
406.61 , 514.63
399.75 , 510.53
393.4 , 504.92
391.43 , 500.19
398.5 , 499.94
405.68 , 499.94
412.38 , 500.94
419.56 , 500.94
426.61 , 501.19
433.31 , 500.18
439.23 , 497.41
445.15 , 494.71
451.15 , 492.21
457.31 , 490.16
463.48 , 488.17
470.06 , 486.92
476 , 484.18
481.09 , 481.27
475.21 , 484.18
469.13 , 486.42
462.81 , 488.18
456.13 , 489.23
450.08 , 491.53
444.21 , 494.43
438.36 , 497.45
432.18 , 499.44
425.61 , 500.69
418.43 , 500.69
411.48 , 500.19
404.68 , 499.44
397.86 , 498.69
444.44 , 340.64
447.22 , 335.61
450.92 , 330.91
455.61 , 327.22
460.56 , 324.14
465.74 , 321.64
471.42 , 320.39
477.56 , 320.62
482.99 , 322.43
488.12 , 325.04
493.16 , 327.8
490.31 , 332.79
486.57 , 337.52
482.14 , 341.95
477.01 , 344.57
471.47 , 346.15
465.91 , 347.64
459.87 , 348.14
453.97 , 347.39
448.71 , 345.15
361.82 , 362.55
359.28 , 358.02
355.02 , 354.82
350.31 , 352.83
345.54 , 351.08
340.01 , 350.82
334.76 , 351.55
330.07 , 353.58
326.02 , 357.39
322.57 , 361.59
319.34 , 365.82
322.79 , 370.02
326.89 , 373.63
331.44 , 376.1
336.46 , 377.31
341.99 , 377.07
347.14 , 376.08
351.76 , 373.83
356.17 , 370.99
360.29 , 367.39
425.75 , 326.58
430.35 , 317.46
438.88 , 311.08
447.9 , 306.17
457.23 , 302.1
466.98 , 299.1
476.98 , 296.58
487.23 , 294.57
498.2 , 294.58
507.73 , 298.32
514.58 , 306.15
510.8 , 312.84
501.5 , 308.58
491.12 , 306.83
480.27 , 307.57
470.6 , 310.74
461.45 , 315.37
452.45 , 320.36
443.82 , 326.29
434.88 , 331.22
366.34 , 344.91
360.29 , 340.72
352.81 , 340
345.21 , 340.5
337.84 , 339.5
330.34 , 338.75
322.74 , 339.22
316.04 , 341.59
309.91 , 345.47
304.65 , 351.12
301.39 , 357.5
309.01 , 357.99
315.66 , 355.51
322.14 , 352.5
329.16 , 350.75
336.64 , 351.5
344.01 , 352.5
351.14 , 354
358.49 , 355
365.01 , 351.99
