2264901367_1
252.05 , 357.55
262.5 , 376.97
274.46 , 398.29
286.74 , 419.44
299 , 437.64
310.33 , 458.28
322.52 , 478.73
337.12 , 497.11
353.88 , 515.51
373.3 , 529.53
394.71 , 541.45
414.41 , 554.14
433.72 , 565.55
455.78 , 576.83
478.09 , 586
499.72 , 593.72
521.96 , 600.37
546.07 , 605.29
568.99 , 608.05
592.43 , 609.16
616.34 , 609.91
640.1 , 609.61
664.75 , 604.59
685.81 , 596.69
704.91 , 583.76
720.89 , 565.44
732.95 , 544.17
742.12 , 522.91
749.83 , 501.2
755.59 , 476.38
758.35 , 453.86
759.53 , 431.28
761.98 , 405.36
765.32 , 383.58
766.2 , 358.11
765.71 , 334.63
764.22 , 311.34
761.89 , 288.33
758.73 , 265.17
755.53 , 242.06
752.35 , 216.43
527.54 , 296.6
526.34 , 313.96
521.12 , 333.22
516.25 , 351.68
524.25 , 369.29
539.9 , 377.51
559.8 , 381.85
578.01 , 382.21
597.62 , 381.99
616.14 , 378.44
630.75 , 367.01
642.8 , 352.55
648.86 , 333.33
648.33 , 315.54
639.05 , 299.06
624.41 , 285.52
609 , 272.94
503.41 , 481.5
519.04 , 476.47
534.84 , 471.76
549.66 , 464.25
563.66 , 454.75
577.86 , 445.79
592.84 , 438.76
609.41 , 435.5
624.88 , 429.99
639.26 , 421.5
654.71 , 415.98
671.51 , 413.27
687.88 , 409.5
700.78 , 418.13
695.98 , 433.93
690.71 , 449.45
684.51 , 464.67
674.54 , 478.35
661.01 , 489.24
646.04 , 496.28
630.24 , 501.02
614.43 , 505.74
598.18 , 509.75
580.41 , 510.5
564.24 , 506.31
549.04 , 500.12
534.04 , 493.28
518.91 , 486.75
518.16 , 482.75
531.76 , 480.01
545.38 , 477.24
559.01 , 474.47
572.49 , 471.43
585.26 , 467.03
597.91 , 462.25
610.91 , 458.25
624.19 , 454.74
637.04 , 450.53
649.19 , 444.23
660.74 , 436.4
672.36 , 428.82
683.79 , 420.59
695.63 , 413.5
685.34 , 423.33
674.63 , 433.52
663.46 , 442.48
651.51 , 449.22
638.86 , 454.04
625.59 , 457.57
612.29 , 460.98
599.13 , 464.75
586.01 , 468.52
572.91 , 472.25
559.79 , 475.97
545.91 , 478.25
532.29 , 481
586.35 , 171.7
589.11 , 160.38
594.44 , 150.12
601.75 , 140.55
610.9 , 132.19
620.8 , 125.96
631.18 , 120.88
642.43 , 117.95
654.35 , 116.45
666.28 , 117.92
677.37 , 121.08
676.83 , 133.47
671.18 , 143.62
663.33 , 152.98
653.92 , 160.65
643.55 , 165.74
632.48 , 168.93
621.03 , 171.45
609.1 , 172.95
597.28 , 174.72
437.67 , 219.84
428.88 , 214.22
419.2 , 210.97
408.97 , 208.73
397.67 , 208.73
387.47 , 210.98
378.17 , 215.48
369.73 , 222.16
361.92 , 230.2
355.2 , 238.68
348.15 , 246.98
357.7 , 250.46
367.52 , 253.47
378.57 , 253.98
389.52 , 253.23
400.1 , 251.73
410.2 , 249.25
419.47 , 244.67
428.05 , 238.35
436.05 , 230.35
561.53 , 134.02
567.37 , 119.92
575.64 , 106.68
588.3 , 96.74
601.93 , 89.4
615.4 , 81.68
629.15 , 74.65
643.55 , 69.51
657.7 , 63.84
671.86 , 57.96
687.52 , 58.9
678.56 , 71.76
665.11 , 79.5
651.63 , 87.27
638.48 , 95.77
625.11 , 103.73
611.9 , 112.14
599.36 , 122.44
588.16 , 134.67
574.65 , 142.16
461.87 , 168.55
442.55 , 161.55
420.07 , 162.04
399.7 , 166.99
380.35 , 173.8
359.89 , 178.53
339.44 , 183.32
320.1 , 190.07
301.97 , 200.46
285.3 , 214.88
272.37 , 232.05
291 , 223.02
309.87 , 214.8
328.89 , 207.04
348.5 , 200.83
369.05 , 196.32
390.17 , 193.01
411.7 , 190.48
433.47 , 188.52
454.62 , 185.3
