2267933931_1
242.96 , 425.68
243.01 , 437.66
242.88 , 451
243.55 , 464
245.37 , 476.93
248.09 , 489.78
251.46 , 502.49
254.96 , 515.04
259.64 , 527.11
265.53 , 538.65
272.67 , 549.56
281.33 , 560.78
288.96 , 569.84
298.15 , 580.81
306.78 , 590.55
315.8 , 600.06
324.75 , 607.99
335.44 , 615.85
347.08 , 622.08
359.41 , 626.88
372.24 , 630.41
385.47 , 632.37
397.46 , 632.51
410.47 , 631.44
424.2 , 627.58
435.93 , 622.31
446.45 , 614.72
455.85 , 605.59
464.36 , 595.51
472.59 , 585.36
481.29 , 575.7
489.63 , 565.81
497.47 , 555.6
504.82 , 545.01
511.05 , 533.71
516.47 , 521.98
521.91 , 510.13
526.82 , 498.08
532 , 486.08
537.28 , 474.11
542.49 , 460.81
377.04 , 436.8
370.37 , 446.72
363.71 , 457.47
361.36 , 469.34
362.49 , 481.16
371.48 , 489.46
382.55 , 493.19
395.13 , 495.51
406.93 , 495.46
420.29 , 496.42
431.99 , 497.96
444.18 , 495.62
454.71 , 488.96
458.31 , 478.14
458.75 , 466.12
452.9 , 454.13
445.62 , 444.06
336.16 , 528.99
346.04 , 528.99
355.34 , 527.74
364.49 , 526.24
374.04 , 525.49
383.69 , 524.99
393.46 , 524.74
402.39 , 526.75
411.31 , 528.76
420.96 , 528.24
430.36 , 527.24
439.41 , 528.99
447.81 , 531.99
450.79 , 540.09
444.91 , 547.49
438.66 , 554.74
431.56 , 561.5
423.86 , 566.52
415.44 , 569.49
405.66 , 569.74
396.36 , 568.5
387.56 , 566.27
379.34 , 562.68
371.36 , 558.42
363.56 , 553.61
355.91 , 548.49
348.34 , 543.16
341.13 , 536.72
342.41 , 531.24
349.81 , 532.98
357.49 , 534.24
365.26 , 535.24
373.04 , 536.24
380.71 , 537.49
388.36 , 538.74
395.91 , 540.24
403.44 , 541.75
411.34 , 542.49
419.36 , 541.99
427.64 , 541.99
435.44 , 540.98
443.11 , 539.78
450.57 , 538.87
443.06 , 540.47
435.39 , 541.74
427.49 , 542.49
419.34 , 542.74
411.19 , 542.99
403.04 , 542.73
395.26 , 541.74
387.36 , 541
379.81 , 539.51
372.29 , 537.99
364.61 , 536.74
356.84 , 535.74
349.19 , 534.49
463.05 , 387.57
466.82 , 382.54
471.38 , 377.75
476.38 , 373.82
481.93 , 371.32
487.88 , 369.83
494.55 , 369.82
500.75 , 370.8
506.35 , 373.11
511.52 , 376.52
515.07 , 381.69
516.02 , 387.88
510.85 , 391.28
505.3 , 393.82
499.23 , 395.07
492.8 , 395.57
486.12 , 395.57
479.93 , 394.56
473.85 , 393.32
468.02 , 391.56
365.27 , 371.29
361.92 , 365.69
357.27 , 360.53
351.55 , 357.53
345.62 , 355.03
339.02 , 354.02
332.05 , 353.77
325.45 , 354.76
319.38 , 356.9
313.65 , 359.88
309 , 365.02
314.02 , 370.05
319.57 , 373.53
325.43 , 376.24
331.52 , 378.27
337.9 , 379.77
344.52 , 380.77
351.6 , 380.76
357.98 , 379.27
364.28 , 377.69
455.99 , 358.43
460.15 , 350.26
468.37 , 346.06
476.87 , 342.65
486.22 , 341.18
495.44 , 339.43
504.31 , 336.9
512.92 , 333.91
522.39 , 332.69
531.74 , 334.18
540.27 , 337.44
540.84 , 346.59
532.34 , 349.93
522.26 , 349.93
512.67 , 350.91
503.42 , 352.69
494.42 , 354.93
485.42 , 357.17
475.81 , 358.18
465.84 , 357.93
383.96 , 334.06
374.44 , 325.7
363.76 , 320.46
352.69 , 316.47
341.39 , 312.95
330.39 , 308.73
318.71 , 305.94
305.81 , 306.21
294.69 , 310.09
284.69 , 317.07
278.09 , 327.19
288.56 , 321.46
301.59 , 321.44
313.29 , 324.19
325.37 , 326.19
337.29 , 328.45
348.24 , 332.84
359.12 , 337.45
370.16 , 341.42
381.76 , 344.44
