2269501063_1
577.67 , 807.52
580.57 , 831.34
587.45 , 855.16
591.81 , 878.59
596.75 , 902.93
603.12 , 927.04
609.48 , 949.51
618.74 , 973.44
632.32 , 994.52
649.15 , 1012.47
664.59 , 1031.86
679.02 , 1049.24
696.86 , 1067.4
716.67 , 1079.66
740.68 , 1091.83
761.33 , 1104.55
783.68 , 1111.65
808.19 , 1119.69
830.46 , 1127.01
854.7 , 1136.11
877.77 , 1140.46
902.98 , 1142.28
927.07 , 1141.72
951.25 , 1135.1
973.02 , 1122.89
993.14 , 1108.82
1013.16 , 1094.78
1033.88 , 1080.62
1052.54 , 1066.91
1071.43 , 1049.37
1086.81 , 1031.89
1102.3 , 1010.97
1115.08 , 991.41
1127.52 , 968.75
1134.68 , 945.05
1138.41 , 922.96
1140.59 , 897.67
1141.65 , 872.72
1143.88 , 847.95
1148.03 , 823.36
1153.15 , 798.68
855.1 , 776.75
844.63 , 792.74
834.66 , 810.98
827.29 , 828.29
826.13 , 849.2
838.23 , 863.5
857.6 , 869.06
876.97 , 865.75
896.23 , 862.75
916.3 , 860.07
935.17 , 863.51
956.54 , 864.76
972.22 , 852.45
977.01 , 834.81
971.68 , 815.25
962.6 , 796.9
954.05 , 777.9
795.85 , 969.34
809.5 , 962.43
823.33 , 955.85
836.95 , 948.78
850.2 , 940.77
863.38 , 932.57
877.68 , 927.56
894.45 , 927.59
910.75 , 928.59
926.7 , 926.84
942.28 , 929.34
955.53 , 937.34
967.88 , 947.86
980.78 , 956.83
992.62 , 966.04
982.42 , 978.51
970.03 , 988.9
956.75 , 996.85
942.5 , 1002.1
926.58 , 1003.84
910.03 , 1004.34
894.08 , 1006.09
878.5 , 1008.59
862.33 , 1009.84
846.75 , 1007.36
832.92 , 1000.91
820.08 , 991.81
808 , 980.49
805.6 , 967.34
817.38 , 964.59
829.15 , 961.82
841.18 , 959.56
853 , 956.94
864.98 , 954.62
877.27 , 952.91
890.25 , 952.59
903 , 951.84
915.38 , 950.34
927.95 , 949.24
940.53 , 950.1
952.53 , 952.31
964.33 , 955.09
976.13 , 957.84
969.3 , 961.84
956.4 , 961.88
943.55 , 961.34
930.67 , 961.27
918 , 962.19
905.42 , 963.34
893.17 , 965.11
880.8 , 966.63
868.4 , 968.07
856 , 969.59
843.12 , 970.09
830.28 , 969.59
817.4 , 970.08
969.45 , 692.87
977.05 , 683.02
986.48 , 674.34
996.85 , 668.13
1007.65 , 663.11
1019.65 , 660.87
1032.6 , 661.12
1044.38 , 663.87
1055.12 , 669.11
1065.23 , 675.9
1070.68 , 686.6
1067.17 , 697.92
1057.53 , 706.07
1046.5 , 710.38
1034.38 , 712.37
1021.43 , 712.62
1008.8 , 711.62
996.33 , 710.37
984.1 , 708.64
973.2 , 704.05
796.35 , 698.07
787.52 , 688.74
777.6 , 681.63
766.98 , 676.37
755.32 , 673.64
742.48 , 673.4
730.8 , 676.12
720 , 680.79
709.85 , 687.2
700.4 , 695.64
692.15 , 705.14
701.35 , 714.33
711.65 , 720.39
723.4 , 722.89
735.88 , 723.89
748.5 , 723.14
760.5 , 721.15
772.27 , 718.65
783.92 , 715.87
794.32 , 710.01
944.38 , 649.88
952.62 , 631.4
968.93 , 617.08
986.93 , 607.37
1005.93 , 600.65
1026.56 , 597.16
1047.65 , 594.61
1069.9 , 594.38
1089.83 , 599.34
1107.08 , 611.12
1120.38 , 627.63
1122.18 , 645.14
1103.38 , 637.88
1084.18 , 631.62
1063.06 , 629.63
1042.43 , 633.1
1023.48 , 640.03
1004.78 , 647.63
985.15 , 653.13
963.98 , 655.23
814.59 , 635.21
808.41 , 610.33
787.59 , 593.49
763.52 , 585.76
736.99 , 582.74
709.87 , 584.49
684.49 , 589.84
661.84 , 601.74
641.75 , 620.59
626.85 , 642.12
618.6 , 665.97
615.59 , 692.49
629.84 , 672.74
648.44 , 652.74
669.77 , 637.3
692.66 , 626
718.22 , 621.52
744.34 , 625.24
767.94 , 634.25
791.44 , 642.96
