2270525548_1
496.35 , 776.5
500.82 , 797.03
506 , 819.66
510.66 , 842.37
514.89 , 864.93
520.37 , 887.28
528.07 , 909.2
535.83 , 930.23
547.86 , 951.81
561.35 , 969.65
577.41 , 987.2
593.01 , 1001.73
611.8 , 1016.15
631.5 , 1028.97
652.06 , 1040.33
672.88 , 1051.05
691.92 , 1060.51
712.87 , 1071.12
734.51 , 1079.89
756.55 , 1088.07
779.04 , 1094.69
799.69 , 1099.37
822.74 , 1100.93
845.49 , 1097.11
866.53 , 1087.95
885.77 , 1075.41
905.76 , 1060.6
923.19 , 1046.89
939.51 , 1032.38
956.67 , 1015.76
974.62 , 999.56
990.79 , 984.26
1005.55 , 967.47
1018.74 , 947.02
1027.31 , 926.77
1033.83 , 905.66
1039.35 , 881.81
1042.69 , 859.85
1046.33 , 835.86
1049.21 , 814.2
1050.84 , 789.84
803.85 , 784.15
795.24 , 797.81
785.44 , 812.82
777.2 , 829.11
779.85 , 844.93
795.01 , 855.94
812.26 , 856.85
829.37 , 857.58
847.67 , 859.62
864.56 , 859.17
881.7 , 857.28
899.98 , 852.63
915.7 , 844.64
926.84 , 832.21
920.73 , 815.8
910.83 , 800.74
901.85 , 785
740.64 , 933.92
753.31 , 930.15
767.26 , 928.92
781.22 , 927.67
795.16 , 926.42
809.14 , 925.17
823.09 , 926.42
836.69 , 928.41
850.64 , 927.17
864.59 , 925.92
878.69 , 924.92
893.12 , 924.67
907.32 , 925.42
919.46 , 930.73
913.94 , 942.16
902.74 , 949.91
891.09 , 956.46
879.07 , 961.99
866.66 , 966.41
853.64 , 969.67
839.66 , 970.92
825.87 , 969.4
813.14 , 965.67
800.79 , 961.2
788.51 , 956.45
776.41 , 951.19
764.32 , 945.94
752.19 , 940.68
757.39 , 935.92
767.91 , 934.17
779.19 , 934.42
790.59 , 934.42
801.74 , 934.92
812.64 , 935.92
823.44 , 937.19
834.26 , 938.3
845.49 , 938.67
856.26 , 937.42
866.51 , 935.05
876.89 , 932.92
887.32 , 930.9
898.47 , 930.92
903.54 , 934.52
893.07 , 936.41
883.14 , 939.42
873.32 , 942.49
863.54 , 945.77
853.26 , 948.2
842.24 , 948.91
831.26 , 948.05
820.51 , 946.79
810.01 , 944.9
799.46 , 943.2
788.91 , 941.42
778.37 , 939.67
767.59 , 938.42
903.18 , 687.77
911.43 , 677.52
921.23 , 667.96
932.08 , 661.36
943.93 , 657.52
956.73 , 655.52
969.4 , 657.77
981 , 662.33
991.7 , 669.3
1001.71 , 678.3
1008.07 , 689.14
1001.65 , 700.05
991 , 707.21
978.83 , 710.51
965.9 , 712.27
952.75 , 713.52
939.45 , 712.52
926.43 , 711.02
913.98 , 708.3
903.19 , 701.55
762.09 , 687.34
753.94 , 676.91
743.67 , 668.4
732.69 , 661.91
720.89 , 657.66
707.99 , 655.64
695.37 , 658.23
683.74 , 662.87
672.52 , 668.83
662.11 , 676.98
652.69 , 686.91
663.02 , 695.25
673.77 , 702.42
685.39 , 707.17
697.82 , 710.15
711.19 , 711.16
724.94 , 710.91
737.97 , 709.16
749.87 , 705.23
761.44 , 700.41
885.68 , 634.48
894.69 , 616.95
912.35 , 608.05
931.65 , 603.25
951.8 , 600.2
972.11 , 597.55
990.4 , 590.74
1010.15 , 593.97
1026.36 , 606.68
1037.67 , 623.18
1045.68 , 641.08
1049.18 , 660.98
1035.05 , 649.11
1021 , 633.5
1003.63 , 623.99
982.9 , 622.25
963.36 , 626.55
944.95 , 632.97
925.73 , 637.99
904.86 , 639.5
822.87 , 617.57
802.85 , 601.29
780.42 , 591.74
757.37 , 584.04
733.6 , 577.54
708.3 , 574.78
683.22 , 578.61
660.77 , 588.04
639.95 , 601.92
619.72 , 617.62
601.07 , 636.77
622.62 , 624.73
644.95 , 614.9
669.27 , 609.56
695.3 , 607.77
720.95 , 610.4
744.12 , 617.81
767.3 , 625.26
790.9 , 632
815.14 , 637.5
