2276629742_1
610.9 , 804.89
615.98 , 829.83
621.7 , 857.63
629.19 , 882.18
640.42 , 908.69
652.71 , 931.94
665.58 , 954.96
679.31 , 977.69
693.92 , 999.99
709.26 , 1022.17
726.68 , 1045.8
743.64 , 1064.49
764.95 , 1082.82
783.1 , 1103.18
802.81 , 1121.3
826.21 , 1136.55
848.24 , 1152.32
872.89 , 1163.06
897.31 , 1159.56
926.16 , 1158.86
949.51 , 1148.47
973.26 , 1134.72
990.54 , 1112.61
1009.83 , 1094.7
1030.14 , 1075.85
1047.9 , 1056.94
1063.95 , 1035.15
1082.3 , 1013.95
1094.57 , 989.31
1109.27 , 966.54
1123.85 , 942.87
1136.75 , 921.16
1149.38 , 896.43
1159.84 , 870.99
1167.77 , 845.07
1173.16 , 818.83
1176.93 , 792.54
1179.27 , 766.29
1181.16 , 737.2
1181.54 , 711.26
1180.95 , 682.7
796.1 , 790.85
789.78 , 808.44
782.95 , 825.6
782.26 , 845.1
783.06 , 865.65
798.23 , 875.82
817.52 , 875.13
836.64 , 879.57
855.14 , 884.8
874.64 , 880.79
893.14 , 875.59
913.02 , 870.62
926.51 , 859.23
932.11 , 839.13
926.34 , 821.16
915.83 , 805.16
902.64 , 789.25
779.85 , 979.54
794.1 , 969.79
809.25 , 962.26
824.83 , 956.31
840.2 , 949.51
858.58 , 949.29
876.12 , 947.29
892.1 , 942.29
909.78 , 940.54
927.18 , 942.82
944.6 , 945.04
963.1 , 945.04
980.88 , 946.54
980.08 , 963.59
970.86 , 978.01
962.03 , 992.64
952.09 , 1006.84
941.55 , 1020.84
928.33 , 1033.55
913.88 , 1042.77
897.45 , 1047.04
878.95 , 1047.07
861.73 , 1044.42
845.75 , 1039.28
830.98 , 1030.91
817.6 , 1018.54
805.45 , 1005.14
793.27 , 991.71
790.1 , 980.54
804.48 , 977.3
819.23 , 974.8
834.58 , 973.54
850.3 , 974.04
866.02 , 974.54
880.8 , 972.08
895.18 , 968.76
909.58 , 965.56
923.55 , 961.56
937.28 , 957.07
951.43 , 953.3
966.3 , 951.08
974.6 , 962.54
965.7 , 974.66
955.53 , 986.37
945.15 , 997.99
934.55 , 1009.36
922.23 , 1017.79
908.88 , 1023.27
894.5 , 1026.64
879.83 , 1029.29
864.78 , 1027.47
851.4 , 1022.08
838.58 , 1015.01
826.67 , 1005.37
815.95 , 993.86
803.67 , 985.3
923.2 , 689.12
927.02 , 676.29
933.43 , 664.39
942.53 , 653.53
953.85 , 645.63
966.03 , 640.12
979.2 , 636.87
993.45 , 637.87
1006.73 , 640.87
1018.98 , 646.14
1030.23 , 654.15
1037.56 , 665.55
1028.8 , 676.55
1017.1 , 683.38
1004.62 , 687.94
991.85 , 691.87
978.48 , 694.62
964.12 , 695.37
949.53 , 695.12
935.53 , 693.65
754.64 , 708.6
749.69 , 697.82
739.86 , 690.22
729.95 , 682.83
719.53 , 676.89
708.08 , 673.52
696.35 , 676.37
685.7 , 681.77
675.8 , 689.18
667.09 , 698.62
660.61 , 708.85
654.18 , 719.05
664.93 , 724.05
676.13 , 727.81
687.88 , 730.55
699.98 , 732.55
712.8 , 732.08
723.8 , 727.83
734.5 , 722.49
744.73 , 715.98
878.95 , 606.76
896.95 , 596.51
915.6 , 587.85
934.4 , 579.79
953.4 , 572.31
973.48 , 567
995.35 , 565.51
1016.85 , 567.28
1036.98 , 572.28
1055.55 , 581.27
1072.7 , 594.01
1061.58 , 601.51
1042.43 , 594.49
1022.78 , 588.51
1000.75 , 588.72
980.45 , 593.51
960.3 , 598.66
939.93 , 603.28
920.25 , 609.22
899.08 , 611.88
767.48 , 628.37
757.4 , 620.64
745.15 , 618.3
733.75 , 614.37
721.83 , 611.38
709.18 , 609.87
696.43 , 611.12
683.81 , 612.62
670.46 , 612.64
659.78 , 618.78
655.73 , 630.12
665.28 , 638.38
677 , 635.1
689.65 , 633.62
703 , 633.64
715.43 , 635.61
726.73 , 639.87
738.88 , 642.37
752.13 , 642.65
763.86 , 639.49
