2276629742_2
552.05 , 690.8
549.09 , 711.38
545.25 , 734
541.32 , 757.96
541.73 , 781.25
545.34 , 802.23
549.85 , 826.02
555.29 , 846.88
560.14 , 870.2
565.27 , 892.62
577.82 , 912.01
591.55 , 930.13
598.86 , 950.81
612.07 , 970.21
626.75 , 986.58
642.84 , 1003.3
665.19 , 1011.44
686.75 , 1013.1
710.51 , 1015.13
732.56 , 1017.16
753.79 , 1009.4
777.09 , 1003.8
798.85 , 998.02
821.47 , 993.96
842.33 , 985.26
863.18 , 976.32
884.74 , 968.44
904.93 , 960.06
924.79 , 945.25
942.93 , 934.46
961.92 , 920.36
972.03 , 901.09
985.1 , 880.02
997.35 , 860.88
1009.07 , 841.68
1020.26 , 821.17
1027.39 , 801.09
1033.28 , 777.32
1037.98 , 755.38
1040.85 , 733.99
1039.95 , 709.05
645.75 , 679.1
641.9 , 690.42
641.48 , 703.03
644.75 , 715.15
653.41 , 725.23
665.08 , 728.1
677.6 , 729.29
691.08 , 730.75
702.71 , 730.5
715.75 , 728.75
728.7 , 726.8
740.88 , 724.4
752.47 , 718.92
764.76 , 714.2
771.57 , 703.87
770.95 , 691.14
766.22 , 679.28
619.13 , 829.58
624.07 , 818.11
634.73 , 810.82
646.05 , 805.36
657.46 , 800.1
669.28 , 796.11
681.38 , 792.58
693.63 , 789.33
706.71 , 787.83
719.43 , 790.08
731.25 , 794.11
742.65 , 799.34
753.48 , 806.15
763.06 , 815.98
767.65 , 827.6
756.63 , 833.58
744.56 , 837.15
732.43 , 840.58
719.93 , 843.34
707.45 , 846.09
694.73 , 848.34
682.13 , 850.83
669.4 , 853.08
657.03 , 856.06
644.93 , 859.58
632.23 , 861.86
621.14 , 856.25
620.63 , 842.68
632.46 , 823.32
640.36 , 817.34
648.75 , 812.7
657.43 , 808.79
666.53 , 806.11
675.93 , 803.84
685.4 , 801.81
694.63 , 799.33
703.9 , 796.83
714.36 , 796.82
723.43 , 799.63
732.18 , 803.13
740.88 , 806.83
747.82 , 813.87
738.86 , 816.82
729.2 , 818.51
720.13 , 821.33
711.61 , 825.6
702.2 , 827.8
692.75 , 829.96
683.53 , 832.43
674.38 , 835.08
665.65 , 838.82
656.43 , 841.31
647.45 , 844.34
637.78 , 845.74
629.13 , 842.58
630.89 , 832.98
814.7 , 613.1
822.85 , 607.94
831.4 , 603.64
840.38 , 600.67
849.88 , 598.59
859.15 , 596.14
869.58 , 596.1
879.2 , 597.85
888.48 , 600.36
897.12 , 604.29
905.36 , 609.34
900.8 , 617.26
891.93 , 620.59
882.18 , 622.1
872.45 , 623.6
862.1 , 623.35
852.15 , 622.31
843 , 619.6
833.15 , 618.35
823.3 , 617.13
673.91 , 629.96
670.69 , 622.95
662.82 , 621.19
654.94 , 619.45
646.82 , 618.2
638.22 , 617.95
630.34 , 619.7
622.87 , 622.23
615.69 , 625.7
608.99 , 630.36
606.69 , 637.95
608.54 , 645.8
614.99 , 650.74
623.02 , 652.2
630.79 , 650.17
638.54 , 648.17
646.02 , 645.67
653.17 , 642.22
660.29 , 638.64
667.17 , 634.45
776.39 , 517.86
791.62 , 506.37
810.31 , 503.39
829.62 , 501.61
849.16 , 500.35
868.29 , 502.51
886.69 , 506.1
904.39 , 511.11
920.91 , 519.13
935.44 , 532.16
945.98 , 547.73
935.76 , 552.11
919.91 , 542.37
902.54 , 536.63
883.34 , 534.61
863.69 , 533.61
844.37 , 531.86
824.51 , 531.49
805.26 , 533.36
786.02 , 533.74
695.18 , 556.89
691.43 , 542.42
678.92 , 532.9
665.35 , 526.15
649.12 , 525.39
632.65 , 525.14
617.02 , 527.11
603.32 , 533.37
589.55 , 539.48
576.3 , 547
564.17 , 557.62
554.65 , 570.14
570.52 , 571.64
586.88 , 571.14
601.67 , 567.38
615.72 , 562.11
631.1 , 559.64
647.58 , 559.39
663.67 , 560.39
679.77 , 559.39
