227943776_1
581.89 , 781.8
586.26 , 804.11
591.99 , 828.97
597.75 , 853.72
603.99 , 879.74
611.03 , 902.87
619.68 , 927.97
628.87 , 950.34
639.49 , 971.88
652.6 , 994.86
665.5 , 1015.65
678.66 , 1036.37
692.17 , 1057.58
705.36 , 1080.54
717.73 , 1102.76
732 , 1123.04
751.79 , 1139.32
775.55 , 1149.14
800.46 , 1154.17
823.14 , 1157
850.64 , 1158.83
875.64 , 1157.67
900.36 , 1154
923.56 , 1146.53
945.08 , 1133.65
964.67 , 1117.29
984.18 , 1101.07
1004.45 , 1086.58
1024.14 , 1071.71
1043.58 , 1053.6
1059.63 , 1035.88
1077.1 , 1016.28
1091.71 , 997.26
1106.82 , 975.31
1118.61 , 954.82
1128.33 , 931.55
1136.01 , 907.45
1142.6 , 883.61
1148.74 , 857.03
1154.27 , 832.57
1160.45 , 807.95
764.3 , 752.6
748.62 , 773.89
733.44 , 794.82
721.6 , 819.87
723.07 , 846.27
748.51 , 854.38
766.49 , 874.96
790.17 , 889.97
813.16 , 879.77
839.44 , 868.57
865.84 , 862.82
894 , 865
908.39 , 843.92
906.38 , 817.02
893.63 , 791.68
878.62 , 771.4
860.35 , 748.14
699.2 , 916.76
718.55 , 914.01
738.05 , 911.52
758.28 , 910.51
777.78 , 913.04
796.18 , 917.76
814.3 , 922.99
833.43 , 926.26
852.2 , 930.26
870.48 , 935.27
889.98 , 937.76
910.43 , 938.26
930.05 , 940.51
932.05 , 957.69
916.08 , 968.64
900.78 , 981.43
885.28 , 993.66
869.12 , 1004.07
851.78 , 1011.28
832.43 , 1014.01
812.03 , 1013.33
792.83 , 1010.29
775.2 , 1004.01
758.93 , 993.98
743.95 , 980.26
731.94 , 964.66
721.7 , 948.46
711.65 , 932.21
710.2 , 920.76
726.05 , 923.54
741.58 , 926.88
757.15 , 930.24
772.78 , 933.49
788.62 , 936.26
804.62 , 938.76
821.2 , 940.01
837.85 , 941.16
854.5 , 942.26
870.85 , 944.01
887.55 , 945.01
904.5 , 945.01
921.57 , 944.76
917.4 , 954.05
902.98 , 959.77
888.15 , 964.5
872.9 , 968.5
857.2 , 971.51
841.08 , 973.76
824.38 , 974.76
807.53 , 974.08
790.95 , 972.76
775.12 , 969.94
760.7 , 964.26
747.55 , 954.86
735.2 , 943.26
722.7 , 932.01
915.64 , 687.5
922.34 , 679.56
930.56 , 673.57
940.37 , 671.5
950.66 , 670.5
961.37 , 670.75
971.06 , 673
980.26 , 676.28
989.29 , 680.03
998.16 , 684.26
1003.84 , 692.37
995.32 , 697.6
987.09 , 703.57
978.47 , 708.49
968.87 , 711
958.44 , 711.75
948.24 , 710.53
939.07 , 707.18
930.51 , 702.12
922.56 , 695.42
741.38 , 682.35
737.41 , 673.67
729.3 , 667.3
720.65 , 662.37
711.75 , 658.11
702 , 655.86
691.43 , 655.36
680.98 , 656.11
670.88 , 657.61
661.12 , 659.86
651.85 , 662.86
656.57 , 671.59
663.12 , 679.64
671.5 , 685.27
680.65 , 688.63
690.88 , 689.86
701.58 , 689.61
711.33 , 687.36
721.43 , 685.86
731.75 , 684.85
842.1 , 649.89
857.53 , 632.47
877.08 , 622.65
897.8 , 616.18
920.25 , 613.12
943.33 , 611.39
966.53 , 609.89
989.7 , 608.39
1013.15 , 607.39
1035.25 , 611.15
1054.9 , 620.65
1045.72 , 638.36
1022.8 , 640.35
1000.08 , 637.89
976.28 , 638.12
953.58 , 640.64
931.12 , 643.63
909.03 , 647.37
886.9 , 651.14
864.2 , 653.63
761.27 , 627.8
746.2 , 618.03
730.17 , 610.78
714.52 , 602.52
698.1 , 596.52
680.92 , 592.02
663.6 , 587.81
645.82 , 584.54
626.72 , 584.54
610.94 , 592.57
600.97 , 607.54
615 , 620.32
633.27 , 618.54
652.02 , 619.79
670.2 , 622.27
688.27 , 624.83
705.72 , 628.79
722.6 , 633.77
739.1 , 639.57
757.1 , 642.29
