1156177278_1
331.8 , 505.4
332.24 , 554.6
334.97 , 608.71
339.14 , 658.54
344.24 , 713.12
348.26 , 766.72
354.25 , 817.49
360.19 , 869.77
365.96 , 921.49
371.52 , 974.88
388.25 , 1020.5
413.4 , 1070.28
438.5 , 1114.96
463.89 , 1159.46
491.95 , 1206.57
517.84 , 1249.43
546.67 , 1290.72
583.9 , 1331.44
615.29 , 1370.45
656.51 , 1400.15
711.69 , 1402.36
760.91 , 1409.11
815.3 , 1416.05
865.62 , 1419.25
918.15 , 1401.76
963.61 , 1386.14
1017.98 , 1371.28
1065.45 , 1351.91
1103.43 , 1317.52
1143.13 , 1281.92
1181.04 , 1243.62
1213.42 , 1207.87
1245.64 , 1162.67
1276.51 , 1123.2
1304.92 , 1079.93
1321.39 , 1027.47
1340.35 , 980.98
1361 , 928.75
1379.34 , 881.2
1395.26 , 832.73
1411.5 , 779.64
791.8 , 759.6
761.38 , 789.09
736.55 , 823.64
709.46 , 857.86
701.69 , 902.82
722.81 , 940.77
758.5 , 966.3
800.77 , 978.03
840.84 , 991.24
882.5 , 998.45
929.57 , 1001.98
969.49 , 996.96
1014.4 , 980.47
1045.38 , 952.83
1052.44 , 908.35
1040.32 , 868.77
1019.1 , 827.39
623.5 , 1089.01
657.98 , 1088.26
691 , 1084.51
725.12 , 1086.01
758.4 , 1089.26
792.5 , 1090.76
825.12 , 1095.39
856.75 , 1102.01
890.03 , 1105.27
923.55 , 1108.03
956.2 , 1112.52
988.5 , 1117.76
1020.2 , 1124.22
1050.3 , 1133.78
1040.38 , 1161.14
1011.95 , 1175.49
981.73 , 1184.78
950.23 , 1191.76
918.17 , 1197.51
884.3 , 1199
852.5 , 1192.76
821.02 , 1185.76
789.55 , 1178.75
759 , 1170.01
728.85 , 1160.6
699.48 , 1149.25
671.52 , 1133.77
644.86 , 1114.85
660.75 , 1088.26
687.38 , 1085.01
712.83 , 1090.83
739.38 , 1094.23
765.65 , 1098.27
791.23 , 1103.74
815.88 , 1111.03
839.42 , 1120.94
864.73 , 1127.02
891.75 , 1129.51
919.12 , 1131.26
946.5 , 1133.01
972.92 , 1136.69
998.6 , 1141.99
1012.12 , 1155.75
986.55 , 1161.27
960.65 , 1165.99
934.25 , 1169.26
906.62 , 1168.01
879.12 , 1166.54
851.42 , 1165.44
824 , 1163.76
798.33 , 1158.58
773.85 , 1150.98
749.33 , 1143.49
725.75 , 1133.76
703.67 , 1119.75
682.48 , 1103.25
1051.7 , 674.77
1067.68 , 654.8
1088.1 , 639.9
1108.9 , 626.29
1131.28 , 616.96
1156.65 , 614.02
1181.85 , 617.29
1205.9 , 622.98
1228.9 , 630.54
1250.75 , 641.56
1270.67 , 657.76
1268.9 , 682.56
1246.93 , 693.26
1223.9 , 700.76
1198.45 , 703.52
1172.28 , 702.26
1147.05 , 699.05
1122.8 , 693.76
1098.45 , 688.77
1074.33 , 683.29
745.5 , 642.58
745.96 , 617.43
728.82 , 597.52
708.72 , 580.46
687.27 , 567.3
664.22 , 558.58
640.12 , 552.08
613.95 , 549.8
588.1 , 552.84
564.57 , 560.4
544.14 , 576.55
523.62 , 592.33
543.32 , 610.52
564.92 , 623.37
587.32 , 634.07
611.72 , 640.18
637.27 , 643.73
664.25 , 643.33
691.17 , 642.58
718.32 , 642.33
1004.6 , 520.48
1035.95 , 493.13
1078.65 , 492.73
1121.38 , 492.98
1164.1 , 492.73
1206.35 , 491.48
1248.5 , 489.98
1291.35 , 489.98
1332.75 , 492.98
1369.65 , 504.96
1400.87 , 532.76
1372.53 , 556.73
1331.85 , 552.23
1291.42 , 547.22
1250.5 , 543.24
1208.75 , 540.99
1167.22 , 538.24
1125.93 , 534.98
1083.58 , 533.98
1041.5 , 532.39
881.89 , 485.73
840.51 , 452.35
793.18 , 435.83
744.16 , 422.5
694.56 , 410.1
644.34 , 399.17
592.84 , 390.85
539.26 , 386.85
486.44 , 392.42
438.66 , 407.92
397.26 , 441.1
450.01 , 446.85
504.43 , 449.1
559.59 , 449.85
612.31 , 455.59
660.93 , 469.6
708.38 , 485.72
756.06 , 501.39
803.29 , 518.12
854.68 , 526.6
