2282207808_1
391.5 , 345.75
392.13 , 360.38
390.42 , 374.79
388.45 , 390.34
387.68 , 405.88
384.82 , 421.56
382.07 , 435.93
382.69 , 450.4
385.81 , 466.16
389.82 , 480.71
394.79 , 495.4
400.33 , 508.81
407.65 , 523.13
415.98 , 536.44
424.56 , 548.04
434.77 , 560.67
444.58 , 572.14
455.24 , 583.17
466.65 , 592.5
479.83 , 598.69
495.6 , 603.25
510.46 , 606.52
525.17 , 606.09
539.58 , 600.71
553.26 , 593.74
566.49 , 586.45
579.42 , 579.31
592.93 , 572.16
606.5 , 565.51
620.86 , 557.46
632.95 , 550.1
646.69 , 542.07
660.39 , 535.18
674.28 , 527.62
686.49 , 519.22
699.71 , 510.82
712.28 , 502.53
724.36 , 493.18
736.5 , 483.67
748.8 , 474.53
761.14 , 465.19
457.85 , 357.94
454.13 , 368.13
448.31 , 378.98
444.14 , 389.91
446.61 , 400.18
456.79 , 405.94
468.44 , 406.3
477.58 , 399.87
489.66 , 399.32
500.96 , 399.03
512.79 , 400.69
524.07 , 398.61
534.26 , 392.19
539.04 , 382.22
535.34 , 371.2
527.55 , 363.13
515.64 , 359.69
451.13 , 463.13
453.5 , 453.25
456.51 , 443.73
464.36 , 436.38
475 , 435.62
485.5 , 434.5
495.38 , 432.63
505.25 , 435
513.98 , 440.23
522.9 , 444.9
531.75 , 449.78
540.18 , 455.89
549.12 , 460.08
554.39 , 468.61
549.83 , 477.41
541.38 , 483.38
532.38 , 487.88
522.95 , 491.07
513.95 , 495.61
505 , 500.25
495.53 , 503.36
485.58 , 505.63
475.31 , 507.13
464.48 , 506.72
455.89 , 501.91
454.06 , 491.95
457.13 , 482.43
455.63 , 472.13
451.38 , 462.13
453.4 , 454
457.01 , 446.64
464.58 , 443.37
472.95 , 441.88
481.68 , 441.13
490.65 , 441.38
499.25 , 442.39
506.83 , 445.59
514.13 , 449.63
521.23 , 454.14
528.65 , 457.89
536.46 , 460.45
543.45 , 465.39
540.32 , 472.42
532.83 , 475.92
525.03 , 478.48
516.98 , 480.6
508.83 , 482.63
500.36 , 483.88
491.98 , 485.35
484 , 487.6
476.13 , 490.13
468 , 492.12
459.29 , 492.89
456.63 , 485.18
458.59 , 477.08
454.88 , 469.63
557.05 , 304.44
560.15 , 298.31
565 , 292.96
571.17 , 289.94
578.12 , 288.69
585.42 , 289.19
592.22 , 290.69
598.65 , 292.97
604.85 , 295.95
610.65 , 300.01
616.22 , 304.6
614 , 310.48
607.05 , 311.69
600.1 , 312.94
592.92 , 313.69
585.62 , 314.19
578.45 , 314.94
571.05 , 315.19
563.77 , 314.67
557.81 , 311.63
458.3 , 322.43
454.99 , 317.76
450.2 , 314.74
445.18 , 312.5
439.8 , 311.07
434.32 , 309.76
428.38 , 310.03
423.3 , 312.24
418.85 , 316.18
415.46 , 320.83
414.04 , 326.23
413 , 331.78
417.4 , 334.93
423.45 , 335.03
429.4 , 334.78
435.12 , 334.04
440.62 , 332.76
445.75 , 330.78
450.85 , 328.69
456.27 , 327.27
547.57 , 248.19
556.2 , 241.29
567.17 , 239.94
578.77 , 239.94
589.77 , 241.2
600.4 , 243.17
610.67 , 245.97
620.57 , 249.44
630.05 , 254.18
638.92 , 260.51
647.17 , 268.54
639.8 , 270.68
629.52 , 267.92
619.3 , 265.17
609 , 262.45
598.45 , 260.32
587.5 , 258.94
576.14 , 258.44
564.64 , 258.19
553.54 , 257.18
446.75 , 266.41
441.21 , 261.24
433.61 , 261.01
426.01 , 261.26
418.91 , 262.51
412.04 , 264.25
405.61 , 267
399.42 , 270.39
395.06 , 276.26
393.06 , 283.01
393.31 , 290.61
393.81 , 298.08
399.48 , 294.83
404.01 , 289.08
408.17 , 283.14
414.11 , 278.97
420.53 , 276.26
427.51 , 274.75
434.61 , 273.52
441.21 , 271.26
