2286067877_1
360.55 , 367.5
363.99 , 381.58
366.24 , 395.6
369.17 , 409.56
372.62 , 424.52
377.41 , 437.9
383.65 , 450.8
391.4 , 464.23
397.65 , 476.73
403.35 , 491.05
410.81 , 503.28
421.86 , 512.94
433.41 , 521.63
445.38 , 530.28
456.08 , 538.66
468.21 , 548.28
479.87 , 556.3
493.8 , 563.55
506.75 , 569.06
519.94 , 573.74
534.83 , 577.59
548.44 , 579.59
562.96 , 578.46
578.14 , 573.63
590.23 , 567.77
602.53 , 559.13
614.47 , 550.12
624.65 , 539.15
632.84 , 527.93
642.07 , 515.8
650.45 , 503.55
659.85 , 492.23
667.53 , 480.21
673.99 , 467.11
680.64 , 453.62
684.96 , 440.24
687.35 , 425.4
689.02 , 410.51
690.57 , 396.92
692.49 , 381.95
693.9 , 366.8
499 , 357.18
488.55 , 363.05
482.14 , 372.4
480.69 , 384.43
485.07 , 395.83
494.07 , 404.31
504.84 , 407.71
517.02 , 409.86
529.19 , 411.06
541.77 , 410.82
553.62 , 407.92
564.13 , 404.06
575.76 , 398.31
585.22 , 391.85
592.37 , 381.37
592.76 , 369.82
589.19 , 357.61
459.1 , 452.23
470.58 , 445.5
482.73 , 440.45
495.23 , 436.46
508.53 , 433.96
522.08 , 431.98
535.85 , 430.48
550.12 , 429.98
563.65 , 427.99
577.33 , 426.23
591.7 , 425.98
605.73 , 426.98
619.05 , 429.44
618.11 , 442.68
611.36 , 454.21
605.12 , 465.93
598.2 , 477.38
588.6 , 487.73
577.53 , 495.74
565.48 , 501.1
552.35 , 503.98
538.2 , 504.72
524.67 , 502.76
512.73 , 497.11
501.6 , 489.23
490.95 , 480.08
480.43 , 470.56
469.83 , 461.2
470.6 , 450.23
482.1 , 448.73
493.75 , 447.48
505.5 , 446.48
517.12 , 447.73
529.25 , 447.48
541 , 446.48
552.3 , 444.52
563.15 , 441.69
573.58 , 437.99
585.1 , 436.48
596.73 , 435.2
608.28 , 433.8
619.01 , 435.83
612.85 , 445.23
603.4 , 451.69
593.7 , 457.39
584.03 , 463.24
574 , 468.24
563.85 , 472.73
553.35 , 476.23
541.73 , 477.48
529.6 , 477.73
518.2 , 476.01
507.3 , 473.19
496.78 , 469.75
486.58 , 465.46
476.85 , 459.73
571.6 , 292.35
574.7 , 287.47
579.48 , 283.86
584.62 , 281.36
590.18 , 279.86
595.98 , 278.86
602 , 278.35
608.05 , 277.85
614.08 , 278.35
619.62 , 279.87
624.77 , 282.48
623.72 , 288.09
618.58 , 290.62
613.35 , 292.85
607.65 , 294.1
601.62 , 294.6
595.48 , 294.85
589.18 , 294.85
583.02 , 294.6
577 , 294.12
485.4 , 298.08
479.1 , 295.36
472.55 , 293.34
465.73 , 291.84
458.52 , 291.06
451.55 , 292.24
444.57 , 293.47
438.35 , 296.35
432.47 , 300.08
426.32 , 303.25
420.2 , 306.34
426.88 , 308.11
434.17 , 307.59
441.25 , 306.6
448.42 , 305.84
455.6 , 305.1
462.92 , 304.59
470.23 , 304.09
477.52 , 303.59
485.08 , 303.59
560.16 , 273.46
562.72 , 262.41
570.16 , 253.21
579.11 , 245.23
589.21 , 240.21
600.66 , 238.46
612.74 , 237.96
624.21 , 239.71
635.21 , 242.45
646.24 , 245.24
656.39 , 249.94
662.93 , 259.24
652.96 , 263.21
640.63 , 263.21
628.68 , 263.96
616.48 , 264.21
604.66 , 265.21
593.31 , 267.2
582.18 , 269.71
571.48 , 272.98
500.73 , 275.36
491.24 , 263.92
478.37 , 258.02
463.01 , 257.52
448.37 , 259.52
433.49 , 261.02
418.39 , 262.02
403.76 , 264
390.41 , 268.51
377.89 , 275.45
366.09 , 284.27
372.77 , 296.78
387.41 , 298.26
400.01 , 291.58
413.12 , 286.28
427.64 , 284.02
442.99 , 283.52
458.24 , 284.27
472.99 , 282.52
488.46 , 282.27
