2286982317_1
476 , 616.55
473.85 , 634.58
470.79 , 652.6
470.85 , 671.28
469.5 , 690
474.2 , 709.89
478.82 , 726.53
483.4 , 746.29
488.1 , 764.62
492.53 , 781.57
498.56 , 800.32
504.89 , 817.44
513.67 , 834.05
521.8 , 851.84
530.93 , 869
540.87 , 883.7
552.93 , 899.12
568.82 , 908.54
586.23 , 913.22
606.08 , 915.48
624.37 , 915.64
644.33 , 915.08
662.46 , 913.13
680.63 , 911.86
700.47 , 910.71
718.39 , 907.93
736.37 , 900.61
752.67 , 891.22
769.38 , 883.08
785.66 , 874.47
803.39 , 864.94
817.9 , 854.84
830.37 , 840.87
842.3 , 824.26
851.99 , 809.78
864.32 , 793.38
873.76 , 777.22
882.34 , 760.25
890.41 , 744.51
899.06 , 726.92
906.83 , 709
607.35 , 613.1
601.11 , 628.12
589.56 , 638.46
577.39 , 649.1
571.8 , 664.92
577.73 , 679.77
588.75 , 692.55
602.15 , 702.09
617.52 , 709.38
632.99 , 712.93
650.63 , 712.06
666.84 , 709.14
681.39 , 702.2
690.47 , 687.52
691.94 , 671.55
690.62 , 655.41
690.15 , 637.75
527.59 , 712.17
545.01 , 707.92
563.29 , 710.43
580.17 , 715.7
596.17 , 723.45
612.17 , 731.2
630.19 , 734.16
648.22 , 737.17
664.77 , 743.19
681.12 , 749.69
697.74 , 755.45
714.09 , 761.92
729.98 , 769.99
720.16 , 785.09
705.47 , 796.32
690.59 , 807.17
674.54 , 814.71
657.19 , 819.16
639.17 , 822.17
620.52 , 823.92
601.29 , 823.43
584.12 , 818.69
568.16 , 810.76
554.34 , 797.17
545.1 , 781.77
538.09 , 765.54
533.84 , 748.1
531.09 , 729.94
543.84 , 713.92
557.84 , 717.67
570.89 , 723.93
583.44 , 731.49
595.44 , 740.55
608.44 , 747.01
621.77 , 752.35
636.99 , 753.67
652.87 , 753.67
668.39 , 754.42
683.42 , 756.17
698.22 , 758.45
711.71 , 763.29
715.59 , 776.67
703.72 , 786.05
690.72 , 792.54
676.74 , 796.43
661.94 , 798.67
646.32 , 799.17
631.52 , 796.92
616.72 , 794.7
602.41 , 791.45
589.37 , 785.19
576.59 , 778.17
565.16 , 767.52
557.83 , 754.87
551.87 , 741.74
547.58 , 727.94
734.41 , 587.31
741.28 , 583.94
748.71 , 581.79
756.78 , 581.06
765.01 , 581.56
772.71 , 583.06
779.86 , 585.76
786.83 , 589
793.33 , 593.55
799.81 , 598.05
805.1 , 603.85
797.61 , 605.81
789.63 , 606.81
781.31 , 606.56
773.11 , 606.06
765.28 , 604.84
757.93 , 602.57
750.61 , 600.33
743.48 , 597.59
736.41 , 594.76
620.6 , 553.39
617.48 , 546.49
612.33 , 540.37
606.8 , 534.38
600.2 , 530.48
593.27 , 527.57
585.9 , 525.64
578.05 , 524.64
569.88 , 524.39
561.55 , 524.39
554.1 , 526.14
558.51 , 532.56
564.45 , 538.23
570.93 , 542.43
577.68 , 545.95
584.55 , 549.1
592 , 550.91
599.35 , 552.89
606.65 , 554.93
614.03 , 556.9
732.03 , 540.26
744.3 , 531.24
759.48 , 529.26
775.28 , 530.01
790.45 , 531.98
805.05 , 535.26
819.23 , 539.24
833.03 , 544.01
845.96 , 551.19
857.03 , 562.26
861.28 , 576.46
850 , 579.73
841.91 , 567.14
830.18 , 556.5
816.65 , 550.88
801.65 , 548.51
785.61 , 548.76
770.3 , 550.51
755.36 , 553.01
739.38 , 553.15
617.82 , 504.46
612.36 , 493.49
603.41 , 483.79
593.59 , 475.19
582.89 , 469
571.69 , 464.31
560.09 , 460.66
547.62 , 458.66
535.16 , 460.63
524.12 , 465.9
513.29 , 471.66
523.71 , 478.58
535.09 , 474.64
548.16 , 473.92
559.59 , 477.95
570.29 , 484.16
580.37 , 491.99
590.39 , 500.02
600.41 , 508.03
611.14 , 514.16
