2289185361_1
97.04 , 238.45
99.64 , 250.87
103.01 , 264.43
107.4 , 276.72
112.31 , 289.08
115.68 , 302.28
119.31 , 314.05
124.6 , 326.85
130.21 , 339.49
138.08 , 349.64
150.43 , 355.03
163.6 , 358.64
176.28 , 363.35
187.52 , 368.47
199.33 , 374.53
211.82 , 381.92
222.18 , 388.92
233.37 , 397.36
243.49 , 405.29
255.19 , 412.46
267.35 , 411.69
280.4 , 406.77
292.33 , 401.25
304.86 , 394.89
315.97 , 389
329.42 , 384.84
341.98 , 380.45
354.2 , 375.81
367.4 , 375.87
379.24 , 370.25
391.4 , 363.25
401.69 , 354.5
410.4 , 345.67
418.41 , 334.69
424.58 , 322.31
428.45 , 310.08
431.42 , 296.51
434.18 , 284.19
436.25 , 271.1
438.24 , 257.89
440.75 , 243.55
282.9 , 247.8
275.76 , 256.05
267.72 , 265.41
262.9 , 275.05
265.09 , 286.79
273.64 , 293.86
285.37 , 296.81
297.12 , 298.8
308.62 , 300.54
320.51 , 301.25
331.92 , 302.09
343.28 , 301.48
351.87 , 293
350.98 , 281.24
347.5 , 270.55
341.97 , 259.87
337.44 , 248.84
240.59 , 341.62
247.99 , 338
255.39 , 334.11
262.81 , 330.39
270.26 , 326.69
278.01 , 323.94
287.12 , 323.87
295.49 , 325.39
303.99 , 326.61
312.99 , 326.87
321.01 , 329.05
328.54 , 332.62
335.64 , 337.15
342.53 , 342.31
339.09 , 349.62
332.65 , 356.07
327.12 , 362.85
320.44 , 368.55
313.01 , 372.35
304.64 , 373.87
295.89 , 374.62
287.14 , 373.87
278.51 , 372.87
270.04 , 371.58
262.41 , 368.46
255.86 , 362.39
250.34 , 355.62
245 , 348.8
244.84 , 343.62
250.77 , 340.68
256.81 , 337.86
263.29 , 336.1
269.76 , 334.35
277.09 , 334.37
284.04 , 335.12
291.14 , 335.62
298.34 , 335.87
305.54 , 336.12
312.62 , 336.62
319.34 , 337.87
325.94 , 339.4
332.29 , 341.33
337.68 , 343.59
331.09 , 345.12
324.47 , 346.59
317.94 , 348.27
311.56 , 350.14
305.06 , 351.87
298.22 , 352.87
291.14 , 353.37
284.19 , 352.61
277.59 , 351.12
271.24 , 349.15
265.12 , 346.63
258.76 , 344.62
252.06 , 343.37
347.69 , 218.16
349.91 , 212.44
355.06 , 208.42
360.67 , 205.67
366.64 , 203.91
372.99 , 202.91
379.81 , 202.92
385.94 , 204.41
391.54 , 207.17
397.06 , 210.07
402.32 , 213.76
405.91 , 218.66
399.54 , 219.66
393.09 , 220.41
386.49 , 220.91
379.66 , 220.91
372.94 , 220.66
366.49 , 219.91
359.89 , 220.41
353.17 , 220.67
266.4 , 204.94
262.42 , 199.97
257.59 , 195.64
252.27 , 192.58
246.56 , 190.64
240.52 , 189.39
233.97 , 189.14
227.44 , 189.4
221.39 , 190.64
215.79 , 192.91
210.84 , 196.89
215.19 , 201.76
220.44 , 204.99
225.89 , 207.66
231.84 , 209.14
238.01 , 210.14
244.54 , 210.39
251.22 , 210.39
257.74 , 210.64
264.16 , 210.14
354.56 , 185.57
362.06 , 178.57
370.71 , 174.67
380.31 , 172.82
390.26 , 173.82
400.09 , 175.09
409.49 , 177.32
418.28 , 180.81
426.46 , 186
433.46 , 193.19
437.33 , 201.84
434.69 , 207.72
428.41 , 199.89
420.69 , 193.45
412.06 , 189.32
402.06 , 188.32
391.99 , 189.07
381.88 , 189.82
371.66 , 190.29
362.31 , 192.07
285.06 , 174.45
277.26 , 166.61
267.49 , 163.38
256.79 , 161.95
246.44 , 159.87
236.89 , 156.06
226.81 , 153.39
216.29 , 155.1
206.56 , 158.35
197.21 , 162.88
188.21 , 168.13
198.09 , 165.11
208.49 , 163.13
219.36 , 162.13
230.36 , 162.88
240.34 , 165.76
249.44 , 170.86
258.76 , 175.41
268.51 , 178.61
278.28 , 181.91
