228950047_1
51.55 , 180.9
55.8 , 194.08
60.86 , 207.94
68.08 , 220.94
74.2 , 234.39
80.27 , 247.38
86.56 , 259.89
93.76 , 273.08
101.96 , 285.64
109.47 , 297.24
117.52 , 308.68
127.98 , 320.5
137.36 , 330.25
149.53 , 339.12
162.15 , 346.75
176.5 , 351.59
189.26 , 355.74
203.61 , 359.57
216.79 , 364.92
230.19 , 371.47
244.04 , 378.24
257.53 , 383.09
272.35 , 384.7
286.77 , 385.02
300.67 , 381.32
313.44 , 373.94
323.98 , 364.17
330.25 , 351.83
335.49 , 337.88
340.45 , 323.52
348.1 , 310.96
356.51 , 299.58
364.71 , 288.53
371.84 , 275.64
377.68 , 262.2
384.14 , 248.16
388.95 , 234.97
391.26 , 220.81
392.61 , 206.46
392.53 , 191.98
391.19 , 176.05
262.89 , 193.55
256.44 , 202.62
251.8 , 211.97
248.23 , 222.57
250.13 , 234.09
258.23 , 240.8
270.15 , 242.87
280.6 , 242.26
292.77 , 242.71
304.13 , 243.51
313.47 , 238.35
323.95 , 232.84
332.85 , 227.54
338.85 , 217.72
336.25 , 206.59
327.81 , 199.4
324 , 189.09
242.05 , 292.27
248.48 , 288.34
255.83 , 286.52
262.8 , 284.02
269.53 , 280.77
277.03 , 279.27
284.25 , 277.26
291.98 , 276.27
300.08 , 276.02
307.68 , 274.77
315.03 , 273.02
322.75 , 272.02
330.85 , 272.26
335.82 , 278.25
333.83 , 285.47
330.4 , 292.17
325.89 , 298.42
319.9 , 303.76
313.03 , 306.52
305.18 , 307.28
297.7 , 308.77
290.1 , 310.03
282.62 , 311.52
274.9 , 310.55
267.95 , 307.93
261.35 , 304.34
254.98 , 300.17
248.58 , 296.05
254.8 , 290.02
260.2 , 288.78
266.1 , 289.02
271.75 , 288.27
277.53 , 288.77
283.43 , 288.52
289.43 , 288.52
295.33 , 288.27
300.85 , 287.27
306.27 , 286.02
311.7 , 284.77
316.98 , 283.25
322.12 , 281.54
327.02 , 279.04
332.18 , 277.74
327.05 , 279.52
321.98 , 281.5
317.08 , 284
311.93 , 285.74
306.8 , 287.52
301.25 , 288.52
295.48 , 289.02
289.58 , 289.27
283.7 , 289.02
277.8 , 288.77
272.02 , 289.27
266.48 , 290.27
260.6 , 290.52
316.94 , 141
318.81 , 134.88
322.5 , 129.45
327.29 , 124.5
333.09 , 121.78
339.26 , 120.01
346.17 , 119.75
352.97 , 120.25
359.26 , 121.75
365.14 , 124.24
370.66 , 127.69
372.38 , 133.83
367.79 , 138.93
362.22 , 142.24
356.04 , 143.99
349.51 , 145
342.72 , 145.5
335.81 , 145.25
329.26 , 144.25
322.62 , 143.52
235.05 , 152.16
234.02 , 145.13
228.2 , 140.29
222.03 , 136.39
215.6 , 133.14
208.58 , 131.41
201.3 , 132.66
194.68 , 135.29
188.3 , 138.66
182.2 , 142.77
176.5 , 147.96
171.3 , 153.66
177.78 , 156.67
184.43 , 159.19
191.83 , 160.16
199.58 , 160.41
207.33 , 160.16
214.85 , 159.41
221.9 , 157.63
228.5 , 154.96
321.6 , 99.18
324.98 , 92.5
332.1 , 90.18
339.7 , 88.93
347.45 , 87.93
355.2 , 86.93
363.08 , 86.18
371.05 , 85.68
378.93 , 86.43
385.82 , 89.16
390.99 , 95.06
388.87 , 101.94
381.48 , 100.17
373.85 , 98.93
366.35 , 97.43
358.38 , 96.93
350.88 , 98.43
343.25 , 99.69
335.75 , 101.19
328.28 , 102.61
240.2 , 95.64
229.1 , 93.06
216.95 , 93.91
205.25 , 95.66
193.18 , 96.66
180.82 , 97.09
168.93 , 98.47
158.5 , 102.91
149.16 , 110.51
141.38 , 119.76
134.75 , 129.41
145.7 , 126.2
156.4 , 122.5
166.65 , 117.25
176.9 , 112.17
187.75 , 108.66
198.9 , 105.76
210.32 , 103.38
222.4 , 102.44
234.82 , 102.16
