2289530648_1
395.85 , 560.75
402.11 , 574.17
409.7 , 588.81
415.15 , 603.52
418.22 , 619.23
421.09 , 634.72
425.92 , 651.42
430.84 , 666.67
438.5 , 680.03
447.41 , 694.46
454.6 , 708.03
462.5 , 722.11
472.25 , 735.52
484.21 , 745.85
498.59 , 752.46
514.63 , 756.84
529.05 , 758.95
546.01 , 758.96
561.49 , 757.65
577.64 , 755.78
593.16 , 753.85
609.37 , 751.67
625.95 , 749.73
641.49 , 748.04
657.56 , 746.41
673.4 , 745.27
689.71 , 742.45
703.78 , 735.49
715.9 , 725.28
726.24 , 713.26
735.47 , 698.59
742.08 , 684.09
746.48 , 668.49
748.5 , 653.83
751.36 , 637.04
753.9 , 620.9
757.74 , 606.3
763.09 , 590.13
769 , 575.45
774.22 , 560.56
777.55 , 544.1
544.55 , 528.9
535.83 , 538.26
526.73 , 549.73
522.76 , 561.63
526.02 , 575.69
537 , 582.28
549.77 , 587.57
562.69 , 593.12
575.42 , 594.7
590.02 , 592.31
602.79 , 588.86
615.51 , 584.89
627.59 , 578.61
634.24 , 566.79
631.79 , 552.96
624.76 , 541.07
617.35 , 528.9
512.25 , 649.97
516.38 , 639.82
525.17 , 631.74
535.08 , 626.69
546.02 , 624.22
558.2 , 624.22
570.1 , 624.72
581.52 , 623.22
592.73 , 621.22
604.5 , 621.97
615.2 , 624.94
625.42 , 628.94
635.3 , 634.04
644.65 , 640.6
649.93 , 650.32
644.62 , 660.12
635.02 , 665.96
625.02 , 670.73
614.62 , 674.19
603.77 , 676.97
592.35 , 678.47
580.55 , 679.22
568.4 , 679.22
556.5 , 678.72
545.42 , 676.48
535.02 , 672.96
524.9 , 668.65
516.43 , 660.15
524.25 , 651.22
531.15 , 646.6
538.12 , 642.09
545.92 , 639.7
554.75 , 639.47
562.88 , 641.24
571.2 , 642.48
580.15 , 642.47
588.5 , 641.22
596.85 , 639.94
605.33 , 638.94
614.02 , 639.47
622.35 , 640.7
629.98 , 643.45
637.23 , 647.2
633.57 , 652.72
624.88 , 653.23
616.4 , 654.25
608.2 , 655.76
599.85 , 656.98
591.38 , 657.98
582.92 , 658.97
574.08 , 659.21
565.75 , 657.97
557.52 , 656.48
549.52 , 654.47
541.05 , 653.47
532.35 , 652.96
636.04 , 470.19
639.74 , 465.72
644.81 , 463.69
650.51 , 462.94
656.56 , 462.94
662.49 , 463.19
668.16 , 463.95
673.71 , 464.94
678.89 , 466.66
683.99 , 468.68
688.29 , 472.91
684.04 , 477.19
678.87 , 478.95
673.41 , 480.18
667.49 , 480.44
661.69 , 479.93
656.14 , 478.94
651.04 , 476.94
646.09 , 474.51
641.19 , 471.93
522.57 , 477.68
517.73 , 473.58
512.38 , 470.97
506.53 , 469.46
500.35 , 468.71
493.8 , 468.71
487.6 , 469.46
481.55 , 470.5
476.25 , 473.32
471.79 , 478.01
468.85 , 483.21
473.12 , 487.99
478.43 , 490.77
484.2 , 492.49
490.5 , 491.95
496.25 , 490.31
501.75 , 488.06
507.23 , 485.84
512.7 , 483.62
518.3 , 481.74
594.05 , 440.88
602.1 , 432.82
612.27 , 430.14
623.45 , 429.63
634.27 , 430.87
644.85 , 432.62
655.3 , 434.63
664.97 , 438.4
673.52 , 445.11
681.31 , 453.15
689.7 , 460.31
684.95 , 464.35
675.32 , 460.64
665.72 , 456.81
656.07 , 453.14
646.02 , 450.36
635.17 , 449.13
624.1 , 448.38
613.17 , 449.37
602.7 , 447.37
523.81 , 448.75
519.36 , 438.15
507.8 , 435.66
496.22 , 438.16
484.89 , 441.16
473.44 , 443.91
461.27 , 445.17
450.22 , 448.66
440.64 , 456.13
434.13 , 466.06
429.58 , 476.71
427.37 , 488.41
437.89 , 485.38
447.39 , 477.65
457.42 , 471.4
467.44 , 465.1
477.87 , 459.91
488.92 , 456.42
500.85 , 454.66
513.62 , 454.66
