2289874177_1
289.94 , 1034.2
295.84 , 1066.68
304.42 , 1098.89
314.72 , 1131.15
324.94 , 1161.11
337.75 , 1192.88
352.05 , 1223.08
366.29 , 1253.26
380.82 , 1283.06
396.92 , 1312.37
414.44 , 1339.73
437.56 , 1364.62
461.24 , 1388.82
487.92 , 1409.05
516.97 , 1425.77
545.48 , 1443.2
575.78 , 1461.8
602.98 , 1477.23
633.29 , 1491.88
667.57 , 1499.71
701.27 , 1502.28
733.06 , 1501.29
766.29 , 1499.49
800.96 , 1491.23
829.95 , 1475.63
856.9 , 1458.52
886.45 , 1438.78
911.98 , 1421.79
940.61 , 1401.05
964.31 , 1378.98
988.51 , 1353.72
1006.96 , 1327.88
1026.97 , 1298.13
1042.29 , 1270.43
1053.71 , 1238.15
1061.81 , 1207.67
1068.43 , 1172.83
1074.84 , 1141.39
1083.78 , 1106.94
1090.26 , 1075.22
1093.87 , 1040.09
654.89 , 1040.84
645.75 , 1065.79
640.91 , 1091.88
634.14 , 1118.2
633.95 , 1144.64
655.01 , 1158.83
681 , 1153.94
709.25 , 1149.07
734.86 , 1151.97
761.38 , 1146.53
787.92 , 1148.41
816.56 , 1152.06
835.83 , 1137.19
829.07 , 1110.65
822.07 , 1083.66
815.41 , 1057.44
806.3 , 1030.9
602.77 , 1295.01
616.02 , 1276.76
633.82 , 1262.21
651.54 , 1247.49
669.47 , 1233.31
688.25 , 1221.53
709.14 , 1215.23
732.85 , 1215.76
756.82 , 1215.76
780.04 , 1214.26
801.04 , 1220.28
820.32 , 1230.81
838.2 , 1245.19
853.77 , 1262.61
862.52 , 1282.51
854.25 , 1302.56
840.07 , 1320.46
822.32 , 1335.21
803.14 , 1346.01
783.12 , 1354.28
761.47 , 1359.01
738.22 , 1360.51
715.25 , 1358.51
693.57 , 1353.76
672.02 , 1348.76
651.47 , 1341.97
632.62 , 1330.38
616.77 , 1313.01
634.52 , 1294.51
645.27 , 1283.76
657.64 , 1277.42
669.37 , 1269.41
681.89 , 1263.48
695.89 , 1261.02
710.62 , 1262.01
725.1 , 1263.51
739.82 , 1264.51
754.79 , 1265.01
768.44 , 1261.75
782.07 , 1258.47
796.6 , 1259.51
808.42 , 1267.25
819.2 , 1277.93
825.25 , 1289.01
810.02 , 1289.01
795.42 , 1290.24
781.07 , 1292.01
766.22 , 1292.75
751.97 , 1294.75
737.75 , 1296.76
722.52 , 1296.76
707.32 , 1296.76
692.82 , 1295.26
677.97 , 1294.51
663.25 , 1295.51
648.64 , 1296.76
825.45 , 920.07
833.67 , 903.85
844.26 , 888.52
858.73 , 875.56
875.05 , 867.48
892.6 , 862.55
911.3 , 860.07
931.23 , 860.07
949.55 , 863.35
965.78 , 871.62
980.51 , 883.88
980.62 , 903.67
967.27 , 918.02
951.48 , 927.31
934.5 , 933.32
916.18 , 936.57
896.85 , 937.82
877.43 , 936.82
858.83 , 934.1
841.38 , 929
608.17 , 923
596.53 , 908.13
582 , 895.53
565.78 , 887.49
548.61 , 882.2
530.46 , 878.77
510.81 , 879.15
493.11 , 883.59
476.61 , 890.58
460.66 , 899.3
446.18 , 912.02
458.38 , 926.71
473.36 , 937.98
489.63 , 945.97
506.75 , 951.34
525.03 , 954.55
544.13 , 953.02
561.78 , 948.54
578.73 , 942.79
595.58 , 936.74
795.06 , 786.55
800.38 , 756.79
827.08 , 743.8
858.38 , 741.3
890.16 , 742.8
921.93 , 741.33
950.23 , 732.78
980.56 , 728.3
1009.93 , 734.83
1035.21 , 751.23
1053.51 , 775.72
1057.81 , 803.55
1026.76 , 800.52
999.51 , 789.56
970.78 , 781.8
939.18 , 780.18
909.03 , 785.06
880.58 , 793.28
851.71 , 800.8
820.16 , 802.31
634.18 , 796.88
616.7 , 769.78
585.36 , 762.55
551.86 , 759.79
517.25 , 760.29
482.68 , 760.79
450.91 , 754.55
416.31 , 755.05
389.8 , 774.53
372.23 , 801.62
360.99 , 830.99
354.23 , 862.54
382.73 , 850.54
411.68 , 838.02
441.5 , 828.04
472.75 , 820.54
506.38 , 818.04
540.11 , 820.29
574.83 , 820.54
607.83 , 816.81
