11564757_1
10.5 , 190.75
10.56 , 202.96
10.72 , 215.22
11.7 , 227.37
13.27 , 239.43
15.18 , 251.24
16.98 , 263.12
18.75 , 276.2
23.11 , 287.23
28.2 , 298.17
35.07 , 308.33
42.74 , 317.37
53.24 , 325.54
62.9 , 332.67
71.96 , 339.89
82.94 , 347.43
92.48 , 353.89
103.87 , 359.87
115.68 , 363.91
126.79 , 365.54
138.87 , 366.65
151.91 , 367.67
164.46 , 368.29
176.27 , 367.59
188.55 , 363.94
198.71 , 358.23
209.04 , 350.52
218.63 , 342.86
227.94 , 335.36
236.66 , 327.33
244.96 , 317.28
250.95 , 306.82
255.84 , 295.66
260.15 , 283.94
263.86 , 271.98
267.43 , 261.33
271.79 , 249.41
275.94 , 238.05
277.9 , 225.98
279.37 , 213.93
280.65 , 200.59
130.2 , 192.8
127.57 , 202.67
124.35 , 211.87
122.45 , 221.95
122.85 , 232.3
130.95 , 238.63
141.08 , 240.81
151.6 , 242.55
161.69 , 243.06
171.86 , 243.73
181.84 , 242.96
191.5 , 239.9
200.78 , 233.96
204.65 , 225.3
201.6 , 215
196.82 , 205.83
192.65 , 195.95
96.85 , 285.6
104.42 , 280.59
112.4 , 276.53
120.35 , 272.35
128.6 , 269.1
137.18 , 266.57
146.35 , 265.35
155.9 , 265.85
165.35 , 265.1
174.53 , 263.85
183.85 , 264.85
192.18 , 267.86
200.03 , 272.26
207.35 , 278.1
213.52 , 285.28
207.95 , 292.34
200.15 , 296.84
192.55 , 301.89
184.35 , 305.35
175.42 , 307.1
165.62 , 307.1
156.05 , 306.6
146.5 , 306.1
136.85 , 305.85
128.17 , 303.41
120.25 , 299.22
112.75 , 293.84
104.8 , 289.78
102.85 , 285.85
110.25 , 285.1
117.67 , 284.35
125.47 , 284.35
133.02 , 283.85
140.32 , 282.85
148.1 , 282.85
155.65 , 283.35
163.2 , 283.85
170.88 , 283.6
178.65 , 283.6
185.95 , 284.63
193.38 , 285.35
200.8 , 286.11
208.03 , 287.28
201.8 , 288.1
194.25 , 288.6
186.58 , 288.85
179.05 , 288.35
171.25 , 288.35
163.47 , 288.34
156.15 , 287.35
148.62 , 286.85
141.07 , 286.35
133.4 , 286.6
125.75 , 286.85
117.95 , 286.85
110.17 , 286.85
196.05 , 151.75
200.48 , 147.55
205.55 , 145
210.7 , 142.72
216.03 , 141
221.75 , 140
227.95 , 140
234.03 , 140.25
240 , 140.76
245.06 , 143.28
246.79 , 148.6
245.77 , 154.3
241.58 , 158.74
235.73 , 159.5
229.53 , 159.5
223.8 , 158.5
218.2 , 157.24
212.6 , 156
207.12 , 154.48
201.65 , 152.98
126.96 , 140.92
124.17 , 135.31
119.12 , 131.09
113.53 , 128.32
107.55 , 126.57
100.85 , 126.34
94.5 , 127.34
88.3 , 128.59
82.3 , 130.37
76.6 , 132.68
71.2 , 135.84
75.3 , 140.93
80.48 , 144.87
85.98 , 147.86
92.08 , 149.33
98.78 , 149.59
105.6 , 149.59
112.3 , 149.34
118.65 , 148.33
124.63 , 146.59
206.5 , 108.31
210.92 , 103.11
216.75 , 100.31
222.65 , 97.79
229 , 96.31
235.72 , 95.56
242.68 , 95.81
249.38 , 96.55
255.55 , 98.36
261 , 102.06
265.7 , 107.01
265.58 , 112.79
259.5 , 110.81
253.18 , 109.31
246.1 , 109.31
239.38 , 110.06
232.55 , 110.56
225.82 , 111.31
219 , 111.81
212.3 , 111.05
127.32 , 95.1
120.35 , 89.94
112.2 , 87.85
103.62 , 86.58
95.05 , 85.36
86.6 , 83.84
77.53 , 83.58
69.45 , 85.82
61.95 , 89.66
54.8 , 94.27
47.75 , 99.09
55.97 , 101.09
63.93 , 98.58
72.38 , 97.1
81.43 , 96.84
90.5 , 97.09
99.08 , 98.33
107.3 , 100.36
115.75 , 101.84
124.69 , 102.34
