2290385398_2
960.91 , 1276.33
967.28 , 1314.75
974.46 , 1357.67
983.09 , 1399.03
996.41 , 1440.57
1016.58 , 1481.25
1042.7 , 1516.43
1073.14 , 1545.99
1105.91 , 1572.73
1140.64 , 1599.1
1175.87 , 1624.4
1209.74 , 1645.76
1250.16 , 1665.83
1289.79 , 1679.03
1330.17 , 1689.25
1373.57 , 1699.42
1414.91 , 1706.48
1460.23 , 1706.46
1500.25 , 1707.86
1544.05 , 1708.01
1587.64 , 1710.26
1629.03 , 1712.08
1674.15 , 1709.25
1715.8 , 1698.29
1754.87 , 1684.29
1791.23 , 1662.83
1821.45 , 1628.95
1841.57 , 1594.1
1854.82 , 1551.14
1863.23 , 1511.29
1874.24 , 1470.95
1886.02 , 1428.5
1896.68 , 1386.51
1907.25 , 1345.28
1914.53 , 1303.01
1920.66 , 1261.37
1924.44 , 1215.68
1924.73 , 1173.59
1922.93 , 1133.02
1918.39 , 1087.89
1907.72 , 1044.62
1517.65 , 1071.25
1508.27 , 1100.06
1495.81 , 1131
1476.19 , 1160.13
1482 , 1191.89
1508.7 , 1209.05
1543.92 , 1211.44
1576.58 , 1205.71
1608.14 , 1197.98
1642.19 , 1195.66
1675.8 , 1195.86
1705.21 , 1181.75
1726.75 , 1154.89
1744.32 , 1129.5
1733.67 , 1096.8
1714.5 , 1070.69
1693.64 , 1041.68
1377.14 , 1385.64
1404.84 , 1361.17
1436.07 , 1346.12
1467.27 , 1331.11
1499.39 , 1319.14
1534.72 , 1313.63
1567.62 , 1303.38
1600.22 , 1292.61
1636.99 , 1290.14
1672.92 , 1285.89
1704.14 , 1270.89
1737.04 , 1260.62
1772.21 , 1266.44
1794.65 , 1294.92
1788.4 , 1329.87
1779.64 , 1363.64
1764.88 , 1394.91
1738.76 , 1422.04
1707.82 , 1437.92
1673.89 , 1446.39
1639.74 , 1454.4
1605.37 , 1461.89
1568.97 , 1465.14
1532.79 , 1461.41
1499.59 , 1451.66
1468.16 , 1437.4
1437.52 , 1420.98
1406.89 , 1404.39
1381.64 , 1381.64
1408.17 , 1364.62
1438.72 , 1357.39
1468.44 , 1348.62
1499.19 , 1341.87
1530.29 , 1335.87
1562.49 , 1332.14
1595.19 , 1329.39
1627.04 , 1324.87
1656.57 , 1315.92
1684.84 , 1303.68
1712.79 , 1290.23
1741.44 , 1279.09
1775.01 , 1279.15
1778.4 , 1311.09
1765.97 , 1339.32
1744.82 , 1364.24
1718.32 , 1381.45
1689.69 , 1392.66
1660.27 , 1401.91
1629.94 , 1409.6
1598.47 , 1414.9
1566.14 , 1418.39
1533.34 , 1420.89
1499.91 , 1419.64
1468.44 , 1414.38
1437.99 , 1406.91
1408.59 , 1397.6
1634.85 , 934.61
1641.01 , 921.69
1652.67 , 912.02
1664.88 , 903.85
1677.9 , 897.88
1690.97 , 892.08
1705.05 , 888.6
1719.72 , 886.36
1735.47 , 886.36
1750.38 , 888.11
1763.41 , 894.13
1758.15 , 907.06
1746.8 , 917.65
1734.35 , 925.11
1721.22 , 930.74
1707.52 , 934.87
1692.72 , 936.86
1677.57 , 938.11
1662.32 , 939.11
1647.52 , 941.13
1412.33 , 983.56
1400.87 , 975.81
1387.92 , 972.08
1374.07 , 970.08
1359.59 , 969.33
1344.89 , 969.08
1330.79 , 970.56
1317.79 , 974.3
1305.29 , 979.05
1293.07 , 984.89
1281.64 , 992.58
1292.59 , 1001.8
1305.72 , 1005.36
1320.19 , 1006.08
1334.89 , 1006.33
1348.99 , 1004.83
1362.27 , 1001.56
1374.54 , 995.93
1387.12 , 991.35
1399.84 , 987.12
1637.4 , 839.97
1644.39 , 821.27
1658.53 , 805.1
1674.58 , 790.54
1691.7 , 779.15
1710.08 , 771.03
1729.62 , 765.72
1749.83 , 761.73
1771.1 , 760.01
1790.15 , 766.22
1806.18 , 780.75
1806.85 , 799.21
1788.55 , 791.69
1769.2 , 797.46
1751.25 , 806.88
1733.05 , 815.57
1714.23 , 822.19
1695.43 , 828.96
1677.05 , 837
1657.93 , 842.97
1469.83 , 832.32
1440.43 , 819.2
1405.24 , 819.68
1372.24 , 824.68
1338.79 , 828.7
1304.59 , 831.17
1271.59 , 836.2
1241.93 , 848.23
1215.71 , 869.95
1193.96 , 896.2
1173.71 , 922.95
1200.63 , 903.05
1228.49 , 885.94
1260.38 , 878.68
1295.81 , 878.7
1330.13 , 876.45
1365.18 , 875.7
1400.24 , 874.95
1435.06 , 873.7
1465.41 , 863.49
