2292430114_1
96 , 366.75
98.34 , 379
101.49 , 391.13
105.14 , 403.04
109.6 , 415.92
114.18 , 427.61
119.47 , 438.77
126.37 , 450.18
133.43 , 460.53
142.97 , 468.9
154.5 , 475.83
164.94 , 483.98
173.52 , 492.25
183.41 , 500.85
194.08 , 508.35
205.47 , 515.01
216.2 , 520.7
228.31 , 525.12
241.34 , 527.85
254.22 , 528.96
266.43 , 529.69
278.93 , 527.54
290.85 , 522.82
301.97 , 516.03
312.32 , 507.73
321.99 , 499.2
331.22 , 490.14
340.23 , 481.04
348.85 , 471.72
356.83 , 461.7
363.69 , 451.11
369.61 , 439.81
375.86 , 427.61
380.55 , 416.33
384.62 , 403.61
387.4 , 391.77
389.75 , 378.53
391.65 , 366.49
393.84 , 353.05
395.48 , 340.59
396.35 , 327.09
212.15 , 376.6
206.53 , 384.29
200.07 , 393.07
196.8 , 402.64
199.2 , 412.25
208.84 , 416.6
219.45 , 416.55
229.59 , 415.95
239.35 , 414.88
249.34 , 411.88
260.14 , 410.7
269.57 , 407.48
278.19 , 401.1
282.89 , 392.72
278.78 , 382.73
270.99 , 377.07
264.19 , 368.5
183.4 , 452.75
192.55 , 451.51
201.85 , 452.5
211.28 , 451.75
219.6 , 448.78
227.9 , 445.75
236.95 , 444.26
246.25 , 443.27
255.07 , 441.27
263.88 , 439.26
273.08 , 438
282.52 , 437.37
291.65 , 436
300.1 , 433.29
301.45 , 437.99
294.4 , 444.5
287.23 , 450.7
279.58 , 455.56
271.65 , 459.75
263.35 , 462.79
254.6 , 464.99
245.43 , 466.25
235.65 , 466.25
226.35 , 465.25
217.58 , 463.19
209.35 , 459.99
201.18 , 456.51
192.45 , 454.25
195.4 , 452.38
203.68 , 452.63
211.85 , 453.13
220.28 , 453.13
228.33 , 452.36
236.38 , 451.64
244.08 , 450.11
252 , 449.13
259.43 , 447.12
266.88 , 445.13
274.18 , 442.89
281.35 , 440.42
288.55 , 437.98
295.68 , 435.36
302.68 , 433.08
295.62 , 435.89
288.6 , 438.89
281.43 , 441.37
274.25 , 443.85
267.05 , 446.36
259.6 , 448.4
251.9 , 449.88
243.85 , 450.63
235.93 , 451.62
227.95 , 452.59
220.05 , 453.63
211.88 , 453.13
203.58 , 452.88
264.75 , 317.97
268.47 , 311.24
274.75 , 306.22
281.65 , 302.81
288.65 , 299.69
295.95 , 297.46
303.88 , 296.47
311.48 , 298.22
318.77 , 300.46
325.88 , 303.22
332.22 , 307.78
328.62 , 314.62
322.1 , 318.96
315 , 321.72
307.82 , 324.23
300.23 , 325.97
292.3 , 326.97
284.12 , 327.47
275.95 , 326.98
268.66 , 324.67
190.54 , 332.52
186 , 327.22
180.07 , 324.37
173.47 , 323.13
166.62 , 322.37
159.67 , 322.88
153.32 , 324.66
147.57 , 327.94
142.07 , 331.93
137.34 , 337.14
134.12 , 342.87
140.02 , 345.61
145.9 , 348.63
152.09 , 350.62
159.32 , 350.62
166.02 , 349.61
172.37 , 347.87
178.47 , 345.65
184.5 , 343.12
190.09 , 339.43
255.11 , 292.26
257.83 , 281.52
267.31 , 275.78
277.13 , 270.75
287.19 , 266.51
298.04 , 264.01
309.34 , 262.51
321.26 , 262.26
332.46 , 264.04
342.86 , 267.26
352.43 , 272.83
356.53 , 281.01
344.61 , 281.26
332.56 , 281.26
320.81 , 281.8
309.36 , 283.01
297.96 , 284.41
287.16 , 287.02
276.59 , 290.02
266.29 , 293.51
183.13 , 296.7
173.3 , 293.97
162.33 , 293.47
151.35 , 292.97
140.25 , 293.22
129.53 , 294.23
119.08 , 295.79
109.75 , 299.87
101.15 , 305.97
94.5 , 314.35
89.9 , 323.47
101 , 323.21
110.6 , 319.95
119.8 , 315.44
129.33 , 312.04
139.53 , 309.94
150.28 , 308.97
161.35 , 308.72
172.45 , 308.47
182.95 , 306.97
