2293424058_2
585.1 , 774.4
583.65 , 798.34
582.4 , 825.01
582.02 , 851.86
584.36 , 877.7
590.49 , 902.87
599.24 , 930.1
608.55 , 954.23
617.97 , 978.16
627.18 , 1002.3
637.73 , 1028.81
650 , 1051.34
667.04 , 1070.41
689.59 , 1086.62
711.9 , 1098.68
734.97 , 1110.45
759.03 , 1120.6
784.31 , 1128.23
809.98 , 1134.82
836.12 , 1140.02
862.65 , 1142.97
889.05 , 1145.3
915.61 , 1146.16
942.35 , 1144.64
966.75 , 1137.98
989.76 , 1126.99
1014.11 , 1111.42
1035.34 , 1095.89
1056.78 , 1082.23
1079.95 , 1067.35
1100.42 , 1050.67
1117.63 , 1033.94
1133.87 , 1010.58
1144.58 , 986.93
1153.55 , 963.22
1160.78 , 938.76
1165.98 , 910.59
1168.18 , 885.4
1167.33 , 859.23
1165.5 , 833.1
1164.55 , 804.75
789.4 , 747.15
779.5 , 763.5
765.97 , 776.5
760.62 , 797.28
768.28 , 814.01
782.86 , 828.24
801.84 , 834.62
822.59 , 838.68
841.72 , 837.79
861.89 , 840.7
881.11 , 837.93
902 , 832.54
918.11 , 821.38
921.62 , 802.33
913.87 , 783.64
898.1 , 771.25
889.5 , 753.6
724.46 , 912.38
738.86 , 901.72
754.99 , 895.88
771.94 , 891.63
789.46 , 888.63
807.49 , 890.63
824.88 , 893.88
842.54 , 896.63
861.54 , 896.63
877.36 , 903.41
893.41 , 909.39
910.36 , 913.66
926.61 , 919.12
941.87 , 927.51
934.7 , 943.16
920.84 , 955.28
905.76 , 964.12
890.24 , 971.89
873.86 , 977.13
856.34 , 980.13
837.46 , 980.38
819.59 , 978.13
801.91 , 975.38
784.86 , 971.4
768.71 , 965.63
753.71 , 956.63
741.57 , 942.73
732.93 , 927.61
732.96 , 907.63
748.29 , 906.38
764.11 , 906.63
779.59 , 907.63
794.44 , 909.89
808.51 , 913.67
822.69 , 917.37
837.91 , 918.88
853.13 , 917.36
868.49 , 916.13
883.94 , 917.13
898.54 , 919.89
913.16 , 922.63
927.89 , 925.13
936.56 , 935.03
922.49 , 938.88
907.51 , 940.89
892.04 , 941.88
876.21 , 941.63
860.99 , 940.13
845.76 , 938.62
830.61 , 937.03
815.61 , 935.03
801.19 , 931.87
787.04 , 928.2
772.96 , 924.38
759.16 , 920.08
745.84 , 914.5
945.5 , 677.31
952.75 , 670.56
960.52 , 665.28
968.52 , 660.55
976.88 , 656.78
985.9 , 654.54
995.73 , 655.06
1004.45 , 657.78
1012.6 , 662.13
1020.13 , 668.19
1026.34 , 675.63
1026.2 , 685.35
1017.55 , 688.32
1008.2 , 689.81
998.38 , 690.31
988.27 , 690.31
978.8 , 689.05
969.67 , 687.06
960.2 , 685.81
950.41 , 685.26
765.03 , 666.64
763.42 , 657.89
754.92 , 651.38
745.6 , 647.12
735.27 , 645.11
724.05 , 645.21
713.52 , 646.74
703.4 , 649.11
693.35 , 651.66
684 , 655.76
675.43 , 662.08
668.4 , 670.36
677.6 , 665.85
687.7 , 663.37
698.6 , 664.11
709.62 , 664.61
720.9 , 664.61
732.05 , 664.86
743.33 , 664.86
754.23 , 665.61
889.85 , 629.41
899.93 , 611.57
917.85 , 601.66
936.7 , 594.38
956.2 , 588.63
975.7 , 582.88
996.35 , 579.41
1018.08 , 580.66
1038.72 , 584.19
1059.38 , 587.67
1078.2 , 595
1079.25 , 616.01
1061.22 , 625.66
1039 , 625.91
1017.4 , 624.41
995.9 , 622.66
974.4 , 620.91
952.17 , 621.17
931.8 , 625.15
911.85 , 630.16
823.41 , 622.13
812.87 , 608.85
799.27 , 599.01
784.52 , 592.37
768.62 , 588.35
752.52 , 584.85
736.04 , 582.1
718.97 , 580.6
701.52 , 579.86
685.17 , 582.82
670.87 , 590.6
676.88 , 605.48
690.22 , 615.72
707.14 , 617.6
723.97 , 615.6
741.77 , 615.6
758.25 , 618.34
774.35 , 621.86
790.47 , 625.34
807.89 , 626.1
