2293429456_1
720.25 , 1131.39
729.39 , 1155.21
743.41 , 1182.92
756.52 , 1206.88
770.36 , 1230.24
786.64 , 1254.53
802.55 , 1277.67
821.43 , 1298.26
844.27 , 1316.68
867.83 , 1332.58
892.78 , 1345.79
918.86 , 1357.64
944.78 , 1368.83
970.48 , 1377.17
1000.5 , 1382.88
1026.45 , 1386.84
1055.97 , 1391.29
1084.77 , 1394.02
1113.06 , 1392.52
1140.68 , 1388.75
1168.8 , 1390.87
1196.23 , 1391.97
1223.75 , 1390.09
1253.72 , 1384.18
1280.43 , 1377.17
1305.86 , 1367.97
1329.57 , 1351.08
1349.26 , 1329.62
1365.77 , 1307.31
1380.44 , 1282.98
1391.62 , 1258.01
1400.18 , 1231.86
1410.94 , 1205.73
1420.53 , 1178.32
1421.73 , 1149.17
1422.37 , 1121.44
1422.04 , 1093.72
1423.96 , 1065.3
1424.59 , 1036.79
1419.47 , 1007.28
1412.4 , 979.35
963.1 , 1070
954.15 , 1092.47
949.68 , 1117
955.28 , 1142.02
975.37 , 1155.81
1000.84 , 1160.47
1024.5 , 1164.09
1051.42 , 1168.74
1074.38 , 1161.19
1098.43 , 1155.09
1118.21 , 1137.55
1131.77 , 1117.82
1150.89 , 1100.03
1166.39 , 1081.4
1156.08 , 1057.06
1139.81 , 1040.16
1114.07 , 1031.65
930.35 , 1271.35
947.63 , 1253.32
969.05 , 1245.64
989.73 , 1235.48
1011.03 , 1227.36
1032.35 , 1219.35
1053.92 , 1212.12
1076.53 , 1206.62
1099.58 , 1202.1
1122.5 , 1197.36
1145.65 , 1193.1
1168.95 , 1189.11
1193.08 , 1186.85
1217.43 , 1188.17
1224.25 , 1207.7
1205.75 , 1223.7
1187.25 , 1239.7
1169.15 , 1256.8
1151.12 , 1274.09
1132.62 , 1290.08
1112.4 , 1301.35
1089.7 , 1306.6
1065.2 , 1305.08
1042.15 , 1300.64
1019.43 , 1295.42
996.48 , 1290.72
974.1 , 1284.85
952.5 , 1277.63
954.1 , 1264.35
972.25 , 1258.07
990.15 , 1251.07
1008.18 , 1244.32
1026.62 , 1238.59
1046.1 , 1234.85
1065.45 , 1230.82
1084.97 , 1227.22
1104.3 , 1223.14
1123.42 , 1218.53
1142.67 , 1214.28
1162.05 , 1210.37
1180.28 , 1204.08
1198.38 , 1197.61
1216.4 , 1195.05
1201.3 , 1209.92
1184.62 , 1220.57
1168 , 1231.17
1151.28 , 1241.61
1133.88 , 1250.33
1115.68 , 1256.53
1096.75 , 1261.44
1077.33 , 1265.35
1056.5 , 1266.35
1035.45 , 1266.85
1014.62 , 1265.85
993.7 , 1266.6
973.35 , 1268.6
1124.03 , 890.1
1130.25 , 879.38
1139.86 , 870.01
1150.9 , 864.48
1162.43 , 860.44
1174.93 , 858.36
1187.61 , 856.61
1200.4 , 855.1
1213.31 , 853.85
1226.58 , 853.35
1238.36 , 856.83
1234.93 , 867.61
1223.86 , 873.03
1212.4 , 877.22
1200.81 , 881.09
1188.7 , 884.1
1175.93 , 885.6
1163 , 886.85
1150.23 , 888.35
1137.08 , 889.1
911.04 , 945.27
901.47 , 942.34
891.17 , 940.83
880.62 , 941.83
870.45 , 943.56
860.87 , 946.58
851.92 , 951.26
843.2 , 956.49
834.87 , 962.83
828.17 , 971.03
822.62 , 979.58
832.3 , 982.35
843.07 , 981.82
852.77 , 979.05
862.32 , 976.12
871.72 , 972.8
880.8 , 968.4
889.85 , 964.09
898.87 , 959.58
907.49 , 954.08
1015.25 , 845.87
1027.76 , 818.97
1054.38 , 805.62
1081.58 , 794.06
1108.75 , 782.37
1136.05 , 771.11
1163.28 , 759.61
1191.22 , 750.11
1223.12 , 748.62
1253.72 , 752.87
1281.02 , 764.64
1263.58 , 783.87
1233.45 , 789.14
1204.35 , 796.52
1175.47 , 804.36
1148.17 , 815.68
1121.72 , 829.63
1094.67 , 841.68
1067.45 , 853.15
1040.08 , 863.63
951.44 , 847.43
922.43 , 842.55
895.48 , 851.51
865.88 , 855.29
835.63 , 857.8
805.03 , 859.55
776.3 , 865.17
750.78 , 878.45
729.03 , 900.7
714.52 , 925.7
710.18 , 955.05
735.83 , 945.15
760.5 , 929.79
786.45 , 917.8
815.23 , 912.31
843.36 , 905.28
871.36 , 898.12
900.7 , 893.8
929.25 , 887.78
955.38 , 876.31
