2294325056_1
521.04 , 1104.95
536.71 , 1179.49
548.28 , 1253.39
562.15 , 1330.68
577.07 , 1408.96
591.79 , 1479.61
608.82 , 1557.63
637.3 , 1632.41
666.48 , 1701
700.39 , 1767.28
744.95 , 1839.19
789.86 , 1894.38
842.78 , 1950.55
896.68 , 2009.43
949.42 , 2063.3
1013.01 , 2115.76
1076.7 , 2157.46
1146.36 , 2188.81
1221.39 , 2209.62
1296.98 , 2219.15
1378.55 , 2217.94
1454.51 , 2202.13
1530.64 , 2187.09
1599.44 , 2164.86
1676.11 , 2137.97
1743.21 , 2110.77
1819.02 , 2080.89
1890.22 , 2043.49
1953.77 , 2002.99
2011.69 , 1958.71
2075.96 , 1905.14
2129.92 , 1848.73
2175.28 , 1791.61
2216.6 , 1721.34
2246.82 , 1657.18
2284.81 , 1581.8
2314.03 , 1512.59
2338.7 , 1442.37
2364.22 , 1365.68
2391.09 , 1292.06
2418.84 , 1218
1200.65 , 1050.95
1163.5 , 1098.23
1129.18 , 1150.62
1102.13 , 1212.43
1117.37 , 1274.23
1170.84 , 1305.35
1228.9 , 1302.42
1284.79 , 1271.5
1339.7 , 1306.25
1401.53 , 1283.61
1456.27 , 1302.06
1522.32 , 1320.86
1582.95 , 1316.95
1619.23 , 1268.15
1618.31 , 1203.14
1594.16 , 1142.34
1568.13 , 1081.31
1043.67 , 1618.98
1084.6 , 1585.05
1126.27 , 1553.14
1167.75 , 1520.64
1209.7 , 1489.47
1261.6 , 1482.48
1312.62 , 1491.23
1367.67 , 1490.73
1422.1 , 1492.49
1469.27 , 1508.73
1513.37 , 1533.91
1555.82 , 1563.6
1597.82 , 1594.61
1638.94 , 1628
1674.92 , 1668.21
1635.07 , 1705.1
1590.72 , 1729.69
1545 , 1750.45
1498.72 , 1769.25
1450.17 , 1782.98
1396.22 , 1785.73
1342.14 , 1783.23
1287.6 , 1784.73
1235 , 1779.26
1188.62 , 1760.75
1143.07 , 1739.41
1102.67 , 1703.98
1074.1 , 1661.18
1069.17 , 1612.48
1102.89 , 1592.5
1138.22 , 1576.69
1174.1 , 1562.8
1211.05 , 1551.35
1251.22 , 1546.24
1291.42 , 1550.73
1329.75 , 1559.73
1369.35 , 1566
1411.12 , 1567.73
1451.95 , 1571.48
1489.37 , 1581.99
1524.97 , 1596.99
1560.07 , 1613.48
1594.67 , 1631.48
1597.22 , 1661.98
1554.72 , 1661.73
1513.17 , 1659.48
1471.77 , 1656.98
1430.95 , 1653.23
1388.8 , 1652.73
1347.27 , 1654.48
1305.62 , 1652.48
1264.8 , 1648.76
1224.87 , 1643.19
1185.5 , 1636.48
1146 , 1629.97
1107.39 , 1621.71
1665.7 , 815.26
1680.95 , 779.58
1712.08 , 751.64
1746.67 , 733.02
1783.28 , 720.44
1823.43 , 714.78
1865.23 , 717.01
1902.65 , 727.99
1938.15 , 743.97
1972.05 , 764.26
2004.93 , 787.48
2013.38 , 824.32
1978.73 , 842.77
1941.8 , 854.66
1900.78 , 858.51
1858.38 , 859.51
1816.35 , 857.73
1776.97 , 850.53
1739.03 , 840.33
1701.65 , 829.21
1155.47 , 807.79
1152.23 , 767.74
1129.15 , 734.94
1097.97 , 707.28
1064.58 , 685.86
1028.5 , 672.04
987.05 , 669.27
947.7 , 676.33
910.15 , 687.01
874.9 , 703.63
841.05 , 723.72
807.75 , 745.29
837.28 , 775.82
871.38 , 795.41
907.85 , 808.06
947.25 , 815.04
988.95 , 817.29
1030.75 , 815.29
1071.95 , 812.04
1114.62 , 811.79
1503.13 , 548.8
1538.87 , 477.63
1613.83 , 453.34
1696.13 , 443.3
1781.26 , 439.05
1867.93 , 439.55
1952.21 , 445.55
2031.21 , 462.55
2101.86 , 499.54
2166.43 , 553.1
2215.6 , 618.53
2209.7 , 688.61
2138.11 , 654.03
2063.18 , 629.54
1984.88 , 611.05
1906.33 , 593.03
1824.98 , 581.08
1739.26 , 578.55
1655.11 , 584.81
1571.56 , 591.28
1264.08 , 508.42
1221.19 , 446.97
1152.19 , 421.22
1077.99 , 406.16
1002.77 , 393.2
924.17 , 387.19
844.66 , 383.87
771.97 , 402.35
708.59 , 443.57
659.86 , 504.39
628.09 , 571.44
630.34 , 651.89
694.09 , 614.44
757.72 , 573.69
826.04 , 546.23
899.04 , 528.46
976.99 , 521.04
1054.91 , 528.17
1127.97 , 545.94
1204.64 , 555.96
