2296662024_1
318.65 , 623.2
320.63 , 656.22
320.67 , 688.48
321.85 , 724.25
327.17 , 757.42
336.98 , 790.03
347.47 , 823.88
363.21 , 854.87
380.91 , 883.79
401.19 , 913.83
420.78 , 939.82
447.32 , 964.19
473.26 , 982.57
504.14 , 1002.79
533.53 , 1019.24
563.78 , 1034.51
594.13 , 1049.02
625.57 , 1060.96
658.26 , 1069.46
692.42 , 1074.73
727.68 , 1077.96
761.45 , 1075.77
795.58 , 1066.5
827.51 , 1051.71
858.86 , 1036.69
889.46 , 1022.25
919.35 , 1008.17
951.42 , 992.83
978.98 , 975.62
1007.57 , 953.43
1034.63 , 931.81
1056.26 , 908.15
1078.28 , 879.56
1097.96 , 850.05
1112.22 , 820.37
1122.96 , 787.28
1130.61 , 753.93
1135.3 , 720.39
1138.72 , 686.57
1142.99 , 653.3
1148.75 , 616.5
748.45 , 644.85
733.76 , 664.61
718.43 , 687.25
703.38 , 709.12
701.37 , 734.59
720.4 , 753.38
746.01 , 759.15
772.23 , 763.45
797.82 , 771.23
824.63 , 771.63
852.58 , 770.67
878.42 , 769.31
902.3 , 757.45
909.2 , 732.05
904.12 , 705.01
898.05 , 678.96
891.75 , 652.25
641.45 , 853.11
659.5 , 850.36
677.48 , 853.36
696.62 , 852.86
715.33 , 851.36
732.4 , 846.61
749.98 , 842.87
766.38 , 848.55
784.08 , 852.12
802.25 , 850.12
820.1 , 852.87
835.78 , 861.17
851 , 870.68
867.15 , 877.56
878.02 , 885.79
860.83 , 890.39
844.25 , 896.06
828 , 902.82
810.28 , 906.36
791.25 , 907.11
772.08 , 906.58
753.75 , 904.38
736.88 , 899.29
720.08 , 893.98
704.12 , 886.3
688.9 , 876.83
673.93 , 866.59
658.08 , 858.61
663.95 , 861.11
679.55 , 863.11
694.65 , 866.12
709.53 , 869.68
724.45 , 873.11
739.8 , 875.59
754.25 , 879.9
769.03 , 883.68
784.83 , 885.24
801.12 , 885.86
817.33 , 886.64
833.78 , 886.86
849.5 , 885.09
865.12 , 883.18
874.63 , 886.43
859.8 , 890.08
844.9 , 893.6
829.68 , 895.86
813.7 , 894.61
798.1 , 892.61
782.65 , 890.32
767.65 , 887.07
752.83 , 883.33
737.48 , 880.85
722.35 , 877.83
707.33 , 874.73
692.48 , 871.12
677.48 , 867.87
925.37 , 569.13
929.11 , 552.23
936.99 , 537.01
950.35 , 524.14
965.29 , 515.64
981.02 , 509.38
997.85 , 505.38
1015.6 , 507.37
1031.52 , 513.04
1046.77 , 520.79
1059.89 , 533.9
1064.13 , 550.36
1055.29 , 565.14
1041.35 , 576.39
1025.85 , 583.39
1009.05 , 587.38
990.92 , 588.63
972.57 , 587.89
955.57 , 584.34
939.5 , 579.01
696.16 , 552.61
691.03 , 534.66
679.64 , 519.12
667.24 , 503.94
652.46 , 490.49
636.16 , 481.27
617.79 , 476.99
598.49 , 479.28
580.94 , 485.08
564.44 , 493.87
548.74 , 504.8
533.79 , 517.74
548.44 , 531.63
564.39 , 541.84
581.19 , 549.77
598.89 , 555.27
618.09 , 557.74
638.39 , 557.49
658.44 , 556.74
678.49 , 557.49
940.85 , 462.9
959.68 , 453.59
979.95 , 447.8
1001.23 , 444.02
1022.55 , 440.44
1043.78 , 436.68
1065.4 , 433.66
1088.38 , 433.4
1108.93 , 438.67
1124.2 , 454.75
1133.94 , 473.5
1114.08 , 477.65
1093.95 , 471.68
1074 , 465.4
1051.4 , 464.4
1028.5 , 464.25
1007.45 , 468.37
986.65 , 473.13
967.73 , 482.39
945.59 , 483.68
700.53 , 441.78
699.18 , 418.52
675.73 , 404.78
650.68 , 395.52
624.53 , 388.53
597.43 , 383.52
568.48 , 382.77
540.98 , 387.03
515.38 , 395.06
491.98 , 408.97
470.92 , 429.32
454.43 , 451.77
482.31 , 448.27
508.75 , 441.78
534.48 , 434.02
561.25 , 428.28
589.83 , 426.25
618.4 , 428.27
645.76 , 432.84
673.15 , 437.26
