11564757_2
287.35 , 175.05
287.19 , 186.84
289.12 , 198.9
291.03 , 209.81
294.55 , 222.5
296.69 , 233.75
298.6 , 246
301.5 , 258
305.19 , 268.89
310.89 , 280.15
317.01 , 290.81
324.2 , 300.59
331.43 , 310.32
340.9 , 317.81
350.59 , 324.99
360.29 , 331.46
371.13 , 337.41
381.83 , 342.27
393.19 , 345.98
404.81 , 348.11
417.39 , 348.55
428.92 , 348.72
441.25 , 348.91
453.24 , 347.04
464.96 , 342.73
474.9 , 336.41
485.23 , 328.86
495.01 , 322.16
504.06 , 314.55
512.59 , 306.39
519.68 , 295.69
524.6 , 285.05
529.01 , 274.06
532.75 , 262.75
535.48 , 251.2
538.8 , 238.51
542.52 , 226.9
545.5 , 216.2
547.6 , 203.56
548.62 , 191.38
547.95 , 179.15
408.92 , 178
403.45 , 186.45
398.74 , 197.33
397.14 , 208.15
398.52 , 218.51
405.94 , 225.97
417.47 , 228.2
427.82 , 229.5
439 , 229.77
449.37 , 229.05
461.12 , 227.79
471.33 , 224.84
477.81 , 216.65
477.53 , 205.56
471.72 , 195.9
464.95 , 186.82
459 , 177.45
381.75 , 269.99
386.93 , 263.07
394.2 , 258.78
401.77 , 255.25
409.57 , 252.51
417.65 , 250.22
426.1 , 248.74
434.68 , 249.99
443.6 , 250.49
452.27 , 249.49
460.98 , 250.49
468.7 , 253.51
476.2 , 257.17
483.32 , 261.82
488.92 , 268.62
483.73 , 275.51
477.42 , 282.08
470.35 , 286.9
462.48 , 289.49
454.15 , 291.24
445.32 , 291.99
436.27 , 291.74
427.1 , 291.74
418.55 , 290.48
410.48 , 288.25
402.82 , 284.97
395.25 , 281.49
388.38 , 276.12
382.5 , 268.99
388.7 , 271
395.95 , 270.99
402.93 , 270.49
409.9 , 269.99
417.15 , 269.99
424.38 , 269.99
431.35 , 269.49
438.48 , 269.24
445.57 , 268.99
452.68 , 268.74
459.93 , 268.74
467.15 , 268.74
474.25 , 268.49
481.13 , 268.24
474.02 , 268.49
466.93 , 268.74
459.82 , 268.49
452.82 , 267.99
445.73 , 268.24
438.73 , 268.74
431.5 , 268.74
424.27 , 268.74
417.27 , 269.24
410.3 , 269.74
403.2 , 269.99
396.2 , 270.49
389.1 , 270.24
467.55 , 139.98
471.98 , 135.81
476.78 , 132.75
482 , 130.71
487.43 , 129.21
493 , 127.98
498.93 , 127.48
504.98 , 127.74
510.43 , 129.23
515.23 , 132.39
519.21 , 136.88
517.05 , 141.98
512.38 , 145.42
506.95 , 146.97
501.02 , 147.48
495.23 , 146.73
489.43 , 145.97
483.85 , 144.73
478.65 , 142.7
473.6 , 140.27
401.02 , 133.71
396.15 , 129.6
391.18 , 125.89
385.8 , 123.16
379.95 , 121.66
373.72 , 120.91
367.27 , 121.16
361.18 , 122.15
355.57 , 124.16
350.22 , 126.88
345.2 , 130.41
348.55 , 135.53
353.82 , 138.53
359.7 , 139.91
366.05 , 140.41
372.5 , 140.16
378.95 , 139.91
385.42 , 140.16
391.75 , 139.66
397.84 , 138.69
473.26 , 98.16
476.92 , 91.71
483.63 , 88.63
490.61 , 86.38
497.74 , 84.43
505.24 , 83.16
513.21 , 83.41
520.46 , 85.18
527.11 , 88.42
532.51 , 94.16
536.25 , 100.61
538.63 , 107.53
532.21 , 105.65
525.96 , 101.37
519.13 , 98.66
511.41 , 97.91
503.44 , 98.16
495.81 , 99.16
488.19 , 100.16
480.21 , 100.42
396.72 , 94.2
396.72 , 85.29
388.89 , 80.72
380.22 , 78.3
371.3 , 76.38
362.27 , 74.7
352.64 , 74.19
343.87 , 76.45
335.69 , 80.14
327.8 , 84.53
320.47 , 90.57
316.12 , 98.45
324.14 , 94.44
332.3 , 90.68
341.32 , 88.94
350.69 , 87.95
360.42 , 88.2
369.67 , 89.44
378.6 , 91.43
387.07 , 94.18
