2300713390_1
524.39 , 1403.2
537.6 , 1473.64
558.39 , 1552.09
575.98 , 1627.73
596.14 , 1694.74
622.07 , 1767.9
651.72 , 1839.92
687.07 , 1908.52
728.38 , 1973.19
775.27 , 2034.12
827.18 , 2091.24
880.66 , 2146.6
934.26 , 2202.75
987.65 , 2258.93
1046.63 , 2305.41
1118.23 , 2342.7
1189.99 , 2360.95
1265.41 , 2368.31
1341.68 , 2370.07
1424.69 , 2374.65
1500.5 , 2382.51
1575.65 , 2395.01
1650.48 , 2396.82
1729.2 , 2379.57
1796.79 , 2350.16
1860.64 , 2312.67
1932.79 , 2274.97
2001.38 , 2239.89
2067.11 , 2197.94
2124.43 , 2157.13
2185.38 , 2108.23
2242.09 , 2054.02
2295.42 , 1996.29
2340.5 , 1939.7
2383.1 , 1872.5
2415.4 , 1801
2442.4 , 1727.5
2467.2 , 1653.2
2487.49 , 1585.83
2500.24 , 1510.02
2506.4 , 1426.2
1301.4 , 1368.65
1267.92 , 1424.23
1237.45 , 1482.62
1213.34 , 1541.88
1216.62 , 1606.51
1260.68 , 1652.95
1321.37 , 1673.86
1386.01 , 1677.14
1453.39 , 1671.38
1518.74 , 1674.83
1581.4 , 1673.68
1647.37 , 1661.59
1697.51 , 1623.7
1704.55 , 1557.2
1686.15 , 1496.07
1661.76 , 1432.59
1630.2 , 1373.25
1254.06 , 1928.09
1276.06 , 1903.84
1302.09 , 1886.82
1329.43 , 1873.22
1359.38 , 1865.77
1391.31 , 1868.59
1421.23 , 1876.02
1454.53 , 1876.34
1483.26 , 1866.86
1515.38 , 1864.09
1544.11 , 1873.57
1571.96 , 1885.5
1598.63 , 1900.85
1624.01 , 1919.79
1647.19 , 1943.46
1629.56 , 1968.34
1600.48 , 1977.16
1571.76 , 1986.63
1543.13 , 1996.31
1514.11 , 2005.3
1483.34 , 2010.84
1450.71 , 2009.06
1421.73 , 2000.06
1393.31 , 1989.84
1365.71 , 1976.99
1337.76 , 1965.3
1308.59 , 1956.59
1278.66 , 1949.2
1261.81 , 1925.59
1286.93 , 1919.84
1311.01 , 1912.13
1335.18 , 1904.62
1361.06 , 1900.34
1388.36 , 1901.59
1414.66 , 1904.94
1440.68 , 1908.82
1467.16 , 1911.82
1493.51 , 1915.1
1519.13 , 1919.87
1544.86 , 1924.36
1569.91 , 1930.34
1594.36 , 1937.38
1617.36 , 1948.38
1597.43 , 1954.84
1569.88 , 1954.09
1542.21 , 1953.59
1514.76 , 1952.59
1488.66 , 1948.82
1463.73 , 1942.61
1439.91 , 1934.35
1416.16 , 1925.84
1390.93 , 1920.21
1364.53 , 1917.09
1337.91 , 1919.74
1312.46 , 1924.82
1287.28 , 1930.59
1744.85 , 1142.92
1749.59 , 1096.94
1777.65 , 1060.62
1812.12 , 1027.39
1848.92 , 1000.66
1889.38 , 984.17
1937.3 , 983.43
1982.95 , 988.76
2024.57 , 1002.16
2064.03 , 1021.85
2100.59 , 1049.05
2117.68 , 1088.84
2083.55 , 1122.98
2048.07 , 1153.43
2008.62 , 1173.15
1965.5 , 1183.92
1917.47 , 1184.45
1872.1 , 1178.42
1827.72 , 1170.41
1783.92 , 1161.2
1179.43 , 1152.25
1173.68 , 1106.8
1151.86 , 1068.22
1121.59 , 1032.7
1086.42 , 1001.52
1048.62 , 977.74
1004.62 , 969.02
958.79 , 974.02
915.35 , 984
875.39 , 1002.03
838.94 , 1029.75
810.17 , 1065.77
840.82 , 1101.17
872.17 , 1136.27
909.52 , 1161.28
952.09 , 1173.04
998.39 , 1177.02
1046.17 , 1176.02
1092.02 , 1171.01
1135.89 , 1162.02
1700.31 , 829.43
1761.53 , 807.94
1823.48 , 787.91
1884.86 , 766.66
1948.46 , 749.53
2014.93 , 738.16
2084.18 , 732.69
2152.86 , 738.42
2212.89 , 764.99
2265.16 , 812.03
2305.96 , 866.3
2279.76 , 909.39
2220.39 , 881.99
2159.34 , 859.42
2093.46 , 846.93
2022.36 , 847.68
1956.28 , 859.7
1890.88 , 873.18
1822.59 , 880.68
1752.38 , 877.01
1206.15 , 929.79
1193.29 , 858.55
1131.78 , 822.28
1066.33 , 797.3
998.61 , 777.27
929.15 , 760.26
859.26 , 744.27
787.36 , 732.52
711.83 , 736.78
648.33 , 768.17
604.42 , 826.85
591.73 , 898.27
667.63 , 896.36
729.2 , 860.28
794.48 , 834.77
868.18 , 826.78
938.61 , 841.5
1004.4 , 865.49
1069.93 , 890.29
1134.76 , 917.03
