2302182824_1
114.15 , 295.12
116.46 , 308.41
118.99 , 321.68
122.82 , 334.66
127.5 , 346.86
132.46 , 360.44
138.86 , 372.42
145.01 , 383.74
152.99 , 395.58
160.97 , 405.68
170.89 , 415.84
180.48 , 424.68
191.33 , 434.16
201.9 , 441.72
213.48 , 449.03
225.78 , 456.23
237.4 , 461.48
250.07 , 466.09
263.05 , 470.02
276.43 , 473.59
289.94 , 475.24
304.04 , 475.37
317.85 , 474.17
331.12 , 470.48
343.03 , 465.43
354.9 , 459.18
365.05 , 450.45
374.72 , 439.27
384.68 , 431.27
395.34 , 422.34
406.81 , 414.95
418.17 , 406.89
427.57 , 397.11
436.07 , 386.76
443.02 , 375.29
448.5 , 363.1
451.67 , 349.31
451.74 , 335.37
451.37 , 321.51
451.72 , 309.01
448.5 , 294.69
292.4 , 271.85
286.46 , 284.78
279.97 , 297.85
273.59 , 311.46
272.38 , 326.94
279.67 , 339.19
292.86 , 343.21
307.63 , 343.79
322.31 , 345.6
337.98 , 345.82
352.35 , 343.99
367.67 , 341.24
376.8 , 330.33
376.93 , 315.77
370.21 , 303.09
362.8 , 288.81
359.1 , 274.35
251.7 , 399.54
259.1 , 394.13
267.55 , 391.44
276.62 , 390.02
285.68 , 388.56
294.48 , 386.54
302.85 , 383.76
311.88 , 382.32
321.15 , 381.31
330.45 , 381.79
339.95 , 382.29
349.1 , 383.54
358.07 , 385.16
366.7 , 387.54
374.57 , 391.7
373.52 , 397.04
364.73 , 395.04
355.32 , 394.29
345.8 , 394.79
336.6 , 395.89
327.15 , 396.54
317.62 , 396.04
308.1 , 395.54
298.45 , 395.29
288.82 , 395.51
279.77 , 397.05
270.75 , 398.54
261.1 , 398.79
260.7 , 397.04
268.15 , 394.78
276.27 , 393.79
284.18 , 392.31
292.65 , 392.54
301.02 , 393.04
309.65 , 393.04
318.12 , 393.29
326.5 , 393.79
334.88 , 393.29
343.25 , 392.8
351.75 , 392.54
360.15 , 393
368.48 , 393.54
375.95 , 395.54
367.93 , 394.77
360.02 , 393.29
351.65 , 392.79
343.15 , 393.06
334.85 , 393.64
326.55 , 394.29
318.17 , 393.77
309.92 , 393.04
301.55 , 393.54
293.05 , 393.29
284.55 , 393.04
276.3 , 393.79
268.2 , 394.79
363.3 , 239.34
365.56 , 231.24
370.62 , 224.25
377.53 , 218.86
385.1 , 215.3
393.05 , 212.84
401.4 , 211.09
410.2 , 211.81
418.05 , 214.59
425.2 , 219.22
430.04 , 226.31
432.27 , 234.12
426.15 , 240.73
419.25 , 246.13
411.58 , 249.34
403.12 , 250.84
394.3 , 251.59
385.5 , 250.85
377.05 , 249.34
369.43 , 245.99
263.19 , 238.44
257.5 , 231.52
250.65 , 225.64
243.33 , 221.06
234.95 , 219.07
225.98 , 218.32
217 , 219.07
208.62 , 221.07
200.88 , 224.56
193.6 , 229.25
186.55 , 234.57
193.3 , 240.82
200.7 , 245.23
208.38 , 248.85
216.62 , 251.1
225.48 , 252.07
234.58 , 251.57
243.3 , 250.32
251.9 , 248.82
259.89 , 246.06
353.45 , 207.47
357.45 , 195.97
367.7 , 188.47
379.2 , 184.47
391.7 , 182.47
404.32 , 180.71
416.35 , 177.73
429.7 , 177.97
441.3 , 181.72
451.92 , 188.19
460.35 , 198.09
465.84 , 209.11
452.98 , 208.49
441.4 , 204.73
429.38 , 201.72
416.02 , 201.47
403.27 , 202.97
390.77 , 204.94
379.02 , 208.47
365.92 , 209.22
303.47 , 191.3
289.04 , 183.42
272.79 , 179.93
256.17 , 177.2
239.04 , 175.42
221.34 , 174.92
204.09 , 176.42
187.74 , 179.76
172.44 , 185.08
158.02 , 193.02
144.09 , 202.17
161.69 , 202.92
179.54 , 202.67
197.14 , 201.92
214.97 , 201.67
232.57 , 202.42
250.16 , 203.17
267.41 , 204.7
284.14 , 207.16
301.52 , 206.42
