2302208915_1
374.89 , 500.25
374.83 , 514.76
376.24 , 528.95
377.67 , 542.88
378.34 , 557.11
378.9 , 571.87
380.09 , 586.05
383.56 , 600.18
389.27 , 613.18
396.84 , 626.43
404.02 , 638.71
412.63 , 650.39
421.28 , 661.53
430.09 , 674.53
439.1 , 685.39
448.79 , 696.94
459.44 , 707.03
470.45 , 715.42
484.6 , 718.94
498.21 , 720.98
512.68 , 722.11
527.2 , 721.36
542.72 , 718.56
556.79 , 714.57
569.61 , 710.01
582.87 , 704.47
595.75 , 697.98
609.3 , 690.01
620.97 , 682.63
633.22 , 674.3
644.26 , 665.52
656.07 , 656
666.07 , 646.13
674.49 , 633.89
682.41 , 621.59
689.22 , 609.04
694.94 , 595.36
699.52 , 582.55
703.47 , 567.57
707.6 , 553.93
709.99 , 539.12
479.94 , 487.3
471.59 , 496.5
462.18 , 505.84
456.23 , 517.5
458.8 , 531
468.65 , 538.58
481.69 , 541.56
495.82 , 543.48
508.33 , 544.18
521.68 , 544.74
535.76 , 546.12
548.45 , 545.07
560.38 , 539.94
569.23 , 528.79
567.4 , 516.38
561.3 , 504.49
554.3 , 492.19
436.4 , 581.7
449 , 578.96
462.25 , 577.44
474.65 , 574.2
487.27 , 571.45
499.92 , 574.2
512.8 , 576.47
525.55 , 573.93
538.77 , 575.45
550.6 , 579.9
562.5 , 584.05
574.92 , 587.22
586.62 , 591.94
598.26 , 596.82
590.3 , 606.77
579.52 , 614.08
568.02 , 619.58
556.33 , 624.27
544.55 , 628.8
532.4 , 632.45
519.15 , 633.95
505.55 , 633.2
492.1 , 632.16
479.75 , 628.79
468.38 , 622.92
458.1 , 614.15
449.7 , 603.75
443.3 , 592.62
447.15 , 584.95
456.1 , 587.66
464.92 , 590.71
474.05 , 593.17
483.4 , 595.2
492.92 , 596.95
502.72 , 598.02
512.88 , 598.45
523.1 , 598.7
533.2 , 598.2
543.3 , 597.71
553.65 , 597.7
563.88 , 597.45
574.08 , 597.2
578.55 , 598.55
568.5 , 599.2
558.52 , 599.94
548.55 , 600.7
538.8 , 601.93
529.42 , 603.95
519.83 , 605.45
509.62 , 605.68
499.85 , 604.45
490.6 , 602.22
481.75 , 599.21
473.1 , 595.68
464.3 , 592.6
455.57 , 589.22
564 , 439.7
570.9 , 436.04
578.1 , 433.17
585.83 , 431.46
593.8 , 430.2
601.88 , 429.2
610.2 , 429.7
618.27 , 430.7
625.73 , 432.93
632.73 , 436.44
639.04 , 441.76
634.87 , 447.83
626.98 , 449.2
618.9 , 450.2
610.58 , 449.7
602.5 , 448.7
594.77 , 446.96
587.15 , 444.96
579.08 , 443.95
571.1 , 442.73
476.77 , 433.59
470.47 , 428.78
463.75 , 425.09
456.62 , 422.48
449.1 , 420.77
440.85 , 420.5
433.35 , 422.34
426.32 , 425.11
419.5 , 428.51
412.67 , 432.02
405.92 , 435.52
412.35 , 439.96
419.32 , 442.92
427.14 , 444.02
435.39 , 444.27
443.62 , 444.02
451.75 , 443.52
459.62 , 442.51
467.52 , 441.49
475.39 , 440.54
554.36 , 390.09
566.28 , 380.17
579.53 , 373.85
594.09 , 370.58
609.74 , 369.56
625.49 , 370.34
640.51 , 372.58
654.94 , 376.09
668.13 , 382.61
679.36 , 393.09
687.62 , 405.66
681.63 , 410.12
669.74 , 400.1
656.66 , 393.32
642.38 , 389.59
627.11 , 388.34
611.61 , 389.59
596.21 , 391.09
581.41 , 393.84
567.29 , 397.27
482.34 , 392.24
478.58 , 380.01
467.76 , 372.64
456.31 , 366.76
444.26 , 362.77
431.56 , 360.02
417.86 , 360.77
406.01 , 365.36
394.96 , 372.15
385.42 , 382.22
378.61 , 393.27
373.86 , 405.02
384.31 , 397.59
395.04 , 389.87
406.44 , 383.96
418.96 , 380.78
432.66 , 381.52
445.36 , 384.27
456.99 , 389.64
469.11 , 393.52
