2302987350_1
304.65 , 393.69
305.84 , 404.5
306.47 , 417.77
306.26 , 429.77
307.14 , 440.91
310.23 , 452.46
314.14 , 464.93
319.08 , 475.82
325.45 , 486.4
332.03 , 495.44
339.98 , 505.02
347.89 , 514.46
355.57 , 524.11
362.71 , 532.88
371.73 , 541.96
381.03 , 549.17
391.23 , 555.46
402.48 , 560.2
414.81 , 562.95
426.04 , 564.6
438.55 , 566.57
449.78 , 568.24
461.96 , 569.76
473.72 , 571.19
485.93 , 571.46
498.85 , 570.73
510.87 , 569.73
521.02 , 565.11
530.55 , 557.04
537.82 , 548.08
545.53 , 538.62
554.06 , 529
562.1 , 520.58
569.75 , 511.69
576.42 , 500.81
581.53 , 490.24
585.3 , 479.11
588.15 , 466.53
590.27 , 454.87
592.23 , 443.26
594.41 , 430.56
471.25 , 373.05
462.59 , 379.64
453.6 , 384.76
446.06 , 392.6
445.03 , 403.65
451.65 , 411.62
462.77 , 414.92
473.01 , 416
483.23 , 421.4
493.35 , 425.56
503.41 , 429.44
514.17 , 431.16
523.38 , 425.59
523.73 , 415.13
519.94 , 404.55
519.06 , 393.29
520.3 , 382.14
400.68 , 457.51
408.73 , 455.03
416.86 , 452.5
425.23 , 450.52
434.11 , 449.51
443.33 , 449.26
452.68 , 449.26
461.41 , 450.51
469.68 , 452.76
478.31 , 454.28
486.41 , 456.75
493.61 , 461.75
500.23 , 468.31
506.11 , 475.19
510.91 , 482.44
506.26 , 489.26
497.16 , 489.76
487.93 , 490.01
478.93 , 490.76
469.83 , 491.26
460.73 , 490.78
452.31 , 488.89
444.38 , 485.96
436.63 , 482.53
429.06 , 478.6
421.78 , 473.83
414.5 , 469.09
407.5 , 463.58
409.93 , 455.01
417.13 , 454.76
424.2 , 454.26
431.28 , 453.76
438.36 , 453.26
445.45 , 453.76
452.06 , 455.26
458.18 , 457.76
464.33 , 460.16
470.9 , 461.77
477.5 , 463.28
484.06 , 464.89
489.78 , 468.51
495.33 , 472.64
499.58 , 478.18
493.58 , 479.53
486.86 , 478.26
480 , 477.26
473.06 , 476.51
466.11 , 475.78
459.4 , 474.49
452.9 , 472.76
446.31 , 471.29
440.18 , 468.76
434.03 , 466.29
427.71 , 464.27
421.48 , 462.03
415.31 , 459.66
526.73 , 358.18
530.48 , 355.18
535.13 , 354.43
540.18 , 354.43
544.98 , 354.93
549.4 , 356.2
553.61 , 357.96
557.73 , 359.93
561.67 , 362.37
564.32 , 366.3
566.97 , 370.15
564.32 , 373.94
559.66 , 374.68
554.98 , 373.93
550.78 , 372.19
546.73 , 369.93
542.63 , 367.83
538.83 , 364.94
534.71 , 362.94
530.63 , 360.8
457.75 , 331.07
455.3 , 326.62
451.3 , 323.01
446.68 , 321
441.63 , 320
436.45 , 319.25
431.03 , 319
425.61 , 319.25
420.31 , 319.76
415.23 , 320.75
410.68 , 322.75
415 , 325.51
419.56 , 327.78
424.25 , 329.5
429.18 , 330.75
433.98 , 332.23
438.81 , 333.77
443.75 , 335.03
449.03 , 335.5
454.33 , 335.02
527.25 , 329.03
532.45 , 322.06
540.77 , 320.28
549.88 , 320.53
558.12 , 322.53
566.08 , 325.01
574.2 , 327.3
582.05 , 330.06
588.62 , 336.4
592.75 , 343.78
595.53 , 351.6
594.77 , 360.45
587.66 , 355.95
582.97 , 348.76
576.38 , 342.54
568.67 , 339.29
559.98 , 338.28
551.12 , 337.53
542.4 , 336.52
534.05 , 334.8
486.87 , 302.83
486.64 , 290.77
475.52 , 287.39
464.62 , 283.74
453.95 , 279.3
443.15 , 275.29
431.6 , 272.79
418.85 , 272.79
406.44 , 273.54
395.27 , 276.79
385.74 , 284.45
381.92 , 295.29
394.17 , 296.04
405.95 , 294.04
418.22 , 293.04
430.5 , 294.04
442.17 , 296.29
453.55 , 299.16
464.47 , 302.83
475.77 , 305.89
