2304061735_1
181.45 , 348.8
185.92 , 364.67
191.08 , 381.85
195.53 , 399.18
198.88 , 416.23
202.59 , 432.35
207.37 , 450.22
216.24 , 465.05
226.12 , 478.48
237.29 , 492.54
249.11 , 504.69
262.21 , 518.13
274.27 , 530.59
286.84 , 541.54
301.35 , 553.31
315.25 , 563.58
329.63 , 574.04
343.12 , 583.33
359.74 , 590.93
376.2 , 594.82
392.81 , 598.44
410.75 , 600.1
427.34 , 594.48
443.93 , 589.06
458.49 , 578.96
470.8 , 565.61
481 , 552.23
489.59 , 536.24
495.03 , 520.06
505.21 , 505.29
515.33 , 490.83
521.35 , 475.35
533.85 , 461.87
545.27 , 449.46
555.37 , 435.17
564.01 , 420.48
570.12 , 404.03
572.93 , 385.77
574.71 , 369.09
577.85 , 352.42
582.14 , 333.8
394.69 , 415.55
388.22 , 427.1
377.96 , 435.16
373.37 , 448.93
383.17 , 457.87
397.34 , 457.17
410.62 , 460.77
422.52 , 466.76
436.05 , 473.52
449.69 , 472.3
461.47 , 465.73
475.06 , 466.33
483.85 , 455.99
484.67 , 441.15
478.82 , 428.78
465.5 , 423.8
460.35 , 412.3
335.9 , 508.04
347.27 , 504.02
360.45 , 503.54
373.75 , 503.79
386.9 , 503.29
399 , 500.51
411.2 , 498.02
423.4 , 495.54
435.95 , 493.8
448.88 , 492.79
461.8 , 491.79
473.6 , 488.56
485.22 , 489.71
478.86 , 500.34
473.64 , 511.37
468.53 , 522.41
461.98 , 532.97
453.52 , 542.63
443.12 , 549.55
431.97 , 554.47
419.92 , 557.29
406.97 , 558.29
394.35 , 556.75
383.3 , 551.53
372.88 , 544.76
362.7 , 537.09
353.23 , 527.62
344.3 , 517.94
342.15 , 510.04
352.1 , 509.29
362.42 , 509.29
372.62 , 509.04
382.47 , 508.04
391.72 , 505.8
400.97 , 503.55
411.05 , 503.04
421.02 , 502.29
430.72 , 501.05
440.32 , 499.54
449.7 , 497.52
459.4 , 496.29
468.63 , 497.4
462.72 , 505.19
456.72 , 512.96
449.25 , 519.78
440.85 , 524.08
432.4 , 528.29
423.42 , 531.04
414.07 , 533.04
403.85 , 533.29
393.9 , 532.54
384.55 , 530.53
375.3 , 528.31
366.72 , 524.6
358.35 , 520.22
350.12 , 515.51
450.41 , 350.09
455.15 , 341.11
460.24 , 332.26
467.76 , 324.34
476.86 , 319.82
486.26 , 316.32
496.29 , 314.1
507.04 , 313.34
518.16 , 313.34
528.79 , 314.35
538.11 , 318.09
536.08 , 328.16
528.09 , 335.65
518.66 , 339.09
509.31 , 342.69
499.49 , 345.31
490.16 , 349.09
480.66 , 352.34
469.54 , 352.35
459.41 , 354.34
365.22 , 347
358.62 , 340.58
351.05 , 336.83
343.4 , 333.32
335 , 331.57
325.88 , 331.79
317.7 , 334.05
309.9 , 337.16
302.45 , 341.14
295.02 , 345.3
287.5 , 349.07
294.9 , 353.23
302.68 , 356.34
310.48 , 359.33
318.62 , 361.6
327.4 , 362.57
336.55 , 362.32
344.85 , 360.32
352.75 , 357.57
360.39 , 354.07
453.07 , 317.98
457.39 , 306.73
468.5 , 301.71
479.47 , 296.32
490.77 , 292.02
502.82 , 289.23
515.37 , 287.49
528.04 , 285.98
540.85 , 284.73
553.64 , 285.98
564.77 , 290.94
562.42 , 301.63
549.64 , 302.95
536.92 , 304.38
524.55 , 306.49
512.19 , 308.61
499.97 , 311.08
487.92 , 313.88
476.5 , 317.8
464.77 , 321.24
390.01 , 319.74
387.18 , 307.98
372.74 , 303.73
357.01 , 301.97
340.94 , 300.98
325.09 , 299.45
309.88 , 296.73
293.79 , 296.24
279.31 , 300.48
266.71 , 309.73
258.2 , 322.58
251.96 , 336.23
263.61 , 325.34
277.11 , 318.48
292.94 , 316.98
308.88 , 318.23
325.34 , 318.48
341.53 , 319.23
357.74 , 319.98
373.94 , 320.73
