2305845249_1
385.6 , 465.3
387.9 , 479.5
390.09 , 494.49
393.18 , 508.84
397.22 , 523.78
400.54 , 538
404.43 , 551.4
410.9 , 566.04
417.58 , 578.95
425.47 , 591.59
435.5 , 602.72
446.14 , 612.6
457.2 , 623.16
469.66 , 632.5
481.52 , 639.99
494.17 , 648.16
508.12 , 655.3
521.1 , 660.34
535.39 , 665.39
549.87 , 670.33
564.48 , 675.43
578.19 , 678.96
593.55 , 680.36
608.43 , 680.96
622.79 , 677.75
636.81 , 672.35
648.72 , 664.25
659.5 , 654.35
670.57 , 643.71
680.04 , 632.02
688.87 , 619.81
698.02 , 608.54
707.37 , 596.72
715.09 , 583.67
721.04 , 570.51
726.75 , 556.68
731.96 , 542.93
735.79 , 528.05
739.04 , 513.56
741.8 , 498.72
744.56 , 483.25
588.8 , 456.94
582.46 , 465.72
577.65 , 476.26
574.65 , 486.69
577.38 , 497.87
586.4 , 503.8
597.56 , 505.87
608.92 , 505.24
620.6 , 505.6
632.32 , 507.03
642.69 , 507.6
654.5 , 507.11
663.78 , 501.19
668.91 , 490.96
665.95 , 480.15
662.06 , 469.67
658.3 , 458.15
530.63 , 549.9
541.23 , 548.65
551.58 , 546.9
562.46 , 546.15
573.18 , 545.15
584.03 , 544.4
594.75 , 543.4
605.36 , 544.65
615.08 , 547.66
626.06 , 548.15
637.15 , 547.9
647.63 , 549.4
658.38 , 550.4
667.88 , 553.9
664.83 , 563.22
656.5 , 570.05
647.83 , 575.94
638.61 , 580.4
628.25 , 582.15
617.03 , 582.15
606.06 , 581.65
595.08 , 581.15
584.61 , 579.66
575 , 576.43
565.78 , 572.06
556.81 , 567.05
548.2 , 561
539.31 , 555.8
541.63 , 553.4
550.55 , 553.9
559.23 , 554.9
567.8 , 556.15
576.73 , 556.65
585.65 , 557.15
594.33 , 558.15
603.13 , 558.9
612.18 , 559.15
621.36 , 559.15
630.4 , 558.9
639.46 , 559.15
648.5 , 559.4
657.56 , 559.15
665.28 , 558.66
656.61 , 559.65
647.9 , 560.65
638.86 , 560.9
629.81 , 560.65
620.75 , 560.4
611.83 , 559.9
603.03 , 559.15
594.36 , 558.15
585.31 , 557.9
576.25 , 557.65
567.45 , 556.89
559 , 555.4
549.95 , 555.15
659.18 , 397.67
662.37 , 391.97
667.23 , 386.86
672.78 , 383.16
678.75 , 380.67
685.18 , 379.17
692.33 , 379.17
698.73 , 380.72
704.5 , 383.75
709.62 , 388.62
712.86 , 394.35
713.57 , 401.07
707.98 , 404.63
701.58 , 406.18
695.05 , 407.41
688.28 , 408.17
681.23 , 408.42
674.58 , 407.44
668.28 , 405.64
662.21 , 403.43
557.69 , 392.79
551.67 , 387.3
545.27 , 382.82
538.42 , 379.52
531.02 , 377.56
522.92 , 377.06
514.85 , 377.57
507.35 , 379.28
500.47 , 382.56
494.12 , 387.17
488.97 , 393.31
495.52 , 397.32
502.35 , 400.68
509.52 , 403.08
517.12 , 404.55
525.1 , 405.31
533.2 , 404.81
541.05 , 403.81
548.64 , 402.3
555.75 , 399.8
645.99 , 318.27
660.57 , 318.77
674.79 , 320.02
689.39 , 320.52
704.09 , 320.77
718.22 , 322.27
731.57 , 325.34
744.22 , 329.78
755.69 , 337.45
760.9 , 349.67
762.49 , 363.74
751.89 , 370.93
741.01 , 361.53
728.87 , 355.54
715.01 , 353.53
701.37 , 351.02
686.66 , 350.79
673.22 , 348
661.66 , 340.44
650.99 , 330.67
595.43 , 335.4
579.78 , 329.43
563.03 , 325.68
546.4 , 321.68
529.43 , 318.41
511.73 , 316.66
494.5 , 319.4
479.36 , 327.04
465.5 , 338.14
451.93 , 349.97
437.73 , 359.91
455.56 , 361.41
472.53 , 358.16
487.88 , 351.13
503.96 , 346.18
521.75 , 344.66
539.33 , 346.66
556.56 , 349.4
573.88 , 351.93
592.18 , 351.41
