1160859039_1
275 , 535.25
275.94 , 550.03
276.54 , 563.92
278.41 , 579.79
280.61 , 595.08
283.46 , 609.05
286.21 , 623.42
289.74 , 638.2
295.55 , 652.36
302.52 , 665.6
312.74 , 677.62
322.57 , 688.13
331.24 , 699.93
339.92 , 711.89
350.29 , 724.22
360.27 , 734.4
372.46 , 744.02
386.11 , 751.22
399.94 , 756.41
413.59 , 759.82
428.87 , 762.46
444.11 , 760.8
458.37 , 756.44
472.7 , 752.89
486.41 , 745.19
496.11 , 733.99
506.35 , 723
515 , 711.55
526.36 , 701.61
536.73 , 690.29
546.2 , 677.81
554.3 , 665.62
562.57 , 653.48
570.44 , 640.09
575.29 , 626.52
578.73 , 611.18
581.31 , 596.56
584.5 , 581.95
586.67 , 567.03
586.75 , 551.94
584.5 , 536.5
406.37 , 522.25
401.61 , 531.73
397.46 , 541.43
394.99 , 551.36
397.11 , 561.97
404.48 , 569.55
413.4 , 576.1
424.24 , 578.06
434.16 , 577.35
444.8 , 575.35
455.86 , 576.69
465.61 , 575
475.6 , 568.9
481.09 , 560.65
479.11 , 549.59
477 , 539.79
475.31 , 528.38
372.75 , 634.6
381.18 , 631.83
389.62 , 629.07
397.9 , 625.82
406.5 , 623.35
415.6 , 621.85
424.57 , 623.59
433.45 , 625.61
443.18 , 625.85
452.4 , 627.09
461.27 , 629.1
469.68 , 632.03
477.88 , 635.47
485.95 , 639.31
485.89 , 648.72
478.48 , 654.37
470.43 , 658.41
462.18 , 661.67
453.88 , 664.85
445 , 666.85
435.52 , 667.6
425.8 , 667.35
416.35 , 666.63
407.57 , 664.38
399.48 , 660.58
391.88 , 655.47
384.66 , 649.27
379.17 , 641.78
375 , 634.6
383.12 , 634.85
390.9 , 633.85
398.55 , 635.1
406.45 , 635.85
414.1 , 637.09
422 , 637.85
429.65 , 639.09
437.55 , 639.85
445.8 , 639.85
453.93 , 640.1
461.95 , 640.6
469.85 , 641.35
477.85 , 641.85
486 , 641.6
478.48 , 642.1
470.35 , 641.85
462.32 , 641.35
454.2 , 641.1
446.3 , 640.35
438.27 , 639.85
430.27 , 639.35
422.25 , 638.85
414.25 , 638.35
406.57 , 637.09
399.05 , 635.6
390.93 , 635.85
383.02 , 635.1
482.29 , 451.11
487.52 , 446.37
493.44 , 443.46
499.89 , 441.87
507.14 , 441.86
513.74 , 443.12
520.26 , 444.61
526.69 , 446.27
532.62 , 449.16
538.04 , 453.36
543.65 , 457.11
539.71 , 461.93
533.16 , 463.36
526.32 , 464.11
519.44 , 464.86
512.22 , 464.88
505.72 , 463.37
499.59 , 461.14
493.69 , 458.1
487.72 , 455.32
389.17 , 447.44
382.8 , 444.41
376.43 , 441.45
369.82 , 439.16
363.07 , 437.16
355.82 , 436.18
348.23 , 435.93
340.75 , 436.43
333.73 , 437.93
327.2 , 440.46
322.5 , 446.18
327.8 , 451.74
334.1 , 454.94
340.62 , 457.42
348.23 , 457.18
355.73 , 456.68
363.07 , 455.93
370.2 , 454.68
377.32 , 453.43
384.94 , 453.2
456.12 , 415.38
463.15 , 401.08
475.97 , 390.01
490.3 , 382.95
506.1 , 379.4
522.72 , 377.6
539.37 , 379.38
554.39 , 384.39
568.22 , 392.63
580.97 , 403.98
589.83 , 417.58
593.52 , 433.28
582.8 , 443.58
569.97 , 432.48
555.87 , 424.88
540.3 , 420.9
523.42 , 419.63
506.05 , 419.88
488.92 , 419.13
471.55 , 419.4
415.57 , 402.5
407.47 , 388.9
394.37 , 379.31
380.24 , 372.45
365.24 , 368.05
348.91 , 366.31
333.31 , 369.57
319.41 , 376.95
306.19 , 386.18
294.97 , 398.65
287.94 , 412.7
284.09 , 428.05
297.94 , 422.46
311.84 , 415.05
326.12 , 408.79
341.96 , 406.02
358.29 , 407.8
374.51 , 409.8
390.39 , 412.57
406.36 , 415.06
