2306258846_1
271.28 , 124.67
269.15 , 134.02
267.15 , 144.67
266.56 , 155.62
267.2 , 165.91
268.55 , 176.18
269.41 , 187.39
269.66 , 197.25
269.8 , 208.04
270.23 , 219.15
271.05 , 229.65
272.63 , 239.26
276.46 , 249.27
281.74 , 258.89
288.14 , 267.7
294.6 , 275.07
302.79 , 282.39
311.27 , 287.97
320.08 , 293.63
329.13 , 299.73
338.25 , 305.64
347.2 , 309.99
357.37 , 313.16
368.46 , 314.56
378.34 , 314.01
389.37 , 312.33
399.19 , 309.64
408.83 , 305.38
418.04 , 299.75
427.22 , 293.82
435.07 , 288.03
442.98 , 281.21
451.25 , 273.72
458.43 , 266.22
465.7 , 257.64
472.16 , 249.46
478.53 , 241.38
485.14 , 233.29
492.31 , 225.61
499.18 , 217.75
505.9 , 208.55
377.25 , 174.84
371.29 , 180.27
365.82 , 185.76
362.59 , 192.89
363.12 , 200.86
366.97 , 208.13
375.09 , 209.47
382.65 , 212.2
389.1 , 217.34
396.93 , 220.5
404.06 , 223.07
412.13 , 224.81
420.06 , 222.21
423.73 , 215.45
423.15 , 207.34
422.05 , 199.33
420.85 , 190.75
328.9 , 235.32
335.22 , 232.58
342.05 , 234.34
349 , 235.81
356.42 , 235.32
363.97 , 235.07
370.52 , 237.35
376.82 , 240.34
383.2 , 243.1
389.5 , 246.08
395.57 , 249.72
401.45 , 253.85
407.18 , 258.35
411.87 , 264.05
413.73 , 270.58
406.42 , 271.32
399.25 , 272.33
392.2 , 273.57
384.77 , 274.07
377.22 , 273.81
370.17 , 272.58
363.47 , 270.6
357.05 , 267.98
351.05 , 264.21
346.18 , 258.6
341.87 , 252.79
337.35 , 247.02
332.12 , 241.54
329.9 , 234.82
335.82 , 236.34
341.6 , 238.09
347.27 , 240.04
352.85 , 242.34
358.42 , 244.56
364.07 , 246.56
369.52 , 249.32
375.02 , 251.82
381.07 , 253.07
386.88 , 254.83
392.55 , 256.85
398.05 , 259.35
403.7 , 261.36
408.87 , 264.74
403.2 , 263.06
397.15 , 261.82
391.22 , 260.3
385.42 , 258.56
379.75 , 256.55
373.72 , 255.32
367.92 , 253.56
362.35 , 251.28
357.2 , 247.89
351.97 , 244.63
346.4 , 242.32
340.6 , 240.59
335.02 , 238.32
444.85 , 154.08
450.23 , 150.2
456.45 , 148.3
463.18 , 147.58
469.93 , 146.83
476.9 , 147.07
482.8 , 149.57
488.5 , 152.71
493.65 , 157.38
497.75 , 162.71
498.86 , 169.31
495.88 , 175.07
490.03 , 177.82
482.93 , 177.86
476.93 , 175.61
471.1 , 172.83
465 , 170.86
459.2 , 167.93
453.73 , 164.2
448.57 , 159.55
390.59 , 127.56
389.05 , 122.17
386.39 , 117.24
382.8 , 112.67
378.28 , 108.91
373.28 , 106.41
368.03 , 104.67
362.53 , 103.42
356.53 , 103.17
350.65 , 103.67
344.8 , 104.17
346.55 , 109.39
350.1 , 113.97
354.57 , 117.95
359.23 , 121.36
364.23 , 123.82
369.08 , 126.68
374.3 , 128.42
379.93 , 129.41
385.67 , 130.2
458.35 , 128.06
462.23 , 121.63
469.05 , 118.8
476.6 , 117.56
484.75 , 117.56
492.08 , 119.31
499.4 , 121.05
507.05 , 122.06
514.02 , 124.5
520.4 , 128.59
523.94 , 135.16
522.87 , 142.65
515.68 , 141.15
511.03 , 134.97
504.38 , 131.56
496.83 , 130.31
489.28 , 129.06
481.6 , 128.06
473.7 , 128.56
465.9 , 129.31
415.46 , 85.19
412.16 , 77.74
405.55 , 72.12
398.35 , 68.17
391.2 , 64.05
384.4 , 59.01
376.87 , 56.04
369.15 , 53.52
360.8 , 52.28
352.6 , 53.84
345.42 , 57.77
351.64 , 64.02
360.37 , 64.52
369.2 , 64.79
376.8 , 67.64
383.64 , 72.5
390.25 , 78.09
397 , 83.34
403.72 , 88.58
411.04 , 92.22
