2306396832_1
154.96 , 490.53
153.55 , 507.79
153.54 , 523.98
154.54 , 541.61
156.48 , 559.04
159.8 , 576.59
164.09 , 593.65
169.58 , 609.54
176.29 , 626.53
183.12 , 643.18
191.4 , 657.29
204.45 , 670.72
217.63 , 680.61
232.84 , 691.56
246.49 , 702.37
259.65 , 713.12
273.24 , 723.4
288.23 , 733.44
303.55 , 740.93
320.44 , 746.24
338.15 , 748.04
356.06 , 748.37
373.49 , 747.85
390.33 , 745.32
407.8 , 739.94
422.57 , 733.81
438.93 , 726.26
455.13 , 717.96
469.73 , 709.87
485.77 , 700.19
500.14 , 690.79
514.24 , 681.38
527.45 , 670.64
538.6 , 657.31
549.68 , 642.79
558.24 , 627.83
565.87 , 612.55
573.23 , 595.32
578.84 , 579.32
583.24 , 562.87
587 , 544.3
327.6 , 523.55
317.5 , 533.21
307.43 , 544.79
300.77 , 556.91
303.66 , 571.59
317.98 , 576.09
330.89 , 580.77
339.18 , 593.92
353.02 , 599.33
367.33 , 599.47
380.94 , 593.75
395.73 , 592.86
410.55 , 593.19
419.39 , 581.88
416.67 , 567.92
410.44 , 554.48
403.65 , 540.1
271.85 , 606.07
284.45 , 606.57
296.48 , 608.32
308.25 , 610.57
319.68 , 613.6
330.65 , 617.34
341.65 , 621.09
353.53 , 623.09
365.8 , 624.32
377.55 , 626.58
389.33 , 628.83
400.88 , 631.58
412.19 , 634.67
416.4 , 645.04
406.73 , 652.56
396.53 , 658.58
385.93 , 663.5
374.7 , 666.79
362.93 , 669.07
350.33 , 669.57
338.25 , 667.97
326.8 , 665.02
316.23 , 659.95
306.03 , 653.97
296.25 , 646.71
287.35 , 637.57
281.36 , 627.35
276.09 , 616.85
282.6 , 608.82
291.85 , 611.07
300.98 , 613.6
310.2 , 615.91
319.38 , 618.34
328.5 , 620.79
337.78 , 623.05
347.15 , 625.06
356.55 , 627.08
366.15 , 628.56
376.05 , 629.53
385.9 , 630.57
395.62 , 631.82
405.25 , 633.31
406.85 , 640.07
397.95 , 642.97
388.73 , 645.32
379.12 , 646.82
368.9 , 647.09
359.03 , 646.08
349.4 , 644.57
339.9 , 642.81
330.53 , 640.82
321.53 , 638.06
313.03 , 634.01
304.93 , 628.87
297.2 , 622.67
289.55 , 616.27
440.6 , 479.44
447.65 , 476.46
454.7 , 473.19
462.38 , 471.44
470.18 , 469.94
478.58 , 469.69
486.38 , 471.19
493.48 , 474.19
500.08 , 478.66
506.16 , 484.49
507.84 , 492.22
501.53 , 497.45
494.23 , 499.93
485.95 , 500.44
477.93 , 499.43
470.12 , 497.94
462.55 , 495.96
455 , 493.97
447.73 , 491.47
440.83 , 487.86
326.8 , 456.12
322.71 , 448.81
317.75 , 441.84
311.11 , 435.95
303.79 , 431.88
295.91 , 429.37
287.63 , 427.64
278.54 , 427.64
270.36 , 429.64
262.76 , 432.93
255.56 , 437.14
259.96 , 444.31
264.75 , 451.34
271.44 , 457.14
279.19 , 459.91
287.59 , 461.39
295.96 , 462.88
304.71 , 463.64
313.59 , 464.14
322.23 , 463.16
429.92 , 447.37
442.6 , 441.1
456.17 , 437.12
471.6 , 437.37
485.8 , 440.15
500.22 , 442.41
515.17 , 443.62
530 , 445.15
543.97 , 448.39
556.55 , 455
568.42 , 463.62
558.47 , 470.62
543.3 , 469.84
528.62 , 468.08
514.89 , 464.35
501.45 , 460.12
487.35 , 457.12
472.42 , 455.87
457.12 , 456.37
441.77 , 455.96
351 , 426.76
339 , 416.74
325.95 , 409.52
312.4 , 403.78
298.6 , 398.79
285 , 393.3
271.45 , 387.56
257.18 , 383.56
241.45 , 382.66
226.75 , 385.85
213.55 , 392.56
225.9 , 401.66
239.33 , 407.82
254.5 , 410.02
269.5 , 412.54
284.43 , 415.32
299.1 , 418.58
313.53 , 422.3
327.55 , 426.81
341.33 , 431.83
