2312507373_1
578.5 , 1816.23
593.89 , 1885.34
622.64 , 1957.28
650.85 , 2020.26
685.06 , 2085.48
724.66 , 2148.66
768.56 , 2215.32
811.29 , 2270.92
865.85 , 2321.25
927.14 , 2362.35
992.52 , 2401.99
1059.98 , 2438.34
1130.58 , 2470.11
1194.98 , 2497.12
1266.97 , 2520.4
1341.47 , 2540
1414.73 , 2551.59
1486.73 , 2552.78
1558.19 , 2563.83
1632.1 , 2574.11
1707.79 , 2575.52
1786.18 , 2567.38
1858.42 , 2553.13
1924.64 , 2531.01
1995.5 , 2494.65
2052.73 , 2445.53
2094.95 , 2385.23
2125.48 , 2322.43
2145.16 , 2247.76
2149.15 , 2174.44
2142.01 , 2101
2130.15 , 2027.29
2120.85 , 1952.04
2120.1 , 1878.31
2118.48 , 1803.51
2113.77 , 1730.27
2113.22 , 1651.55
2112.23 , 1576.14
2110.8 , 1501.69
2101.33 , 1430.81
2079.05 , 1356.4
1455.5 , 1533.15
1450.68 , 1585.47
1433.87 , 1637.31
1434.54 , 1692.24
1469.46 , 1737.67
1522.24 , 1754.63
1572.12 , 1741.64
1626.2 , 1726.22
1682.72 , 1721.59
1738.9 , 1723.55
1790.41 , 1705.31
1828.87 , 1667.84
1858.93 , 1615.98
1889.5 , 1574.33
1880.67 , 1519.16
1836.39 , 1488.3
1795.6 , 1448.1
1371.23 , 2090.26
1414.38 , 2071.85
1459.7 , 2058.52
1507.48 , 2050.01
1554.88 , 2040.86
1601.58 , 2030.03
1648.18 , 2019.05
1692.61 , 2003.88
1736.01 , 1985.99
1779.88 , 1969.61
1823.51 , 1952.49
1865.58 , 1930.67
1905.95 , 1904.27
1947.88 , 1881.85
1981.41 , 1897.59
1969.45 , 1944.03
1936.78 , 1981.21
1897.78 , 2011.44
1856.83 , 2036.17
1813.7 , 2055.03
1769.11 , 2069.64
1722.08 , 2079.77
1673.56 , 2086.69
1624.61 , 2092.73
1574.65 , 2096.76
1523.33 , 2097.61
1472.58 , 2095.26
1421.9 , 2092.76
1417.73 , 2084.76
1458.2 , 2074.51
1500.11 , 2067.27
1541.51 , 2059.01
1582.78 , 2050.52
1621.68 , 2037.49
1660.51 , 2024.27
1699.56 , 2011.48
1738.45 , 1998.51
1779.2 , 1988.76
1820.48 , 1980.26
1858.2 , 1963.78
1894.31 , 1942.72
1928.98 , 1917.76
1963.01 , 1890.97
1930.2 , 1919.54
1895.03 , 1942.94
1858.81 , 1963.7
1821.26 , 1980.74
1779.86 , 1989.04
1739.2 , 1999.01
1701.01 , 2014.02
1662.2 , 2027.27
1623.03 , 2039.72
1582.95 , 2050.77
1542.45 , 2061.01
1500.93 , 2069.01
1459.01 , 2076.26
1643.88 , 1196.62
1662.94 , 1175.32
1679.26 , 1152.97
1697.26 , 1131.25
1718.38 , 1111.62
1740.53 , 1094.74
1763.81 , 1081.13
1788.08 , 1070.17
1813.36 , 1062.13
1842.21 , 1062.6
1864.88 , 1077.87
1864 , 1106.52
1845.95 , 1128.1
1822.48 , 1141.28
1797.96 , 1151.34
1773.08 , 1160.41
1747.41 , 1167.87
1721.08 , 1174.11
1694.31 , 1179.36
1668.23 , 1186.09
1205.44 , 1327.01
1180.64 , 1318.15
1153.02 , 1315.23
1125.16 , 1317.84
1100.16 , 1326.1
1075.99 , 1336.75
1051.99 , 1348
1028.69 , 1361.09
1006.76 , 1377.99
985.51 , 1396.73
964.34 , 1415.66
993.24 , 1415.16
1021.99 , 1414.41
1049.77 , 1411.66
1076.66 , 1407.09
1102.59 , 1400.41
1127.24 , 1391.26
1150.99 , 1379.25
1173.59 , 1364.41
1196.21 , 1349.5
1574.22 , 989.98
1592.12 , 947.33
1621.97 , 908.86
1659.57 , 876.86
1699.62 , 851.49
1741.64 , 831.29
1785.72 , 816.98
1835.07 , 813.23
1881.84 , 821.76
1909.92 , 858.65
1921.38 , 904.38
1931.73 , 950.58
1902.57 , 922.99
1856.22 , 914.48
1809.99 , 924.72
1767.7 , 943.99
1727.37 , 968.55
1688.67 , 997.74
1651.22 , 1030.48
1600.6 , 1029.58
1314.87 , 1124.84
1264.04 , 1069.58
1187.62 , 1064.3
1111.27 , 1070.57
1036.59 , 1080.32
962.02 , 1090.3
889.79 , 1105.14
826.54 , 1141.62
770.49 , 1197.64
731.53 , 1259.89
709.09 , 1328.07
725.51 , 1396.65
784.36 , 1348.04
838.82 , 1291.58
898.64 , 1245.56
962.76 , 1211.31
1034.59 , 1195.57
1112.29 , 1192.07
1190.87 , 1190.32
1266.39 , 1182.33
