2313830319_1
872.8 , 1061.29
891.24 , 1109.44
910.85 , 1161.6
929.77 , 1207.93
946.42 , 1259.22
965.28 , 1313.92
984.36 , 1359.88
1015.67 , 1408.26
1047.43 , 1448.84
1082.83 , 1489.67
1114.83 , 1531.18
1145.62 , 1574.53
1173.09 , 1620.61
1201.05 , 1670.26
1230.32 , 1715.84
1261.02 , 1756.45
1297.34 , 1795.56
1340.58 , 1830.92
1387.99 , 1858.67
1436.68 , 1876.04
1487.56 , 1890.94
1543.34 , 1886.55
1593.45 , 1871.89
1643.56 , 1848.93
1689.48 , 1817.78
1730.21 , 1782.75
1767.11 , 1743.57
1796.4 , 1703.05
1824.6 , 1654.56
1850.55 , 1606.85
1871.13 , 1557.91
1890.59 , 1508.61
1917.69 , 1464.74
1951.12 , 1421.96
1982.64 , 1373.72
2005.15 , 1326.02
2020.98 , 1277.94
2034.44 , 1223.45
2049.52 , 1172.32
2065.69 , 1123.29
2080.95 , 1066.15
1335.85 , 1113.15
1318.85 , 1165.98
1309.55 , 1224.5
1296.79 , 1285.75
1287.5 , 1344.86
1318.48 , 1392.43
1369.03 , 1427.65
1420.14 , 1451.04
1480 , 1459.13
1539.57 , 1446.96
1590.65 , 1414.15
1634.79 , 1374.1
1677.9 , 1332
1682.04 , 1275.45
1665.82 , 1218.54
1646.49 , 1160.73
1626.5 , 1101.85
1204.25 , 1512.83
1248.62 , 1505.34
1294.35 , 1510.08
1337.67 , 1519.84
1379.6 , 1532.17
1421.5 , 1544.58
1466.03 , 1551.84
1514.05 , 1551.83
1556.17 , 1539.83
1596.88 , 1524.8
1639.6 , 1513.83
1682.05 , 1502.31
1721.53 , 1483.32
1762.95 , 1470.1
1735.09 , 1503.75
1706.62 , 1539.68
1682.75 , 1577.23
1654.95 , 1613.12
1616.38 , 1634.33
1572.85 , 1643.55
1527.1 , 1648.33
1480.42 , 1651.08
1433.08 , 1649.65
1388.72 , 1642.07
1349.28 , 1623.11
1313.4 , 1594.46
1277.65 , 1565.48
1242.58 , 1534.63
1292 , 1532.08
1324.6 , 1539.33
1355.17 , 1550.6
1386 , 1561.08
1417.42 , 1570.51
1449.53 , 1578.84
1483.55 , 1583.08
1518.17 , 1580.08
1548 , 1566.33
1578.58 , 1555.01
1608.58 , 1542.07
1638.28 , 1528.07
1667.85 , 1513.57
1697.33 , 1498.77
1726.42 , 1483.09
1698.67 , 1497.14
1668.67 , 1510.15
1639.1 , 1524.57
1609.1 , 1537.57
1578.97 , 1550.09
1549.3 , 1564.3
1518.72 , 1575.57
1485.05 , 1580.58
1450.08 , 1578.36
1418.1 , 1569.86
1387.42 , 1558.85
1356.95 , 1547.35
1326.85 , 1534.59
1645.69 , 878.76
1659.27 , 852.68
1679.27 , 828.93
1702.82 , 808.39
1728.62 , 794.07
1755.77 , 783.73
1784.47 , 776.5
1815.79 , 774.76
1846.99 , 776.76
1875.91 , 783.52
1900.97 , 799.77
1905.11 , 829.86
1884.56 , 853.41
1858.57 , 867.26
1831.37 , 877.51
1802.54 , 884.51
1770.99 , 885.76
1739.41 , 884.51
1709.32 , 880.26
1677.27 , 880.01
1285.34 , 884.37
1266.1 , 860.65
1241.6 , 842.65
1215.45 , 829.12
1187.75 , 820.15
1158.1 , 814.9
1126.53 , 813.63
1095.9 , 816.91
1067.58 , 824.92
1041.45 , 838.56
1018.1 , 859.65
1030.85 , 886.05
1054.08 , 907.37
1081.2 , 917.91
1111.95 , 920.89
1142.33 , 917.17
1172.58 , 913.16
1201.97 , 907.41
1231.28 , 901.38
1262.38 , 899.15
1551.01 , 814.49
1577.89 , 764.6
1625.71 , 732.26
1678.81 , 714.7
1730.68 , 693.75
1780.99 , 667.76
1832.49 , 645.5
1888.04 , 632.23
1949.56 , 632.49
2003.56 , 648.51
2049.51 , 686.24
2052.21 , 746.28
1997.86 , 760.77
1944.56 , 743.53
1885.24 , 738.26
1825.76 , 743.24
1767.24 , 750.25
1710.59 , 761
1655.81 , 775.71
1603.61 , 795.71
1316.28 , 818.25
1313.41 , 774.02
1264.36 , 753.49
1212.56 , 739.45
1160.81 , 725.25
1108.61 , 711.74
1057.06 , 697.22
1004.69 , 684.24
947.21 , 683.15
898.33 , 703.29
860.9 , 746.19
841.61 , 795.49
884.49 , 832.59
937.51 , 822.25
986.88 , 802.98
1039.21 , 789.76
1096.66 , 787.22
1152.51 , 792.99
1206.91 , 801.78
1259.66 , 814.03
