2315541918_1
1142.04 , 1141.95
1134.83 , 1196.14
1128.96 , 1249.32
1124.82 , 1305.35
1119.73 , 1357.59
1114.11 , 1413.28
1109.76 , 1469.64
1108.58 , 1524.2
1116 , 1578.76
1126.89 , 1630.9
1138.21 , 1686.62
1152 , 1742.63
1167.24 , 1790.75
1185.12 , 1844.94
1196.87 , 1901.95
1207.39 , 1952.73
1223.28 , 2006.97
1241.58 , 2058.21
1261.51 , 2108.42
1296.76 , 2153.57
1346.32 , 2178.8
1397.67 , 2191.06
1450.96 , 2193.34
1506.12 , 2189.47
1562.72 , 2178.12
1616.42 , 2162.69
1660.89 , 2135.3
1703.31 , 2101.65
1751.12 , 2069.03
1797.77 , 2040.54
1848.79 , 2012.87
1895.02 , 1982.18
1941.36 , 1952.7
1988.59 , 1923.32
2028.49 , 1891.78
2065.67 , 1850.2
2096.23 , 1806.42
2124.25 , 1755.41
2153.77 , 1708.8
2185.87 , 1662.52
2217.96 , 1615.93
1421.85 , 1688.15
1407.72 , 1716.37
1401.17 , 1750.49
1405.49 , 1781.23
1415.88 , 1814.79
1427.97 , 1845.59
1443.29 , 1874.38
1463.45 , 1900.75
1490.22 , 1921.79
1521.3 , 1925.1
1553.23 , 1913.65
1584.09 , 1899.48
1611.1 , 1883.53
1641.28 , 1867.86
1667.25 , 1845.2
1682.51 , 1815.79
1687 , 1782.4
1259.3 , 1874.7
1291.38 , 1883.02
1318.1 , 1905.23
1345.38 , 1926.03
1374.33 , 1942.22
1404.2 , 1955.73
1434.9 , 1966.73
1466.62 , 1975.69
1499.72 , 1981.96
1532.95 , 1987.97
1567.03 , 1992.18
1602.28 , 1991.45
1636.47 , 1987.45
1672.1 , 1986.45
1667.83 , 2009.96
1636.85 , 2020.2
1605.58 , 2029.96
1572.75 , 2036.74
1538.4 , 2040.45
1502.53 , 2039.95
1468.57 , 2035.45
1436 , 2028.15
1406.32 , 2013.98
1378.67 , 1994.33
1351.32 , 1973.73
1324.35 , 1952.25
1297.6 , 1930
1272.11 , 1904.78
1274.55 , 1888.45
1294.52 , 1912.42
1319.78 , 1928.67
1343 , 1950.65
1366.95 , 1970.61
1393.07 , 1984.71
1419.78 , 1997.19
1448.95 , 2003.85
1478.67 , 2009.32
1508.45 , 2014.67
1540.72 , 2014.95
1571.3 , 2011.2
1602.47 , 2008.7
1633.05 , 2004.95
1661.93 , 1997.68
1635.28 , 2004.47
1604.58 , 2007.95
1573.4 , 2010.46
1542.47 , 2013.45
1510.92 , 2014.68
1481.22 , 2009.17
1451.35 , 2003.99
1422.1 , 1997.49
1395.22 , 1985.68
1370.15 , 1968.96
1345.62 , 1950.52
1321.92 , 1929.83
1297.9 , 1910.05
1808.35 , 1510.64
1828.97 , 1497.55
1850.42 , 1486.38
1872.6 , 1477.64
1896.57 , 1472.64
1922.38 , 1471.39
1946.85 , 1475.39
1969 , 1484.3
1989.5 , 1497.89
2009.5 , 1512.82
2027.69 , 1531.49
2014.58 , 1551.66
1992.57 , 1561.14
1967.88 , 1564.64
1941.47 , 1564.67
1917.82 , 1558.87
1895.62 , 1550.16
1874.2 , 1538.95
1853.05 , 1527.13
1830.5 , 1519.42
1519.01 , 1393.87
1512.05 , 1371.92
1499.5 , 1352.12
1481.22 , 1335.33
1461.8 , 1321.67
1441.9 , 1309.43
1421.2 , 1299.08
1399.9 , 1290.77
1376.85 , 1286.17
1351.9 , 1286.92
1328.3 , 1290.42
1341.96 , 1309.85
1357.46 , 1328.6
1375.7 , 1345.57
1395.4 , 1358.3
1416.42 , 1367.55
1437.9 , 1375.27
1459.25 , 1383.44
1480.17 , 1393.05
1500.75 , 1403.63
1744.04 , 1450.77
1783.82 , 1432.26
1830.91 , 1429.77
1878.71 , 1428.77
1926.26 , 1430.27
1973.49 , 1432.48
2018.84 , 1438.56
2061.34 , 1450.31
2102.44 , 1464.99
2141.99 , 1484.48
2149.49 , 1522.77
2102.54 , 1524.52
2057.29 , 1518.27
2013.91 , 1508.02
1973.21 , 1492.45
1932.69 , 1476.02
1887.19 , 1470.28
1840.46 , 1473.55
1796.46 , 1482.34
1754.75 , 1493.97
1556.94 , 1364.7
1538.46 , 1329.48
1506.04 , 1302.53
1472.13 , 1279.69
1438.04 , 1257.55
1403.88 , 1235.47
1369.76 , 1213.3
1335.61 , 1191.23
1301.26 , 1169.74
1264.86 , 1153.73
1223.71 , 1159.23
1244.95 , 1193.68
1276.38 , 1223.41
1309.34 , 1248.88
1345.41 , 1265.94
1383.43 , 1277.71
1418.56 , 1297.3
1453.36 , 1317.64
1487.84 , 1338.72
1522.01 , 1360.76
