2320093697_1
794.65 , 850.8
805.5 , 897.37
815.9 , 949.03
829.46 , 994.18
845.29 , 1043.87
859.41 , 1094.85
873.4 , 1142.67
888.43 , 1188.51
904.67 , 1240.47
919.65 , 1288.27
937.75 , 1334.74
960.96 , 1378.49
988.02 , 1422.22
1019.82 , 1460.09
1058.65 , 1498.58
1098.38 , 1528.86
1142.09 , 1548.74
1195.25 , 1557.31
1242.89 , 1556.32
1297.33 , 1551.54
1346.94 , 1548.8
1394.41 , 1542.72
1442.62 , 1525.26
1486.73 , 1496.64
1526.62 , 1464.88
1560.73 , 1431.67
1591.57 , 1392.09
1623.79 , 1347.14
1654.69 , 1308.28
1686.66 , 1269.95
1721.56 , 1232.62
1747.38 , 1191.79
1769.15 , 1144.6
1785.49 , 1095.84
1798.33 , 1045.82
1819.98 , 998.65
1837.48 , 950.61
1854.21 , 902.62
1861.75 , 853.95
1867.67 , 805.41
1859.8 , 751.95
1090.89 , 889.35
1074.54 , 921.54
1062.62 , 954.43
1064.44 , 992.04
1093.43 , 1014.42
1119.78 , 1044.84
1152.45 , 1056.49
1188.07 , 1052.31
1222.99 , 1033.88
1253.83 , 1012.78
1288.36 , 1003.01
1325.55 , 998.73
1356.99 , 979.06
1359.35 , 940.62
1349.31 , 905.7
1324.21 , 877.42
1293.25 , 855.1
1026.95 , 1151.96
1052.53 , 1136.65
1079.78 , 1125.93
1107.38 , 1116.28
1137.58 , 1111.72
1167.17 , 1117.44
1198.38 , 1119.96
1226.25 , 1110.98
1255.62 , 1104.74
1285 , 1098.47
1316.33 , 1096.21
1347.62 , 1098.48
1378.83 , 1100.99
1408.8 , 1105.96
1414.2 , 1134.46
1391.95 , 1157.46
1367.38 , 1175.77
1341.5 , 1190.44
1313.73 , 1199.71
1284.93 , 1207.22
1255.08 , 1212.47
1224.12 , 1215.46
1192.33 , 1216.71
1160.18 , 1216.21
1130.28 , 1211.02
1103.15 , 1199.95
1077.12 , 1185.61
1052.58 , 1167.3
1086.7 , 1140.71
1110.48 , 1138.96
1132.8 , 1143.71
1156.1 , 1146.46
1179.4 , 1149.21
1203.8 , 1149.71
1226.85 , 1146.46
1249.55 , 1142.46
1273.83 , 1141.71
1298.1 , 1142.46
1321.88 , 1140.71
1344.23 , 1135.96
1365.5 , 1129.23
1386.33 , 1121.46
1405.7 , 1109.47
1387.53 , 1124.66
1365.95 , 1130.96
1344.4 , 1137.21
1322.28 , 1142.46
1299.1 , 1145.46
1274.7 , 1145.96
1250.55 , 1146.96
1227.12 , 1149.46
1204.08 , 1152.71
1180.78 , 1149.96
1156.85 , 1148.46
1133.33 , 1146.2
1110.62 , 1142.21
1343.75 , 707.7
1354.66 , 693.31
1369.35 , 683.2
1384.9 , 675.29
1400.92 , 669.01
1417.8 , 664.45
1435.17 , 660.94
1453.53 , 659.45
1471.38 , 661.96
1487.97 , 666.96
1503.8 , 673.96
1504.35 , 689.72
1487.28 , 693.93
1470.25 , 698.2
1453.38 , 702.68
1436.15 , 706.55
1418.12 , 708.7
1399.78 , 710.2
1381.3 , 708.95
1362.6 , 708.2
1068.19 , 726.52
1054.16 , 719.53
1040.24 , 712.31
1025.61 , 707.01
1009.88 , 704.06
993.69 , 702.54
977.63 , 704.86
963.01 , 710
949.26 , 717.74
936.86 , 729.14
925.46 , 741.54
941.31 , 744.32
956.88 , 747.52
972.61 , 750.54
989.29 , 751.54
1005.99 , 750.54
1021.81 , 747.8
1037.11 , 743.89
1052.41 , 740.06
1068.01 , 736.8
1270.81 , 636.1
1288.28 , 611.61
1314.96 , 600.08
1343.66 , 593.07
1374.36 , 590.35
1406.28 , 590.1
1435.63 , 584.53
1462.91 , 574.82
1492.41 , 569.62
1523.73 , 570.6
1548.01 , 588.84
1529.81 , 612.35
1501.56 , 620.1
1471.31 , 623.85
1439.76 , 624.85
1408.66 , 626.82
1379.41 , 632.57
1351.43 , 640.82
1324.11 , 650.36
1294.66 , 655.48
1108.1 , 647.3
1083.6 , 629.19
1054.85 , 621.96
1024.07 , 618.96
991.97 , 618.71
961.32 , 621.97
931.14 , 626.22
901.35 , 631.18
874.37 , 642.33
850.5 , 661.98
831.02 , 685.96
860.69 , 691.21
892.19 , 689.71
921.1 , 682.72
950.77 , 677.46
982.02 , 675.46
1014.14 , 675.71
1044.8 , 678.96
1075.57 , 681.96
1105.5 , 677.21
