1010057391_1
263.94 , 537.14
273.57 , 551.52
284.84 , 567.31
296.9 , 580.53
309.18 , 596.58
319.36 , 611.62
332.16 , 624.97
345.23 , 637.79
359.52 , 651.7
371.59 , 665.34
383.13 , 680.26
393.51 , 695.38
404.59 , 711.07
417.12 , 724.87
432.42 , 736.87
448.69 , 745.08
467.42 , 749.43
484.66 , 748.09
503.2 , 742.06
519.45 , 734.33
536.41 , 723.56
551.13 , 711.92
564.63 , 698.64
575.49 , 685.29
586.99 , 669.88
599.02 , 655.68
611.25 , 640.29
620.99 , 625.1
629.6 , 609.19
636.91 , 590.53
642.47 , 573.47
647.71 , 554.62
652.55 , 537.07
657.07 , 519.06
660.82 , 500.53
662.81 , 481.84
663.01 , 463.23
660.9 , 445.1
657.33 , 425.44
651.23 , 408.54
641.22 , 391.21
325.6 , 493.4
326.63 , 509.44
327.67 , 524.05
329.33 , 540.95
332.75 , 556.9
344.94 , 566.42
360.84 , 568.04
376.09 , 565.44
390.6 , 558.64
405.81 , 550.94
419.27 , 542.24
431.17 , 531.6
439.21 , 518.51
433.99 , 503.46
423.62 , 491.07
411.88 , 480.47
399.8 , 468.1
362.35 , 615.08
373.1 , 606.33
385.38 , 601.84
398.15 , 598.31
410.43 , 593.8
422.78 , 589.56
435.58 , 586.1
448.6 , 583.08
461.65 , 580.09
474.58 , 576.85
486.98 , 572.7
500.78 , 571.34
511.12 , 580.7
508.01 , 593.68
503.66 , 606
497.61 , 617.81
489.4 , 628.78
480.45 , 639.48
469.83 , 648.59
458.68 , 656.32
446.75 , 661.93
433.93 , 665.32
420.3 , 667.08
406.5 , 665.73
395 , 658.97
384.92 , 648.68
376.73 , 637.73
369.25 , 626.51
378.35 , 622.58
386.68 , 615.08
396.05 , 610.37
405.9 , 607.06
415.9 , 604.06
425.65 , 600.56
435.5 , 597.3
445.18 , 593.55
455.05 , 590.37
464.8 , 586.87
474.7 , 583.73
484.8 , 580.87
494.7 , 577.73
505.75 , 576.83
506.6 , 587.33
499.4 , 595.78
491.08 , 603.36
482.5 , 610.2
473.85 , 616.83
465.12 , 623.32
456.18 , 629.04
446.83 , 633.85
437.38 , 638.32
427.38 , 641.33
415.9 , 641.35
405.75 , 638.61
396.15 , 634.59
386.83 , 629.8
404.94 , 389.74
408.19 , 383.74
412.37 , 378.04
418.14 , 374
424.29 , 371.02
430.56 , 368.52
437.21 , 366.74
443.99 , 365.24
450.99 , 364.24
458.22 , 364.76
463.13 , 368.82
459.49 , 374.69
453.99 , 379.48
448.31 , 383.74
442.66 , 387.99
436.56 , 391.12
430.47 , 394.22
423.69 , 395.74
416.56 , 396.48
409.69 , 395.24
311.54 , 424.27
304.76 , 422.31
297.26 , 422.81
289.74 , 423.31
282.37 , 424.05
275.74 , 426.28
269.39 , 429.49
263.39 , 433.5
258.09 , 439.06
254.84 , 445.31
255.6 , 452.71
261.34 , 456.81
268.74 , 456.55
275.22 , 453.78
281.59 , 450.81
287.69 , 446.99
293.62 , 442.8
299.54 , 438.57
305.44 , 434.24
311.77 , 431.07
344.4 , 376.17
348.9 , 361.67
357.43 , 348.65
368.7 , 336.62
381.42 , 327.16
394.92 , 319.91
408.88 , 313.94
423.38 , 309.44
438.42 , 305.92
454.2 , 303.93
470.35 , 304.67
467.95 , 317.42
452.77 , 320.66
437.38 , 323.44
423.2 , 328.63
409.52 , 335.55
396.17 , 343.16
383.47 , 352.62
370.5 , 361.33
359.4 , 373.42
285.37 , 410.75
281.96 , 403.3
273.31 , 401.93
264.21 , 401.43
255.23 , 400.68
246.36 , 399.68
237.51 , 398.68
228.28 , 398.92
220.03 , 401.22
212.63 , 405.59
209.58 , 413.43
211.61 , 421.82
217.08 , 415.68
224.43 , 411.19
233.28 , 412.16
241.66 , 414.18
250.53 , 415.18
259.63 , 414.68
268.86 , 414.93
278.06 , 415.19
