1165647416_1
225.05 , 305.35
226.56 , 318.97
228.81 , 332.59
231.34 , 346.25
233.58 , 360.07
236.3 , 373.85
239.69 , 387.31
245.2 , 400.05
252.4 , 410.78
262.11 , 420.81
272.11 , 430.44
282.46 , 439.34
294.2 , 446.8
306.95 , 454.72
318.06 , 462.75
328.9 , 470.56
342.57 , 475.57
355.99 , 478.2
369.46 , 480.99
383.53 , 481.83
396.38 , 480.07
409.74 , 475.21
423.45 , 471
435.63 , 466.73
448.86 , 461.41
461.8 , 455.49
474.08 , 449.18
485.72 , 441.51
497.06 , 433.06
507.6 , 425.46
519.71 , 417.13
529.95 , 408.44
535.48 , 395
536.8 , 381.35
535.93 , 367.86
535.43 , 354.63
536.79 , 340.18
538.16 , 326.05
539.55 , 312.72
541.5 , 298.3
543.39 , 284.35
346.55 , 294.44
341.67 , 303.7
335.67 , 312.78
330.12 , 321.88
329.83 , 332.81
337.9 , 339.71
348.59 , 340.28
358.89 , 338.65
370.53 , 338.3
380.98 , 341.03
391.67 , 343.3
402.13 , 341.9
409.35 , 334.87
409.44 , 323.6
407.2 , 313.37
400.99 , 303.87
395.25 , 294.44
310.05 , 390.08
317.18 , 386.45
324.35 , 382.82
331.57 , 379.32
338.5 , 375.09
345.7 , 371.58
353.62 , 369.76
361.6 , 371.12
370.05 , 370.83
378.73 , 371.08
386.12 , 374.14
392.85 , 378.88
399.73 , 383.32
406.83 , 387.09
414.05 , 390.58
416.48 , 395.58
407.98 , 396.15
399.53 , 396.85
391.18 , 397.83
383.23 , 399.61
374.93 , 400.58
366.38 , 401.08
357.7 , 400.82
349.27 , 400.08
341.1 , 398.85
333.05 , 397.33
325.1 , 395.57
317.2 , 393.73
318.8 , 389.58
325.85 , 389.34
332.02 , 387.32
338.33 , 385.58
344.77 , 384.08
351.7 , 383.58
358.5 , 384.33
365.55 , 384.58
372.48 , 384.08
379.4 , 384.58
386.08 , 385.58
392.75 , 386.58
398.9 , 388.61
405.25 , 390.29
411.55 , 392.08
406 , 389.79
399.65 , 388.08
393.2 , 386.57
386.75 , 385.08
379.95 , 384.33
372.93 , 384.08
365.88 , 383.83
358.7 , 383.83
351.68 , 383.58
344.5 , 383.58
337.82 , 384.58
331.75 , 386.81
325.57 , 388.83
408.38 , 256.97
413.65 , 252.94
419.08 , 249.29
424.61 , 245.99
430.43 , 243.47
436.83 , 242.22
443.83 , 242.23
450 , 244
455.75 , 246.72
461.33 , 249.91
465.59 , 255.12
461.88 , 260.47
456.2 , 263.46
450.28 , 265.72
443.88 , 266.97
437.38 , 267.97
430.48 , 267.71
424.2 , 266.23
417.93 , 264.72
412.01 , 262.4
334.97 , 259.06
334.43 , 251.77
329.98 , 246.1
324.51 , 241.13
318.51 , 237.61
312.26 , 234.81
305.44 , 233.32
298.23 , 234.07
291.69 , 236.09
285.53 , 239.22
279.69 , 243.1
273.96 , 247.32
279.71 , 251.57
285.63 , 255.26
291.86 , 258.1
298.43 , 260.07
305.61 , 260.82
313.06 , 260.57
320.36 , 260.07
327.66 , 259.57
406.35 , 215.09
410.48 , 206.91
418.78 , 202.91
428.33 , 201.84
438.4 , 201.84
448.1 , 201.09
457.8 , 201.84
466.6 , 204.34
474.85 , 208.34
482.75 , 213.27
490.22 , 219.46
490.05 , 226.8
481.05 , 224.55
472.05 , 222.34
462.7 , 220.83
453 , 220.09
443.18 , 220.59
433.35 , 221.09
423.65 , 221.84
413.73 , 221.48
323.34 , 211.79
320.55 , 202.97
312.83 , 197.41
303.53 , 195.64
293.73 , 194.89
284.03 , 193.89
274.1 , 193.4
265.4 , 196.38
257.37 , 201.3
250.38 , 208.56
245.93 , 216.76
242.8 , 225.39
251.33 , 222.9
259.7 , 218.93
268.05 , 214.89
276.58 , 211.39
286.5 , 210.89
295.83 , 212.64
305.77 , 213.14
314.88 , 215.38
