2320120349_2
315.62 , 475.82
314.01 , 489.31
312.82 , 504.13
312.51 , 519.05
313.15 , 532.65
315 , 547.46
318.62 , 561.9
324.25 , 575.61
331.69 , 588.51
339.75 , 599.35
349.79 , 610.53
360.6 , 621.02
370.79 , 630.11
380.4 , 642.79
387.38 , 655.26
395.48 , 667.42
404.89 , 677.91
417.17 , 686.36
431.4 , 691.01
444.69 , 692.1
459.97 , 695.17
472.94 , 699.93
487.31 , 702.64
501.5 , 701.5
516.07 , 695.53
528.11 , 687.39
539.52 , 678.96
551.31 , 671.74
564.79 , 665.08
577.63 , 657.95
589.28 , 649.55
600.77 , 639.17
610.18 , 628.96
619.94 , 618.52
629.86 , 607.28
638.92 , 595.08
645.99 , 582.56
651.6 , 569.18
655.71 , 555.53
658.57 , 541.48
661.47 , 525.98
445.44 , 483.65
437.85 , 494.12
429.68 , 506.13
421.25 , 516.75
422.17 , 529.92
432.83 , 540.2
446.12 , 541.57
460.4 , 542.41
473.75 , 544.45
487.89 , 547.63
501.73 , 551.02
515.03 , 547.81
522.46 , 536.35
519.28 , 522.91
508.5 , 514.29
504.01 , 501.01
502 , 487.05
389.7 , 572.9
401.55 , 574.4
412.85 , 577.14
425.07 , 577.9
437.55 , 578.15
449.55 , 579.4
460.12 , 583.58
472.1 , 582.4
484.32 , 583.15
495.73 , 585.66
507.12 , 588.16
518.33 , 591.02
530.25 , 592.39
542.25 , 593.64
536.1 , 602.41
525.98 , 607.89
515.55 , 612.68
504.77 , 616.33
493.2 , 618.4
481.2 , 619.65
468.73 , 619.9
456.62 , 618.92
445.15 , 616.61
434.22 , 613.17
424.02 , 607.73
414.6 , 600.3
405.7 , 591.4
397.7 , 582.15
405.95 , 580.65
414.6 , 582.4
422.75 , 585.13
430.9 , 587.92
439.35 , 590.17
448.02 , 591.89
456.48 , 594.15
465.15 , 595.9
474.55 , 596.15
483.82 , 596.65
493 , 597.4
502.4 , 597.65
511.8 , 597.4
520.98 , 596.65
529.89 , 597.65
520.6 , 598.15
511.45 , 598.9
502.05 , 598.65
492.75 , 598.15
483.48 , 597.65
474.07 , 597.4
464.9 , 596.65
456.1 , 595.14
447.55 , 593.15
439.1 , 590.9
430.52 , 588.91
421.98 , 586.9
413.82 , 584.12
533.25 , 433.89
539.67 , 428.72
546.42 , 424.45
553.58 , 421.15
561.62 , 419.89
570.15 , 420.14
578.3 , 421.13
585.98 , 423.14
592.5 , 428.14
598.77 , 433.54
600.51 , 441.34
595.55 , 447.86
588.48 , 451.41
580.58 , 452.89
572.27 , 453.64
564 , 452.89
556.33 , 450.87
549.02 , 448.13
541.65 , 445.55
534.73 , 441.81
437.28 , 421.39
433.81 , 414.89
428.5 , 409.09
422.62 , 403.97
416.3 , 400.13
409.4 , 397.85
401.62 , 397.34
393.95 , 398.09
386.52 , 399.34
379.73 , 401.85
374 , 407.34
378.38 , 413.49
383.7 , 419.28
389.77 , 423.84
396.43 , 426.86
403.85 , 428.09
411.62 , 428.59
419.43 , 429.09
427.2 , 429.59
434.49 , 428.1
548.25 , 386.64
553.07 , 379.27
561.4 , 376.74
570.65 , 376.14
579.67 , 377.16
588.73 , 378.13
597.2 , 380.35
605.42 , 382.86
613.33 , 386.45
620.7 , 391.36
627.57 , 397.71
622.48 , 400.13
614.35 , 397.24
606 , 394.89
596.95 , 393.89
587.7 , 393.43
578.62 , 394.36
569.6 , 395.36
560.7 , 396.6
552.24 , 394.36
430.78 , 371.78
426.63 , 363.28
418.31 , 358.66
409.03 , 356.43
399.06 , 355.68
389.18 , 354.68
379.56 , 353.18
369.68 , 352.18
360.31 , 354.15
351.86 , 358.43
343.23 , 361.93
351.88 , 365.45
361.73 , 364.43
371.61 , 363.43
380.88 , 365.68
389.75 , 368.67
398.91 , 371.2
407.5 , 374.95
416.03 , 378.95
425.9 , 379.95
