2320215864_1
537.47 , 628.79
544.83 , 649.21
554.16 , 670.33
564.26 , 692.51
573.97 , 714.94
582.55 , 735.12
593.42 , 756.35
605.11 , 777.05
617.1 , 797.23
628.18 , 817.64
639.24 , 840.28
649.25 , 861.56
660 , 880.47
674.07 , 900.53
688.41 , 919.44
704.94 , 935.12
724.97 , 946.77
747.2 , 955.11
770.86 , 960.63
793.81 , 961.38
817.45 , 956.92
840.57 , 949.83
860.84 , 941.36
883.27 , 930.34
902.01 , 919.81
922.06 , 906.01
940.13 , 892.52
958.93 , 877.34
977.72 , 861.4
994.91 , 847.09
1012.54 , 832.68
1031.43 , 815.56
1048.15 , 799.32
1059.82 , 780.28
1068.75 , 756.89
1074.87 , 734.99
1078.85 , 712.18
1081.92 , 689.24
1085.4 , 665.68
1090.53 , 641.27
1095.75 , 618.25
725.01 , 654.96
710.43 , 669.62
697.09 , 688.4
693.07 , 711.95
694.64 , 734.64
703.18 , 755.93
710.05 , 777.82
721.3 , 795.58
743.1 , 802.19
763.6 , 794.57
783.78 , 781.26
801.42 , 769.47
823.54 , 758.95
837.49 , 742.47
838.59 , 719.84
835.6 , 696.64
837.62 , 673.96
678.85 , 775.14
694.68 , 776.89
708.33 , 783.62
721.48 , 791.65
734.95 , 798.9
749.12 , 803.91
765 , 805.63
781.3 , 804.89
797.62 , 804.14
814.3 , 804.14
830.25 , 805.61
845.98 , 807.65
861.58 , 809.89
857.9 , 822.38
845.2 , 831.64
832.5 , 840.89
819.53 , 849.4
805.62 , 855.39
790.78 , 859.14
774.45 , 859.88
758.5 , 858.36
743.15 , 855.65
729.1 , 850.14
716.15 , 841.69
704.36 , 830.19
695.16 , 817.46
688.5 , 803.79
683.13 , 789.71
683.85 , 781.89
696.12 , 784.64
707.3 , 790.16
718.45 , 795.68
729.6 , 801.14
740.77 , 806.57
752.3 , 810.85
764.53 , 813.82
777.62 , 814.89
791.25 , 814.89
804.78 , 814.64
818.28 , 814.39
831.78 , 814.64
845.05 , 813.89
856.25 , 815.37
843.38 , 816.88
830.45 , 818.39
816.83 , 818.39
803.45 , 817.89
790.05 , 817.39
776.8 , 816.64
763.55 , 815.85
751.03 , 813.57
739.5 , 809.29
728.28 , 804.07
716.8 , 799.59
705.5 , 794.55
694.55 , 788.57
880.35 , 560.56
891 , 560.31
901.4 , 561.06
911.58 , 562.31
921.62 , 563.81
931.68 , 565.31
942.08 , 566.06
952.62 , 566.56
962.18 , 569.11
968.85 , 577.06
963.07 , 585.34
954.55 , 590.38
945.73 , 594.81
936.3 , 597.55
925.9 , 598.3
916.1 , 596.31
907.4 , 591.62
899.52 , 584.73
892.45 , 576.93
886.88 , 568.58
677.64 , 525.48
667.87 , 520.71
658.01 , 516.26
648.09 , 512
637.64 , 508.98
627.19 , 505.98
616.47 , 503.47
605.64 , 501.23
593.84 , 500.98
583.14 , 503.48
588.79 , 512.91
594.26 , 522.38
600.86 , 531.46
609.82 , 538.44
619.66 , 542.99
630.84 , 544.48
642.51 , 543.98
653.59 , 542.23
664.41 , 539.98
674.26 , 535.36
845.38 , 535.12
859.63 , 525.12
875.43 , 519.35
893.68 , 518.62
911.55 , 517.12
928.25 , 513.12
944.86 , 508.89
962.36 , 506.62
979.65 , 503.87
997.06 , 501.35
1012.86 , 507.11
1000 , 518.24
983.65 , 522.87
966.38 , 525.62
948.73 , 527.62
930.98 , 529.37
913.33 , 531.37
895.93 , 533.87
877.93 , 535.1
861.63 , 539.87
692.73 , 510.26
680.07 , 497.12
664.47 , 489.25
648.77 , 481.72
633.35 , 473.46
618.42 , 463.96
603.97 , 453.03
589.25 , 442.97
573.29 , 436.21
555.29 , 433.97
537.67 , 436.96
554.42 , 441.71
569.19 , 451.72
583.29 , 463.59
597.85 , 474.13
613.24 , 482.47
628.94 , 489.97
644.94 , 496.45
660.79 , 503.46
676.64 , 510.45
