2320302773_1
781.9 , 566.64
790.09 , 597.1
802.09 , 629.79
815.63 , 661.76
829.37 , 693.96
843.35 , 727.5
857.65 , 758.96
872.61 , 788.79
888.85 , 819.52
905.18 , 849.27
919.64 , 878.85
930.24 , 912.85
942.27 , 945.4
957.86 , 977.04
966.18 , 1008.17
982.73 , 1039.28
1012.57 , 1053.37
1046.65 , 1067.19
1079.39 , 1075.88
1112.6 , 1077.36
1148.58 , 1070.16
1179.45 , 1056
1207.86 , 1034.5
1234.44 , 1013.64
1262.49 , 992.37
1288.31 , 974.31
1315.91 , 953.49
1341.46 , 930.12
1365.51 , 905.96
1390.75 , 879.17
1412.59 , 854.18
1435.27 , 825.47
1453.2 , 799.64
1471.46 , 767.27
1482.64 , 735.95
1490.75 , 701.09
1498.34 , 669.26
1505.1 , 636.22
1509.86 , 599.28
1510.26 , 566.35
1507.65 , 529.78
956.05 , 637.55
954.84 , 663.62
942.93 , 686.87
933.49 , 713.7
940.4 , 740.69
956.9 , 763.34
978.88 , 780.47
1004.89 , 782.55
1031.52 , 772.83
1055.73 , 760.71
1084.34 , 754.67
1106.28 , 738.35
1115.75 , 714.45
1113.25 , 686.39
1100.27 , 660.5
1086.75 , 638
1075.05 , 610.95
948.64 , 836.5
967.22 , 837.5
984.59 , 841.01
1003.54 , 840.75
1021.06 , 843.93
1039.51 , 845.25
1055.39 , 838.25
1072.64 , 841.5
1090.12 , 844.74
1108.84 , 845.5
1127.79 , 845.75
1145.96 , 843.93
1164.96 , 843.75
1177.91 , 850.73
1162.16 , 857.98
1146.26 , 864.78
1130.07 , 870.56
1114.37 , 878.02
1098.94 , 886.21
1083.09 , 893.25
1065.82 , 897
1047.46 , 898.5
1028.89 , 897.5
1011.21 , 894.57
994.99 , 888.75
980.19 , 879.05
966.21 , 866.85
955.88 , 852.23
954.39 , 848.75
970.09 , 849.75
985.91 , 849
1001.87 , 848.5
1017.82 , 848
1033.89 , 848.25
1049.71 , 849
1065.66 , 849.5
1081.49 , 850.24
1097.57 , 850
1113.64 , 849.75
1129.37 , 848.75
1144.69 , 846.98
1160.41 , 846
1166.09 , 852.74
1151.24 , 855.51
1136.26 , 857.97
1121.39 , 860.75
1106.29 , 862.98
1091.07 , 865.03
1075.24 , 865.76
1059.41 , 866.5
1043.46 , 865.99
1027.76 , 865.03
1012.29 , 863.47
997.01 , 861.62
981.96 , 859.28
967.29 , 856.15
1134.31 , 493.38
1146.26 , 485.92
1161.51 , 485.88
1175.43 , 488.63
1188.76 , 492.59
1202.91 , 494.87
1218.06 , 495.13
1232.73 , 493.88
1247.38 , 492.63
1261.81 , 494.38
1265.54 , 506.9
1253.46 , 514.14
1240.59 , 519.12
1226.76 , 522.13
1212.11 , 523.37
1197.93 , 521.16
1184.48 , 517.4
1171.68 , 512.26
1159.91 , 504.2
1147.86 , 496.92
929.52 , 485.9
923.01 , 477.35
912.63 , 474.48
901.93 , 472.25
890.86 , 470.75
879.56 , 469.75
868.01 , 469.25
856.33 , 469.5
845.31 , 471.1
835.69 , 475.97
827.91 , 484.5
834.96 , 493.31
844.23 , 499.06
855.31 , 500.5
866.63 , 501.5
878.06 , 502.25
889.36 , 501.25
900.18 , 499.24
910.66 , 496.5
920.59 , 492.57
1045.85 , 391.26
1060.54 , 362.04
1093.05 , 355.3
1127.5 , 352.52
1162.57 , 351.01
1198.25 , 350.76
1233.57 , 351.76
1268.52 , 353.51
1302.15 , 358.01
1333.25 , 367.42
1360.7 , 386.83
1337.88 , 397.26
1305.35 , 390.51
1271.45 , 386.51
1236.02 , 387.29
1203 , 393.04
1170.47 , 399.73
1138.07 , 406.76
1104.95 , 412.27
1071.32 , 415.74
930 , 376.36
919.53 , 361.13
904.65 , 349.22
888.9 , 339.76
872.23 , 332.89
854.58 , 328.12
836.78 , 323.63
818.55 , 320.13
798.86 , 319.6
781.11 , 324.29
766.78 , 337.63
776.44 , 353.32
794.78 , 356.63
814.58 , 356.38
832.03 , 361.38
848.95 , 367.56
865.98 , 373.36
883.03 , 379.13
900.5 , 384.14
918.31 , 388.63
