2321686152_1
625.7 , 853.2
633.21 , 893.96
643.05 , 938.96
653.87 , 983.6
663.19 , 1028.48
674.47 , 1072.09
684.86 , 1116.18
699.5 , 1163.5
719.41 , 1203.32
745.44 , 1238.83
779.03 , 1272.61
812.79 , 1304.06
842.81 , 1333.09
880.84 , 1362.18
913.99 , 1393.82
949.22 , 1422.53
988.75 , 1448.09
1025 , 1468.59
1071.41 , 1485.89
1112.85 , 1493.79
1159.47 , 1489.18
1205.74 , 1481.54
1247.81 , 1465.28
1280.96 , 1436.58
1315.39 , 1402.55
1348.1 , 1372.07
1377.61 , 1339.85
1406.23 , 1305.88
1443.06 , 1274.36
1472.77 , 1242.88
1499.53 , 1202.38
1521.82 , 1165.92
1543.18 , 1126.21
1559.05 , 1082.38
1569.02 , 1035.76
1572.96 , 992.04
1574.74 , 946.33
1580.56 , 900.46
1582.95 , 854.64
1588.25 , 808.22
1595.2 , 762.5
1000.3 , 776.95
983.38 , 812.84
966.77 , 855.07
962.83 , 895.97
971.49 , 938.16
1009.62 , 959.97
1048.01 , 968.31
1080.58 , 999.09
1120.65 , 1002.4
1163.7 , 989.66
1196.33 , 963.1
1240.95 , 956.85
1271.6 , 930.53
1275.35 , 887.1
1263.7 , 849.29
1242.54 , 810.2
1225.6 , 768
897.25 , 1125.21
929.62 , 1110.18
961.8 , 1094.18
994.85 , 1081.18
1030.42 , 1073.44
1068.28 , 1076.46
1103.45 , 1085.17
1139.72 , 1078.95
1175.75 , 1072.21
1214.35 , 1073.71
1251.6 , 1077.95
1288.03 , 1083.97
1319.98 , 1100.44
1318.25 , 1138.31
1301.51 , 1170.16
1285.25 , 1202.21
1261.05 , 1231.2
1230.62 , 1251.58
1197.17 , 1263.45
1161.25 , 1270.46
1122.9 , 1272.46
1084.67 , 1274.71
1048.17 , 1268.89
1013.48 , 1259.44
981.15 , 1243.89
952.38 , 1218.83
929.88 , 1189.11
912.24 , 1157.63
934.25 , 1123.21
959.33 , 1115.69
985.85 , 1110.97
1014.45 , 1110.46
1041.7 , 1113.71
1068.7 , 1117.47
1096.2 , 1120.21
1124.78 , 1119.71
1151.3 , 1114.97
1178.8 , 1112.19
1206.17 , 1109.24
1233.92 , 1107.03
1262.5 , 1107.46
1290.1 , 1109.94
1283.15 , 1133.06
1263.1 , 1153.11
1239.08 , 1163.39
1213.92 , 1170.78
1188.45 , 1177.71
1162.28 , 1183.21
1135.03 , 1186.46
1106.8 , 1187.71
1078.97 , 1185.69
1052.2 , 1181.42
1026.33 , 1175.28
1001.92 , 1166.2
978.75 , 1153.46
956.35 , 1138.78
1243.79 , 655.51
1255.64 , 637.89
1273.24 , 625.83
1291.62 , 615.95
1310.32 , 606.74
1330.01 , 600.53
1351.01 , 596.78
1373.07 , 598.26
1393.74 , 602.72
1412.91 , 610.26
1430.39 , 622.63
1431.77 , 644.02
1414.09 , 655.71
1394.29 , 661.76
1373.76 , 666.51
1351.66 , 668.01
1329.12 , 668.51
1306.41 , 668.26
1284.21 , 667.01
1262.19 , 665.41
957.68 , 688.35
955.6 , 668.01
939.23 , 653.92
922 , 642.42
904.3 , 632.1
885.58 , 624.6
864.03 , 623.1
842.6 , 624.92
822.93 , 630.35
805.13 , 640.41
789.16 , 655.62
776.18 , 672.35
792.05 , 687.75
810.43 , 696.35
830.75 , 700.38
852.55 , 701.35
874.11 , 699.85
895.3 , 697.61
916.38 , 695.1
937.45 , 692.6
1217.25 , 586.8
1226.94 , 556.12
1249.65 , 530.16
1278.97 , 516.82
1311.08 , 509.81
1344.97 , 506.55
1380.22 , 506.05
1412.58 , 512.57
1442.05 , 525.81
1471.05 , 540.31
1500.17 , 554.49
1521.97 , 569.04
1489.3 , 563.3
1454.05 , 563.8
1419.53 , 565.8
1384.62 , 567.05
1349.38 , 567.52
1315 , 569.8
1280.97 , 572.82
1247.78 , 577.54
959.04 , 579.62
957 , 548.76
927.25 , 536.11
894.67 , 529.88
860.14 , 527.63
825.47 , 529.65
790.95 , 531.91
757.87 , 537.14
727.7 , 548.3
700.5 , 567.76
676.94 , 593.54
658.62 , 621.14
690.42 , 613.12
724 , 608.86
757.5 , 604.52
791 , 600.17
825.52 , 597.89
860.42 , 596.39
894.82 , 593.91
928.39 , 589.64
