232194_1
521.58 , 699.01
525.95 , 719.53
529.84 , 740.26
535.35 , 761.06
542.56 , 781.31
552.05 , 800.85
566.16 , 816.01
579.64 , 831.31
593.17 , 848.48
605.89 , 866.37
620.23 , 881.29
637.94 , 893.85
658.11 , 903.83
676.08 , 913.44
692.49 , 928.62
710.72 , 939.37
729.7 , 948
751.24 , 950.28
772.1 , 949.77
793.02 , 950.19
814.15 , 951.41
835.81 , 949.06
856.79 , 944.44
876.7 , 934.43
893 , 920.36
907.94 , 905.31
920.13 , 889.27
934.04 , 870.69
943.65 , 852.46
958.88 , 836.46
972.88 , 822.4
985.29 , 804.77
995.14 , 786.27
1005.61 , 765.76
1013.22 , 747.47
1024.05 , 726.78
1026.75 , 706.19
1027.59 , 684.66
1030.61 , 664.25
1035.29 , 642.43
1039.2 , 620.85
734.64 , 689.3
720.74 , 702.71
713.57 , 719.1
723.13 , 737.24
739.27 , 747.18
757.15 , 756.83
773.11 , 766.89
791.12 , 776.4
809.42 , 781.52
828.37 , 778.38
844.91 , 768.61
861.7 , 755.96
872.84 , 741.34
885.11 , 724.6
890.36 , 707.35
883.51 , 688.4
868.95 , 674.3
653.1 , 781.14
674.45 , 785.38
696.3 , 788.64
718.65 , 790.89
740.62 , 793.89
762.73 , 796.67
785.8 , 795.89
808.62 , 797.14
830.12 , 793.14
851.28 , 788.38
871.88 , 782.62
891.2 , 773.55
911.25 , 766.74
932.33 , 761.89
925.55 , 778.44
908.33 , 793.17
890.7 , 806.8
872.28 , 818.2
852.98 , 827.26
832.93 , 834.14
811.95 , 839.29
790.03 , 842.39
766.7 , 842.12
745.65 , 837.15
726.23 , 828.51
707.1 , 818.89
688.62 , 807.65
670.6 , 795.14
696.1 , 800.14
710.75 , 806.66
727.65 , 808.39
744.8 , 809.64
761.93 , 810.89
778.83 , 812.64
795.35 , 810.14
811.65 , 807.15
828.2 , 804.66
844.25 , 801.12
859.98 , 797.01
875.33 , 792.13
890.05 , 785.65
904.35 , 777.89
915.45 , 772.76
901.85 , 782.39
887.4 , 789.82
873.23 , 797.76
858.45 , 804.17
843.18 , 809.15
827.03 , 812.39
810.92 , 815.82
794.2 , 817.89
776.92 , 816.92
760.03 , 815.14
743.12 , 813.39
726.73 , 810.67
710.58 , 807.37
866.35 , 574.53
874.45 , 569.21
882.9 , 564.74
891.7 , 561.43
901 , 559.06
910.68 , 557.46
920.8 , 556.78
931.12 , 557.03
941.2 , 557.77
950.7 , 559.81
959.97 , 562.16
954.75 , 568.01
945.28 , 570.01
935.4 , 571.24
925.67 , 572.71
915.88 , 574.03
905.92 , 575.03
895.85 , 575.78
885.88 , 576.78
875.58 , 577.01
714.46 , 593.5
704.64 , 589.72
694.37 , 586.95
683.44 , 585.48
672.39 , 586.72
661.24 , 587.72
649.84 , 588.22
638.56 , 588.97
627.64 , 590.47
617.62 , 593.71
608.14 , 598.47
618.59 , 600.97
629.39 , 602.72
641.01 , 602.72
651.82 , 600.97
662.32 , 598.54
673.01 , 596.6
684.46 , 596.72
695.51 , 598
706.91 , 598.47
818.75 , 561.57
831.52 , 550.04
847.58 , 546.75
862.65 , 541.54
877.42 , 535.58
892.02 , 529.05
906.9 , 523.41
923.3 , 520.82
940.45 , 521.3
957.23 , 523.07
972.53 , 527.81
965.9 , 537.67
948.73 , 538.57
931.67 , 539.82
914.77 , 541.32
898.12 , 543.33
881.95 , 546.36
866.4 , 550.66
851.67 , 556.85
836.27 , 561.32
720.75 , 551.32
706.05 , 547.32
689.73 , 548.05
673.62 , 546.83
657.8 , 545.07
641.58 , 544.08
625.58 , 545.5
609.9 , 547.55
594.2 , 549.61
579.05 , 552.79
565.75 , 560.32
582.45 , 560.32
598.55 , 561.57
614.88 , 562.32
630.83 , 560.83
647.27 , 560.32
663.6 , 561.07
679.92 , 561.82
696.5 , 561.57
712.82 , 560.83
