2324602074_1
404.19 , 1016.1
403.4 , 1067.59
407.92 , 1127.65
417.49 , 1183.68
429.97 , 1235.38
451.64 , 1284.95
477.55 , 1334.99
501.14 , 1389.14
517.28 , 1440.31
537.71 , 1495.39
560.75 , 1545.45
585.5 , 1595.8
615.21 , 1647.33
645.07 , 1695.38
673.74 , 1742.83
716.59 , 1773.37
774.24 , 1779.94
827.26 , 1772.65
884.98 , 1763.8
941.14 , 1757.6
995.08 , 1744.19
1049.6 , 1731.66
1108.49 , 1721.86
1160.97 , 1714.34
1219.14 , 1712.82
1272.57 , 1710.37
1327.59 , 1698.34
1379.02 , 1677.99
1430.92 , 1653.37
1477.99 , 1623.38
1518.75 , 1579.88
1554.52 , 1537.7
1587.06 , 1490.72
1616.44 , 1443.56
1643.48 , 1395.55
1665.51 , 1345.38
1679.14 , 1288.49
1689.79 , 1234.82
1699.41 , 1179.71
1705.64 , 1121.33
1711.26 , 1063.97
656.3 , 1060.54
637.74 , 1096.93
621.37 , 1134.23
618.4 , 1178.48
641.75 , 1212.5
662.72 , 1250.28
700.17 , 1261.89
740.42 , 1280.61
780.27 , 1270.57
825.27 , 1271.21
863.8 , 1263.04
902.85 , 1249.75
935.14 , 1222.4
930.35 , 1181.59
916.05 , 1141.04
901.39 , 1099.03
884.5 , 1058.04
633.7 , 1430.38
663.08 , 1408.63
697.93 , 1400.64
733.98 , 1405.65
771.05 , 1408.98
804.33 , 1398.41
841.58 , 1395.41
877.5 , 1400.62
912.93 , 1407.38
948.12 , 1414.65
984.15 , 1420.13
1021.9 , 1419.17
1060.12 , 1418.13
1074.85 , 1443.76
1044.38 , 1462.44
1012.7 , 1478.13
980.23 , 1491.12
947.18 , 1502.63
913.55 , 1512.9
880.05 , 1523.4
845.7 , 1532.38
811.03 , 1540.81
775.25 , 1546.86
737.75 , 1548.88
701.35 , 1544.1
669.41 , 1530.56
651.45 , 1499.83
649.94 , 1461.83
650.2 , 1461.63
680.9 , 1463.38
711.98 , 1462.38
742.43 , 1464.63
773.88 , 1464.88
803.5 , 1460.88
832.12 , 1454.86
862.35 , 1452.13
893.43 , 1453.13
924.75 , 1453.63
955.45 , 1451.88
985.2 , 1448.13
1013.85 , 1442.11
1042.28 , 1435.6
1070.9 , 1431.92
1042.48 , 1438.37
1014.03 , 1444.85
985.28 , 1450.64
955.55 , 1454.38
924.23 , 1454.88
893.4 , 1453.38
861.95 , 1453.13
831.73 , 1455.88
803.53 , 1462.88
773.18 , 1465.38
741.73 , 1465.63
711.4 , 1463.13
680.43 , 1464.38
970.1 , 881.43
975.09 , 859.65
980.48 , 838.05
991.85 , 818.93
1009.73 , 804.03
1030.22 , 796.41
1053.92 , 797.43
1075.9 , 801.93
1096.75 , 808.58
1116.9 , 817.22
1135.92 , 828.94
1154.15 , 842.94
1146.73 , 862.46
1126.28 , 870
1105.25 , 876.43
1083.7 , 881.95
1061.58 , 886.18
1038.72 , 888.93
1014.67 , 888.68
991.85 , 885.93
685.92 , 897.33
671.67 , 881.82
655.09 , 870.09
637.92 , 860.08
619.92 , 852.34
600.57 , 847.6
579.59 , 846.45
560.19 , 851.1
542.61 , 860.18
528.97 , 876.05
521.23 , 894.05
516.94 , 913.6
531.89 , 929.05
552.42 , 931.35
573.07 , 929.35
593.47 , 926.83
613.92 , 924.37
633.49 , 920.1
653.07 , 915.83
672.99 , 912.35
836.7 , 726.42
853.94 , 688.47
884.2 , 655.17
918.9 , 628.73
955.5 , 607.66
994.03 , 592.19
1035.18 , 582.17
1079.9 , 582.17
1121.75 , 590.66
1160.1 , 607.33
1194.8 , 633.74
1192.62 , 663.14
1153.83 , 648.29
1113.25 , 637.42
1069.72 , 633.42
1026.35 , 638.64
986.83 , 651.79
949.6 , 671.3
913.38 , 693.27
877.8 , 717.19
601.28 , 733.16
587.37 , 706.01
563.3 , 683.68
537.15 , 667.19
509.2 , 655.44
478.55 , 651.18
449.56 , 660.16
427.78 , 684.45
413.52 , 711.53
404.05 , 740.18
397.55 , 770.43
403.05 , 801.18
410.32 , 773.23
420.23 , 744.75
436.81 , 718.63
462.13 , 700.1
493.43 , 695.68
522.95 , 703.2
550.12 , 717.19
576.92 , 732.05
