2324645033_1
368.4 , 496.56
374.85 , 505.62
381.35 , 515.68
389.28 , 525.74
398.25 , 534.72
407.5 , 542.04
417.94 , 548.77
427.92 , 554.03
439.22 , 559.49
451.03 , 564.07
462.17 , 567.85
473.88 , 571.76
484.86 , 575
497.49 , 578.14
508.58 , 580.66
520.42 , 583.03
533.33 , 585.11
544.71 , 587.19
556.78 , 588.33
569.67 , 588.07
581.21 , 585.52
592.06 , 580.06
603.42 , 574.68
614.07 , 569.5
623.76 , 562.71
631.08 , 553.49
635.4 , 541.9
638.6 , 529.48
641.67 , 518.85
645.99 , 506.74
649.06 , 495.42
653.68 , 483.87
657.71 , 471.76
660.25 , 459.87
662.43 , 448.87
663.05 , 435.8
664.65 , 424.18
666.29 , 412.54
668.06 , 399.6
668.84 , 388
668.25 , 375.31
545.8 , 404.05
539.95 , 412.16
535.69 , 423.04
533.27 , 432.97
536.77 , 443.45
546.59 , 448.54
557.15 , 449.3
567.7 , 445.55
578.54 , 444.18
589.56 , 443.06
599.96 , 439.89
609.82 , 436.32
615.82 , 426.81
615.07 , 416.19
608.07 , 407.45
601.68 , 398.56
596 , 388.8
531.24 , 509.47
538.41 , 503.79
545.34 , 497.35
552.69 , 492.03
559.32 , 485.15
565.94 , 478.28
573.34 , 473.21
581.74 , 470.72
590.99 , 469.97
598.26 , 464.46
606.91 , 462.48
614.91 , 465.97
622.12 , 471.6
629.05 , 478.02
629.24 , 487.57
628.99 , 497.07
627.49 , 505.97
624.49 , 514.15
617.39 , 519.97
608.99 , 522.47
600.47 , 524.72
591.09 , 525.22
581.97 , 524.22
573.29 , 522.22
564.91 , 519.72
556.24 , 517.72
547.24 , 516.47
538.89 , 513.88
547.74 , 505.97
552.69 , 502.54
557.94 , 499.79
563.09 , 496.86
567.79 , 492.66
572.66 , 489.01
578.01 , 486.45
583.24 , 483.72
588.74 , 481.72
594.59 , 480.47
600.82 , 479.97
607.04 , 480.47
613.24 , 480.97
619.24 , 481.97
625.03 , 483.3
622.95 , 488.77
619.49 , 493.72
614.44 , 496.98
608.87 , 498.71
602.89 , 499.72
596.89 , 500.73
591.04 , 501.97
585.19 , 503.22
578.97 , 503.72
572.64 , 503.97
566.29 , 504.22
560.07 , 504.72
554.09 , 505.71
594.72 , 331.17
596.87 , 327
599.25 , 322.9
602.17 , 318.97
605.89 , 315.5
609.7 , 312.2
613.85 , 309.92
618.27 , 308.43
623.07 , 307.67
628.12 , 307.4
631.99 , 310.47
631.96 , 315.62
629.98 , 319.89
626.19 , 323.2
622.02 , 325.38
617.67 , 327.15
613.35 , 328.89
609.02 , 330.69
604.6 , 332.16
599.55 , 331.92
499.38 , 354.5
496.76 , 349.62
492.67 , 345.3
487.9 , 342.53
482.37 , 341.55
476.57 , 342.03
471.27 , 343.58
466.19 , 345.54
461.32 , 348.15
456.8 , 351.67
452.92 , 356.05
456.08 , 360.72
460.87 , 363.51
465.92 , 365.55
471.57 , 366.3
477.47 , 366.55
483.27 , 366.04
488.7 , 364.8
493.97 , 363.26
498.64 , 360.11
574.65 , 310.73
578.81 , 303.81
584.31 , 297.33
590.8 , 291.82
597.27 , 286.35
603.63 , 280.5
609.68 , 274.2
614.99 , 267.65
619.38 , 260.78
624.85 , 254.28
630.16 , 257.2
626.14 , 264.25
620.65 , 270.73
615.37 , 277.28
610.42 , 283.95
604.75 , 290.38
598.9 , 296.73
592.85 , 303.03
587 , 309.38
581.33 , 315.68
520.49 , 319.6
513.07 , 313.83
504.54 , 311.14
495.69 , 309.06
486.92 , 306.78
478.09 , 304.63
469.06 , 302.84
459.94 , 301.35
450.44 , 300.6
441.59 , 302.73
434.24 , 308.6
444.12 , 308.6
453.62 , 309.35
462.51 , 311.35
471.19 , 313.81
479.47 , 317.08
487.84 , 320.19
496.31 , 322.92
505.17 , 325.03
514.51 , 326.1
