1166270350_1
264.25 , 370.46
265.8 , 384.37
267.97 , 398.3
270.72 , 412.19
274.1 , 426.1
277.56 , 441.12
280.41 , 455.14
283.42 , 468.96
287.05 , 482.36
291.65 , 495.39
298.26 , 509.43
306.23 , 520.89
316.31 , 530.36
327.93 , 540.79
339.5 , 548.47
352.4 , 555.12
364.78 , 561.81
378.05 , 565.66
392.87 , 568
406.97 , 571.56
420.26 , 574.01
435.42 , 573.59
448.87 , 569.26
462.6 , 563.06
475.43 , 556.2
486.64 , 548.82
498.68 , 541.52
511.4 , 533.62
521.48 , 523.46
530.71 , 511.66
537.68 , 499.76
542.91 , 486.55
547.75 , 472.22
551.29 , 459.44
554 , 445.06
554.82 , 430.36
555.59 , 416.09
557.52 , 401.37
558.47 , 386.83
558.88 , 372.58
556.35 , 358.03
405.76 , 386.4
400.91 , 395.52
392.59 , 402.73
388.54 , 411.62
389.51 , 422.87
398.43 , 428.37
408.99 , 431.62
418.89 , 434.97
430.01 , 436.36
440.19 , 434.5
450.57 , 431.82
461.19 , 428.55
470.25 , 423.44
469.35 , 412.94
462.66 , 404.11
455.15 , 395.9
451.66 , 385.58
372 , 475.52
378.27 , 468.51
386.15 , 464.61
394.18 , 461
402.45 , 458.26
411.25 , 456.52
420.77 , 456.77
430.18 , 456.27
439.35 , 455.27
448.52 , 456.27
457.2 , 458.27
465.9 , 460.27
473.85 , 464.06
481.81 , 467.79
484.01 , 476.25
479.75 , 484.02
473.05 , 490.75
465.2 , 494.78
456.9 , 497.51
447.98 , 499.02
438.57 , 499.52
428.93 , 499.52
419.38 , 499.77
409.98 , 499.27
401.43 , 496.96
393.9 , 492.17
386.68 , 486.43
378.9 , 482.16
376.25 , 474.27
382.18 , 471.09
388.77 , 469.52
395.9 , 469.02
402.77 , 468.02
409.93 , 467.52
417.18 , 467.27
424.43 , 467.02
431.77 , 467.02
439.02 , 466.77
446.4 , 466.77
453.52 , 467.27
460.55 , 468.01
467.18 , 469.5
473.7 , 471.25
469.25 , 475.52
462.35 , 476.52
454.98 , 476.52
447.73 , 476.77
440.6 , 477.27
433.25 , 477.27
426.1 , 476.77
418.85 , 476.52
411.6 , 476.77
404.35 , 477.02
397 , 477.02
389.62 , 477.02
382.5 , 476.52
465.4 , 350.31
467.62 , 345.82
472.02 , 343.31
476.55 , 341.03
481.2 , 339.29
486.38 , 338.56
491.77 , 338.31
496.92 , 339.06
501.97 , 340.08
506.65 , 341.81
511.02 , 344.44
512.7 , 348.06
507.42 , 347.56
502.02 , 347.31
496.5 , 347.31
491.1 , 347.56
485.7 , 347.31
480.17 , 347.31
474.65 , 347.31
469.55 , 348.16
381.72 , 342.43
377.85 , 340.2
373.75 , 338.44
369.25 , 337.69
364.73 , 336.94
359.95 , 337.18
355.45 , 337.98
351.1 , 339.09
346.9 , 340.41
342.95 , 342.51
339.25 , 345.19
343.77 , 344.44
348.43 , 344.94
353.07 , 345.44
357.82 , 345.69
362.7 , 345.69
367.48 , 345.44
372.23 , 345.69
376.88 , 346.22
381.62 , 345.94
458.28 , 317.88
465.2 , 314.45
472.48 , 311.92
480.38 , 310.63
488.43 , 309.63
496.7 , 309.13
505.13 , 309.38
513.3 , 310.13
521.33 , 311.12
528.51 , 314.11
534.12 , 319.98
528.08 , 323.12
520.38 , 321.41
512.45 , 320.13
504.18 , 320.63
495.88 , 321.13
487.6 , 321.63
479.43 , 322.36
471.63 , 323.88
463.39 , 324.25
398.23 , 325.28
395.58 , 315.8
386.46 , 310.59
376.74 , 307.04
366.71 , 304.16
356.26 , 302.05
345.38 , 300.81
334.66 , 302.29
325.21 , 306.71
316.26 , 312.42
307.93 , 319.96
305.11 , 330.06
315.26 , 328.15
324.66 , 323.53
334.51 , 320.32
345.49 , 319.31
356.34 , 320.56
366.96 , 322.3
377.24 , 324.84
387.61 , 327.06
