2325274893_2
411.4 , 471.05
405.15 , 488.13
399.79 , 505.75
395.64 , 523.09
395.61 , 540.71
397.98 , 559.54
399.67 , 577.76
401.27 , 595.99
402.64 , 614.7
403.64 , 632.67
405.39 , 651.18
404.45 , 669.68
400.99 , 688.15
399.7 , 705.36
400.98 , 723.95
409.38 , 740.5
421.33 , 753.07
437.01 , 764.72
454.89 , 768.57
472.65 , 770.61
490.83 , 771.88
509.08 , 773.14
526.83 , 773.47
546.36 , 771.85
563.38 , 768.93
581.94 , 763.64
599.96 , 760.31
617.08 , 757.85
635.77 , 752.74
652.53 , 747.58
670.46 , 741.09
685.56 , 731.83
700.13 , 718.4
713.47 , 706.13
726.74 , 693.72
737.74 , 680.39
749.79 , 664.35
760.63 , 649.9
770.96 , 634.54
780.13 , 619.65
788.95 , 602.3
467.64 , 493.3
458.45 , 505.78
448.15 , 518.91
438.99 , 531.04
429.5 , 545.08
435.62 , 559.71
443.89 , 572.82
457.44 , 579.94
473.77 , 583.71
489.85 , 583.35
506.05 , 585.6
520.35 , 580.53
531.73 , 567.92
529.85 , 553.19
521.06 , 538.66
518.37 , 522.22
518.04 , 505.97
414.75 , 618.58
423.05 , 613.82
431.98 , 610.83
441.45 , 608.83
451.3 , 610.07
459.82 , 614.36
468.4 , 618.45
476.5 , 623.83
484.48 , 629.56
493.15 , 633.36
501.82 , 637.09
510.05 , 642.11
517.55 , 649.13
522.39 , 657.45
514.17 , 661.89
504.95 , 664.37
495.73 , 666.85
486.77 , 669.82
477.93 , 673.08
468.32 , 674.83
457.88 , 674.82
448.43 , 672.85
439.85 , 668.68
431.87 , 662.95
425.51 , 655.21
421.77 , 646.51
418.53 , 637.65
415.98 , 628.43
424.5 , 628.83
431.25 , 628.33
437.62 , 629.58
443.62 , 631.61
449.45 , 634.1
455.2 , 636.82
460.9 , 639.74
466.77 , 642.1
472.68 , 644.35
478.57 , 646.61
484.73 , 648.31
491 , 649.83
497.27 , 651.33
503.68 , 652.6
509.94 , 654.09
504.05 , 653.08
497.43 , 652.35
491.02 , 651.08
484.4 , 650.32
478.12 , 648.85
471.98 , 647.09
466.07 , 644.86
460.25 , 642.33
454.5 , 639.58
448.85 , 636.64
443.2 , 633.57
437.27 , 631.32
430.77 , 630.33
567.55 , 482.43
572.23 , 476.73
578.8 , 474.43
586.1 , 473.68
593.8 , 473.68
600.88 , 474.96
607.85 , 476.45
614.22 , 479.36
619.85 , 484.23
624.75 , 489.88
628.73 , 495.83
627.17 , 502.05
620.35 , 500.22
613.8 , 497.93
607.07 , 495.94
600.38 , 493.96
593.52 , 492.16
586.95 , 489.96
580.38 , 487.71
573.9 , 485.22
492.42 , 457.51
492.37 , 452.11
489.88 , 447.61
486.66 , 443.39
482.48 , 440.01
477.9 , 437.76
473.15 , 436.02
467.78 , 435.51
462.43 , 435.99
457.83 , 438.25
453.81 , 441.99
450.03 , 446.01
452.66 , 450.44
457.33 , 452.49
462.18 , 454.03
467.2 , 455.28
472.43 , 456.01
477.55 , 457.01
482.65 , 458
487.65 , 459.28
547.94 , 441.31
558.29 , 436.77
568.67 , 432.08
580.34 , 430.29
592.74 , 430.56
604.52 , 432.13
615.37 , 435.49
626.02 , 439.37
636.47 , 443.82
646.74 , 448.82
655.91 , 456.79
649.71 , 464.07
639.14 , 460.05
628.44 , 456.31
617.37 , 453.32
606.27 , 450.31
595.17 , 447.3
583.62 , 445.31
571.69 , 444.06
559.64 , 443.06
492.28 , 421.49
491.03 , 413.71
487.38 , 406.92
481.15 , 401.81
474.65 , 397.43
467.8 , 394.07
460.65 , 391.57
452.85 , 390.31
445.3 , 392.05
439.19 , 397.41
435.62 , 404.21
432.28 , 411.06
438.93 , 408.07
446 , 405.3
454 , 404.55
460.75 , 408.28
467.35 , 412.36
473.88 , 416.63
480.33 , 421.09
486.5 , 426.28
