2325305205_2
365.34 , 500.75
368.33 , 516.08
371.59 , 530.02
374.84 , 545.35
377.38 , 560.81
381.55 , 575.63
387.35 , 590.72
394.04 , 605.5
401.74 , 618.53
410.51 , 630.82
419.92 , 643
429.46 , 655.87
438.09 , 668.34
447.81 , 682.3
456.71 , 693.71
468.02 , 705.37
481.1 , 712.33
496.54 , 714.87
512.88 , 713
527.95 , 710.38
543.31 , 707.02
558.74 , 702.84
573.46 , 696.91
586.07 , 689.33
598.99 , 680.23
611.88 , 671
623.93 , 661.99
636 , 652.21
646.7 , 640.56
655.35 , 627.01
662.38 , 612.52
668.75 , 599.15
675.15 , 584.61
680.14 , 570.69
684.53 , 555.67
689.33 , 539.67
693.98 , 524.52
697.57 , 509.43
702.74 , 494.5
708.01 , 480.46
713.6 , 465.19
476.4 , 478.9
469.75 , 490.5
463.7 , 501.91
457.97 , 514.75
457.28 , 528.7
466.13 , 539.13
478.78 , 542.83
491.6 , 548.57
506 , 549.94
518.98 , 546.95
531.29 , 540.36
544.11 , 536.27
551.76 , 525.98
548.02 , 513.06
539.8 , 501.1
533.9 , 489.5
527.94 , 475.69
437.23 , 574.82
449.28 , 571.82
461.68 , 569.57
474.83 , 568.82
488.21 , 568.57
500.86 , 570.32
513.75 , 571.57
527.25 , 571.57
539.9 , 569.82
553.06 , 569.07
566.18 , 569.82
578.48 , 572.32
588.17 , 579.17
580.8 , 589.47
572.92 , 599.62
564.48 , 609.57
555.31 , 619.24
545.36 , 627.7
534.28 , 633.05
521.98 , 635.57
508.86 , 636.32
495.88 , 635.22
484.11 , 631.69
473.28 , 625.62
463.26 , 617.37
455.95 , 607.05
450.23 , 596.07
443.63 , 585.5
444.48 , 574.82
455.18 , 576.82
465.68 , 579.32
476.41 , 581.32
487.98 , 581.57
498.21 , 584.57
508.81 , 586.82
519.65 , 585.07
530.28 , 582.82
541.48 , 581.82
552.81 , 581.07
563.53 , 579.08
573.93 , 576.31
585.48 , 576.57
577.41 , 584.89
568.73 , 592.07
559.4 , 597.42
550.21 , 603.1
540.81 , 608.25
529.75 , 609.57
518.65 , 610.82
507.08 , 611.07
496 , 609.82
485.78 , 606.8
475.91 , 603.09
466.13 , 598.98
457.16 , 592.74
449.98 , 584.07
565.4 , 417.63
568.06 , 412.45
572.83 , 408.67
578.15 , 406.38
584.05 , 405.39
590.07 , 404.63
596.32 , 404.38
602.6 , 404.63
608.38 , 405.88
613.65 , 408.38
617.18 , 413.26
616.32 , 419.25
611.4 , 422.63
605.73 , 424.15
599.58 , 424.63
593.2 , 424.63
587.05 , 425.13
580.77 , 425.38
574.57 , 425.06
569.37 , 422.35
447 , 421.62
443 , 417.36
438.29 , 414.65
433.42 , 412.39
428.09 , 411.14
422.54 , 410.39
416.64 , 410.39
411.09 , 411.15
406.14 , 413.23
401.77 , 416.89
399.27 , 421.64
402.35 , 426.23
406.97 , 429.1
412.14 , 430.67
417.94 , 430.89
423.84 , 430.89
429.64 , 430.64
435.19 , 429.89
440.62 , 428.89
445.52 , 426.64
521.67 , 390.61
530.47 , 380.31
541.75 , 374.05
553.37 , 368.91
565.25 , 364.55
577.77 , 361.38
591.19 , 360.11
604.97 , 360.61
618.32 , 362.01
630.69 , 365.38
641.57 , 372.61
639.82 , 383.86
626.02 , 383.35
612.47 , 382.36
598.6 , 382.68
585.52 , 384.58
572.52 , 386.76
559.87 , 389.65
547.27 , 392.61
533.97 , 394.13
456 , 384.1
447.97 , 378.21
438.97 , 375.05
429.17 , 373.48
418.72 , 373.23
408.27 , 372.98
398.2 , 373.98
388.38 , 375.5
379.57 , 379.27
371.65 , 385.48
367.15 , 393.98
377.22 , 394.91
385.4 , 389.48
394.38 , 386.23
404.82 , 386.48
415.25 , 386.73
425.22 , 387.98
434.8 , 390
444.25 , 392.33
454.5 , 392.98
