2325337095_1
606.7 , 787.64
611.38 , 816.22
615.16 , 845.29
618.75 , 874.33
620.63 , 905.18
623.36 , 936.84
628.93 , 966
637.23 , 995.86
646.41 , 1022.31
659.47 , 1049.84
675.2 , 1075.72
692.34 , 1099.49
712.56 , 1124.24
730.85 , 1147.89
751 , 1170
773.1 , 1189.18
801.12 , 1204.73
829.21 , 1211.71
858.35 , 1212.59
888.18 , 1211.17
920.87 , 1209.62
947.9 , 1203.05
975.31 , 1188.87
1001.91 , 1172.67
1029.2 , 1158.23
1055.96 , 1147.32
1081.2 , 1132.57
1102.21 , 1111.62
1126.13 , 1091.94
1146.69 , 1069.6
1164.02 , 1044.74
1176.14 , 1015.87
1184.9 , 989.38
1192.63 , 959.49
1198.35 , 929.05
1202.75 , 898.52
1205.35 , 870.85
1207.72 , 840.01
1209.56 , 809.21
1210.12 , 778.3
1209.99 , 747.56
785.35 , 784.85
774.81 , 807.59
764.19 , 830.14
759.65 , 853.57
769.34 , 877.33
792.37 , 877.83
812.83 , 895.21
833.64 , 905.1
857.34 , 900.9
878.44 , 885.41
899.58 , 871.51
924.29 , 869.6
947.84 , 859.81
950.85 , 835.34
942.75 , 813.9
923.67 , 796.31
911.6 , 773.3
740.9 , 961.87
762.23 , 957.61
783.57 , 953.37
807 , 953.37
830.05 , 954.12
853.12 , 953.37
876.17 , 954.12
896.95 , 948.62
918.55 , 944.87
941.75 , 944.37
964.8 , 943.62
988.1 , 943.87
1011.45 , 943.98
1005.65 , 964.6
992.22 , 982.3
976.4 , 999.12
959.3 , 1014.21
941.27 , 1026.71
922.38 , 1036.88
902.42 , 1043.88
880.58 , 1047.12
858.38 , 1049.62
835.67 , 1048.12
816.38 , 1039.1
797.45 , 1028.93
779.77 , 1015.49
763.96 , 998.67
750.87 , 980.85
752.9 , 966.12
771.3 , 968.12
790.7 , 968.12
809.98 , 968.37
829.38 , 968.37
848.52 , 967.87
867.2 , 966.37
885.5 , 964.13
902.85 , 959.87
920.33 , 955.89
938.65 , 953.62
957.42 , 952.37
975.6 , 949.89
994.88 , 949.62
986.82 , 963.68
971.4 , 972.62
955.48 , 980.3
939.08 , 986.44
922.6 , 992.37
905.35 , 996.87
888.05 , 1001.21
870.42 , 1004.87
851.38 , 1005.62
833.1 , 1003.33
815.62 , 999.35
798.77 , 994.24
782.88 , 986.36
767.67 , 976.9
935.71 , 700.89
942.4 , 691.44
951.21 , 682.89
960.88 , 676.74
970.84 , 671.27
981.21 , 667.14
992.63 , 665.14
1004.63 , 665.9
1015.54 , 668.92
1025.84 , 673.4
1035.21 , 680.39
1037.21 , 691.39
1027.09 , 696.36
1016.56 , 700.11
1006.04 , 703.89
994.76 , 706.14
982.51 , 706.39
970.76 , 705.14
958.86 , 704.14
947.11 , 702.88
777.47 , 699.92
768.84 , 694.06
760.41 , 687.64
751.43 , 682.66
741.99 , 679.14
731.41 , 677.89
721.21 , 679.89
711.76 , 683.42
702.61 , 687.96
693.99 , 693.8
685.91 , 701.14
695.34 , 704.66
704.71 , 708.37
714.41 , 711.39
724.84 , 712.89
735.76 , 713.39
746.59 , 712.64
756.66 , 710.39
767.24 , 709.14
777.66 , 710.64
909.45 , 638.85
913.9 , 619.89
932.3 , 614.09
952.1 , 611.1
972.3 , 608.85
992.73 , 607.1
1013.88 , 606.85
1035.03 , 607.1
1055.23 , 609.35
1074.05 , 614.33
1090.5 , 625.42
1087.25 , 643.81
1067.1 , 645.6
1047.4 , 642.35
1026.5 , 641.61
1005.95 , 643.1
985.58 , 644.97
966.08 , 648.58
946.25 , 651.6
925.2 , 651.1
781.93 , 652.41
778.05 , 635.9
763.28 , 627.15
746.71 , 622.58
729.33 , 619.67
711.26 , 621.17
694.13 , 624.6
676.13 , 626.17
658.96 , 629.51
644.11 , 638.38
634.31 , 652.72
631.56 , 670.17
646.13 , 678.63
660.51 , 668.46
675.91 , 660.89
693.73 , 658.92
712.38 , 658.67
730.68 , 659.67
748.51 , 661.67
766.93 , 660.91
