2326123678_2
349.85 , 454
349.96 , 467.09
349.79 , 481.56
350.47 , 495.89
353.04 , 510.06
355.97 , 523.85
359.27 , 536.43
364.6 , 549.67
370.89 , 563.16
377.18 , 575.03
386.64 , 586.11
397.28 , 595.48
408.08 , 604.19
418.02 , 614.38
427.28 , 624.06
437.75 , 635.01
448.12 , 644.67
459.56 , 651.44
472.59 , 658.34
485.51 , 662.62
499.57 , 663.8
513.06 , 661.62
527.16 , 656.74
539.35 , 649.92
551.17 , 641.66
562.3 , 632.92
573.09 , 623.61
583.05 , 614.24
593.15 , 604
601.99 , 594.2
611.47 , 582.9
620.62 , 571.48
628.06 , 560.33
634.86 , 547.48
640.24 , 535.39
644.54 , 521.46
647.47 , 507.21
649.07 , 494.07
649.05 , 479.81
649.75 , 465.86
652.55 , 450.8
485.87 , 437.64
480.57 , 447.73
473.78 , 458.95
467.67 , 468.58
462.37 , 480.45
469.1 , 489.6
481.15 , 492.79
492.46 , 493.52
505.11 , 494.65
516.79 , 497.06
529.47 , 498.09
541.85 , 495.94
549.9 , 487.93
550.59 , 475.58
546.63 , 464.51
541.53 , 453.26
536.1 , 441.12
431.63 , 528.3
441.38 , 522.55
452.61 , 520.3
464.08 , 518.55
476.31 , 518.3
487.9 , 519.79
498.81 , 522.82
510.75 , 523.55
522.13 , 521.55
534.11 , 522.3
545.46 , 524.3
556.33 , 527.32
566.75 , 531.31
573.63 , 540.57
566.38 , 549.8
558.38 , 558.8
549.2 , 566.26
539.13 , 571.3
528.25 , 574.29
516.75 , 576.05
504.56 , 576.3
492.7 , 575.3
481.33 , 573.31
470.93 , 569.31
461.08 , 563.75
451.76 , 556.68
443.38 , 547.8
436.69 , 538.38
437.13 , 528.3
447.58 , 528.55
457.78 , 529.3
467.98 , 530.05
478.2 , 530.8
487.7 , 533.04
496.93 , 535.79
506.78 , 537.3
516.86 , 536.3
526.71 , 534.8
537.28 , 534.8
547.73 , 535.05
558.06 , 535.55
568.52 , 535.28
564.94 , 544.02
556.4 , 548.56
546.68 , 550.28
537.45 , 553.02
528.48 , 556.29
518.5 , 557.55
508.06 , 557.8
497.73 , 557.3
487.75 , 556.04
478.03 , 554.32
468.81 , 551.57
460.03 , 547.71
451.56 , 542.97
443.88 , 536.05
559.33 , 390.16
563.78 , 387.23
568.23 , 384.25
572.93 , 381.88
578.08 , 380.66
583.61 , 380.16
589.36 , 380.16
594.75 , 380.92
599.78 , 382.4
604.25 , 385.32
606.82 , 389.93
603.67 , 394.34
598.96 , 396.66
593.93 , 398.16
588.66 , 399.16
582.91 , 399.16
577.41 , 398.66
571.88 , 398.16
566.53 , 397.37
561.91 , 394.75
454.27 , 387.7
449.78 , 384.45
445.03 , 381.86
440.2 , 379.43
434.93 , 378.19
429.5 , 377.2
423.86 , 376.7
417.95 , 376.71
412.65 , 377.93
407.88 , 380.45
405.38 , 385.2
409.75 , 388.85
414.58 , 391.21
419.88 , 392.45
425.31 , 393.45
430.83 , 394.2
436.73 , 394.2
442.5 , 393.95
448.4 , 393.95
453.7 , 392.67
536.35 , 351.1
544.77 , 345.44
553.05 , 339.17
562.23 , 335.48
572.38 , 333.84
582.83 , 334.85
593.27 , 335.87
603.5 , 337.36
613.1 , 340.1
622.05 , 344.56
630.05 , 351.55
627.18 , 359.35
617.3 , 357.11
607.7 , 354.33
597.73 , 352.34
587.28 , 351.35
576.83 , 352.35
566.5 , 353.61
556.28 , 355.1
545.45 , 354.88
471.84 , 347.08
464.91 , 340.14
456.84 , 335.84
448.09 , 333.38
438.21 , 333.14
428.87 , 334.38
419.12 , 334.88
409.76 , 336.1
401.34 , 339.42
393.51 , 344.26
386.14 , 350.38
395.26 , 352.12
404.99 , 351.63
414.62 , 350.88
423.74 , 349.14
433.46 , 348.63
442.71 , 350.12
451.26 , 353
459.91 , 355.65
469.67 , 355.63
