2326138430_1
544.5 , 749.53
545.42 , 769.4
545.52 , 791.84
543.42 , 814.35
541.56 , 836.85
541.67 , 857.28
544.41 , 879.22
551.68 , 900
563.09 , 919.52
576.06 , 935.25
591.78 , 951.78
607.02 , 967.56
622.3 , 983.18
638.9 , 997.09
657.68 , 1008.64
677.53 , 1017.45
698.25 , 1024.26
719.85 , 1029.43
741.93 , 1033.23
763.71 , 1035.59
784.43 , 1037.61
806.53 , 1039.14
827.86 , 1039.61
849.31 , 1037.18
870.24 , 1031.1
890.61 , 1023.34
912.45 , 1014.06
931.77 , 1004.93
949.15 , 993.28
966.5 , 977.62
978.94 , 960.36
989.01 , 941.48
999.16 , 922.34
1008.31 , 903.05
1016.77 , 881.06
1022.05 , 860.45
1024.8 , 839.23
1025.57 , 817.59
1025.28 , 795.82
1025.69 , 774.23
1027.19 , 750.56
742.66 , 721.64
731.32 , 736.18
718.89 , 749.91
708.53 , 764.2
714.94 , 782.18
731.63 , 789.18
750.56 , 791.26
768.96 , 794.75
787.48 , 795.99
806.58 , 792.32
824.43 , 787.77
842.6 , 784.49
861.94 , 780.09
871.35 , 765.4
864.74 , 748.26
850.83 , 735
837.45 , 721.25
698.25 , 875.17
710.35 , 864.58
723 , 855.42
736.88 , 849.8
751.73 , 846.19
768.15 , 845.92
783.27 , 848.94
799.6 , 848.92
815.45 , 847.42
831.12 , 845.55
847.25 , 844.67
862.98 , 846.41
877.48 , 850.67
891.25 , 856.67
893.8 , 870.38
880.55 , 877.85
867.52 , 885.89
854.38 , 893.55
840.95 , 900.68
827.3 , 907.17
812.7 , 911.16
796.85 , 912.66
781.12 , 910.9
766.5 , 906.92
752.38 , 902.05
738.38 , 896.67
724.83 , 889.93
711.35 , 882.99
705.75 , 874.42
716.42 , 868.74
728.52 , 866.42
741.38 , 865.67
754.38 , 865.17
767.48 , 864.92
780.23 , 865.92
793.1 , 866.67
805.73 , 865.43
818 , 863.42
830.5 , 861.92
843 , 860.42
855.77 , 859.41
868.63 , 860.2
873.62 , 867.79
862.33 , 871.64
851.05 , 875.69
839.45 , 878.96
827.6 , 881.89
815.8 , 884.92
803.9 , 887.7
791.4 , 889.17
778.27 , 888.92
765.17 , 888.67
752.55 , 887.41
740.27 , 885.43
728.38 , 882.7
716.58 , 879.7
863.29 , 650.72
867.89 , 644.72
874.49 , 641.45
881.56 , 639.47
889.37 , 638.97
897.31 , 639.22
905.12 , 639.72
912.69 , 640.72
920.37 , 641.47
927.31 , 643.73
932.71 , 649.35
928.79 , 655.47
922.19 , 658.72
914.96 , 660.47
906.91 , 660.47
899.46 , 659.22
891.54 , 659.47
883.71 , 658.97
876.26 , 657.72
869.34 , 655.48
716.54 , 646.22
709.6 , 642.78
702.48 , 639.82
694.8 , 638.06
687.02 , 636.57
678.65 , 636.32
670.73 , 637.54
663.32 , 639.8
656.4 , 643.32
649.35 , 646.55
642.4 , 649.82
649.38 , 653.08
656.65 , 655.57
664.55 , 656.82
672.57 , 657.82
680.98 , 658.07
689.25 , 657.57
697.15 , 656.32
704.92 , 654.82
712.2 , 652.31
823.19 , 581.5
831.85 , 561.57
848.97 , 544.99
868.62 , 535.23
889.84 , 529.48
913.49 , 530.25
933.37 , 539.19
953.02 , 549.02
970.77 , 563.83
981.69 , 583
987.67 , 604.1
993.69 , 625.17
977.7 , 609.85
966.13 , 590.95
952.21 , 573.01
933.19 , 561.75
909.67 , 562.75
887.09 , 565.76
865.49 , 570.76
843.54 , 575
737.61 , 564.51
734.62 , 546.99
720.45 , 535.82
704.58 , 529.48
687 , 526.73
668.58 , 527.73
651.48 , 531.45
636.12 , 539.47
622.35 , 551.73
608.45 , 563.64
598.39 , 578.15
595.6 , 595.73
608.65 , 584.18
621.35 , 570.73
635.73 , 560.11
652.62 , 556
670.12 , 558.99
686.83 , 563.47
704.03 , 566.98
721.53 , 569.55
