2326158218_1
1085.7 , 1392.6
1091.59 , 1432.83
1095.56 , 1481.9
1097.84 , 1526.96
1106.4 , 1571.12
1120.38 , 1614.06
1136.26 , 1656.23
1160.83 , 1695.72
1182.94 , 1730.58
1209.61 , 1767.23
1238.75 , 1802.12
1268 , 1836.35
1299.72 , 1869.36
1331.13 , 1904.6
1362.04 , 1934.84
1398.4 , 1963.55
1436.26 , 1987.98
1477.57 , 2009.53
1519.2 , 2030.2
1559.06 , 2042.67
1603.62 , 2046.67
1647.73 , 2037.75
1689.54 , 2018.74
1725.78 , 1990.66
1758.15 , 1960.18
1789.89 , 1923.24
1818.34 , 1888.69
1845.23 , 1855.22
1874.05 , 1816.74
1897.7 , 1781.42
1924.1 , 1742.34
1948.7 , 1707.68
1975.18 , 1668.32
1996.7 , 1629.18
2012.29 , 1588.5
2025.61 , 1542.26
2033.3 , 1500.31
2042.99 , 1455.27
2051.54 , 1409.97
2052.38 , 1366.53
2057.42 , 1317.99
1534.14 , 1295.75
1516.21 , 1332.81
1493.71 , 1370.63
1471.89 , 1409.26
1472.49 , 1451.34
1501.47 , 1485.33
1541.48 , 1473.09
1586.27 , 1474.9
1619 , 1502.26
1658.09 , 1519.71
1691.66 , 1492.98
1724.73 , 1464.96
1768.56 , 1463.76
1776.12 , 1424.34
1759.81 , 1382.77
1737.46 , 1343.9
1715.85 , 1304.75
1336.51 , 1607.07
1376.46 , 1590.06
1421.93 , 1584.82
1467.88 , 1580.57
1514.21 , 1577.07
1562.13 , 1576.82
1607.84 , 1581.57
1655.01 , 1579.82
1698.16 , 1569.67
1741.91 , 1560.92
1786.38 , 1553.54
1833.34 , 1551.32
1872.77 , 1568.27
1851.76 , 1606.94
1832.72 , 1646.37
1809.77 , 1684.24
1782.66 , 1720.67
1750.13 , 1755.06
1711.71 , 1776.6
1670.11 , 1789.54
1625.99 , 1797.57
1577.99 , 1797.55
1536.36 , 1784.66
1496.84 , 1765.89
1459.49 , 1741.54
1423.81 , 1712.37
1389.06 , 1680.62
1356.76 , 1646.07
1373.51 , 1603.07
1409.34 , 1599.08
1446.63 , 1600.07
1482.11 , 1604.85
1517.88 , 1608.95
1553.66 , 1613.08
1589.38 , 1617.32
1626.79 , 1617.57
1663.11 , 1614.57
1698.06 , 1608.78
1731.38 , 1599.7
1763.41 , 1587.85
1795.26 , 1575.57
1812.39 , 1590.72
1794.49 , 1620.59
1778.01 , 1651.07
1754.41 , 1677.45
1724.56 , 1695.29
1692.36 , 1706.84
1658.56 , 1715.07
1623.21 , 1720.07
1585.86 , 1719.17
1550.38 , 1714.45
1516.28 , 1706.83
1484.78 , 1693.6
1455.09 , 1675.33
1426.56 , 1653.62
1401.49 , 1626.31
1723.65 , 1169.24
1731.25 , 1154.12
1744.7 , 1141.94
1759 , 1132.17
1774 , 1124.23
1789.93 , 1118.97
1806.9 , 1115.74
1825.2 , 1115.24
1843 , 1116.74
1859.2 , 1121.47
1873.65 , 1130.74
1871.9 , 1147.49
1857.35 , 1156.53
1842.35 , 1164.52
1826.43 , 1169.73
1809.68 , 1173.49
1792.48 , 1176.24
1774.9 , 1178.24
1756.38 , 1178.24
1739.15 , 1175.49
1466.53 , 1178.18
1451.13 , 1165.17
1434.08 , 1156.59
1416.51 , 1149.75
1397.26 , 1146.43
1376.51 , 1146.69
1356.83 , 1149.16
1337.9 , 1153.2
1319.58 , 1158.4
1302.51 , 1166.86
1286.68 , 1178.68
1302.45 , 1190.68
1319.61 , 1198.95
1338.2 , 1203.69
1357.86 , 1206.18
1378.51 , 1206.68
1398.06 , 1203.91
1417.21 , 1200.41
1436.38 , 1196.95
1455.43 , 1193.18
1711.45 , 1066.19
1729.52 , 1041.84
1753.62 , 1023.03
1778.85 , 1007.53
1805.7 , 996.44
1834.12 , 988.76
1864.48 , 985.19
1895.85 , 983.69
1927.1 , 985.41
1956.28 , 991.43
1982.15 , 1005.4
1980.75 , 1032.69
1948.78 , 1032.94
1916.93 , 1032.94
1886.18 , 1035.71
1856.97 , 1041.67
1828.53 , 1049.17
1800.03 , 1056.7
1771.33 , 1063.81
1741.97 , 1069.44
1506.27 , 1070.1
1480.78 , 1055.86
1453.58 , 1046.64
1426.4 , 1037.13
1396.97 , 1032.1
1366.65 , 1028.98
1336.45 , 1025.62
1306.08 , 1022.63
1275.65 , 1025.53
1247.57 , 1033.35
1226.55 , 1056.38
1256.35 , 1060.63
1287.82 , 1059.88
1319.05 , 1058.63
1348.2 , 1064.1
1376.8 , 1070.88
1405.85 , 1076.63
1435 , 1082.13
1463.67 , 1088.75
1493.5 , 1092.88
