2326182644_1
503.69 , 1129.7
510.46 , 1166.49
522.1 , 1206.32
540.08 , 1244.24
558.78 , 1277.14
580.82 , 1312.64
599.43 , 1345.39
627.94 , 1374.92
657.77 , 1402.6
686.17 , 1433.13
716.19 , 1461.12
745.04 , 1487.87
775.92 , 1514.72
809.63 , 1538.74
843.27 , 1557.74
879.63 , 1571.62
921.63 , 1578.69
959.24 , 1578.58
1000.37 , 1570.2
1038.16 , 1558.48
1079.22 , 1546.76
1117.97 , 1536.63
1157.19 , 1529.15
1195.72 , 1522.52
1233.54 , 1510.05
1268.04 , 1491.88
1302.64 , 1465.74
1330.5 , 1439.3
1358.3 , 1408.37
1380.12 , 1376.46
1398.6 , 1337.1
1411.67 , 1299.68
1423.84 , 1263.35
1435.96 , 1223.51
1443.51 , 1184.55
1444.85 , 1143.5
1446 , 1102.18
1445.76 , 1063.86
1445.7 , 1021.46
1442.91 , 982.79
1438.35 , 940.75
950.85 , 945.64
932.23 , 970.49
914.37 , 999.09
905.46 , 1032.55
920.32 , 1062.38
949.3 , 1078.75
982.98 , 1085.9
1015.34 , 1092.79
1047.71 , 1092.69
1083.06 , 1084.72
1113.81 , 1073.92
1140.93 , 1055.43
1169.3 , 1033.23
1184.64 , 1004.09
1174.53 , 972.16
1151.33 , 951.45
1124.29 , 927.14
842.89 , 1224.45
871.97 , 1210.17
901.34 , 1196.75
930.47 , 1182.39
960.47 , 1170.89
991.91 , 1162.43
1022.49 , 1152.48
1055.99 , 1148.17
1087.96 , 1140.71
1118.14 , 1129.7
1152.22 , 1126.71
1186.44 , 1129.44
1218.16 , 1137.46
1250.01 , 1145.22
1248.66 , 1178.17
1236.99 , 1208.1
1212.87 , 1233.45
1185.01 , 1250.95
1155.54 , 1264.05
1125.07 , 1274.2
1093.47 , 1282.47
1060.72 , 1288.2
1026.62 , 1291.2
991.41 , 1290.46
958.06 , 1285.88
926.09 , 1278.41
896.72 , 1265.05
869.84 , 1244.64
853.14 , 1226.45
881.19 , 1219.95
907.54 , 1210.05
935.01 , 1202.47
963.39 , 1196.7
992.29 , 1191.98
1021.41 , 1187.7
1050.54 , 1183.45
1079.54 , 1178.95
1107.74 , 1172.72
1135.29 , 1165.18
1163.79 , 1159.69
1193.66 , 1156.95
1224.24 , 1155.7
1242.94 , 1173.67
1219.14 , 1190.95
1193.76 , 1203.95
1167.62 , 1214.44
1140.84 , 1223.24
1113.39 , 1230.95
1085.32 , 1237.43
1056.69 , 1242.71
1027.07 , 1245.93
996.97 , 1248.2
966.51 , 1249.7
936.09 , 1248.16
907.59 , 1242.66
879.72 , 1235.72
1117.33 , 813.61
1126.8 , 800.63
1136.33 , 787.61
1148.23 , 775.47
1161.53 , 766.9
1175.55 , 760.1
1190.28 , 755.35
1206.5 , 757.12
1221.65 , 761.09
1236.36 , 765.88
1249.97 , 773.74
1258.33 , 787.14
1245.08 , 795.86
1231.8 , 804.62
1216.8 , 808.86
1200.2 , 809.86
1183.36 , 810.36
1166.5 , 810.86
1149.68 , 811.36
1132.95 , 810.61
863.23 , 851.77
850.53 , 841.58
836.3 , 835.59
821.33 , 831.33
804.75 , 830.33
788.08 , 831.09
772.73 , 834.62
758.5 , 840.6
745.41 , 849.71
733.73 , 861.88
722.78 , 874.33
735.43 , 884.76
749.78 , 890.33
766.7 , 890.08
783.03 , 888.58
798.4 , 885.09
813.75 , 881.58
828.58 , 877.06
843.05 , 871.82
857.22 , 865.62
1078.54 , 760.88
1086.61 , 727.3
1103.04 , 697.13
1126.6 , 669.58
1155.64 , 650.31
1188.76 , 641.15
1223.44 , 635.39
1258.24 , 640.38
1288.69 , 656.12
1315.62 , 681.45
1336.79 , 709.88
1345.27 , 743.31
1318.3 , 732.91
1295.66 , 705.54
1265.96 , 687.88
1231.04 , 683.13
1195.37 , 686.81
1163.46 , 698.14
1133.09 , 714.08
1105.94 , 738.72
935.4 , 767.62
918.76 , 747.2
895.99 , 736.67
871.51 , 730.2
846.99 , 723.79
821.21 , 720.05
794.09 , 719.05
767.11 , 720.3
742.51 , 726.64
720.88 , 740.27
700.86 , 758.3
725.46 , 764.58
752.46 , 763.29
777.09 , 757.07
803.93 , 755.55
829.24 , 760.32
852.79 , 768.48
875.76 , 778.45
898.36 , 789.55
925.61 , 790.3
