2326182644_2
833.5 , 799.89
840.78 , 829.13
848.81 , 861.24
854.91 , 891.04
860.06 , 921.45
866.4 , 954.95
873.9 , 985.36
882.38 , 1014.62
893.79 , 1046.87
905.8 , 1073.46
922.04 , 1102.62
941.61 , 1128.48
962.85 , 1149.24
990.94 , 1165.86
1021.69 , 1170.39
1052.67 , 1178.1
1082.85 , 1186.86
1115.41 , 1196.24
1145.41 , 1206.14
1175.06 , 1210.02
1206.23 , 1205.28
1238.21 , 1197.19
1268.76 , 1191.1
1300.5 , 1180.66
1330.01 , 1168.8
1356.37 , 1153.5
1381.33 , 1135.03
1410.32 , 1117.72
1434.7 , 1100.1
1458.46 , 1075.64
1480.25 , 1056.39
1498.11 , 1027.86
1514.54 , 1001.1
1531.57 , 973.21
1544 , 944.38
1553.18 , 913.16
1559.07 , 884.58
1560.51 , 850.95
1559.55 , 820.12
1561.72 , 786.68
1562.15 , 754.39
1059.25 , 706.66
1041.75 , 723.67
1029.2 , 746.31
1026.99 , 772.75
1043.03 , 794.85
1066.3 , 805.75
1090.68 , 800.83
1117.28 , 795.87
1141.04 , 789.59
1168.94 , 782.9
1193.33 , 780.12
1219.47 , 779.5
1241.92 , 765.85
1252.65 , 742.7
1246.38 , 717.51
1226.8 , 700.97
1204.89 , 683.3
1002.55 , 943.57
1023.22 , 921.4
1046.97 , 905.17
1070.5 , 888.14
1095.38 , 874.81
1121.15 , 864.29
1149.9 , 860.06
1175.8 , 849.82
1202.95 , 842.3
1233.03 , 843.82
1260.92 , 849.8
1287.65 , 858.04
1313.97 , 867.09
1339.39 , 878.83
1354.8 , 902.57
1341.78 , 927.6
1319.42 , 947.72
1294.85 , 961.81
1269.4 , 973.53
1243.7 , 984.29
1217.12 , 992.82
1188.85 , 998.07
1159.03 , 1000.07
1128.8 , 998.82
1099.82 , 995.07
1072 , 988.83
1044.92 , 981.19
1020.5 , 966.76
1002.55 , 943.57
1022.45 , 927.58
1044.3 , 916.82
1065.9 , 905.31
1087.77 , 894.57
1112.15 , 889.83
1137.27 , 886.57
1161.22 , 880.81
1184.47 , 873.89
1208.6 , 868.58
1234.22 , 866.32
1260.67 , 866.82
1286.28 , 869.07
1311.75 , 871.57
1334.37 , 879.01
1315.78 , 897.84
1294.8 , 910.82
1272.08 , 918.8
1248.3 , 924.82
1224.6 , 931.05
1200.78 , 937.07
1175.88 , 940.82
1151 , 944.57
1126.25 , 948.57
1100.53 , 950.57
1075.28 , 953.57
1050.05 , 956.57
1024.32 , 954.58
1228 , 592.44
1235.1 , 578.57
1245.16 , 565.79
1257.67 , 554.99
1271.65 , 548.03
1286.47 , 543.46
1302.45 , 541.18
1319.03 , 542.19
1335.12 , 544.18
1349.8 , 548.99
1363.68 , 556.12
1366.23 , 571.2
1353.22 , 580.69
1339.72 , 588.71
1325.53 , 594.94
1309.8 , 597.69
1293.2 , 598.69
1276.25 , 598.44
1259.42 , 597.94
1242.97 , 596.69
998.01 , 628.92
986.66 , 621.04
974.61 , 615
961.91 , 610.94
948.26 , 608.7
933.86 , 607.95
920.21 , 610.18
907.71 , 614.79
896.33 , 622.67
887.74 , 633.75
883.06 , 646.2
893.36 , 656.51
905.96 , 660.86
920.53 , 661.2
935.06 , 660.7
948.83 , 658.69
961.58 , 654.68
974.03 , 649.94
986.93 , 646.22
999.46 , 641.67
1146.34 , 483.9
1159.59 , 457.98
1185.84 , 445.9
1214.56 , 439.41
1243.89 , 434.15
1272.41 , 427.13
1301.59 , 421.65
1332.37 , 419.4
1363.14 , 421.15
1391.01 , 429.12
1415.71 , 445.56
1390.61 , 444.4
1360.34 , 441.15
1329.91 , 444.08
1302.86 , 453.88
1276.82 , 466.91
1249.91 , 477.12
1221.74 , 484.74
1195.99 , 498.49
1167.84 , 506.15
1021.58 , 493.58
1003.89 , 481.75
983.24 , 477.28
960.64 , 477.79
939.62 , 481.54
918.84 , 485.75
898.49 , 491.03
878.91 , 497.51
859.44 , 504.3
842.49 , 518.28
830.24 , 535.78
851.26 , 539.53
873.01 , 537.28
894.16 , 533.78
915.57 , 530.78
937.19 , 528.28
958.09 , 524.29
980.69 , 523.78
1002.32 , 526.3
1020.49 , 515.78
