2326647920_1
495.59 , 677.49
501.55 , 695.56
508.34 , 713.52
514.3 , 731.92
519.97 , 750.39
525.74 , 768.87
531.62 , 787.33
538.99 , 805.09
548.37 , 821.75
560.54 , 836.31
575.17 , 851.32
589.11 , 864.65
604.12 , 876.65
620.5 , 885.25
639.22 , 892.18
658.21 , 897.27
677.63 , 899.75
695.5 , 899.03
715.55 , 895.14
734 , 890.52
752.62 , 885.98
771.38 , 881.71
789.74 , 876.62
808.63 , 868.77
825.87 , 858.83
841.76 , 847.47
854.74 , 833.31
864.08 , 817.87
871.96 , 798.5
875.16 , 780.74
877.37 , 761.12
878.01 , 741.09
880.78 , 722.31
880.62 , 703.5
878.32 , 684.13
876.62 , 665
874.5 , 645.84
872.05 , 626.75
869.18 , 607.75
864.43 , 586.94
858.04 , 568.6
625.25 , 630.5
621.94 , 645.06
617.84 , 659.48
613.75 , 674.62
615.08 , 690.35
627.12 , 699.14
641.86 , 702.69
657.73 , 699.14
671.14 , 694.3
686.95 , 692.91
702.54 , 690.2
717.14 , 684.69
726.64 , 672.95
725.21 , 657.83
717.36 , 644.36
708.85 , 632.65
700.75 , 617.85
619.3 , 779.39
625.11 , 768.09
633.88 , 757.82
644.2 , 749.24
654.7 , 741.21
666.17 , 735.65
679.27 , 733.89
692.62 , 732.64
705.85 , 731.14
719.67 , 731.39
733.5 , 731.14
747.32 , 731.39
760.3 , 733.39
772.72 , 736.58
780.3 , 746.89
772.28 , 757.42
762.07 , 766.36
751.72 , 774.9
740.97 , 782.2
729.55 , 787.89
717.92 , 792.77
705.45 , 795.87
692.85 , 798.64
679.5 , 799.89
665.92 , 799.13
653.07 , 796.9
641 , 793.09
629.38 , 788.23
630.3 , 772.39
640.72 , 771.64
650.57 , 769.64
659.7 , 766.12
669.42 , 763.9
679.25 , 761.88
689.35 , 760.4
698.88 , 757.82
708.55 , 755.39
718.62 , 753.86
728.4 , 751.79
738.07 , 749.37
747.72 , 746.96
757.42 , 744.66
765.22 , 742.45
756.12 , 746.07
746.32 , 748.14
736.75 , 750.68
727.02 , 752.91
717.05 , 754.64
707.4 , 757.04
697.75 , 759.43
688.1 , 761.89
677.77 , 762.91
668.15 , 765.36
658.85 , 768.36
649.75 , 771.87
640.12 , 774.38
705.45 , 554.92
710.02 , 546.07
716.82 , 538.05
724.7 , 530.67
733.03 , 524.63
741.85 , 519.93
751.25 , 516.88
761.85 , 516.17
771.68 , 518.41
780.68 , 522.66
789.4 , 527.63
792.22 , 536.41
783.62 , 541.68
774.7 , 546.17
765.6 , 550.02
756.1 , 552.93
745.93 , 554.42
735.48 , 555.42
725.4 , 557.17
714.85 , 557.94
597.87 , 579.62
589.77 , 574.84
580.95 , 572.13
571.75 , 570.07
562.35 , 568.36
552.62 , 569.33
543.95 , 572.45
535.8 , 577.11
528.58 , 584.34
522.83 , 592.09
517.3 , 599.86
526.65 , 601.6
536.02 , 603.36
545.85 , 604.11
555.57 , 603.11
564.57 , 600.6
573.05 , 596.86
581.47 , 592.93
590.2 , 589.95
599.53 , 588.13
677.6 , 511.14
681.35 , 496.64
689.92 , 484.09
701.68 , 473.59
714.48 , 465.63
728.15 , 460.11
742.1 , 455.39
756.45 , 451.39
772.03 , 450.89
786.35 , 454.89
799.3 , 462.36
794.65 , 466.68
779.75 , 463.79
763.95 , 464.04
749.23 , 467.27
735.67 , 473.1
722.75 , 480.75
711.1 , 491.14
702.54 , 503.69
691.93 , 514.62
583.25 , 534.03
579.33 , 521.62
568.35 , 513.63
555.75 , 510.03
541.73 , 509.28
528.4 , 511.54
515.35 , 514.25
504.03 , 521.27
495.32 , 531.98
489.32 , 543.7
487.02 , 556.98
485.25 , 570.53
492.52 , 561.25
499.01 , 549.73
508.17 , 539.33
519.42 , 532.1
531.7 , 527.8
545.4 , 526.28
559.2 , 527.49
571.92 , 530.96
