2327074205_1
589.68 , 798.75
592.26 , 822.75
597.07 , 848.15
603.67 , 872.13
609.83 , 896.32
615.71 , 920.36
621.96 , 944.44
628.96 , 968.81
637.46 , 992.57
646.26 , 1015.43
655.23 , 1037.66
668 , 1059.01
684.19 , 1077.7
703.03 , 1094.12
726.01 , 1104.6
750.06 , 1113.8
773.25 , 1123.58
796.18 , 1133.6
819.95 , 1141.64
844.65 , 1146.6
869.85 , 1148.03
892.74 , 1147.83
919.63 , 1145.25
943.37 , 1141.77
967.16 , 1137.9
992.23 , 1130.48
1014.43 , 1117.83
1034.15 , 1101.83
1050.98 , 1086
1069.53 , 1067.87
1085.14 , 1049.31
1099.49 , 1029.21
1113.05 , 1007.63
1123.57 , 984.64
1132.68 , 960.81
1140.64 , 936.28
1148.53 , 914.53
1157.34 , 890.44
1165.65 , 866.19
1172.07 , 841.55
1175.28 , 816.57
850.8 , 746.25
840.88 , 758.46
834.31 , 774.47
831.03 , 790.4
837.85 , 804.35
854.27 , 809.88
869.71 , 811.51
887.45 , 814.85
902.1 , 819.95
919.64 , 817.76
936.01 , 817.44
952.38 , 816.52
969.21 , 812.31
979.39 , 800.75
981 , 784.69
974.4 , 768.75
965 , 753.85
793.75 , 928.64
803.9 , 911.47
813.22 , 893.92
829.23 , 880.42
846.42 , 870.21
865.1 , 864.15
886.33 , 863.14
907.3 , 861.64
927.92 , 859.39
949.15 , 860.4
967.55 , 867.16
983.94 , 879.59
995.4 , 896.32
1004.53 , 913.97
1006.74 , 934.59
998.21 , 952.44
987.84 , 969.56
973.97 , 985.42
957.48 , 997.65
939.55 , 1005.9
919.9 , 1010.14
899.02 , 1011.89
878.42 , 1009.66
859.95 , 1003.1
842.75 , 992.89
826.75 , 979.39
813.06 , 963.44
802.5 , 946.39
801.25 , 924.14
813.18 , 911.72
826 , 900.89
838.48 , 889.15
853.02 , 883.14
869.58 , 881.39
886.35 , 882.64
903.62 , 882.89
920.42 , 881.64
937.55 , 882.13
952.9 , 886.42
967.1 , 893.49
980 , 904.14
988.96 , 917.59
992.25 , 933.39
982.15 , 946.48
969.2 , 956.95
955.45 , 965.15
940.55 , 970.15
924.75 , 973.39
908.83 , 976.39
892.15 , 977.88
876.1 , 975.15
860.5 , 971.39
845.8 , 965.87
831.2 , 960.1
817.52 , 951.67
807.04 , 938.71
985.5 , 699.73
992.58 , 697
999.77 , 694.47
1006.9 , 691.7
1014.42 , 689.8
1022.25 , 688.48
1030.58 , 688.73
1038.42 , 690
1045.9 , 691.95
1052.95 , 694.97
1059.58 , 699.08
1057.05 , 705.23
1048.95 , 705.98
1040.5 , 705.98
1032.28 , 705.48
1024.55 , 704.02
1016.92 , 702.24
1009.33 , 700.47
1001.7 , 698.73
993.85 , 699.98
801.12 , 692.32
796.14 , 688.83
790.54 , 687.14
784.57 , 686.1
778.47 , 685.36
772.24 , 684.86
766.14 , 685.6
760.32 , 686.98
754.82 , 688.99
749.59 , 691.74
744.44 , 694.61
749.92 , 696.61
756.24 , 696.86
762.47 , 696.36
768.69 , 696.86
774.92 , 697.36
781.14 , 696.86
787.62 , 696.86
793.84 , 697.36
800.32 , 697.36
989.45 , 648.04
1004.2 , 634.04
1022.88 , 630.11
1043.42 , 630.04
1062.95 , 632.29
1081.7 , 636.04
1099.85 , 641.01
1116.5 , 649.83
1130.9 , 663.99
1138.44 , 681.01
1141.7 , 700.04
1138.25 , 714.84
1130.11 , 697.96
1117.45 , 683.04
1101.7 , 671.79
1084.55 , 664.32
1066.12 , 659.8
1047.38 , 655.97
1027.85 , 653.79
1007.83 , 652.66
824.77 , 625.89
807.35 , 618.62
787.15 , 617.37
766.38 , 617.38
746.55 , 619.35
727.2 , 622.39
709.25 , 628.12
692.48 , 637.14
677.23 , 650.39
664.35 , 665.75
653 , 681.62
673.08 , 680.12
690.65 , 673.47
707.75 , 665.37
725.35 , 658.78
744.02 , 654.36
763.65 , 651.97
783.55 , 650.12
803.38 , 648.09
822.12 , 643.89
