232750395_1
374 , 489.5
377.2 , 503.49
380.48 , 517.45
383.9 , 531.44
387.67 , 544.01
392.34 , 557.71
396.97 , 571.37
401.44 , 585.01
406.52 , 598.5
411.41 , 611.72
418.48 , 625.35
427 , 636.03
438.54 , 645.39
449.78 , 653.1
462.28 , 661.61
473.77 , 669.49
486.38 , 677.95
498.64 , 684.38
512.71 , 689.68
525.92 , 692.84
540.84 , 694.54
554.34 , 693.31
568.27 , 688.13
579.54 , 680.09
591.02 , 670.01
601.51 , 661.57
612.55 , 651.84
620.92 , 639.79
628.39 , 628.46
634.52 , 615.43
638.75 , 601.94
643.7 , 587.44
649.17 , 575.33
656.35 , 562.11
660.88 , 548.47
664.81 , 534.73
667.61 , 520.76
668.8 , 506.55
668.56 , 492.28
667.53 , 478.1
666.45 , 462.5
487.87 , 459.07
480.37 , 468.33
474.55 , 479.71
473.69 , 492.27
479.33 , 503.42
489.7 , 511.45
502.63 , 514.22
514.17 , 512.63
527.23 , 510.62
540.66 , 510.68
552.54 , 512.17
564.88 , 508.96
574.14 , 500.59
579.82 , 489.28
578.78 , 476.8
573.57 , 465.16
565 , 454.08
452.54 , 548.71
465.54 , 541.71
480.02 , 538.21
495.34 , 536.46
510.14 , 533.7
524.97 , 530.96
540.16 , 528.95
554.87 , 525.96
570.29 , 524.46
586.44 , 524.46
601.76 , 526.21
615.8 , 530.49
612.56 , 545.09
608.05 , 558.99
602.05 , 572.38
595.26 , 585.49
586.96 , 598.04
577.01 , 609.99
565.74 , 621.47
552.37 , 627.48
536.94 , 628.95
522.37 , 625.74
509.24 , 618.89
496.81 , 610.24
485.34 , 599.01
475.92 , 586.84
466.51 , 574.69
458.28 , 562.13
464.54 , 555.21
473.62 , 547.44
485.87 , 547.71
498.09 , 547.46
509.97 , 546.46
521.62 , 544.96
533.49 , 543.96
544.64 , 541.47
555.79 , 538.96
567.19 , 536.97
578.34 , 534.46
590.59 , 534.2
596.58 , 543.79
593.31 , 554.54
588.73 , 564.79
583.44 , 574.79
576.73 , 584.26
568.74 , 593.27
559.34 , 600.17
549.14 , 604.96
537.74 , 606.96
526.12 , 605.49
515.79 , 601.21
505.76 , 595.93
496.24 , 589.41
486.97 , 582.14
477.96 , 574.14
470.32 , 564.99
563.95 , 398.8
566.58 , 393.65
570.92 , 389.08
576.1 , 386.39
581.38 , 384.03
586.88 , 382.28
593.12 , 382.05
599.25 , 382.55
605.15 , 383.55
610.78 , 385.1
615.41 , 389.25
613.2 , 394.55
608.25 , 397.76
603.03 , 400.32
597.38 , 401.79
591.5 , 402.8
585.35 , 403.3
579.23 , 403.8
573.1 , 404.3
566.98 , 403.81
464.77 , 405.63
462.25 , 400.86
457.72 , 397.85
452.57 , 396.34
446.73 , 396.36
441 , 396.61
435.73 , 397.86
430.82 , 399.88
425.97 , 402.12
421.66 , 405.71
418.25 , 410.11
420.91 , 414.78
425.53 , 417.62
431.02 , 418.36
436.88 , 418.36
442.25 , 417.36
447.62 , 416.38
452.75 , 414.86
457.65 , 412.87
462.45 , 410.45
546.5 , 373.13
551.75 , 364.38
560.1 , 358
569.2 , 353.43
579.17 , 351.13
590.05 , 350.63
600.92 , 350.13
611.65 , 349.38
621.67 , 351.6
630.15 , 357.76
636.9 , 366
636.45 , 376.63
625.48 , 376.36
616.23 , 372.38
605.95 , 370.63
595.45 , 369.38
584.7 , 368.63
574.33 , 370.1
564.95 , 373.61
555.62 , 377.4
473.42 , 371.67
464.1 , 366.96
453.3 , 365.67
442.33 , 366.65
431.88 , 368.64
421.2 , 370.27
410.9 , 372.58
401.55 , 377.17
392.92 , 383.79
385.78 , 392.19
378.8 , 400.67
390 , 401.16
399.4 , 396.7
408.95 , 392.64
418.77 , 389.44
428.62 , 386.35
438.7 , 383.52
449.18 , 381.55
460.4 , 381.17
471.6 , 380.67
