2330128905_1
216.55 , 460.4
214.58 , 475.48
213.12 , 490.62
213.68 , 505.87
216.64 , 520.93
220.63 , 536.03
224.53 , 549.4
228.86 , 564.17
234.09 , 578.69
240.4 , 592.9
248.81 , 606.22
257.76 , 617.7
268.48 , 629.63
278.84 , 640.15
290.97 , 650.79
303.67 , 659.48
317.84 , 666.12
331.51 , 670.37
347.38 , 674.06
362.18 , 676.94
377.45 , 679.4
392.4 , 680.66
407.25 , 681.38
423.34 , 682.38
438.07 , 683.29
453.96 , 682.54
469.32 , 679.91
482.78 , 675.64
496.52 , 668.34
508.71 , 657.99
517.8 , 646.33
524.7 , 631.74
529.99 , 617.41
535.74 , 603.4
541.39 , 590.25
548.82 , 575.53
556.22 , 561.91
562.1 , 549.16
566.83 , 533.95
568.36 , 518.48
567.87 , 502.68
349.31 , 460
342.19 , 468
334.51 , 477.24
329.35 , 487.8
331.19 , 499.22
339.61 , 506.82
351.31 , 511.42
362.06 , 513.95
374.57 , 516.12
386.23 , 516.93
397.4 , 518.12
409.94 , 517.6
420.04 , 511.9
423.41 , 501.93
421.65 , 489.99
416.75 , 479.19
411.65 , 467.73
298.7 , 560.95
307.1 , 555.08
315.77 , 549.94
324.8 , 545.66
334.05 , 542.17
344.15 , 540.45
354.4 , 541.95
364.27 , 544.2
375.1 , 544.45
385.23 , 546.19
393.88 , 551.35
402.3 , 557.27
410.55 , 563.56
418.57 , 570.58
426.34 , 578.33
421.85 , 586.92
412.07 , 589.45
402.1 , 591.46
392.1 , 593.43
382 , 595.2
371.4 , 594.45
361.42 , 592.45
351.2 , 590.95
341.57 , 588.23
332.23 , 584.96
323.35 , 580.32
314.88 , 574.6
306.45 , 568.7
305.7 , 560.45
313.68 , 558.2
321.95 , 556.45
330.6 , 555.45
339.47 , 555.95
347.65 , 557.96
355.77 , 560.02
364.2 , 561.45
372.85 , 562.44
381.15 , 564.16
389.32 , 566.07
397.3 , 568.42
405.18 , 570.94
412.85 , 573.94
420.42 , 577.18
413.8 , 575.67
406.05 , 572.96
398.38 , 569.94
390.77 , 566.77
382.65 , 564.71
374.12 , 563.45
365.25 , 562.97
356.85 , 561.47
348.67 , 559.46
340.4 , 557.7
331.5 , 557.2
323 , 558.46
314.73 , 560.2
446.6 , 423.17
452 , 419.51
457.83 , 416.91
464.03 , 415.15
470.8 , 414.67
477.58 , 415.17
483.9 , 416.67
489.7 , 419.43
495.45 , 422.24
500.48 , 427.05
504.75 , 432.27
501.05 , 437.41
494.38 , 438.17
487.6 , 437.67
480.93 , 436.92
474.38 , 435.92
467.95 , 434.66
461.65 , 433.19
455.62 , 431.16
449.7 , 428.82
339.22 , 405.97
333.86 , 401.62
328.43 , 397.41
322.53 , 394.55
316.15 , 392.86
309.56 , 391.59
302.6 , 391.09
296 , 392.33
289.81 , 394.36
284 , 397.44
278.33 , 400.84
282.33 , 406.34
288 , 409.77
294.43 , 411.33
301.13 , 412.34
308.2 , 412.59
315.4 , 412.59
322.38 , 412.09
329.45 , 411.84
336.41 , 411.34
423.56 , 381.1
433.66 , 377.57
443.91 , 374.32
454.51 , 371.64
465.16 , 369.07
475.99 , 366.92
486.91 , 365
498.26 , 363.85
510.01 , 364.1
520.81 , 366.35
529.81 , 373.1
523.49 , 380.78
512.19 , 379.6
500.41 , 379.35
488.76 , 378.85
477.26 , 378.1
465.61 , 378.61
454.49 , 380.17
443.96 , 382.95
433.34 , 385.61
361.26 , 376.72
361.68 , 365.42
351.99 , 357.45
341.51 , 351.69
330.69 , 346.92
319.76 , 342.47
308.49 , 338.94
296.74 , 336.18
284.31 , 337.4
273.53 , 342.43
263.7 , 349.95
259.46 , 360.93
270.78 , 358.2
281.78 , 353.9
294.24 , 352.68
305.71 , 355.93
316.71 , 360.18
327.53 , 364.94
338.38 , 369.67
349.11 , 374.84
