2330129413_1
312.3 , 432.5
312.94 , 457.15
314.34 , 481.87
315.84 , 506.46
318.39 , 531.34
321.85 , 556.09
325.82 , 579.8
331.95 , 603.89
342.17 , 628.99
354.64 , 650.61
369.27 , 671.19
384.57 , 690.95
399.15 , 708.82
417.79 , 728.21
436.78 , 742.18
458.26 , 755.12
480.28 , 765.99
503.43 , 777.6
527.08 , 784.98
551.75 , 792.54
575.54 , 796.55
601.87 , 797.18
626.94 , 796.47
651.11 , 793.51
674.95 , 784.97
697.45 , 773.32
717.11 , 759.59
737.23 , 744.39
757.2 , 729.35
773.93 , 711.47
786.53 , 689.25
794.7 , 667.14
802.3 , 642.6
811.69 , 620.12
823.94 , 598.43
836.53 , 574.64
845.62 , 553.13
853.97 , 529.46
861.62 , 505.68
867.62 , 481.31
871.45 , 454.35
576.2 , 428.6
563 , 442.17
554.36 , 461.22
553.26 , 480.54
558.05 , 500.65
574.89 , 509.77
595.07 , 513.99
614.28 , 523.34
631.77 , 529.89
653.2 , 529.5
671.77 , 525.33
691.46 , 522.33
712.79 , 518.55
720.78 , 500.37
718.39 , 480.57
711.2 , 461.74
701.7 , 443.19
478.67 , 597.52
494 , 588.74
512.3 , 586.77
531.42 , 587.02
549.72 , 585.02
567.39 , 581.76
584.72 , 577.75
604 , 577.77
621.12 , 582.23
638.77 , 585.55
658.02 , 585.53
674.97 , 590.28
689.45 , 601.55
701.95 , 615.54
703.42 , 633.27
687.85 , 641.53
672.1 , 649.33
656.19 , 656.78
639.77 , 662.49
621.72 , 665.01
603.44 , 663.03
586.19 , 658.79
569.62 , 653.47
553.69 , 646.29
538.22 , 637.79
523.1 , 628.42
507.85 , 619.42
492.85 , 609.69
492.17 , 600.52
507.5 , 601.52
523.22 , 601.77
538.92 , 601.52
554.37 , 600.77
569.6 , 602.02
584.82 , 603.27
599.7 , 605.27
614.55 , 607.26
629.39 , 609.27
644.37 , 611.03
659.72 , 612.02
674.82 , 613.51
689.2 , 616.54
702.39 , 620
688.22 , 616.56
673.75 , 613.77
658.52 , 612.52
642.82 , 612.26
627.85 , 610.54
613.1 , 608.27
598.12 , 606.52
583.14 , 604.77
568.39 , 602.52
553.05 , 601.52
537.72 , 602.52
522.37 , 603.52
506.55 , 603.51
713.65 , 347.19
720.71 , 336.68
732.3 , 332.44
744.85 , 330.19
757.77 , 328.69
770.95 , 327.69
784.48 , 327.44
797.3 , 329.16
808.95 , 333.23
819.5 , 340.3
829.37 , 349.37
822.21 , 359.88
811.62 , 366.95
798.83 , 368.69
785.3 , 368.94
772.47 , 367.18
760.55 , 363.72
748.47 , 360.43
736.12 , 357.69
724.72 , 352.95
552.2 , 323.83
541.5 , 315.14
529.95 , 308.88
518.08 , 303.39
505.45 , 299.85
491.82 , 298.39
477.73 , 298.91
464.2 , 300.68
451.35 , 303.79
438.93 , 307.71
427.25 , 313.64
438.52 , 320.66
450.27 , 326.41
462.6 , 330.49
475.6 , 333.24
489.18 , 334.91
503.05 , 333.89
516.3 , 331.64
530.05 , 330.35
543.7 , 331.35
711.73 , 291.05
718.68 , 277.82
732.28 , 271.3
747.46 , 268.55
763.38 , 267.3
778.93 , 265.3
793.06 , 260.48
806.58 , 253.79
821.58 , 250.7
836.71 , 253.29
849.98 , 260.55
851.53 , 274.05
835.38 , 274.8
819.06 , 274.73
803.36 , 276.43
788.11 , 279.08
773.03 , 282.05
757.33 , 283.7
742.18 , 286.57
727.63 , 290.55
577.62 , 269.39
575.14 , 251.11
555.44 , 238.86
534.57 , 229.87
513.41 , 221.74
491.92 , 214.48
468.94 , 210.64
444.92 , 212.74
423.74 , 220.89
405 , 235.41
392.79 , 255.11
386.04 , 276.86
405.59 , 265.33
423.14 , 247.51
443.49 , 236.87
468.24 , 236.61
490.42 , 242.63
511.79 , 250.11
533.44 , 257.01
555.66 , 262.99
