2330955274_1
300.3 , 406.3
298.98 , 424.6
297.8 , 445.04
296.78 , 465.44
295.5 , 485.94
299.75 , 505.12
304.65 , 524.25
306.64 , 544.54
309.34 , 564.78
311.87 , 583.57
315.99 , 604.39
322.41 , 622.72
330.73 , 640.53
342.82 , 657.65
357.34 , 672.3
373.62 , 684.87
391.16 , 694.5
407.99 , 701.88
427.07 , 708.09
447.79 , 711.38
468.13 , 712.47
487.65 , 712.24
508.98 , 711.52
528.39 , 707.9
547.37 , 700.28
563.73 , 691.06
580.85 , 681.25
598.47 , 671.48
615.54 , 659.9
630.4 , 646.29
642.76 , 631.1
652.15 , 612.77
660.57 , 594.3
667.47 , 576.35
678.76 , 558.51
690.48 , 543.11
701.98 , 525.56
712.24 , 509.67
720.1 , 490.42
724.91 , 471.47
731.85 , 450.8
485.25 , 425.1
476.99 , 441.94
466.91 , 457.17
455.44 , 473.37
451.33 , 491.34
461.88 , 506.17
480.8 , 510.43
498.9 , 517.46
512.3 , 532.6
529.95 , 534.14
547.77 , 527.75
566.69 , 521.65
584.56 , 515.17
581.84 , 496.1
578.2 , 478.01
575.36 , 458.27
571.25 , 439.19
398.25 , 561.34
413.15 , 559.84
428.65 , 560.09
443.8 , 561.09
459.07 , 561.84
474.1 , 563.09
488.77 , 565.09
502.82 , 568.34
516.1 , 573.19
531.05 , 574.59
545.12 , 577.86
558.45 , 582.55
572.15 , 586.49
585.11 , 592.21
576.95 , 603.85
565 , 612.34
552.4 , 619.18
538.85 , 623.31
524.42 , 625.84
509.88 , 628.08
495.4 , 625.75
481.8 , 621.62
468.65 , 616.5
455.93 , 609.99
443.88 , 601.72
432.1 , 592.69
420.62 , 582.71
409.38 , 572.21
408.75 , 566.09
420.65 , 568.33
432.6 , 570.59
445.15 , 571.59
456.95 , 574.09
468.55 , 577.07
479.82 , 580.57
490.9 , 584.61
502.82 , 586.84
515.62 , 587.34
527.92 , 588.84
539.98 , 590.84
551.92 , 593.08
563.85 , 595.32
575.44 , 598.36
563.12 , 597.09
550.6 , 596.09
538.05 , 595.09
525.98 , 593.09
513.67 , 591.59
501.25 , 590.34
489.2 , 588.35
478.05 , 584.57
467.23 , 579.84
455.5 , 577.09
443.45 , 575.09
431.27 , 573.34
419.68 , 570.36
602.5 , 378.48
606.16 , 370.51
615.05 , 368.19
623.7 , 365.5
632.85 , 363.73
642.48 , 362.98
652 , 363.98
661.02 , 366
669.23 , 369.95
676.26 , 377.03
681.01 , 384.93
679.03 , 393.97
671.12 , 398.7
662.1 , 400.73
652.58 , 399.73
643.3 , 398.25
634.7 , 395.43
626.35 , 392.01
617.73 , 389.24
609.6 , 385.07
459.9 , 350.29
456.05 , 341.12
449.2 , 333.01
440.8 , 326.93
431.68 , 322.94
421.88 , 320.44
411.5 , 319.19
400.62 , 318.94
390.62 , 320.94
381.33 , 324.46
372.6 , 329.44
377.26 , 338.37
383.73 , 346.56
392.23 , 352.32
401.3 , 356.45
411.2 , 358.68
421.35 , 360.44
432.08 , 360.94
442.7 , 360.19
452.7 , 358.21
587.48 , 346.76
598.11 , 338.6
609.65 , 332.83
622.81 , 330.76
636.58 , 330.01
649.63 , 327.74
661.63 , 323.36
673.58 , 318.92
686.46 , 316.28
699.48 , 318.51
710.82 , 324.77
701.63 , 334.24
688.33 , 336.02
674.93 , 337.51
661.53 , 339.01
647.5 , 339.26
634.38 , 341.36
621.93 , 344.8
609.9 , 348.99
598.33 , 354.34
492.55 , 310.32
478.63 , 298.38
463.61 , 289.64
448.5 , 281.01
432.91 , 273.71
416.71 , 268.2
400.13 , 263.45
381.81 , 262.72
365.33 , 267.71
350.78 , 277.83
340.93 , 292.45
358.53 , 289.69
374.45 , 283.44
392.31 , 281.21
408.75 , 286.18
424.43 , 293.2
439.98 , 300.74
454.93 , 309.7
469.98 , 318.45
486.51 , 323.43
