2330955410_1
291.3 , 458.65
294.91 , 476.29
298.07 , 494.56
301.5 , 511.16
306.31 , 529.79
308.93 , 547.88
310.2 , 565.6
312.77 , 584.2
316.86 , 602.85
323.46 , 618.54
333.92 , 634.85
347.11 , 646.96
360.96 , 659.32
376.36 , 670.39
391.22 , 679.9
406.18 , 689.7
424.04 , 697.06
441.11 , 703.88
458.96 , 709.55
476.04 , 710.85
495.61 , 711.25
513 , 709.36
531.91 , 706.79
548.82 , 702.95
567 , 697
584.73 , 690.43
601.79 , 683.39
615.96 , 674.58
629.69 , 661.21
643.3 , 648.02
654.84 , 635.41
665.1 , 619.43
665.26 , 601.67
668.55 , 583.42
673.4 , 565.11
675.66 , 548.02
676.46 , 528.55
673.85 , 510.95
670.83 , 493.27
666.46 , 474.94
663.62 , 455.59
455.1 , 446.75
450.34 , 460.75
445.15 , 474.81
439.43 , 488.43
439.93 , 504.73
448.57 , 516.8
463.31 , 521.18
478 , 522.22
493.6 , 522.3
507.38 , 519.81
523.83 , 516.64
537.61 , 512.94
548.57 , 501.89
546.38 , 486.92
539.32 , 474.56
530.89 , 460.83
522.9 , 447.3
413.34 , 580.46
424.46 , 576.43
435.36 , 571.7
445.79 , 565.53
456.41 , 559.9
467.96 , 556.59
480.79 , 556.96
493.31 , 558.21
505.87 , 556.96
518.76 , 556.46
530.29 , 559.69
541.19 , 564.47
552.12 , 569.22
563.19 , 573.47
573.09 , 578.21
562.21 , 583.09
551.49 , 588.53
541.37 , 595.44
530.51 , 600.53
518.91 , 603.72
506.64 , 605.46
493.74 , 605.96
480.84 , 605.46
468.31 , 604.19
456.61 , 601.23
445.74 , 596.37
434.99 , 590.95
423.29 , 587.92
424.34 , 584.46
433.66 , 582.95
442.39 , 580.19
451.26 , 577.78
460.26 , 575.53
470.06 , 574.96
479.64 , 575.96
489.24 , 576.95
499.06 , 576.46
508.41 , 574.93
518.24 , 574.46
527.81 , 575.46
537.41 , 576.49
546.94 , 577.56
556.47 , 578.68
549.21 , 579.58
539.89 , 578
530.44 , 576.74
520.87 , 575.71
511.04 , 576.21
501.31 , 576.96
491.37 , 577.21
481.29 , 577.21
471.21 , 577.21
461.51 , 577.94
452.51 , 580.2
443.51 , 582.47
434.31 , 584.21
547.12 , 395.72
551.47 , 387.84
558.77 , 381.82
566.45 , 376.9
574.75 , 373.7
583.72 , 371.98
593.57 , 371.97
602.67 , 373.47
611.45 , 375.75
619.57 , 379.43
627.49 , 383.79
627.21 , 393.39
619.97 , 399.62
611.45 , 402.22
601.97 , 402.97
592.25 , 403.22
582.64 , 403.72
573.07 , 403.22
564.19 , 401.21
555.19 , 399.5
428.78 , 405.82
428.67 , 396.75
422.79 , 389.72
415.31 , 384.92
407.16 , 381.98
397.94 , 381.23
388.71 , 381.95
380.39 , 384.48
372.59 , 388.55
365.04 , 393.08
357.87 , 398.75
351.64 , 405.73
359.34 , 409.94
367.24 , 413.73
375.96 , 415.47
385.54 , 415.48
394.41 , 413.98
403.26 , 412.49
412.12 , 410.98
420.64 , 408.73
529.03 , 352.67
538.3 , 346.16
549.11 , 343.42
560 , 340.92
570.5 , 337.66
580.61 , 333.39
590.63 , 328.89
600.9 , 325.15
612.65 , 324.43
623.15 , 327.67
629.6 , 336.68
618.11 , 337.92
606.61 , 339.18
595.95 , 342.15
585.18 , 344.89
574.53 , 347.92
564.5 , 352.44
554.7 , 357.68
544.65 , 362.16
533.04 , 362.81
438.46 , 365.34
438.16 , 355.1
428.36 , 348.34
418.19 , 342.66
407.46 , 338.57
395.94 , 336.08
383.86 , 334.84
371.99 , 333.09
359.38 , 333.32
348.59 , 337.12
339.24 , 345.19
333.61 , 355.34
344.56 , 358.84
355.26 , 354.69
367.79 , 354.84
379.24 , 357.46
390.66 , 360.13
402.16 , 362.58
413.91 , 364.58
426.01 , 365.86
