2331146163_1
1101.54 , 1367.35
1111.62 , 1406.61
1122.94 , 1449.79
1131.64 , 1489.36
1142.75 , 1532.41
1157.88 , 1574.07
1176.06 , 1609.75
1201.47 , 1646.74
1229.8 , 1681.43
1256.32 , 1712.03
1286.32 , 1744.7
1319.55 , 1772.94
1354.73 , 1800.13
1389.06 , 1826.07
1420.17 , 1851.45
1451.69 , 1879.43
1483.86 , 1909.27
1518.15 , 1936.11
1554.38 , 1956.09
1598.87 , 1966.78
1640.38 , 1967.67
1679.15 , 1948.75
1715.16 , 1922.86
1749.61 , 1894.87
1779.67 , 1864.74
1805.29 , 1829.55
1832.26 , 1799.07
1867.33 , 1775.97
1900.48 , 1743.72
1928.29 , 1714.54
1950.03 , 1678.76
1959.39 , 1634.85
1972.81 , 1592.86
1986.45 , 1550.99
2002.07 , 1511.52
2017.63 , 1473.67
2034.13 , 1432.31
2045.62 , 1389.98
2052.86 , 1346.78
2057.11 , 1303.71
2057.39 , 1260.55
1513.62 , 1297.46
1497.68 , 1329.41
1479.45 , 1357.14
1455.09 , 1385
1451.57 , 1420.6
1468.65 , 1451.39
1501.24 , 1458.7
1539.82 , 1466.39
1572.18 , 1470.88
1609.15 , 1468.68
1643.98 , 1454.52
1670.36 , 1430.77
1698.16 , 1410.47
1706.9 , 1374.55
1696.06 , 1343.94
1670.49 , 1316.03
1648.89 , 1285.75
1428.89 , 1607.81
1447.09 , 1589.55
1470.97 , 1585.31
1495.59 , 1582.56
1520.19 , 1579.81
1544.07 , 1575.56
1566.69 , 1568.82
1591.07 , 1565.56
1616.39 , 1564.31
1640.27 , 1560.07
1664.89 , 1557.31
1690.09 , 1555.81
1714.47 , 1559.04
1734.89 , 1571.56
1734.09 , 1596.88
1715.22 , 1613.73
1698.54 , 1632.68
1679.04 , 1647.9
1656.24 , 1654.28
1632.62 , 1659.06
1608.12 , 1662.06
1583.27 , 1664.31
1558.54 , 1666.81
1532.72 , 1666.59
1509.66 , 1660.58
1488.27 , 1650.69
1467.77 , 1638.4
1447.72 , 1624.9
1435.14 , 1613.56
1453.89 , 1604.81
1476.57 , 1605.06
1498.99 , 1605.81
1521.57 , 1605.31
1543.52 , 1603.56
1565.72 , 1602.31
1588.39 , 1602.06
1610.24 , 1600.03
1631.69 , 1597.32
1653.42 , 1595.06
1674.89 , 1592.31
1695.54 , 1587.9
1715.49 , 1582.06
1732.34 , 1585.85
1712.59 , 1592.08
1691.97 , 1596.57
1671.72 , 1601.79
1651.16 , 1606.56
1629.94 , 1609.82
1608.84 , 1613.33
1587.62 , 1616.57
1566.14 , 1619.31
1543.69 , 1620.06
1521.39 , 1621.06
1499.19 , 1622.31
1476.62 , 1621.81
1454.66 , 1620.07
1681.9 , 1110.81
1685.84 , 1093.59
1700.88 , 1084.32
1716.9 , 1077.81
1733.88 , 1073.33
1751.33 , 1069.88
1768.75 , 1066.46
1787.7 , 1066.56
1804.9 , 1070.56
1820.15 , 1079.31
1833.8 , 1092.46
1832.35 , 1109.31
1814.68 , 1112.32
1798.28 , 1117.68
1781.68 , 1122.81
1764.88 , 1127.56
1747.8 , 1131.81
1729.25 , 1132.66
1711.78 , 1129.18
1696.28 , 1121.06
1425.95 , 1135.2
1414.8 , 1118.79
1397 , 1110.95
1377.03 , 1107.95
1355.73 , 1107.7
1334.9 , 1108.95
1315.08 , 1112.17
1296.28 , 1117.64
1278.85 , 1126.58
1262.38 , 1138.03
1246.7 , 1151.7
1259.47 , 1167.71
1278.05 , 1173.44
1299.47 , 1173.45
1319.68 , 1170.95
1339.9 , 1168.45
1360.83 , 1167.45
1381.4 , 1165.69
1400.28 , 1160.42
1418.15 , 1152.95
1625.9 , 994.17
1639 , 968.05
1664.03 , 952.18
1690.53 , 940.3
1718.23 , 931.69
1747.3 , 925.7
1777.6 , 922.21
1809.1 , 923.17
1838.68 , 928.17
1865.95 , 937.7
1890.3 , 955.55
1879.65 , 980.92
1851.7 , 988.67
1823.18 , 981.42
1794.68 , 974.17
1763.73 , 976.35
1735.78 , 984.55
1708.38 , 993.69
1680.4 , 1001.92
1651.55 , 1008.44
1520.76 , 1008.74
1484.84 , 991.77
1446.18 , 981.49
1405.46 , 975.5
1362.06 , 975
1320.23 , 978.75
1279.51 , 984.74
1240.81 , 995
1206.33 , 1015.72
1181.53 , 1048.78
1164.06 , 1084.5
1198.81 , 1065.5
1231.43 , 1039.6
1273.34 , 1036
1314.09 , 1042
1356.13 , 1045.25
1398.93 , 1043.5
1441.11 , 1040.5
1483.43 , 1043.25
1523.81 , 1050
