2331853202_1
240.34 , 322.05
243.77 , 332.9
247.49 , 345.1
251.14 , 355.72
256.84 , 366.82
263.93 , 377.26
271.4 , 386.35
279.4 , 394.87
288.25 , 403.25
297.42 , 411.38
306.86 , 419.11
316.36 , 426.75
326.44 , 433.96
335.62 , 440.46
343.96 , 449.78
353.13 , 458.01
362.98 , 464.78
373.25 , 469.68
385.19 , 473
397.03 , 472.86
409.89 , 471.03
420.8 , 468.12
432.12 , 464.5
444.11 , 460.28
455.43 , 455.03
465.46 , 449.64
476.01 , 442.82
485.25 , 434.8
492.8 , 425.17
498.6 , 414.85
504.84 , 404.7
511.43 , 395
517.92 , 384.85
522.13 , 373.7
522.16 , 361.08
521.71 , 348.55
520.03 , 337.12
517.72 , 325.75
514.87 , 313.08
513.15 , 301.68
511.85 , 288.9
320.59 , 299.94
318.83 , 312.66
315.96 , 326.46
312.84 , 338.71
313.91 , 352.04
326.72 , 354.28
340.15 , 356.25
352.71 , 361.1
365 , 358.94
373.96 , 348.8
386.37 , 344.77
400.41 , 341.32
407.8 , 330.58
406.37 , 317.23
400.5 , 306.1
391.5 , 295.01
383.9 , 283.8
326.31 , 398.58
332.99 , 392.41
340.49 , 388.39
348.29 , 385.32
357.56 , 385.33
366.46 , 386.1
373.44 , 380.71
380.94 , 376.71
389.31 , 374.83
398.09 , 373.83
406.76 , 372.58
415.41 , 371.34
424.46 , 370.83
433.36 , 370.08
430.53 , 377.35
424.53 , 384.1
418.16 , 390.72
411.26 , 396.39
404.31 , 401.83
397.11 , 406.57
389.51 , 410.37
381.91 , 414.08
373.59 , 416.08
364.56 , 416.58
356.13 , 414.85
348.26 , 412.04
340.76 , 408.01
333.34 , 403.86
326.31 , 398.58
333.69 , 401.1
342.31 , 401.08
350.03 , 399.1
357.46 , 396.67
365.21 , 394.81
372.86 , 392.79
380.38 , 390.51
387.69 , 387.86
395.24 , 385.61
402.61 , 383.1
410.01 , 380.56
417.31 , 377.83
424.66 , 375.23
431.91 , 372.24
426.49 , 374.4
419.13 , 377.08
411.61 , 379.34
403.88 , 381.26
396.11 , 383.07
388.88 , 386.07
381.63 , 389.01
374.21 , 391.43
366.26 , 392.82
358.24 , 394.15
350.51 , 396.07
342.61 , 397.58
334.21 , 397.09
393.8 , 244.14
396.02 , 239.42
400.25 , 235.66
405.03 , 233.4
409.95 , 231.67
415 , 230.14
420.32 , 229.14
426 , 228.89
431.65 , 228.64
437.33 , 228.91
442.08 , 230.83
439.64 , 235.56
435.35 , 239.09
431.05 , 242.64
426.1 , 244.39
420.9 , 245.65
415.6 , 246.64
409.8 , 246.64
404.12 , 246.39
398.47 , 246.16
312.87 , 262.28
311.13 , 257.17
306.81 , 253.5
301.91 , 251.02
296.66 , 249.5
290.79 , 249.25
285.16 , 250
280.04 , 251.78
275.06 , 254.04
270.57 , 257.57
266.7 , 261.95
264.14 , 266.75
268.91 , 269.51
274.54 , 270.25
280.51 , 270.25
286.51 , 270.25
292.16 , 269.5
297.54 , 268.26
303.06 , 267.26
308.44 , 265.97
372.74 , 224.2
379.29 , 218.4
385.92 , 212.78
392.79 , 207.88
399.79 , 203.38
406.97 , 199.23
414.26 , 195.44
421.92 , 192.68
430.89 , 192.71
438.79 , 194.96
445.74 , 199.67
441.06 , 206.62
434.91 , 213.04
427.94 , 217.71
420.19 , 220.19
411.19 , 220.2
402.44 , 220.7
394.29 , 222.45
386.81 , 225.69
379.49 , 229.45
302.1 , 232.1
295.99 , 227.31
289.04 , 224.82
281.24 , 224.07
273.34 , 224.57
265.31 , 224.32
257.26 , 224.07
249.74 , 225.39
243.11 , 228.76
237.22 , 234.17
232.56 , 240.32
239.56 , 238.07
246.49 , 235.55
254.16 , 234.57
261.59 , 233.07
269.24 , 232.07
277.03 , 232.82
284.34 , 234.59
291.36 , 236.86
298.91 , 238.1
