2332408096_1
208.61 , 468.93
212.59 , 483.69
216.89 , 500.57
221.75 , 515.67
227.35 , 530.46
234.84 , 544.91
243.86 , 560.38
252.19 , 572.81
264.13 , 585.95
275.61 , 597.65
288.57 , 607.94
301.83 , 616.65
315.66 , 624.46
329.7 , 632.37
344.41 , 639.88
359.43 , 647.63
373.59 , 656.43
388.27 , 662.14
404.63 , 663.99
421.68 , 662.54
438.04 , 661.38
453.16 , 657.53
469.27 , 650.62
483.79 , 642.85
498.19 , 634.99
512.34 , 626.67
524.15 , 617.08
536.8 , 605.33
548.26 , 594.59
560.51 , 582.6
570.5 , 569.96
579.3 , 555.72
585.5 , 540.9
590.85 , 524.98
594.89 , 508.48
598.23 , 492.15
600.68 , 477.49
602.3 , 460.56
602.93 , 444.28
603.76 , 427.92
604.55 , 410.3
332.6 , 435.5
329.06 , 448.45
322.58 , 461.11
318.85 , 474.51
319.91 , 489.7
332.36 , 495.4
346.84 , 496.01
360.9 , 495.3
375.05 , 493.35
388.75 , 492.44
404.17 , 490.78
417.97 , 486.8
430.31 , 481.68
438.7 , 470.7
436.41 , 456.84
428.74 , 444.59
420.4 , 431.6
327.43 , 565.58
337.48 , 559.01
347.43 , 552.08
357.25 , 544.75
367.33 , 538.17
378.13 , 533.57
390 , 531.34
402.36 , 530.08
414.96 , 530.83
426.18 , 534.33
437.81 , 537.11
450.03 , 538.58
462.38 , 539.84
470.16 , 549.11
464.17 , 559.4
457.37 , 569.38
449.68 , 579.08
440.88 , 588.38
431.38 , 596.59
420.81 , 601.95
409.93 , 606.33
397.83 , 608.08
385 , 608.33
373 , 606.36
362.36 , 601.27
352.53 , 593.92
343.38 , 584.78
335.31 , 575.21
334.18 , 563.33
342.28 , 560.05
350.38 , 556.63
358.48 , 553.05
366.66 , 549.84
375.31 , 547.58
384.5 , 546.51
393.68 , 545.33
402.71 , 543.83
412.03 , 542.98
421.68 , 542.83
431.18 , 543.33
440.68 , 543.83
450.28 , 543.58
452.41 , 549.09
444.93 , 554.33
437.58 , 559.93
430.08 , 565.09
422.23 , 569.29
413.88 , 572.12
404.96 , 573.83
395.46 , 574.33
385.96 , 574.35
376.71 , 573.35
367.71 , 571.82
359.33 , 569.08
351.36 , 565.26
343.21 , 561.83
417 , 370.44
421.07 , 361.34
428.5 , 353.44
436.4 , 346.01
444.93 , 340.2
454 , 335.94
463.93 , 333.69
474.57 , 334.44
484.52 , 336.69
493.57 , 341
502.18 , 346.57
505.75 , 355.69
497.68 , 362.7
489.12 , 368.32
479.93 , 372.18
469.98 , 374.44
458.98 , 374.44
448.07 , 374.19
437.65 , 372.94
426.77 , 372.69
313.05 , 378.63
305.54 , 372.12
297.42 , 367.25
288.29 , 364.93
278.89 , 363.18
268.87 , 363.68
259.59 , 365.68
250.99 , 369.25
243.37 , 375.41
236.84 , 382.93
231.09 , 390.68
238.74 , 396.83
246.79 , 401.89
255.91 , 404.17
266.06 , 403.93
275.59 , 402.43
284.34 , 399.43
292.79 , 395.41
301.22 , 391.43
309.59 , 387.18
408.46 , 311.51
420.44 , 300.52
434.11 , 293.98
448.08 , 288.64
462.96 , 285.01
478.58 , 282.98
494.96 , 282.51
511.44 , 282.76
527.26 , 284.3
542.21 , 287.76
555.13 , 296.21
546.86 , 306.91
530.96 , 305.51
515.06 , 304.01
498.88 , 304.83
483.33 , 306.98
467.96 , 309.51
452.68 , 312.28
437.66 , 315.51
422.13 , 317.78
301.85 , 338.33
291 , 331.53
278.48 , 328.82
264.78 , 329.07
251.05 , 329.32
237.45 , 329.82
223.98 , 330.57
211.58 , 333.57
200.12 , 338.75
190.21 , 348.14
187.8 , 360.82
200.78 , 360.58
212.35 , 355.78
224.12 , 351.58
236.62 , 348.82
249.73 , 347.32
263.58 , 347.32
276.68 , 348.82
289.2 , 351.59
302.92 , 351.34
