2333670757_1
902.89 , 1005.55
909.72 , 1047.38
922.84 , 1093.31
936.66 , 1138.21
955.32 , 1182.97
976.65 , 1226.85
995.43 , 1267.8
1014.49 , 1312.01
1028.99 , 1353.97
1046.87 , 1399.38
1068.61 , 1442.58
1090.94 , 1479.25
1121.25 , 1518.82
1152.58 , 1555.27
1180.87 , 1587.09
1217.09 , 1622.34
1255.4 , 1646.14
1301.32 , 1657.68
1348.95 , 1657.87
1392.89 , 1650.61
1439.95 , 1637.76
1480.43 , 1618.32
1522.75 , 1593.21
1564.28 , 1572.85
1606.25 , 1551.46
1646.07 , 1528.95
1685.18 , 1501.08
1723.81 , 1472.06
1759.02 , 1439.6
1785.48 , 1404.55
1805.78 , 1363.87
1830.23 , 1321.1
1847.49 , 1276.2
1860.61 , 1234.26
1875.34 , 1188.14
1886.96 , 1140.42
1891.28 , 1097.96
1895.29 , 1046.82
1897.01 , 999.78
1896.01 , 952.91
1890.64 , 906.12
1144.05 , 931.5
1137.09 , 973.8
1119.53 , 1012.75
1094.45 , 1049.29
1085.31 , 1090.82
1106.39 , 1127.9
1143.36 , 1145.73
1188.01 , 1147.98
1232.31 , 1140.03
1272.88 , 1142.57
1317.99 , 1149.35
1358.28 , 1135.8
1386.29 , 1100.09
1390.7 , 1059.49
1372.22 , 1020.06
1351.8 , 979.08
1335.45 , 938.1
1095.21 , 1330.58
1114.37 , 1306.68
1137.16 , 1284.39
1161.74 , 1267.06
1191.86 , 1263.08
1220.68 , 1269.81
1251.88 , 1268.08
1281.99 , 1272.08
1309.04 , 1282.39
1339.68 , 1285.33
1369.43 , 1290.06
1398.46 , 1296.33
1426.31 , 1304.86
1453.13 , 1315.77
1446.94 , 1343.86
1423.66 , 1364.86
1400.24 , 1385.32
1375.46 , 1402.08
1349.16 , 1414.81
1321.56 , 1423.73
1291.74 , 1428.33
1260.88 , 1430.83
1229.56 , 1432.36
1199.54 , 1428.15
1172.31 , 1418.42
1146.33 , 1404.7
1125.48 , 1381.4
1112.34 , 1355.2
1117.96 , 1335.58
1140.54 , 1332.58
1164.36 , 1332.08
1188.29 , 1332.33
1211.74 , 1333.58
1234.59 , 1336.08
1258.54 , 1336.33
1281.61 , 1334.33
1304.21 , 1331.33
1327.54 , 1329.83
1351.24 , 1329.08
1374.56 , 1327.58
1397.88 , 1326.08
1421.59 , 1326.83
1443.81 , 1330.57
1421.86 , 1326.84
1398.54 , 1328.33
1375.93 , 1331.33
1352.71 , 1333.08
1329.04 , 1333.83
1305.68 , 1335.33
1282.01 , 1336.08
1258.68 , 1337.58
1234.74 , 1337.33
1212.01 , 1334.58
1188.81 , 1332.83
1164.88 , 1333.08
1141.18 , 1333.83
1374.75 , 797.54
1389.75 , 775.29
1411.15 , 757.64
1433.85 , 743.7
1457.45 , 732.09
1481.85 , 722.95
1507.95 , 717.33
1536.3 , 718.29
1562.17 , 724.47
1585.72 , 736.27
1607.25 , 753.54
1611.85 , 779.41
1589.22 , 793.56
1565.58 , 804.97
1539.72 , 811.29
1511.62 , 812.79
1483.28 , 811.79
1454.67 , 811.29
1426.55 , 809.78
1400.7 , 803.54
1151.6 , 817.83
1145.12 , 797.69
1127.38 , 783.43
1108.47 , 772.32
1088.5 , 764.33
1066.53 , 760.58
1044.15 , 763.56
1023.73 , 770.34
1004.25 , 780.08
986.43 , 794.16
972.87 , 812.18
964.75 , 832.08
983.42 , 843.27
1002.95 , 852.84
1025.67 , 855.08
1048.53 , 853.08
1071 , 850.33
1093.35 , 847.34
1114.33 , 841.51
1133.38 , 830.82
1269.25 , 642.16
1294.37 , 596.04
1340.53 , 571.4
1390.28 , 555.9
1441.42 , 542.9
1495.03 , 535.14
1550.72 , 536.66
1601.4 , 550.18
1648.38 , 573.25
1692.67 , 603.36
1734.85 , 639.51
1710.62 , 663.03
1663.28 , 641.18
1615.95 , 619.18
1566.9 , 602.06
1513.95 , 595.43
1461.55 , 605.62
1411.62 , 620.79
1364.12 , 642.03
1316.8 , 663.17
1144.63 , 688.13
1138.21 , 653.03
1107.22 , 636.71
1071.42 , 631.73
1033.57 , 630.98
995.95 , 632.23
960.27 , 637.46
928.89 , 652.73
899.99 , 674.6
874.25 , 702.08
854.05 , 731.53
838.37 , 762.73
870.42 , 749.94
900.67 , 731.91
930.12 , 711.73
962.47 , 699.7
999.72 , 697.73
1037.95 , 697.73
1074.6 , 700.98
1111.97 , 699.22
