117634057_1
329.32 , 459.74
331.54 , 475.76
336.37 , 492.84
343.37 , 511.06
350.91 , 526.99
359.5 , 542.25
369.57 , 556.55
381.68 , 569.3
395.75 , 580.25
410.86 , 589.87
425.9 , 599.35
442.2 , 605.06
461.02 , 609.8
478.87 , 612.06
495.22 , 619.06
511.47 , 625.43
528.49 , 630.18
546.79 , 631.24
563.4 , 626.95
580.61 , 620.7
595.86 , 613.81
613.42 , 606.15
629.17 , 598.8
644.6 , 591.6
661.66 , 584.21
677.36 , 577.49
694.51 , 569.56
709.9 , 561.18
724.8 , 551.27
738.28 , 539.36
748.95 , 525.25
756.77 , 509.63
763.11 , 493.13
768.75 , 476.15
772.85 , 458.54
775.77 , 440.24
777.3 , 422.61
778.18 , 405.04
780.87 , 386.86
779.18 , 369.73
775.25 , 351.35
462.44 , 411.92
454.32 , 423.06
449.9 , 437.29
449.22 , 450.9
457.47 , 462.98
470.81 , 464.83
485.95 , 463.81
500.82 , 462.27
514.75 , 459.27
528.87 , 455.76
543.17 , 452.09
556.59 , 446.85
566.46 , 437.21
568.03 , 423.39
560.76 , 410.42
548.17 , 402.55
536.1 , 393.65
464.87 , 522.41
473.5 , 516.06
481.75 , 508.53
490.25 , 501.78
498.5 , 494.26
508.22 , 490.88
517.87 , 487.41
527.79 , 484.48
538.79 , 483.66
549.45 , 485.16
559.75 , 487.44
569.95 , 489.94
580 , 492.68
590.17 , 495.18
599.76 , 498.29
593.17 , 506.88
584.52 , 513.29
575.3 , 518.17
565.87 , 522.41
556.37 , 526.41
546.35 , 529.18
536.55 , 532.41
526.14 , 534.41
515.37 , 535.66
504.22 , 535.15
493.82 , 533.17
483.89 , 530.15
474.39 , 526.15
483.12 , 518.16
490.02 , 514.03
495.82 , 507.71
502.35 , 502.44
510.14 , 500.4
518.29 , 501.68
527.07 , 501.66
535.22 , 500.38
543 , 498.43
550.79 , 496.41
558.85 , 494.93
567.47 , 495.16
575.75 , 496.19
584.12 , 496.91
592.29 , 498.09
588.87 , 503.91
581.47 , 506.68
573.64 , 508.64
565.62 , 510.16
557.72 , 511.88
549.55 , 513.16
541.3 , 514.16
533.02 , 515.16
524.62 , 515.91
516.1 , 516.41
507.69 , 517.17
499.67 , 518.66
491.3 , 519.41
544.1 , 341.54
545.53 , 334.37
547.79 , 327.62
551.15 , 321.23
557.05 , 316.55
563.8 , 314.29
571.43 , 313.79
579.18 , 313.54
586.93 , 313.29
594.18 , 314.53
601.22 , 316.3
602.02 , 323.37
596.55 , 328.8
590 , 331.64
583.55 , 334.83
577.12 , 338.03
570.5 , 340.64
563.83 , 343.06
556.9 , 345.04
549.73 , 346.16
440.66 , 370.21
438.38 , 364.31
434.67 , 358.85
429.45 , 354.37
423.77 , 351.2
417.7 , 349.19
411.1 , 348.18
404.73 , 349.68
398.65 , 351.77
392.9 , 354.79
387.88 , 359.78
384 , 365.18
389.43 , 369.08
394.95 , 372.64
401.02 , 374.68
407.85 , 375.18
414.48 , 374.18
420.85 , 372.67
427.32 , 371.43
434.3 , 371.68
513.18 , 290.69
520.34 , 281.29
529.73 , 274.12
540.28 , 270.16
551.16 , 266.96
562.31 , 264.17
573.81 , 262.16
585.66 , 260.94
597.63 , 259.94
608.83 , 262.59
619.25 , 267
614.58 , 276.54
603.41 , 279.21
591.91 , 281.21
580.63 , 283.68
569.28 , 285.91
557.78 , 287.95
546.51 , 290.42
535.66 , 293.69
523.66 , 294.7
451.01 , 325.33
441.26 , 315.05
428.99 , 309.52
416.01 , 305.75
402.06 , 304.01
387.51 , 303.51
373.19 , 304.53
359.73 , 307.25
347.53 , 313.01
337.03 , 323.41
331.96 , 335.76
333.71 , 349.74
344.76 , 342.95
355.36 , 332.83
367.58 , 327.14
381.33 , 324.98
395.78 , 324.26
410.33 , 324.76
424.61 , 325.91
438.86 , 327.03
