2339846774_1
368.75 , 502.55
373.79 , 511.96
378.47 , 523.04
383.37 , 534.45
388.71 , 544.43
395.17 , 554.69
401.27 , 563.85
407.72 , 574.41
413.91 , 583.53
420.51 , 593.47
427.19 , 603.84
433.32 , 613.67
440.67 , 622.37
448.81 , 631.71
458.75 , 637.74
469.84 , 639.74
481 , 641.94
492.93 , 645.48
504.15 , 649.42
515.3 , 650.69
526.44 , 648.03
537.95 , 645.65
549.71 , 643.99
561.45 , 641.04
571.97 , 636.35
581.47 , 628.44
589.39 , 620.02
598.83 , 614.26
604.63 , 603.86
608.08 , 592.18
611.54 , 580.82
613.92 , 569.41
616.65 , 558.42
619.39 , 547.06
622.09 , 535.36
623.45 , 524.18
623.81 , 511.41
624.17 , 500.5
624.21 , 488.24
625.47 , 476.31
628.55 , 464.8
473.69 , 442.35
470.12 , 451.71
463.31 , 460.24
461.11 , 471.17
465.49 , 481.35
476.09 , 485.42
486.8 , 485.46
498.16 , 485.58
509.35 , 488.75
519.94 , 488.23
529.05 , 481.44
538.27 , 475.76
546.96 , 469.69
550.28 , 458.88
546.89 , 448.55
536.14 , 445.22
528.19 , 438.05
455.8 , 536.4
464 , 535.14
471.73 , 532.88
479.3 , 530.4
487.15 , 528.37
495.03 , 526.42
502.58 , 523.89
510.15 , 521.37
517.65 , 518.8
525.2 , 516.25
532.75 , 513.69
540.48 , 511.47
548.9 , 510.65
557.47 , 511.15
563.13 , 517.08
558.27 , 523.66
551.6 , 528.61
544.35 , 532.14
537.23 , 535.96
529.8 , 538.9
521.83 , 540.65
513.62 , 541.9
505.27 , 542.9
496.58 , 543.15
487.77 , 543.15
479.18 , 542.65
470.85 , 541.67
463.15 , 539.43
464.05 , 538.4
470.6 , 537.16
476.6 , 534.63
483.28 , 533.65
490.35 , 533.4
496.68 , 531.62
502.88 , 529.62
509.23 , 527.97
515.42 , 526.03
521.38 , 523.34
527.38 , 520.84
533.38 , 518.34
539.77 , 516.67
546.58 , 517.4
553.4 , 518.14
548.58 , 520.38
542.2 , 522
535.9 , 523.8
529.7 , 525.75
523.48 , 527.72
517.27 , 529.67
511.08 , 531.65
504.25 , 532.4
497.33 , 532.9
490.62 , 533.87
484.27 , 535.65
477.7 , 536.91
471.12 , 538.15
523.2 , 400.18
526.26 , 396.38
528.77 , 392.33
532.48 , 388.91
536.45 , 386.18
540.25 , 383.11
544.43 , 380.95
549.08 , 379.9
553.95 , 380.43
558.73 , 381.19
563.22 , 382.45
562.9 , 386.69
558.62 , 388.5
554.4 , 390.48
550.1 , 392.28
545.53 , 393.4
541.15 , 394.97
536.6 , 396.15
532.08 , 397.4
527.7 , 398.93
449.84 , 414.95
448.29 , 411.99
444.34 , 410.03
440.34 , 408.22
436.17 , 406.86
431.64 , 406.24
426.92 , 405.96
422.56 , 406.97
418.34 , 408.23
414.57 , 410.69
412.07 , 414.46
408.54 , 417.49
413.01 , 418.24
417.74 , 418.49
422.44 , 418.24
427.29 , 418.24
431.74 , 417.48
436.34 , 417
440.94 , 416.5
445.37 , 415.67
512.59 , 356.19
517.69 , 350.84
522.64 , 345.39
528.62 , 341.92
534.91 , 339.38
541.46 , 337.46
548.34 , 336.19
555.39 , 335.17
562.41 , 336.17
568.81 , 338.42
574.86 , 341.7
574.79 , 347.69
567.51 , 348.21
560.39 , 347.44
553.12 , 346.93
546.19 , 348.09
539.76 , 350.26
533.41 , 352.66
526.89 , 354.69
520.12 , 356.19
460.13 , 364.02
452.2 , 362.02
444.18 , 360.28
436.25 , 358.26
427.75 , 357.51
419.35 , 358.52
411.33 , 360.26
403.88 , 363.23
396.35 , 366.03
388.98 , 369.29
382.53 , 375.01
388.83 , 381.28
397.2 , 380.25
404.75 , 377.51
412.68 , 375.49
420.93 , 374.26
428.98 , 372.51
437.73 , 372.76
446.23 , 372.01
453.78 , 369.26
