233993272_1
492.35 , 1167.35
498.18 , 1223.19
514.16 , 1279.77
539.5 , 1332.29
563.85 , 1387
585.72 , 1439.64
609.43 , 1498.52
633.02 , 1550.66
659.05 , 1600.54
688.88 , 1656.12
721.7 , 1701.99
760.47 , 1744.73
809.55 , 1785.9
860.63 , 1806.74
921.73 , 1821.88
976.45 , 1832.27
1035.6 , 1843.32
1093.81 , 1862.4
1146.43 , 1886.85
1202.19 , 1894.97
1259.98 , 1888.23
1319.53 , 1887.3
1376.04 , 1877.15
1435.7 , 1853.97
1486.53 , 1823.68
1526.84 , 1787.78
1561.91 , 1739.52
1588.56 , 1683.68
1603.19 , 1630.07
1613.1 , 1568.3
1619.45 , 1511.16
1622.95 , 1454.32
1626.25 , 1390.13
1632.31 , 1335.55
1642.35 , 1275.92
1654.01 , 1216.64
1662.8 , 1158.44
1674.33 , 1103.25
1694.63 , 1047.45
1710.77 , 989.12
1702.25 , 928.5
1183.6 , 1123.9
1146.06 , 1139.05
1116.14 , 1165.84
1109.25 , 1207.66
1121.86 , 1245.51
1160.71 , 1247.21
1202.56 , 1248.76
1241.74 , 1261.85
1281.43 , 1279.27
1318.31 , 1294.61
1358.86 , 1302.53
1386.36 , 1273.17
1416.93 , 1241.74
1451.88 , 1218.22
1468.83 , 1184.5
1455 , 1143.8
1424.25 , 1114.8
1050.65 , 1462.15
1080.02 , 1437.03
1106.5 , 1408.15
1139.2 , 1391.9
1175.55 , 1384.41
1213.1 , 1379.4
1251.12 , 1383.4
1288.8 , 1388.15
1327.1 , 1391.65
1366.45 , 1390.4
1402.38 , 1381.9
1439.68 , 1387.4
1471.58 , 1405.56
1494.88 , 1435.62
1485.16 , 1470.85
1466.84 , 1502.7
1439.33 , 1531.24
1408.43 , 1552.14
1375.65 , 1568.15
1341.28 , 1579.38
1304.95 , 1586.9
1266.3 , 1589.65
1227.43 , 1587.4
1192.25 , 1577.5
1160.9 , 1557.9
1129.78 , 1537.74
1098.62 , 1517.62
1068.62 , 1494.13
1073.15 , 1464.15
1099.68 , 1455.89
1126.75 , 1448.56
1152.88 , 1439.41
1179.15 , 1430.65
1206.68 , 1424.13
1235.93 , 1421.15
1265.98 , 1422.4
1295.1 , 1425.61
1325.73 , 1425.65
1355.8 , 1424.4
1385.73 , 1425.9
1414.33 , 1430.15
1441.98 , 1436.47
1448.83 , 1460.65
1424.33 , 1474.46
1398.55 , 1484.66
1372.9 , 1495.15
1347.33 , 1505.88
1321 , 1514.65
1292.28 , 1518.65
1262.23 , 1519.93
1232.78 , 1517.38
1205 , 1511.38
1176.9 , 1506.15
1148.58 , 1501.33
1121.12 , 1494.63
1094.83 , 1485.85
1386.65 , 864.27
1396.12 , 844.79
1409.85 , 826.82
1427 , 810.9
1445.5 , 798.76
1465.18 , 789.78
1486.2 , 784
1510.03 , 784.03
1531.75 , 788.25
1551.43 , 797.29
1569.89 , 809.49
1578.03 , 828.87
1559.83 , 841.84
1540.43 , 851.75
1520.2 , 858.98
1498.93 , 864.27
1476.33 , 866.77
1452.65 , 867.02
1428.95 , 866.78
1407.12 , 870.75
1035.65 , 882.14
1014.55 , 872.06
992.85 , 863.85
970.23 , 857.6
944.9 , 858.36
921.3 , 862.58
899.35 , 870.1
878.15 , 879.84
858 , 892.45
839.63 , 910.05
827.6 , 930.35
849.35 , 938.35
873.3 , 941.85
898.75 , 941.35
923.33 , 939.1
947.25 , 935.45
970.48 , 930.35
992.75 , 923.45
1014.55 , 915.61
1035.72 , 905.73
1335.41 , 767.01
1356.54 , 740.36
1379.74 , 714.44
1408.34 , 698.57
1440.51 , 691.42
1474.61 , 688.26
1509.41 , 686.51
1544.81 , 686.01
1576.41 , 694.26
1604.26 , 712.09
1626.41 , 737.76
1618.09 , 762.94
1587.29 , 753.25
1554.84 , 746.69
1520.86 , 743.26
1485.93 , 744.77
1453.61 , 751.55
1423.64 , 763.28
1394.56 , 778.04
1362.89 , 785.75
1091.27 , 785.92
1070.15 , 754.44
1030.95 , 741.17
988.5 , 734.44
944.08 , 732.16
900.12 , 735.9
858.73 , 744.9
820.5 , 760.86
785.89 , 786.97
758.95 , 821.27
740.2 , 858.67
730.95 , 899.92
768.08 , 882.42
802.9 , 856.95
837.08 , 829.67
873.33 , 808.18
913.48 , 796.65
957.05 , 792.16
1001.62 , 789.74
1046.25 , 787.42
