2340693798_1
321.25 , 392.95
322.13 , 404.82
323.79 , 417.79
325.93 , 430.26
326.91 , 442.57
327.23 , 454.29
330.27 , 466.82
331.21 , 479.72
332.87 , 491.98
336.5 , 504.28
340.68 , 515.6
347.29 , 526.69
353.78 , 536.87
363.98 , 545.31
374.08 , 550.85
385.2 , 558.51
394.74 , 566.6
404.21 , 574.31
414.34 , 580.66
427.06 , 585.21
439.21 , 587.33
451.38 , 589
463.18 , 586.18
475.13 , 582.2
487.1 , 577.9
498.33 , 572.08
508.92 , 565.31
518.3 , 557.98
527.53 , 548.92
534.19 , 538.33
538.78 , 526.08
545.05 , 515.3
549.38 , 503.62
554.1 , 492.07
559.43 , 480.89
562 , 469.03
565.38 , 456.47
568.55 , 444.56
570.33 , 432.21
573.73 , 420.42
577.1 , 407.15
444.19 , 403.34
439.62 , 412.05
435.02 , 421.88
431.22 , 431.7
431.49 , 441.42
437.93 , 450.52
445.9 , 457.48
455.78 , 459.8
466.57 , 460.25
476.91 , 459.93
487.4 , 458.46
496.12 , 452.48
503.19 , 445.25
503.19 , 435
500.09 , 424.37
497.31 , 415.18
493.6 , 404.34
409.1 , 490.6
416.03 , 487.58
423.8 , 488.85
432.2 , 488.85
440.1 , 487.85
448.03 , 486.85
455.68 , 488.34
463.23 , 490.12
470.78 , 488.33
478.83 , 489.1
486.98 , 489.6
495.35 , 489.6
503.5 , 490.11
507.6 , 496.1
502.2 , 502.23
497.2 , 508.5
491.15 , 514.07
484.48 , 517.97
477.35 , 520.6
469.68 , 522.1
461.53 , 522.6
453.38 , 522.11
445.95 , 520.13
439 , 517.01
432.35 , 513.1
426 , 508.25
420.26 , 502.25
415.25 , 496
409.1 , 490.6
415.73 , 491.1
422.6 , 491.1
429 , 492.09
435.65 , 492.6
442.18 , 493.34
448.43 , 494.67
454.85 , 495.6
461.62 , 495.85
468.25 , 495.33
475.03 , 495.1
481.73 , 494.73
488.4 , 494.31
495.05 , 493.87
494.8 , 496.89
488.88 , 498.83
482.85 , 500.6
476.75 , 502.2
470.55 , 503.59
464.03 , 504.35
457.3 , 504.56
450.85 , 503.6
444.68 , 502.17
438.53 , 500.57
432.7 , 498.45
426.78 , 496.53
420.88 , 494.61
414.85 , 492.85
501.43 , 351.25
503.59 , 346.58
507.28 , 342.38
511.68 , 339.25
516.4 , 337
521.53 , 335.76
527.15 , 335.5
532.13 , 337.02
536.8 , 339.38
540.67 , 343.48
542.94 , 348.2
541.82 , 353.37
537.63 , 357.06
532.98 , 359.49
528.11 , 361.25
522.98 , 362.5
517.36 , 362.25
512.11 , 361.26
507.25 , 359.51
503.09 , 356.15
424.35 , 356.26
424.12 , 349.94
421.85 , 344.53
418.05 , 339.7
413.15 , 336.03
407.75 , 333.77
401.55 , 333.26
395.58 , 334.26
390.25 , 336.77
385.18 , 339.92
380.42 , 343.93
376.6 , 348.76
380.8 , 353.46
385.53 , 357.68
390.6 , 360.76
396.08 , 362.76
402.18 , 363.51
408.4 , 363.01
414.38 , 362.01
420.32 , 361.02
498.55 , 324.82
501.86 , 317.53
509.38 , 314.25
516.85 , 310.77
524.25 , 307.08
531.73 , 303.6
539.67 , 301.33
548.25 , 300.32
556.7 , 301.58
564.17 , 305.08
570.86 , 310.62
569.64 , 318.83
561.05 , 319.82
552.85 , 318.07
544.02 , 317.57
535.48 , 318.55
527.27 , 320.34
520.02 , 324.35
512.62 , 328.06
504.95 , 330.73
437.34 , 313.58
429.79 , 306.74
421.26 , 302.48
412.14 , 299.88
402.51 , 298.24
393.06 , 296.22
383.39 , 294.73
373.22 , 294.23
363.89 , 296.46
355.21 , 300.24
348.24 , 307.73
355.94 , 314.2
366.09 , 313.73
376.49 , 313.73
386.67 , 314.23
396.72 , 314.98
406.64 , 315.97
416.31 , 317.55
425.67 , 319.71
435.24 , 321.48
