2341783781_1
415.25 , 672.99
421.41 , 702.66
432.5 , 734.35
443.74 , 762.49
454.93 , 793.91
464.45 , 823.18
474.84 , 853.35
485.67 , 884.14
497.61 , 913.77
512.75 , 943.06
529.7 , 970.83
547.76 , 996.04
569.75 , 1017.87
597.23 , 1035.02
626.84 , 1047.18
657.59 , 1057.41
689.04 , 1061.4
719.98 , 1061.8
753.91 , 1057.95
784.62 , 1051.83
816.7 , 1043.62
845.56 , 1032.69
875.15 , 1017.16
902.4 , 1002.57
929.11 , 986.28
957.54 , 967.58
984.38 , 950.43
1009.28 , 931.99
1032.15 , 910.75
1054.93 , 885.93
1071.62 , 860.64
1084.58 , 830.08
1091.62 , 798.05
1097.13 , 768.32
1097.16 , 734.37
1093.46 , 704.83
1100.16 , 671.94
1104.09 , 640.28
1106.28 , 608.88
1104.82 , 577.74
1100.15 , 543.64
581.8 , 618.55
576.5 , 640.1
572.25 , 664.35
570.72 , 687.87
577.93 , 709.32
599.94 , 720.99
622.69 , 721.19
644.42 , 713.16
666.61 , 704.87
692.01 , 703.24
714.56 , 705.03
735.28 , 692.97
743.4 , 671.65
736.72 , 647.64
726.55 , 627.46
712.1 , 607.16
698.26 , 586.74
572.31 , 835.69
576.32 , 816.64
588.26 , 800.74
603.58 , 787.17
620.78 , 778.69
641.18 , 777.44
661.83 , 776.69
680.88 , 772.69
700.68 , 770.19
720.71 , 772.2
739.56 , 776.69
758.28 , 781.43
776.18 , 787.66
793.66 , 795.16
811.73 , 800.79
799.36 , 816.37
782.93 , 826.82
766.46 , 837.04
749.53 , 846.18
731.71 , 852.72
713.73 , 858.7
696.46 , 866.95
678.71 , 873.7
658.81 , 875.94
638.78 , 873.92
619.93 , 869.44
602.46 , 861.93
586.26 , 850.89
590.81 , 836.69
604.36 , 830.71
618.03 , 824.93
631.96 , 819.92
647.51 , 818.19
663.41 , 817.19
679.21 , 815.94
694.03 , 812.69
708.21 , 808.28
723.01 , 804.93
739.28 , 804.69
755.31 , 805.44
771.23 , 806.44
786.66 , 804.41
801.84 , 801.93
788.11 , 804.42
772.68 , 806.44
756.28 , 806.44
740.13 , 805.94
724.26 , 806.98
709.16 , 809.66
694.43 , 813.16
679.51 , 816.19
663.83 , 817.69
648.53 , 819.94
633.11 , 821.95
618.38 , 825.38
605.23 , 832.7
737.05 , 493.86
744.55 , 479.61
755.38 , 466.53
768.7 , 456.43
783.15 , 449.27
798.2 , 443.95
814.47 , 441.09
831.5 , 439.86
847.7 , 442.88
862.82 , 447.88
876.17 , 457.96
878.17 , 474.54
864.27 , 483.12
849.77 , 490.1
834.75 , 495.38
818.42 , 498.1
801.62 , 499.86
784.47 , 500.86
767.8 , 502.86
750.5 , 503.62
579.25 , 535.07
573.22 , 523.14
561.35 , 516.99
548.9 , 512.48
535.83 , 509.23
521.3 , 509.48
508.2 , 512.7
496.2 , 518.57
484.35 , 524.91
473.27 , 533.25
464.93 , 544.33
458.3 , 555.98
472.35 , 557.23
487 , 557.23
501.62 , 557.23
515.67 , 555.98
528.98 , 553.23
541.92 , 549.73
555.35 , 547.24
568.17 , 543.47
673.35 , 434.19
686.22 , 408.06
710.93 , 391.9
737.58 , 380.71
765 , 371.66
793.58 , 364.69
823.73 , 360.93
853.85 , 363.69
881.38 , 372.71
907.68 , 385.2
933.27 , 399.42
923.3 , 413.93
896.95 , 401.7
869.53 , 392.37
839.35 , 389.19
808.73 , 391.96
780.67 , 399.91
754.25 , 411.95
728.48 , 425.82
702.62 , 439.45
572.01 , 467.81
565.45 , 448.5
546.56 , 439.63
525.23 , 436.4
503.06 , 434.88
480.5 , 434.66
459.06 , 437.64
438.56 , 442.65
420.65 , 454.03
407.23 , 471.23
397.83 , 489.88
399.83 , 511.82
415.75 , 496.46
428.98 , 479.51
447.25 , 469.15
467.75 , 464.13
490.56 , 464.36
512.03 , 467.34
532.93 , 471.36
553.95 , 475.01
