2343665394_1
675.37 , 971.31
677.84 , 997.39
683.58 , 1025.53
693.68 , 1050.06
709.61 , 1075.08
727.19 , 1097.1
744.57 , 1116.15
766.69 , 1136.09
788.73 , 1152.74
811.18 , 1167.63
834.17 , 1185.24
857.92 , 1202.03
878.76 , 1217.51
902.76 , 1233.89
924.69 , 1248.5
949.23 , 1265.4
972.22 , 1281.71
995.69 , 1297.52
1020.01 , 1311.61
1044.56 , 1320.23
1072.25 , 1330
1099.25 , 1336.3
1126.7 , 1337.23
1155.12 , 1330.02
1181.44 , 1321.8
1201.82 , 1305.68
1212.41 , 1278.27
1222.86 , 1253.71
1234.43 , 1228.88
1239.67 , 1201.84
1246.4 , 1173.76
1263.01 , 1150.94
1277.78 , 1125.78
1289.11 , 1101.34
1298.28 , 1076.07
1308.78 , 1049.06
1319.87 , 1022.43
1328.01 , 997.54
1334.12 , 969.83
1331.88 , 941.33
1327.82 , 912.45
1098.95 , 927.3
1088.12 , 942.68
1086 , 961.88
1089.34 , 981.53
1103.11 , 998.35
1119.92 , 1008.71
1139.75 , 1011.6
1159.14 , 1011.05
1179.16 , 1012.41
1199.03 , 1018.91
1219.67 , 1014.75
1237.42 , 1005.01
1251.31 , 992.49
1259.82 , 973.05
1262.31 , 953.62
1257.75 , 934.25
1249 , 914.6
985.3 , 1086.17
1008.72 , 1083.67
1032.15 , 1086.17
1056.55 , 1086.67
1079.88 , 1083.92
1103.17 , 1081.17
1126.12 , 1077.67
1150.3 , 1076.67
1174.33 , 1075.42
1197.88 , 1073.17
1222.4 , 1072.92
1237.05 , 1091.12
1234.3 , 1114.42
1232.05 , 1137.97
1230.32 , 1161.77
1224.39 , 1183.6
1207.65 , 1201.08
1187.25 , 1210.46
1164.65 , 1214.67
1140.85 , 1212.91
1117.95 , 1209.33
1097.12 , 1201.48
1077.4 , 1190.49
1058.67 , 1176.54
1040.72 , 1160.6
1023.18 , 1143.54
1006.46 , 1125.85
993.54 , 1106.82
987.3 , 1090.92
1006.85 , 1090.67
1024.82 , 1094.17
1042.47 , 1098.42
1062.02 , 1098.67
1080.97 , 1097.17
1100.42 , 1096.67
1119.25 , 1094.92
1138.1 , 1093.17
1157.3 , 1092.17
1176.72 , 1092.67
1195.55 , 1090.92
1212.57 , 1096.24
1210.33 , 1114.85
1205.05 , 1131.92
1196.97 , 1148
1182.53 , 1160.43
1165.57 , 1165.93
1147.1 , 1168.42
1128.78 , 1165.68
1111.95 , 1159.95
1095.03 , 1154.43
1078.2 , 1148.7
1061.65 , 1142.18
1045.72 , 1133.82
1029.72 , 1125.57
1014 , 1116.6
999.03 , 1105.64
1199.55 , 788.73
1199.55 , 777.2
1208.45 , 771.33
1217.6 , 765.94
1227.15 , 761.7
1237.47 , 759.21
1248 , 757.2
1258.9 , 758.46
1268.55 , 762.45
1277.19 , 769.11
1282.76 , 778.15
1283.57 , 789.3
1275.68 , 797.44
1266.22 , 801.98
1255.9 , 804.44
1244.62 , 804.95
1233.12 , 804.95
1221.97 , 804.2
1210.58 , 803.95
1201.1 , 799.45
1048.18 , 807.03
1045.5 , 792.45
1032.33 , 782.28
1018.32 , 774.5
1002.52 , 771.02
985.88 , 772.72
970.9 , 777.74
956.65 , 784.99
942.7 , 793
928.97 , 801.51
915.4 , 810.43
902.05 , 820
918.7 , 818.24
934 , 813.79
948.5 , 807.29
964.85 , 804.98
981.02 , 807.73
997.4 , 810.03
1014.77 , 810.25
1031.65 , 809
1206.12 , 724.29
1211.09 , 712.31
1221.27 , 702.11
1232.42 , 694.72
1243.59 , 687.32
1254.79 , 680.1
1266.97 , 675.52
1280.14 , 673.04
1294.54 , 673.01
1306.14 , 679.3
1314.29 , 690.21
1309.85 , 702.04
1296.32 , 703.79
1281.92 , 703.77
1269.02 , 706.88
1256.89 , 711.52
1245.57 , 718.55
1234.44 , 725.99
1223.14 , 733.03
1210.96 , 736.39
1115.24 , 716.69
1089.97 , 701.76
1063.22 , 690.92
1034.37 , 684.55
1003.72 , 682.01
972.07 , 681.51
941.27 , 683.74
913.57 , 692.26
888.22 , 707.01
863.6 , 723.74
843.07 , 747.01
874.5 , 746.01
902.7 , 738.38
931.37 , 731.72
962.95 , 732.01
994.72 , 731.76
1024.8 , 735.49
1052.7 , 743.63
1081.82 , 749.26
1110.82 , 743.76
