2344217511_1
393.59 , 537.95
394.78 , 556.5
399.37 , 574.96
405.6 , 592.93
412.48 , 609.11
421.87 , 626.63
430.51 , 643.31
437.82 , 659.86
444.13 , 678.86
451.96 , 696.24
460.56 , 712.76
469.29 , 729.22
477.86 , 745.36
489.43 , 761.77
502.48 , 775.57
518.84 , 783.4
537.98 , 787.47
556.47 , 788.29
576.4 , 785.71
593.65 , 784.13
613.87 , 782.23
632.91 , 779.48
650.65 , 773.96
668.16 , 767.07
685.25 , 759.15
701.49 , 749.15
716.62 , 739.56
731.95 , 728.62
749.44 , 720.76
766.59 , 709.67
778.28 , 696.51
786.64 , 679.35
793.62 , 661.43
797.91 , 643.47
801.21 , 624.66
804.69 , 606.12
808.13 , 587.44
810.13 , 568.63
809.46 , 549.74
807.35 , 529.51
801.34 , 511.5
481.25 , 511
478.02 , 524.18
473.24 , 538.05
469.19 , 551.64
474.18 , 566.17
486.37 , 574.22
499.44 , 578.8
513.77 , 581.27
528.54 , 580.62
543.28 , 577.68
557.67 , 573
571.27 , 567.35
582.05 , 558.55
586.59 , 544.84
579.5 , 532.55
566.05 , 526.48
556.69 , 515.44
462.9 , 631.9
475.1 , 623.44
488.55 , 618.37
501.92 , 613.14
516.15 , 609.65
531.95 , 609.4
546.17 , 605.9
561.35 , 604.4
576.55 , 605.9
591.35 , 608.15
605.7 , 611.4
619.83 , 615.08
633.45 , 619.69
638.6 , 632.7
628.25 , 644.3
617.2 , 655.62
605.33 , 665.16
593.02 , 673.39
580.35 , 680.69
567.12 , 686.42
553.33 , 690.64
538.75 , 693.4
523.1 , 692.86
509.32 , 688.58
496.82 , 680.82
486.68 , 669.17
478.22 , 656.95
470.47 , 644.45
469.65 , 634.65
481.05 , 632.41
492.5 , 630.16
503.82 , 627.63
515.75 , 626.4
527.92 , 625.65
539.98 , 624.65
551.9 , 623.4
563.95 , 622.4
576.23 , 621.9
588.65 , 621.65
600.92 , 622.15
613.1 , 622.9
625.15 , 623.9
623.45 , 633.9
613.52 , 639.77
603.02 , 644.02
592.5 , 648.18
581.7 , 651.61
570.15 , 653.65
558.35 , 655.15
546.42 , 656.4
534.38 , 657.4
522.35 , 656.36
511.12 , 653.63
500.17 , 650.41
489.38 , 646.88
479.17 , 641.68
594.19 , 444.42
599.09 , 438.53
605.34 , 434.55
611.64 , 430.71
618.27 , 427.64
625.42 , 425.92
633.29 , 425.67
640.57 , 427.2
647.72 , 428.93
654.49 , 431.46
660.66 , 435.66
661.61 , 442.73
654.54 , 444.67
646.67 , 444.92
639.04 , 445.67
631.29 , 446.17
623.42 , 445.92
615.54 , 446.17
608.14 , 447.42
600.57 , 448.04
492.78 , 452.11
488.56 , 446.14
482.61 , 441.93
476.21 , 438.86
469.54 , 436.64
462.46 , 435.14
454.94 , 434.65
448.11 , 436.66
441.63 , 439.38
435.63 , 443.55
430.31 , 449.14
426.31 , 455.14
433.36 , 456.64
440.91 , 457.14
448.59 , 457.39
456.36 , 457.39
463.91 , 456.89
471.34 , 456.14
479.13 , 456.14
486.41 , 455.16
549.42 , 394
565.07 , 384.22
583.44 , 381
603.29 , 381.25
622.77 , 380.25
642 , 378.75
661.37 , 380
679.29 , 384.25
696.82 , 389.24
712.67 , 398.5
717.96 , 415.87
699.32 , 418.52
682.87 , 410.77
665.77 , 405.01
646.42 , 403.75
627.29 , 405.5
608.67 , 408.25
589.92 , 410.75
571.39 , 413.75
551.92 , 412.75
481.75 , 411.77
475.7 , 403.94
466.4 , 401.42
456.1 , 400.92
446.15 , 399.67
436.19 , 398.42
426.02 , 399.14
416.44 , 401.16
407.25 , 403.89
398.67 , 408.17
398.93 , 418.62
403.3 , 426.79
412.45 , 423.91
420.97 , 419.38
430.57 , 417.42
440.75 , 416.65
450.32 , 418.68
459.8 , 420.92
469.62 , 422.42
479.41 , 421.04
