2344967158_1
162.55 , 471.19
164.8 , 488.59
167.42 , 507.83
168.65 , 527.52
170.28 , 548.36
173.18 , 567.19
179.81 , 585.69
188.75 , 601.84
199.31 , 618.68
210.34 , 634.08
222.11 , 649.77
230.71 , 667.8
244.47 , 681.6
259.66 , 691.3
278.57 , 699.57
296.38 , 705.5
315.29 , 709.44
334.02 , 717.14
352.88 , 722.85
372.07 , 725.66
391.33 , 726.6
410.67 , 726.62
429.39 , 725.18
449.45 , 720.88
467.06 , 714.59
483.54 , 705.43
502.66 , 699.64
520.6 , 695.57
538.43 , 684.56
550.87 , 670.13
561.48 , 653.77
570.97 , 636.93
577.62 , 618.5
582.59 , 601.06
588.87 , 582.28
594.4 , 562.58
597.52 , 544.49
600.73 , 524.57
604.11 , 506.29
605.88 , 485.69
606.55 , 466.05
358.9 , 442.15
351.05 , 457.43
342.68 , 472.54
335.17 , 488.71
334.12 , 504.59
343.22 , 519.91
359.47 , 522.77
377.13 , 521.26
395.69 , 520.55
412.92 , 521.85
430.24 , 522.76
447.35 , 521.84
461.5 , 512.91
463.88 , 495.2
460.15 , 479.09
453.61 , 461.32
446.35 , 445.35
328.4 , 596.86
338.2 , 591.04
348.12 , 585.38
358.38 , 580.61
369.6 , 578.11
381.9 , 577.86
392.88 , 580.87
404.47 , 582.61
416.17 , 581.11
428.35 , 580.61
440.3 , 581.62
450.88 , 585.37
461.05 , 590.39
471.38 , 594.84
480.12 , 603.45
470.38 , 609.62
459.7 , 613.09
449.12 , 616.88
438.52 , 620.61
427.2 , 622.86
415.38 , 624.11
403.07 , 624.36
391 , 623.61
379.3 , 622.1
368.1 , 619.62
357.8 , 615.02
347.65 , 609.86
337.6 , 604.55
339.65 , 596.11
348.25 , 595.36
357.1 , 595.11
365.95 , 594.86
374.67 , 595.36
383.38 , 595.86
392.1 , 596.36
400.82 , 596.86
409.42 , 596.11
417.77 , 594.86
426.12 , 593.61
434.97 , 593.36
443.45 , 592.36
452.05 , 593.11
460.15 , 594.87
452.27 , 592.58
443.42 , 592.36
434.7 , 592.86
426.1 , 593.61
417.5 , 594.36
409.27 , 595.85
400.67 , 596.61
392.07 , 595.86
383.35 , 595.36
374.52 , 595.11
365.8 , 594.61
356.95 , 594.86
348.22 , 595.36
455.5 , 376.7
462.45 , 372.52
469.4 , 368.33
476.5 , 364.45
483.75 , 360.95
491.62 , 358.95
499.6 , 357.21
508.05 , 357.95
515.77 , 360.22
522.95 , 363.89
529.2 , 370.12
528.62 , 378.63
521.48 , 382.45
513.27 , 383.7
504.8 , 384.45
495.98 , 384.45
487.52 , 383.7
479.55 , 381.95
471.2 , 380.95
462.68 , 380.38
332.19 , 371.82
325.72 , 367.08
319.31 , 362.07
312.44 , 358.32
305.09 , 355.98
297.24 , 354.57
288.96 , 355.06
281.29 , 356.79
274.29 , 360.22
267.67 , 364.6
260.94 , 368.57
267.39 , 373.52
274.22 , 377.34
281.41 , 380.05
289.22 , 381.58
297.37 , 382.32
305.54 , 381.57
313.29 , 379.98
321.01 , 378.33
329.06 , 377.29
431.59 , 298.62
445.11 , 290.36
461.24 , 288.13
478.21 , 287.62
494.81 , 286.37
511.54 , 285.37
528.19 , 286.47
542.76 , 292.14
555.62 , 302.4
565.64 , 315.2
573.83 , 328.77
568.07 , 338.59
554.79 , 329.55
541.24 , 321.28
527.04 , 314.6
511.76 , 310.63
495.41 , 308.9
478.81 , 307.62
462.21 , 306.4
446.09 , 304.12
336.32 , 307.13
335.22 , 293.61
317.54 , 288.38
298.72 , 285.38
279.39 , 283.38
259.35 , 283.88
241.32 , 288.67
224.5 , 296.08
209.08 , 307.45
196.05 , 322.28
185.18 , 337.86
175.67 , 353.88
192.87 , 347.66
209.29 , 339.01
225.42 , 329.63
242.29 , 322.25
259.79 , 316.63
278.25 , 312.9
297.32 , 310.39
316.77 , 308.63
