2344972348_1
202.95 , 386.1
203.36 , 401.05
206.4 , 418.01
209.41 , 434.16
212.34 , 449.71
215.86 , 466.05
221.42 , 481.32
228.37 , 496.43
235.08 , 511.24
243.31 , 524.38
252.06 , 537.84
264.32 , 550
275.18 , 562.12
284.94 , 573.86
294.08 , 587.33
305.1 , 599.53
318.25 , 608.38
334.78 , 611.94
350.74 , 611.49
367.09 , 610.02
383.4 , 604.9
398.22 , 597.96
412.7 , 591.87
427.97 , 585.18
442.49 , 578.46
455.94 , 570.02
470.55 , 561.06
483.52 , 552.95
495.88 , 541.43
505.37 , 528.51
514.27 , 514.08
522.45 , 500.12
529.82 , 486.59
537.07 , 471.84
544.05 , 456.19
550.3 , 441.24
555.97 , 427.16
562.04 , 411.18
567.07 , 396.07
571.83 , 379.95
576.05 , 363.62
253.17 , 416.37
249.3 , 427.15
244.5 , 439.48
240.01 , 450.82
245.49 , 462.27
255.86 , 468.33
268.25 , 469.62
280.7 , 468.78
292.96 , 469.96
306.58 , 471.28
318.88 , 471.46
330.01 , 465.62
332.21 , 453.6
329.4 , 441.87
323.28 , 430.79
318.91 , 418.46
312.69 , 407.28
270.31 , 510.21
276.46 , 506.31
284.19 , 506.46
291.74 , 505.71
299.26 , 506.47
305.81 , 509.46
312.13 , 512.97
318.66 , 515.99
325.96 , 517.2
333.49 , 517.96
341.04 , 518.7
346.76 , 523.88
346.27 , 531.51
342.7 , 537.8
336.78 , 542.48
330.96 , 547.33
324.74 , 551.22
318.13 , 553.98
311.09 , 555.71
303.19 , 555.71
295.41 , 555.96
288.11 , 554.71
281.51 , 551.94
275.8 , 547.01
274.81 , 539.61
274.56 , 531.81
273.57 , 524.41
271.32 , 517.63
272.06 , 520.21
276.46 , 521.2
281.11 , 521.71
285.76 , 522.21
290.63 , 522.21
295.41 , 522.46
300.16 , 522.71
304.81 , 523.21
309.46 , 522.71
313.99 , 521.94
318.74 , 521.71
323.51 , 521.46
328.03 , 520.71
332.68 , 521.21
337.08 , 520.2
333.39 , 520.71
328.51 , 520.71
323.74 , 520.96
318.99 , 521.21
314.34 , 521.71
309.69 , 522.21
304.91 , 522.46
300.16 , 522.71
295.51 , 522.21
290.63 , 522.21
286.11 , 521.46
281.58 , 520.71
276.81 , 520.46
326.76 , 350.66
328.51 , 343.91
332.86 , 338.38
339.46 , 336.41
346.86 , 336.76
353.71 , 338.37
360.36 , 340.26
367.01 , 342.16
373.88 , 343.63
380.76 , 345.16
386.26 , 348.53
382.73 , 354.43
376.69 , 357.92
370.21 , 360.2
363.31 , 361.66
356.08 , 362.41
348.74 , 362.91
341.38 , 362.44
334.61 , 360.75
328.67 , 357.31
250.18 , 356.82
249.71 , 351.39
247.15 , 346.57
243.65 , 342.07
239.15 , 338.57
234.3 , 336.06
229.2 , 334.31
223.8 , 333.07
217.95 , 332.82
212.35 , 333.56
207.15 , 335.07
210.09 , 339.75
212.49 , 344.67
215.25 , 349.39
217.81 , 354.25
221.31 , 358.74
227.12 , 358.57
232.98 , 358.32
238.6 , 357.57
244.33 , 357.07
281.18 , 306.5
291.56 , 297.35
303.31 , 291.88
316.25 , 289.18
329.71 , 287.49
343.46 , 286.5
357.23 , 287.52
370.16 , 290.23
382.53 , 294.03
394.36 , 299.19
405.53 , 306.25
400.46 , 314.75
386.83 , 313.49
373.68 , 311.25
360.75 , 308.48
347.23 , 307
333.06 , 307.12
319.78 , 309.15
306.81 , 311.75
292.83 , 312.15
225.68 , 298.67
221.3 , 294.01
216.05 , 290.79
210.45 , 288.5
204.28 , 287.5
197.88 , 287.01
191.88 , 288.38
186.5 , 291.25
183.6 , 296.65
182 , 302.5
183.48 , 308.48
185.44 , 314.16
188.26 , 309.48
189.75 , 303.5
194.2 , 299.04
200.25 , 297.75
206.55 , 297.52
212.22 , 299.49
217.55 , 302.48
223.43 , 303.86
