2349481463_1
623.95 , 1430
624.81 , 1473.73
628.24 , 1521.14
636.11 , 1568.92
645.67 , 1615.99
657.51 , 1662.8
668.42 , 1709.66
689.77 , 1752.32
711.97 , 1794.86
735.93 , 1836.85
761.79 , 1876.13
791.67 , 1912.92
825.68 , 1947.2
864.06 , 1976.59
899.55 , 2006.73
940.08 , 2029.7
987.54 , 2044.95
1029.86 , 2054.86
1080.21 , 2064.65
1126.98 , 2069.94
1174 , 2072.26
1222.74 , 2073.46
1271.2 , 2074.12
1314.38 , 2069.55
1364.04 , 2055.17
1405.44 , 2033.18
1444.15 , 2007.99
1482.74 , 1982.76
1523.04 , 1952.65
1553.5 , 1919.59
1580.46 , 1877.34
1602.65 , 1833.71
1621.11 , 1792.96
1638.7 , 1746.89
1656.87 , 1705.94
1672.62 , 1659.52
1680.63 , 1612.01
1689.68 , 1565.37
1701.94 , 1520.1
1709.65 , 1474.15
1715.95 , 1422.54
1090 , 1354.3
1078.44 , 1384.37
1045.95 , 1406.92
1023.55 , 1437.82
1025.34 , 1474.4
1048.97 , 1503.92
1083.32 , 1512.51
1120.99 , 1516.34
1156.72 , 1525.99
1194.4 , 1522.61
1231.5 , 1506.65
1267.77 , 1500.48
1297.35 , 1482.2
1312.42 , 1444.95
1308.46 , 1409.53
1281.55 , 1381.33
1249.1 , 1360.1
990.5 , 1697.51
1001.07 , 1673.92
1022.62 , 1657.52
1046.15 , 1646.54
1070.28 , 1637.52
1095.1 , 1630.01
1121.33 , 1625.27
1148.88 , 1627.26
1175.35 , 1631.53
1199.75 , 1623.26
1225 , 1630.01
1250.45 , 1636.49
1275.7 , 1643.24
1299.83 , 1652.3
1320.99 , 1669.74
1319.37 , 1697.36
1297.83 , 1713.7
1274.25 , 1724.51
1249.08 , 1731.44
1223.17 , 1736.83
1196.42 , 1740.51
1168.85 , 1742.51
1140.7 , 1743.26
1112.4 , 1742.75
1085.33 , 1739.79
1059.8 , 1733.53
1035.15 , 1725.67
1011.95 , 1713.69
1012.5 , 1692.51
1031.8 , 1684.73
1051.08 , 1676.7
1069.97 , 1667.53
1090.78 , 1662.74
1112.9 , 1660.77
1135.08 , 1662.58
1157.47 , 1664.01
1180.42 , 1663.76
1203.28 , 1664.26
1225.97 , 1665.01
1248.08 , 1667.01
1269.8 , 1669.8
1290.85 , 1674.04
1305.62 , 1680.39
1285.12 , 1675.03
1264.42 , 1670.01
1242.7 , 1667.26
1220.1 , 1666.76
1198.47 , 1669.75
1177.45 , 1674.01
1154.75 , 1673.26
1134.92 , 1666.75
1113.8 , 1662.76
1091.33 , 1664.03
1070.3 , 1668.22
1051.4 , 1677.6
1032 , 1685.26
1318.58 , 1206.74
1339.23 , 1187.09
1360.13 , 1168.18
1382.05 , 1152.02
1405.55 , 1140.01
1430.83 , 1132.74
1459.3 , 1131.99
1485.45 , 1137.52
1508.83 , 1149.74
1529.75 , 1168.66
1544.81 , 1190.94
1551.5 , 1216.06
1527.61 , 1226.72
1503.43 , 1236.48
1476.05 , 1239.49
1447.2 , 1239.49
1419.45 , 1237.24
1392.68 , 1233.02
1368.25 , 1223.99
1342.2 , 1218.27
1041.24 , 1199.38
1022.54 , 1178.69
1001.62 , 1160.77
979.19 , 1147.04
954.99 , 1138.28
928.69 , 1133.78
900.57 , 1133.03
875.09 , 1139.33
852.49 , 1152.66
835.29 , 1173.86
827.14 , 1198.28
840.14 , 1220.95
861.37 , 1238
885.29 , 1247.43
911.09 , 1252.99
938.46 , 1255.28
964.74 , 1250.68
989.84 , 1243.78
1014.04 , 1235
1038.01 , 1225.65
1270.5 , 1072.26
1288.5 , 1031.51
1326.22 , 1005.02
1367.92 , 989.77
1413.45 , 982.26
1462.4 , 982.76
1509.62 , 986.73
1550.6 , 1004.1
1588.03 , 1031.54
1618.56 , 1067.81
1640.75 , 1107.13
1655.52 , 1149.01
1616.4 , 1126.41
1579.58 , 1097.34
1543.1 , 1067.27
1501.47 , 1051.76
1453.65 , 1049.01
1407.88 , 1056.02
1363.72 , 1066.5
1318.42 , 1074.51
1130.82 , 1100.33
1115.45 , 1057.67
1083.82 , 1020.81
1045.3 , 993.8
1002.65 , 978.56
953.9 , 975.55
905.65 , 979.55
857.77 , 984.3
814.27 , 997.82
774.8 , 1022.05
742.24 , 1058.6
721.05 , 1099.3
768.57 , 1093.81
809.82 , 1074.06
852.15 , 1057.77
901.6 , 1056.3
950.1 , 1059.8
997.85 , 1064.8
1042.08 , 1077.04
1086 , 1089.81
