2349731700_1
323.54 , 1566.84
353.37 , 1632.89
386.82 , 1704.83
418.01 , 1769.48
454.29 , 1841.6
486.34 , 1906.65
520.94 , 1979.38
557.52 , 2042.95
599.61 , 2113.76
627.35 , 2180.15
657.99 , 2253.69
690.53 , 2319.14
742.46 , 2382.7
801.63 , 2428.44
864.41 , 2465.7
939.43 , 2496.65
1013.73 , 2516.09
1092.09 , 2520.88
1166.18 , 2511.13
1236.44 , 2491.42
1312.86 , 2467.57
1386.34 , 2445.32
1457.4 , 2421.82
1529.02 , 2397.9
1595.2 , 2356.58
1649.21 , 2302.7
1713.6 , 2251.56
1763.65 , 2195.17
1800.25 , 2132.44
1833.98 , 2059.4
1862.42 , 1987.06
1900.32 , 1922.96
1936.5 , 1854.88
1945.35 , 1776.46
1947.36 , 1705.2
1954.75 , 1626.5
1957.34 , 1546.82
1953.59 , 1472.36
1945.5 , 1397.38
1932.3 , 1322.97
1913.5 , 1241.62
790.39 , 1372.6
783.34 , 1441.54
769.51 , 1506.41
738.95 , 1568.65
753.51 , 1638.98
821.81 , 1656.55
876.82 , 1696.14
941.61 , 1717.07
1014.58 , 1706.08
1069.15 , 1666.1
1132.89 , 1646.74
1196.72 , 1606.1
1238.08 , 1550.3
1218.41 , 1485.95
1177.7 , 1430.15
1122.78 , 1384.27
1112.29 , 1316.35
740.37 , 2008.14
775.75 , 1965.51
819.22 , 1932.29
864.32 , 1903.93
912.64 , 1884.63
967.47 , 1878.89
1023.85 , 1881.39
1076.35 , 1870.89
1124.67 , 1851.62
1176.52 , 1839.65
1233.74 , 1838.89
1290.62 , 1840.39
1346.17 , 1844.64
1398.2 , 1856.12
1443.12 , 1883.64
1400.35 , 1918.66
1352.77 , 1940.48
1305.77 , 1964.27
1260.72 , 1992.82
1213.85 , 2016.9
1164.1 , 2032.64
1111.09 , 2042.14
1055.82 , 2046.89
1002.45 , 2055.64
946.67 , 2059.39
889.42 , 2058.63
842.25 , 2035.42
793.37 , 2017.64
779.37 , 2013.64
813.14 , 1984.11
851.17 , 1966.1
893.1 , 1957.15
937.75 , 1953.86
983.47 , 1952.89
1026.77 , 1946.87
1068.12 , 1936.89
1108.89 , 1925.63
1150.2 , 1915.37
1192.55 , 1907.38
1235.62 , 1900.89
1278.45 , 1893.86
1321.24 , 1886.9
1333.99 , 1894.77
1292.37 , 1904.39
1249.92 , 1912.14
1207.7 , 1920.4
1166.64 , 1931.12
1126.72 , 1943.79
1087.64 , 1958.4
1049.1 , 1974.66
1010.62 , 1991.14
971.6 , 2005.9
932.97 , 2021.86
892.02 , 2032.87
847.49 , 2031.89
819.62 , 2001.64
1148.75 , 970.44
1160.72 , 943.7
1187.3 , 930.4
1215.78 , 922.19
1245.6 , 916.69
1276.17 , 912.69
1307.1 , 909.44
1339.47 , 909.69
1370.53 , 912.68
1397.93 , 923.19
1419.39 , 946.57
1401.3 , 971.18
1375.45 , 986.22
1347.78 , 995.93
1318.4 , 1002.42
1288.08 , 1006.94
1256.05 , 1007.94
1223.8 , 1007.44
1192.28 , 1005.45
1164.51 , 995.97
651.28 , 1117.47
640.01 , 1093
614.31 , 1084.75
584.84 , 1084
555.63 , 1085.26
528.51 , 1090.75
502.36 , 1098.22
476.38 , 1105.97
450.51 , 1114
425.81 , 1125
403.26 , 1142
419.24 , 1164.74
444.33 , 1174.49
474.16 , 1174.5
503.01 , 1172.5
531.36 , 1169.5
559.24 , 1165.5
586.06 , 1159.25
611.53 , 1150.49
636.63 , 1140.74
953.47 , 880.17
989.21 , 823.69
1045.82 , 788.32
1108.27 , 768.63
1172.72 , 752.42
1237.42 , 736.67
1302.85 , 722.65
1369.87 , 711.92
1440.02 , 707.67
1507.99 , 715.92
1568.47 , 740.92
1541.77 , 794.42
1470.52 , 796.42
1401.7 , 803.41
1340.5 , 825.9
1277.12 , 843.92
1212.37 , 859.52
1147.55 , 874.91
1081.52 , 887.63
1015.6 , 900.3
725.77 , 949.43
676.45 , 913.9
615.8 , 906.4
554.05 , 912.16
494.35 , 922.17
432.35 , 927.37
370.23 , 932.41
310.3 , 941.92
255.5 , 961.65
207 , 999.23
180.5 , 1051.9
231.33 , 1082.96
293.92 , 1086.9
353.12 , 1075.93
412.3 , 1064.91
470.35 , 1051.37
526.48 , 1034.4
583.33 , 1018.66
643.98 , 1010.65
703.67 , 1000.68
