2352345861_1
974.03 , 1258.82
956.47 , 1318.97
932.74 , 1384.87
910.87 , 1445.74
887.48 , 1514.17
865.18 , 1577.24
844.21 , 1640.73
829.84 , 1705.04
825.56 , 1774.95
841.63 , 1844.26
870.28 , 1900.93
908.26 , 1958.58
956.94 , 2003.66
1017.48 , 2043.77
1069.78 , 2079.54
1121.46 , 2122.63
1178.89 , 2156.48
1238.04 , 2200.72
1295.5 , 2236.86
1351.62 , 2266.58
1417.39 , 2293.17
1483.05 , 2314.31
1543 , 2333.09
1610.24 , 2351.4
1677.14 , 2357.72
1747.59 , 2344.31
1806.65 , 2318.67
1867.38 , 2280.52
1923.61 , 2242.49
1972.08 , 2202.88
2019.5 , 2151.84
2062.3 , 2095.89
2096.04 , 2042.42
2128.83 , 1980.27
2159.18 , 1917.92
2186.24 , 1853.64
2208.97 , 1794.8
2231.48 , 1728.91
2252.09 , 1662.29
2269.28 , 1595.6
2285.6 , 1528.9
1564.87 , 1331.62
1516.7 , 1353.71
1468.53 , 1383.32
1427.98 , 1424.21
1417.17 , 1481.5
1433.55 , 1532.16
1477.13 , 1568.73
1534.4 , 1584.18
1589 , 1595.88
1643.15 , 1614
1701.52 , 1620.38
1754.06 , 1615.17
1807.88 , 1590.08
1824.53 , 1534.83
1820.77 , 1479.54
1796.27 , 1430.86
1764.14 , 1378.32
1253.2 , 1716.74
1295.83 , 1701.22
1342.62 , 1708.49
1390.38 , 1713.74
1438.38 , 1718.49
1483.3 , 1729.72
1524.65 , 1749.45
1567.15 , 1765.44
1615.25 , 1770.01
1661.3 , 1778.73
1703.25 , 1796.54
1744.23 , 1817.5
1785.65 , 1836.98
1816.28 , 1873.16
1782.98 , 1909.23
1744.43 , 1936.5
1702.93 , 1955.75
1659.95 , 1970.49
1612.8 , 1977.02
1564.55 , 1972.72
1517.43 , 1966.22
1474.68 , 1950.97
1433.05 , 1932.12
1394.22 , 1905.77
1357.8 , 1872.59
1325.71 , 1835.77
1298.7 , 1797.16
1274.32 , 1757.64
1269.2 , 1723.24
1307.53 , 1734.77
1343.65 , 1752.44
1380.78 , 1766.8
1418.2 , 1780.24
1455.8 , 1793.21
1492.35 , 1809.4
1528.33 , 1827.49
1565.3 , 1842.21
1604.62 , 1852.17
1644.55 , 1860.77
1687.65 , 1862.74
1731.23 , 1863.74
1774.55 , 1865.24
1815.92 , 1870.76
1772.23 , 1871.49
1728.53 , 1870.74
1686.53 , 1866.49
1644.65 , 1861.99
1603.5 , 1856.01
1563.83 , 1846.86
1525.75 , 1834.78
1489 , 1819.29
1451.9 , 1804.96
1415 , 1789.98
1376.15 , 1779.23
1339.33 , 1764.11
1303.17 , 1746.47
1880.54 , 1165.44
1908.87 , 1149.68
1938.34 , 1137.19
1970.01 , 1129.44
2004.29 , 1127.19
2037.46 , 1131.68
2068.47 , 1140.62
2097.94 , 1153.1
2126.26 , 1168.93
2151.47 , 1193.36
2169.04 , 1221.02
2151.69 , 1248.17
2118.74 , 1253.19
2083.61 , 1253.69
2049.72 , 1250.71
2017.51 , 1244.17
1987.16 , 1234.22
1957.82 , 1221.21
1928.74 , 1207.4
1900.04 , 1192.44
1432.85 , 1053.52
1410.76 , 1032.71
1386.91 , 1017.07
1362.38 , 1003.05
1336.31 , 993.48
1307.11 , 990.3
1277.11 , 991.8
1248.08 , 995.34
1220.51 , 1001.93
1194.71 , 1012.23
1170.63 , 1027.3
1195.06 , 1041.49
1220.53 , 1052.95
1246.71 , 1062.12
1273.98 , 1069.28
1302.03 , 1074.77
1330.83 , 1078.78
1361.33 , 1079.3
1391.71 , 1078.55
1421.83 , 1077.3
1863.47 , 969.27
1909.05 , 930.18
1969.57 , 927.02
2025.7 , 914.79
2081.39 , 901.59
2139.89 , 894.27
2200.97 , 896.27
2250.62 , 924.17
2284.04 , 971.6
2305.4 , 1023.44
2318.97 , 1079.02
2318.57 , 1140.27
2268.67 , 1112.97
2227.9 , 1068.02
2177.24 , 1042.53
2123.52 , 1025.77
2066.07 , 1016.27
2007.42 , 1009.27
1945.87 , 1010.27
1888.42 , 1019.76
1586.32 , 915.21
1554.07 , 872.93
1511.29 , 841.59
1464.87 , 820.26
1416.57 , 804.46
1369.34 , 785.99
1323.32 , 763.3
1275.24 , 747.08
1220.57 , 750.21
1171.27 , 764.26
1128.69 , 796.08
1143.67 , 844.8
1189.87 , 866.26
1242.02 , 858.09
1295.89 , 862.83
1346.59 , 874.23
1394.44 , 891.08
1441.97 , 908.85
1489.47 , 926.57
1541.54 , 935.09
