2354287692_1
319.05 , 333.85
318.09 , 345.45
316.39 , 358.26
315.41 , 370.77
315.9 , 383.32
317.08 , 396.96
318.39 , 408.58
320.45 , 421.8
323.79 , 433.45
329.3 , 445.3
334.39 , 457.29
341.4 , 467.05
351.24 , 475.57
363.37 , 478.36
375.34 , 478.96
388.84 , 479.03
400.99 , 479.59
414.2 , 480.51
426.31 , 481.92
438.51 , 485.05
451.28 , 485.81
464.27 , 484.89
476.05 , 484.07
489.78 , 483.77
501.35 , 482.99
514.34 , 480.54
525.96 , 475.18
538.64 , 471.87
550.82 , 470.46
563.61 , 467.51
574.66 , 464
586.23 , 457.91
597.47 , 450.89
606.5 , 443.02
615.21 , 433.17
618.14 , 420.98
622.6 , 409.54
627.37 , 397.28
628.69 , 384.72
629.44 , 372.67
629.67 , 359.14
381.55 , 306.1
376.95 , 314.85
373.15 , 324.05
375.62 , 332.87
381.74 , 341.03
391.2 , 343.64
399.9 , 339.4
409.22 , 335.06
419.84 , 334.47
428.89 , 336.28
438.97 , 338.18
449.36 , 338.13
456.85 , 332.8
461.35 , 323.36
460.08 , 314.05
455.16 , 304.99
450.5 , 295.45
359.62 , 393.38
367.02 , 387.48
374.77 , 382.51
382.57 , 377.7
390.64 , 373.62
399.5 , 371.35
409.3 , 371.13
419.1 , 371.38
428.55 , 370.38
438.35 , 370.13
447.42 , 371.9
456.19 , 374.2
464.64 , 377.15
472.85 , 380.86
480.95 , 384.94
484.05 , 392.45
474.92 , 394.12
465.5 , 393.12
456.05 , 392.13
446.5 , 391.38
436.57 , 391.38
427.02 , 392.13
417.35 , 392.63
407.67 , 393.13
398 , 393.63
388.3 , 394.13
378.75 , 394.88
368.82 , 394.88
372.37 , 388.88
378.94 , 385.6
385.72 , 382.85
392.6 , 380.4
399.77 , 378.48
407.22 , 377.1
414.94 , 376.38
422.92 , 376.63
430.89 , 376.88
438.64 , 377.63
446.12 , 378.88
453 , 381.41
460.12 , 383.38
467.25 , 385.4
474.62 , 386.88
469.39 , 386.63
462.14 , 384.89
455.22 , 382.48
447.72 , 381.23
440.22 , 379.98
432.55 , 379.13
424.44 , 379.13
416.44 , 379.38
408.35 , 379.38
400.62 , 380.13
392.89 , 380.87
386.12 , 383.63
379.47 , 386.85
457.9 , 264.27
460.47 , 257.67
465.85 , 252.05
472.6 , 249.81
479.7 , 248.25
487.42 , 248.02
495.02 , 248.52
502.4 , 249.52
509.52 , 251
516.4 , 253.02
522.95 , 255.81
522.85 , 262.01
515.73 , 263.45
508.38 , 264.53
501 , 265.53
493.52 , 266.27
486.05 , 267
478.8 , 268.27
471.3 , 269.02
463.85 , 268.23
383.23 , 278.57
382.96 , 273.86
378.7 , 272.1
373.97 , 271.35
369.15 , 270.85
364.3 , 271.36
360.02 , 273.09
355.95 , 275.35
352.23 , 278.57
349.01 , 282.3
346.49 , 286.3
344.95 , 290.6
349.15 , 292.1
353.62 , 290.83
357.88 , 289.08
362.05 , 287.07
366.65 , 286.09
371.38 , 285.35
375.97 , 284.36
380.15 , 282.36
439.97 , 227.41
449.17 , 220.18
459.32 , 215.32
470.02 , 212.12
481.35 , 210.04
493.25 , 209.16
505.2 , 209.91
516.3 , 212.41
526.32 , 217.5
536.02 , 223.48
544.13 , 232.09
538.95 , 239.89
528.89 , 234.85
518.62 , 230.42
507.17 , 228.66
495.1 , 228.16
483.25 , 229.14
471.8 , 230.88
460.45 , 232.9
449.15 , 234.86
397.57 , 247.04
397.6 , 239.27
391.08 , 235.52
383.03 , 235.27
375.35 , 236.27
367.78 , 237.53
360.43 , 239.27
353.25 , 241.24
346.53 , 244.54
340.63 , 249.99
337.23 , 256.65
333.85 , 263.27
340.62 , 261.25
347 , 257.15
353.35 , 253.02
360.3 , 250.51
367.75 , 249.03
375.33 , 247.77
383.25 , 248.27
390.7 , 249.8
