2355375119_1
957.14 , 1310.65
962.56 , 1357.14
968.49 , 1412.77
967.7 , 1463.43
971.95 , 1518.2
975.04 , 1566.67
993.56 , 1616.06
1021.35 , 1662.43
1049.13 , 1708.47
1076.18 , 1751.12
1110.22 , 1792.65
1146.05 , 1829.04
1185.2 , 1863.95
1222.89 , 1901
1264.67 , 1933.97
1309.96 , 1962.34
1353.53 , 1983.86
1398.88 , 2015.88
1441.81 , 2039.67
1491.58 , 2059.13
1544.77 , 2064.25
1597.8 , 2069.12
1646.86 , 2068.92
1701.17 , 2066.03
1747.35 , 2047.46
1789.17 , 2012.2
1822.64 , 1970.66
1858.48 , 1933.4
1898.84 , 1899.91
1937.89 , 1866.77
1978.16 , 1832.04
2016.8 , 1795.49
2050.39 , 1755.67
2080.05 , 1712.35
2102.08 , 1667.18
2123.21 , 1622.38
2143.82 , 1571
2158.9 , 1521.54
2172.96 , 1469.81
2180.95 , 1419.9
2187.05 , 1364.5
1616.54 , 1293.89
1583.52 , 1321.78
1548.2 , 1353.75
1523.67 , 1391.71
1523.2 , 1434.41
1560.31 , 1462.08
1601.44 , 1475.19
1646.24 , 1490.99
1690.31 , 1510.68
1733.26 , 1522.41
1778.67 , 1524
1822.83 , 1516.55
1865.15 , 1496.1
1889.28 , 1457.98
1884.98 , 1412.79
1874.31 , 1368.1
1858.5 , 1324.34
1334.8 , 1594.24
1377.85 , 1575.74
1425.67 , 1567.5
1476.5 , 1569.49
1526.72 , 1572.74
1575.62 , 1578.74
1623.55 , 1586.74
1671.1 , 1595.48
1721.1 , 1599.24
1772.65 , 1599.74
1821.3 , 1606.24
1868.38 , 1616.02
1906.34 , 1647.69
1884.84 , 1689.91
1863.05 , 1731.99
1833.94 , 1771.34
1798.02 , 1808.25
1757.28 , 1833.25
1712.85 , 1847.99
1662.75 , 1851.49
1614.22 , 1844.74
1567.9 , 1833.27
1524.62 , 1815.31
1484.47 , 1788.66
1447.5 , 1752.94
1414.55 , 1714.99
1384.71 , 1675.91
1357.48 , 1635.94
1363.55 , 1597.99
1401.8 , 1590.74
1441.08 , 1595.99
1480 , 1601.95
1517.92 , 1609.99
1554.47 , 1620.67
1590.38 , 1632.47
1628.08 , 1641.01
1666.35 , 1648.28
1706.25 , 1652.24
1747.92 , 1652.49
1787.15 , 1647.14
1825.88 , 1640.74
1854.83 , 1661.47
1832.46 , 1693.59
1805.98 , 1723.74
1772.9 , 1743.52
1736.4 , 1754.26
1697.75 , 1760.74
1656.42 , 1760.75
1618.35 , 1753.03
1582.32 , 1741.5
1545.65 , 1730.96
1508.97 , 1720.51
1473.97 , 1706.22
1440.8 , 1686.74
1409.53 , 1661.97
1380.87 , 1632.09
1868.54 , 1170.28
1887.16 , 1157.69
1906.76 , 1147.54
1926.79 , 1138.78
1947.82 , 1132.51
1970.12 , 1128.71
1993.57 , 1129.78
2015.62 , 1134.01
2035.89 , 1142
2054.66 , 1154.28
2072.02 , 1170.5
2072.62 , 1192.05
2049.44 , 1194.03
2025.69 , 1194.78
2002.29 , 1193.28
1979.96 , 1189.5
1957.91 , 1185.3
1935.37 , 1182.03
1911.74 , 1181.03
1888.49 , 1179.24
1549.47 , 1122.64
1532.44 , 1105.1
1514.24 , 1089.53
1494.57 , 1078
1472.77 , 1072.02
1449.19 , 1069.52
1424.79 , 1070.27
1402.07 , 1074.51
1380.34 , 1080.78
1359.54 , 1089.04
1340.37 , 1101.77
1359.24 , 1115.51
1379.49 , 1125.64
1400.77 , 1132.67
1423.79 , 1136.28
1447.84 , 1137.77
1472.49 , 1137.52
1496.79 , 1136.52
1521.32 , 1137.02
1544.52 , 1140.27
1882.1 , 1079.94
1908.65 , 1053.88
1939.57 , 1039.71
1974.17 , 1033.91
2009.3 , 1029.23
2043.5 , 1022.72
2079.92 , 1020.69
2111.72 , 1032.22
2139.65 , 1054.49
2158.98 , 1083.29
2168.62 , 1116.07
2162.54 , 1147.87
2145.45 , 1118.04
2119.22 , 1091.81
2088.68 , 1076.44
2052.2 , 1074.84
2017.22 , 1079.82
1982.47 , 1085.31
1948.52 , 1092.44
1912.67 , 1095.25
1631.98 , 1014.77
1592.08 , 991.11
1549.3 , 975.59
1506.3 , 960.61
1462.5 , 947.36
1415.13 , 942.11
1368 , 948.92
1325.68 , 965.77
1285.83 , 989.61
1246.5 , 1014.93
1206.83 , 1039.11
1250.8 , 1026.11
1296.5 , 1016.34
1342.88 , 1008.07
1389.8 , 1000.86
1439.88 , 1000.11
1486.28 , 1008.37
1530.75 , 1020.54
1574.4 , 1034.09
1618.86 , 1046.38
