235551382_1
193.7 , 181.35
194.16 , 196.14
195.15 , 211.78
198.77 , 226.45
202.42 , 241.91
204.34 , 256.75
210.63 , 271.04
216.82 , 284.44
222.94 , 298.63
230.25 , 313.06
238.67 , 325.22
247.68 , 337.66
253.67 , 352.44
260.13 , 365.12
269.43 , 379.12
279.95 , 388.39
293.29 , 396.99
308.47 , 400.57
323.3 , 402.46
339.58 , 402.11
354.72 , 398.23
368.27 , 394.83
383.27 , 388.9
397.26 , 381.56
408.2 , 372.02
419.76 , 361.03
431.54 , 350.27
443.67 , 342.89
455.72 , 332.23
465.86 , 319.93
473.87 , 307.63
481.29 , 294.48
484.86 , 278.56
487.15 , 264.13
489.01 , 249.32
489.92 , 233.27
492.1 , 217.74
491.57 , 202.74
489.74 , 186.7
488.63 , 171.25
486.69 , 155.9
255.9 , 182.15
251.67 , 192.56
247.08 , 203.04
246.8 , 214.25
254.13 , 223.17
264.31 , 229.57
275.99 , 232.06
286.4 , 234.02
297.83 , 232.05
306.71 , 224.71
318.22 , 222.07
330.37 , 221.85
340.79 , 218.27
347.74 , 208.45
346.99 , 197.61
340.55 , 187.79
332.95 , 178.35
251.35 , 274.28
259.82 , 269.55
269.32 , 267.28
279.93 , 267.28
290.52 , 267.28
300.9 , 266.78
311.25 , 266.28
320.9 , 264.29
331.38 , 264.53
340.7 , 267.13
351.23 , 267.28
361.48 , 266.53
371.35 , 265.03
380.4 , 267.47
374.88 , 275.52
366.45 , 280.44
357.5 , 283.88
348.5 , 287.13
339.5 , 290.38
330.5 , 293.63
321.62 , 297.27
312.2 , 299.78
302.67 , 302.03
292.45 , 301.31
283.67 , 297.34
275.32 , 292.25
267.1 , 286.78
258.67 , 281.87
260.1 , 277.03
268.85 , 277.53
277.1 , 279.03
285.62 , 280.03
294.25 , 279.28
302.65 , 278.03
311.15 , 277.03
320.15 , 277.03
328.77 , 276.28
336.93 , 274.52
345.2 , 273.03
353.7 , 272.03
362.32 , 271.28
370.1 , 268.78
378.85 , 268.28
371.12 , 270.78
362.48 , 271.54
354.23 , 273.03
345.58 , 273.78
337.2 , 275.03
328.8 , 276.28
320.3 , 277.28
311.55 , 277.78
302.9 , 278.53
294.4 , 279.53
285.65 , 280.03
277.12 , 279.03
268.75 , 277.78
337.4 , 118.11
341.2 , 111.79
347.4 , 107.61
353.95 , 104.32
360.72 , 101.79
368.67 , 101.61
376.1 , 102.82
383.22 , 104.68
390.17 , 106.85
397.05 , 109.08
403.72 , 111.93
403.47 , 118.36
396.35 , 120.15
388.82 , 121.18
381.38 , 122.38
373.95 , 123.59
366.4 , 124.61
358.62 , 124.11
351.2 , 122.85
343.92 , 121.37
260 , 123.31
256.29 , 119.64
250.87 , 117.21
245.5 , 114.74
239.92 , 112.71
233.75 , 111.96
227.19 , 111.97
221.27 , 113.19
216.53 , 117.56
213.37 , 122.71
210.58 , 128.01
208.37 , 133.46
213.67 , 135.73
220.07 , 135.96
226.27 , 135.21
232.57 , 134.71
238.4 , 133.2
243.94 , 131.15
249.34 , 128.72
254.97 , 126.86
299.3 , 78.53
311.3 , 69.53
324.25 , 63.04
338.4 , 59.5
353.7 , 58.38
369.28 , 57.78
384.28 , 56.05
399.28 , 54.3
413.35 , 57.32
425.75 , 65.22
436.8 , 76.03
430.95 , 82.69
418 , 76.24
403.7 , 73.03
388.1 , 73.01
373.23 , 75.01
358.45 , 77.28
343.7 , 79.52
328.93 , 81.78
313.4 , 82.13
267.13 , 86.61
262.94 , 76.96
254.03 , 70.9
244.18 , 67.4
233.6 , 65.41
222.88 , 63.66
211.68 , 64.41
200.95 , 66.15
191.43 , 70.66
184.32 , 79.19
180.58 , 88.94
178.35 , 99.41
187.5 , 103.77
195.92 , 96.32
205.1 , 90.91
215.8 , 89.16
227 , 89.91
237.95 , 91.16
248.33 , 93.66
259.4 , 94.66
