2355774121_1
467.5 , 689.1
466.8 , 707.64
466.82 , 726.43
470.12 , 744.79
472.87 , 763.33
475.79 , 780.74
480.29 , 800
487.96 , 815.94
500.07 , 829.33
514.59 , 843.42
531.71 , 851.54
547.44 , 861.8
563.5 , 870.37
580.47 , 876.9
599.26 , 882.91
615.95 , 887.26
634.78 , 894.1
653.24 , 897.62
670.86 , 900.47
689.54 , 903.75
707.8 , 905.21
727.79 , 906.34
745.37 , 905.95
765.18 , 906.42
783.6 , 905.98
801.75 , 902.64
818.92 , 897.38
836.84 , 891.9
854.13 , 883.56
868.58 , 872.31
882.17 , 858.35
891.62 , 841.96
901 , 825.33
907.42 , 808.41
910.5 , 791.13
912.52 , 772.16
914.8 , 753.22
917.23 , 734.28
920.8 , 716.06
925.39 , 698.24
930 , 678.73
701.05 , 633.8
691.58 , 645.37
681.89 , 657.13
674.17 , 671.35
677.2 , 686.64
689.39 , 694.43
705.03 , 697.88
720.44 , 700.09
736.23 , 701.09
752.15 , 705.22
768.32 , 706.17
782.67 , 704.99
797.57 , 699.03
805.55 , 686.22
802.27 , 669.97
793.04 , 657
783.6 , 644.3
645.5 , 771.21
656.75 , 763.21
668.73 , 756.98
680.92 , 751.44
693.2 , 746.19
705.33 , 740.48
717.75 , 735.71
732.38 , 735.93
745.42 , 739.48
760.05 , 739.21
774.65 , 738.93
786.77 , 744.7
799.05 , 749.94
811.08 , 756.04
821.54 , 766.29
816.74 , 778.74
804.85 , 785.12
792.12 , 789.24
778.25 , 790.96
763.62 , 791.21
749.62 , 792.71
735.35 , 793.71
720.75 , 793.96
706.38 , 793.21
692.6 , 791.21
678.7 , 789.46
664.83 , 787.7
652.38 , 782.89
653.25 , 769.46
662.92 , 764.69
674.67 , 764.46
686.17 , 765.21
697.92 , 764.96
709.55 , 764.46
721.17 , 763.96
732.55 , 764.96
743.83 , 766.21
755.2 , 767.21
766.7 , 767.96
778.33 , 768.46
789.95 , 768.96
801.35 , 769.96
812.03 , 771.45
802.3 , 776.21
790.55 , 775.96
779.4 , 774.46
767.52 , 774.46
756.02 , 775.21
744.27 , 775.46
732.65 , 774.96
721.15 , 774.21
709.52 , 774.71
697.77 , 774.46
686.02 , 774.71
674.4 , 775.21
662.7 , 774.92
790.05 , 582.75
794.66 , 577.15
800.35 , 572.69
806.17 , 568.62
812.45 , 565.72
819.2 , 563.98
826.42 , 563.25
833.62 , 564
840.02 , 566.48
845.92 , 570.35
851.61 , 574.81
852.86 , 581.49
846.47 , 583.98
839.72 , 585.74
832.62 , 586.75
825.52 , 587.75
818.07 , 587.5
811.07 , 586.25
804.1 , 585
796.77 , 584.5
670.83 , 567.53
667.93 , 561.1
661.36 , 556.79
654.75 , 552.64
648.06 , 548.69
641.03 , 545.65
633.31 , 544.1
625.61 , 545.6
618.56 , 548.56
611.93 , 552.69
605.95 , 558.65
601.48 , 565.13
608.56 , 567.91
616.03 , 569.9
623.63 , 571.62
631.46 , 572.88
639.78 , 573.13
647.86 , 572.38
655.71 , 571.13
663.43 , 569.67
773.74 , 532.25
780.43 , 522.03
791.26 , 516.75
803.24 , 514.25
815.57 , 512.5
828.51 , 512
841.09 , 513.25
852.94 , 516.01
864.16 , 519.94
874.76 , 525.76
884.09 , 535.08
877.54 , 545
864.49 , 544.75
852.51 , 542.25
839.47 , 542
826.51 , 542.5
813.47 , 542.75
801.49 , 545.25
788.79 , 546.24
776.73 , 543.97
707.51 , 515.51
694.38 , 505.35
680.59 , 497.08
665.24 , 492.83
647.88 , 493.06
632.03 , 496.35
616.44 , 500.26
600.84 , 504.1
585.96 , 509.24
571.71 , 516.49
558.86 , 527.33
574.99 , 524.59
591.46 , 522.58
607.93 , 520.58
624.43 , 518.58
641.51 , 519.33
657.46 , 522.43
672.61 , 527.08
687.84 , 531.58
704.33 , 530.07
