2356460241_1
502.89 , 436.8
507.62 , 454.63
512.68 , 472.51
517.59 , 492.44
521.42 , 510.42
526.74 , 530.02
533.6 , 547.58
541.24 , 564.58
549.95 , 583.51
556.87 , 601.68
563.02 , 618.91
571.29 , 635.47
584.15 , 650.71
599.06 , 663.43
615.9 , 674.1
630.74 , 684.14
648.1 , 693.24
666.72 , 699.44
686.04 , 702.48
705.25 , 705.5
724.43 , 708.3
743.66 , 709.29
762.26 , 705.24
779.51 , 696.47
795.3 , 683.78
808.57 , 671.04
823.68 , 658.73
839.47 , 647.93
854.95 , 636.36
868.51 , 623.6
880.84 , 607.15
889.66 , 590.84
895.72 , 572.91
901.14 , 552.79
905.4 , 534.24
910.69 , 515.19
916.15 , 498.12
921.7 , 479.12
927.04 , 460.04
931.6 , 440.91
935.04 , 421.6
664.07 , 405.44
657.86 , 417.15
653.2 , 429.93
653.77 , 443.87
661.47 , 455.96
674.76 , 461.28
686.82 , 466.37
700.99 , 471.17
715.45 , 470.55
728.89 , 470.07
742.17 , 467.98
755.55 , 462.26
767.11 , 455.23
777.11 , 443.83
780.59 , 431.25
777.95 , 416.72
772 , 403.73
640.41 , 553.57
648.61 , 542.63
659.68 , 534.79
670.51 , 526.2
682.03 , 519.57
694.83 , 516.05
708.93 , 516.82
722.93 , 517.82
736.68 , 516.32
750.78 , 515.58
763.26 , 519.6
775.28 , 524.82
786.61 , 532.01
796.1 , 542.5
792.87 , 555.37
786.28 , 566.92
778.63 , 578.1
768.41 , 588.32
757.46 , 596.55
745.36 , 601.57
732.34 , 604.57
718.09 , 605.07
704.59 , 603.09
692.48 , 598.08
681.26 , 590.69
670.63 , 581.54
661.69 , 570.85
651.84 , 560.48
651.16 , 553.07
660.06 , 548.41
669.31 , 544.54
678.71 , 541.3
688.78 , 539.33
699.46 , 538.57
710.49 , 538.57
721.41 , 538.32
731.96 , 537.32
742.51 , 536.32
753.31 , 536.82
763.38 , 538.8
773.18 , 541.34
782.61 , 544.54
789.44 , 551.08
779.99 , 554.25
770.09 , 556.64
760.21 , 559.03
750.66 , 562.07
741.28 , 565.44
731.81 , 568.57
720.88 , 568.82
710.21 , 568.06
700.16 , 566.07
690.21 , 563.81
680.13 , 561.82
670.18 , 559.57
660.23 , 557.32
773.85 , 324.14
777.79 , 317.2
784.58 , 312.66
791.75 , 309.11
799.15 , 306.4
807.27 , 305.14
815.9 , 305.39
823.93 , 306.88
831.33 , 309.63
838.4 , 313.4
845.58 , 316.88
842.57 , 324.19
836.05 , 329.39
828.78 , 332.64
820.88 , 334.39
812.5 , 335.14
804 , 334.64
795.75 , 333.63
787.95 , 331.61
780.62 , 328.65
653.23 , 328.86
647.21 , 322.57
639.75 , 319.84
632.03 , 317.58
623.73 , 316.58
615.28 , 315.83
606.73 , 315.33
598.4 , 316.31
590.71 , 318.6
583.81 , 322.99
577.48 , 328.83
583.16 , 335.28
590.36 , 338.86
598.06 , 341.11
606.63 , 341.58
615.06 , 340.83
623.38 , 339.83
631.46 , 338.32
639.4 , 336.56
647.48 , 335.08
747.75 , 277.01
752.25 , 260.76
766.55 , 251.75
782.25 , 246.26
798.9 , 242.6
816.17 , 240.26
834.5 , 240.01
851.95 , 241.97
867.88 , 247.13
882.75 , 255.01
895 , 267.51
884.48 , 265.99
870.25 , 256.26
854.45 , 250.76
836.88 , 250.02
820.25 , 253.76
805.02 , 260.75
790.95 , 270.82
776.73 , 280.53
761.6 , 287.26
670.6 , 289.98
665.3 , 272.7
649.7 , 262.58
632.53 , 256.99
614.08 , 253.73
594.8 , 252.23
575.03 , 252.73
558.3 , 259.77
544.65 , 273.93
535.61 , 289.93
529.05 , 306.78
526.85 , 325.73
536.6 , 312.48
547.25 , 297.09
561.85 , 284.23
578.78 , 277.76
597.58 , 275.71
615.9 , 279.25
633.4 , 284.27
650.7 , 289.72
