2360524256_1
331.3 , 447.6
331.07 , 462.25
331.24 , 476.34
331.3 , 492.1
331.68 , 506.79
332.14 , 521.18
334.24 , 535.78
339.41 , 550.47
343.34 , 564.61
350.48 , 577.97
359.49 , 588.04
371.79 , 598.49
382.92 , 606.58
396.56 , 614.97
409.93 , 621.44
423.09 , 628.44
436.17 , 634.42
449.57 , 638.42
464.26 , 641.81
479.2 , 643.77
493.77 , 646.85
508.26 , 650.24
522.96 , 648.49
536.39 , 641.08
547.68 , 632.07
558.99 , 622.85
569.45 , 611.98
578.3 , 600.65
587.59 , 588.35
595.21 , 574.75
601 , 561.94
606.57 , 547.43
610.82 , 533.9
613.75 , 519.47
616.46 , 503.92
619.21 , 489.63
622.25 , 475.65
623.25 , 460.9
623.98 , 446.1
625.56 , 430.6
625.59 , 415.21
470.05 , 460.44
466.01 , 468.5
460.39 , 476.82
457.02 , 486.85
459.06 , 495.89
468.75 , 499
478.64 , 499.92
487.98 , 499.64
497.65 , 503.07
506.88 , 503.48
515.91 , 498.57
526.15 , 497.87
534.28 , 494.1
536.86 , 484.33
534.69 , 474.94
528.85 , 466.25
521.05 , 459.75
442.6 , 562.36
447.23 , 554.96
454.05 , 548.67
461.25 , 543.45
469.12 , 540.1
478.58 , 540.11
487.18 , 541.85
496.12 , 542.86
505.23 , 542.11
514.08 , 540.86
522.58 , 538.88
531.4 , 537.62
540.12 , 539.12
548.3 , 541.58
555.58 , 546.6
550.2 , 553.1
542.55 , 557.14
535.17 , 561.85
527.83 , 566.61
520.15 , 570.56
511.98 , 573.11
503 , 574.11
493.55 , 574.11
484.23 , 573.85
475.62 , 572.11
467.15 , 570.13
458.93 , 567.64
450.95 , 564.64
450.1 , 559.11
456.48 , 555.49
463.98 , 556.36
471.78 , 556.86
479.23 , 558.1
486.53 , 559.63
493.98 , 560.89
501.88 , 561.11
509.1 , 559.36
516.3 , 557.65
523.18 , 555.29
529.88 , 552.35
536.8 , 550.13
543.85 , 548.11
551.3 , 548.87
544.78 , 548.18
537.53 , 549.87
530.88 , 552.84
524.03 , 555.18
517.28 , 557.93
510.18 , 559.87
502.75 , 561.12
495.18 , 562.11
487.15 , 562.1
479.95 , 560.38
473.03 , 558.12
465.35 , 557.36
457.3 , 557.36
526.8 , 375.59
530.18 , 370.94
534.15 , 366.5
538.88 , 363.29
543.6 , 360.05
548.77 , 358.11
554.4 , 357.06
560.27 , 357.59
565.52 , 359.33
570.52 , 361.83
575.52 , 364.33
575.3 , 370.09
570.4 , 372.84
565.15 , 374.56
559.92 , 376.31
554.67 , 378.09
549.15 , 379.34
543.15 , 379.59
537.27 , 379.09
532.02 , 377.35
440.31 , 392.3
439.09 , 386.53
434.22 , 382.13
428.91 , 378.82
423.41 , 376.04
417.74 , 373.78
411.59 , 372.53
405.21 , 373.25
399.61 , 375.77
394.39 , 379.22
389.78 , 384.08
386.34 , 389.28
391.56 , 392.76
397.09 , 395.53
402.84 , 397.53
409.34 , 398.03
415.84 , 397.53
422.12 , 396.53
428.26 , 395.29
434.39 , 394.03
505.43 , 360.23
507.44 , 349.46
513.98 , 340.7
522.88 , 333.99
532.48 , 329.2
542.63 , 326
553.18 , 323.48
564.81 , 323.73
575.71 , 325.47
585.27 , 330.34
592.43 , 339.06
595.75 , 348.29
585.4 , 345.46
575.78 , 340.73
565 , 338.73
553.61 , 339.46
543.71 , 343.24
533.93 , 347.48
524.48 , 352.66
515.46 , 358.97
458.16 , 354.52
456.04 , 346.92
449.64 , 341.79
442.01 , 339.76
433.66 , 339.29
425.46 , 340.04
416.99 , 340.29
409.01 , 341.55
401.51 , 343.79
394.54 , 347.36
389.39 , 353.79
387.14 , 361.29
394.96 , 360.56
402.31 , 358.04
410.41 , 357.04
418.64 , 357.79
426.87 , 358.54
435.31 , 358.79
443.54 , 359.54
451.89 , 360.04
