2361275920_1
292.75 , 435
291.73 , 449.48
292.5 , 464.03
292.56 , 479.94
292.68 , 495.16
293.84 , 511.46
298.75 , 525.19
305.9 , 538.4
313.56 , 552.18
323.91 , 564.13
334.94 , 574.76
345.76 , 585.08
355.99 , 595.4
366.93 , 606.91
377.74 , 618.5
387.6 , 628.48
399.7 , 639.47
410.43 , 649.6
424.2 , 657.54
437.92 , 664.59
451.24 , 669.57
467.57 , 672.36
482.64 , 672.33
497.25 , 670.62
511.91 , 665.72
524.46 , 657.88
535.27 , 646.79
543.74 , 633.18
551.11 , 619.54
558.63 , 607.22
568.1 , 594.65
577.25 , 582.67
585.44 , 570.31
593.11 , 557.25
600.28 , 543.42
605.9 , 527.88
610.81 , 513.75
615.92 , 499.6
620.52 , 485.25
623 , 469.68
625.05 , 454
478.65 , 463.94
468.27 , 471.53
458.7 , 482.44
462.28 , 495.65
467.56 , 509.11
479.32 , 515.48
492.44 , 514.31
505.55 , 519.03
512.28 , 531.31
526.3 , 532.4
535.87 , 523.48
544.62 , 512.66
559.02 , 510.41
560.34 , 496.94
553.92 , 484.7
544.23 , 473.98
538.4 , 461.35
412.85 , 547.98
426.28 , 547.48
438.9 , 549.72
452.35 , 550.23
465.3 , 548.73
478.75 , 548.23
491.95 , 549.23
504.68 , 551.26
517.9 , 550.23
529.98 , 547
542.6 , 544.73
555.68 , 543.49
566.34 , 546.3
559.2 , 556.88
554.51 , 568.33
549.78 , 579.78
542.7 , 590.38
532.8 , 599.49
521.58 , 604.99
509.1 , 607.48
495.98 , 606.35
483.7 , 603.33
471.93 , 599.54
460.7 , 593.98
450.28 , 586.41
440.25 , 577.63
431.13 , 567.75
422 , 557.88
419.35 , 551.48
430.68 , 552.98
442.5 , 553.48
453.35 , 555.98
465.05 , 556.73
476.85 , 557.23
488.43 , 558.23
499.8 , 559.69
511.35 , 558.73
522.73 , 557.35
533.65 , 554.99
544.25 , 551.98
554.85 , 548.98
564.9 , 544.78
559.05 , 553.78
552.01 , 562.83
543.9 , 571.23
534.3 , 576.77
523.95 , 580.25
512.75 , 581.98
500.93 , 582.48
489.23 , 581.72
477.78 , 580.5
466.68 , 578.55
456.2 , 575.32
446.03 , 571.41
436.18 , 566.55
426.8 , 560.42
539.54 , 405.03
544.59 , 399.47
550.56 , 395.52
556.91 , 392.56
563.31 , 389.79
570.16 , 388.03
577.24 , 386.78
584.81 , 386.53
591.87 , 387.85
598.03 , 391.25
600.54 , 397.75
598.44 , 404.4
593.37 , 409.98
587.04 , 413.03
580.16 , 414.81
572.96 , 415.78
565.39 , 416.03
558.31 , 414.78
551.46 , 413.05
545.06 , 410.29
464.05 , 405.81
458.42 , 399.91
451.8 , 396.31
444.55 , 394.31
436.45 , 394.56
428.82 , 395.81
421.2 , 397.06
413.48 , 398.06
405.98 , 399.55
399 , 402.04
392.3 , 405.31
399.1 , 408.29
406.08 , 410.81
413.48 , 412.55
420.95 , 414.05
428.93 , 414.56
437.02 , 414.31
445.12 , 414.06
453.23 , 413.81
460.72 , 412.29
543.43 , 370.15
546.4 , 362.68
553.1 , 357.45
559.88 , 352.42
566.98 , 348.36
574.35 , 344.93
582.25 , 342.83
590.13 , 340.65
598.2 , 338.9
606.58 , 340.03
612.4 , 346.52
613.63 , 354.44
605.95 , 356.9
597.25 , 357.33
589.38 , 359.45
582.05 , 363.03
574.63 , 366.19
566.9 , 368.65
558.95 , 370.65
550.98 , 372.67
474.81 , 365.59
466.29 , 357.34
455.54 , 354.86
444.04 , 353.86
432.21 , 354.11
420.62 , 354.86
409.24 , 356.11
398.14 , 357.87
387.64 , 360.83
377.89 , 365.82
367.84 , 369.61
379.09 , 371.11
390.94 , 370.86
402.41 , 371.86
413.64 , 373.36
425.62 , 373.36
436.84 , 374.86
448.34 , 375.86
459.56 , 377.36
470.54 , 375.38
