236505163_1
213.4 , 555.19
214.12 , 572.16
215 , 591.09
217.84 , 609.51
222.66 , 627.45
227.65 , 645.36
233.59 , 662.95
240.19 , 680.17
247.09 , 697.36
255.48 , 713.8
267.01 , 727.45
281.9 , 739.96
297.08 , 749.1
313.41 , 755.85
331.41 , 761.85
349.83 , 766.58
367.34 , 767.72
386.92 , 765.72
404.75 , 762.58
422.6 , 758.62
440.77 , 755.04
458.19 , 753.12
478.16 , 751.27
495.51 , 748.17
512.75 , 744.19
531.68 , 738.57
547.8 , 731.83
564.84 , 722.82
580.06 , 714.05
596.79 , 703.43
611.37 , 692.94
623.79 , 680.71
633.5 , 664.97
640.42 , 646.23
644.44 , 628.72
647.52 , 611.08
649.4 , 591.64
649.95 , 573.96
649.76 , 556.3
649.44 , 536.87
649 , 517.6
313 , 527.54
309.62 , 541.11
302.6 , 555.29
295.62 , 568.67
293.95 , 584.52
304.16 , 595.8
318.02 , 601.19
333.51 , 605.86
348.98 , 603.45
363.33 , 600.28
379.13 , 597.47
392.32 , 591.14
404 , 580.5
408.43 , 565.73
407.32 , 551.21
404.07 , 535.33
400.81 , 519.53
285.85 , 650.06
292.88 , 640.03
302.53 , 631.87
314.38 , 629.31
326.12 , 632.06
338 , 634.56
350 , 632.31
361.68 , 629.28
374.62 , 629.56
386.5 , 632.08
398.98 , 633.31
411.6 , 634.31
423.95 , 635.81
435.95 , 638.09
447.49 , 641.22
439 , 650.15
427.73 , 653.82
415.62 , 655.81
402.9 , 656.56
390.28 , 657.56
377.93 , 659.03
366.28 , 662.06
354.5 , 664.82
342.5 , 667.06
330.03 , 668.31
317.78 , 666.58
306.28 , 663.33
295.5 , 658.24
297.1 , 648.31
307.35 , 648.56
317.12 , 647.32
325.7 , 643.28
334.88 , 640.8
344.3 , 638.8
353.83 , 637.06
363.73 , 636.06
373.62 , 637.06
383.55 , 638.06
393.58 , 638.81
403.1 , 640.56
412.9 , 641.8
422.55 , 643.32
432.83 , 643.56
424.23 , 645.06
413.83 , 645.06
403.93 , 644.05
394.15 , 642.81
383.88 , 643.06
373.98 , 644.06
363.95 , 644.81
353.8 , 645.31
343.78 , 646.06
334.23 , 647.79
325.2 , 650.56
315.78 , 652.56
305.88 , 651.56
397.25 , 458.55
400.4 , 451.9
404.68 , 445.6
411.02 , 441.54
418.07 , 439.31
425.73 , 438.3
433.75 , 438.55
441.05 , 440.3
448.35 , 442.03
455.02 , 445.31
460.75 , 450.75
458.84 , 457.97
452.82 , 463
446.25 , 466.55
439.32 , 469.05
432.02 , 470.8
424.15 , 471.3
416.12 , 471.08
408.95 , 469.03
402.88 , 464.18
302.33 , 466.51
301.53 , 459.34
295.4 , 455.46
288.88 , 452.18
282.25 , 449.32
275.25 , 447.33
268.25 , 445.33
260.38 , 445.6
253.33 , 447.55
247.28 , 452.09
245.28 , 459.09
246.28 , 466.59
249.78 , 473.02
255.86 , 477.41
262.43 , 480.49
269.86 , 481.58
277.36 , 480.6
284.23 , 478.36
290.98 , 475.87
297.38 , 472.25
360.71 , 418.28
368.37 , 403.08
383.66 , 395.54
400.26 , 391.24
416.94 , 387.05
434.06 , 383.93
451.91 , 382.28
469.83 , 383.77
486.78 , 387.28
502.56 , 393.25
517.51 , 401.57
516.83 , 418.03
498.68 , 419.01
480.99 , 417.03
463.16 , 415.28
445.26 , 413.78
427.08 , 414.78
409.28 , 416.5
392.21 , 419.78
376.19 , 425.03
312.42 , 421.54
308.96 , 410.84
298.93 , 404.07
288.33 , 398.83
277.1 , 395.31
265.23 , 393.06
252.25 , 393.06
240.25 , 395.06
229.58 , 400.08
219.83 , 407.64
214.4 , 418.19
212.15 , 430.06
221.18 , 438.83
232.25 , 435.06
242.28 , 428.22
252.7 , 422.53
264.83 , 420.81
276.93 , 422.56
288.8 , 424.83
301.4 , 425.56
